objective_evaluations,best_objective,current_objective,iteration
1,9192.0,9192.0,0
2,9192.0,9852.0,1
3,9192.0,10043.0,2
4,9192.0,10552.0,3
5,9192.0,11456.0,4
6,9192.0,13940.0,5
7,9192.0,14971.0,6
8,9192.0,16028.0,7
9,9192.0,16028.0,8
10,9192.0,15774.0,9
11,9192.0,16398.0,10
12,9192.0,16398.0,11
13,9192.0,16371.0,12
14,9192.0,16371.0,13
15,9192.0,16562.0,14
16,9192.0,17738.0,15
17,9192.0,17736.0,16
18,9192.0,18019.0,17
19,9192.0,18053.0,18
20,9192.0,17979.0,19
21,9192.0,18641.0,20
22,9192.0,18864.0,21
23,9192.0,19694.0,22
24,9192.0,19830.0,23
25,9192.0,20312.0,24
26,9192.0,20457.0,25
27,9192.0,20457.0,26
28,9192.0,21576.0,27
29,9192.0,21614.0,28
30,9192.0,21421.0,29
31,9192.0,20785.0,30
32,9192.0,20785.0,31
33,9192.0,21900.0,32
34,9192.0,21900.0,33
35,9192.0,21516.0,34
36,9192.0,21893.0,35
37,9192.0,22358.0,36
38,9192.0,22650.0,37
39,9192.0,23365.0,38
40,9192.0,23350.0,39
41,9192.0,23105.0,40
42,9192.0,23635.0,41
43,9192.0,22281.0,42
44,9192.0,22281.0,43
45,9192.0,22158.0,44
46,9192.0,22046.0,45
47,9192.0,22565.0,46
48,9192.0,22572.0,47
49,9192.0,22776.0,48
50,9192.0,22776.0,49
51,9192.0,22979.0,50
52,9192.0,22979.0,51
53,9192.0,24002.0,52
54,9192.0,23973.0,53
55,9192.0,24064.0,54
56,9192.0,23995.0,55
57,9192.0,24304.0,56
58,9192.0,25261.0,57
59,9192.0,25322.0,58
60,9192.0,24816.0,59
61,9192.0,24816.0,60
62,9192.0,24527.0,61
63,9192.0,24527.0,62
64,9192.0,24361.0,63
65,9192.0,24441.0,64
66,9192.0,25032.0,65
67,9192.0,25534.0,66
68,9192.0,25588.0,67
69,9192.0,25588.0,68
70,9192.0,25419.0,69
71,9192.0,25166.0,70
72,9192.0,24984.0,71
73,9192.0,24775.0,72
74,9192.0,24785.0,73
75,9192.0,24778.0,74
76,9192.0,25020.0,75
77,9192.0,25468.0,76
78,9192.0,25393.0,77
79,9192.0,25094.0,78
80,9192.0,25606.0,79
81,9192.0,25900.0,80
82,9192.0,25427.0,81
83,9192.0,25622.0,82
84,9192.0,26537.0,83
85,9192.0,26537.0,84
86,9192.0,25488.0,85
87,9192.0,25448.0,86
88,9192.0,25448.0,87
89,9192.0,25245.0,88
90,9192.0,25690.0,89
91,9192.0,26374.0,90
92,9192.0,26405.0,91
93,9192.0,25679.0,92
94,9192.0,25355.0,93
95,9192.0,25355.0,94
96,9192.0,25355.0,95
97,9192.0,25175.0,96
98,9192.0,25384.0,97
99,9192.0,25811.0,98
100,9192.0,26172.0,99
101,9192.0,25337.0,100
102,9192.0,25230.0,101
103,9192.0,25376.0,102
104,9192.0,25310.0,103
105,9192.0,26022.0,104
106,9192.0,26043.0,105
107,9192.0,27475.0,106
108,9192.0,27102.0,107
109,9192.0,27005.0,108
110,9192.0,27005.0,109
111,9192.0,26955.0,110
112,9192.0,26928.0,111
113,9192.0,27478.0,112
114,9192.0,27578.0,113
115,9192.0,27578.0,114
116,9192.0,27510.0,115
117,9192.0,27179.0,116
118,9192.0,27187.0,117
119,9192.0,27535.0,118
120,9192.0,26361.0,119
121,9192.0,26279.0,120
122,9192.0,26293.0,121
123,9192.0,26758.0,122
124,9192.0,26594.0,123
125,9192.0,26504.0,124
126,9192.0,28166.0,125
127,9192.0,29368.0,126
128,9192.0,28566.0,127
129,9192.0,28333.0,128
130,9192.0,28396.0,129
131,9192.0,28387.0,130
132,9192.0,28412.0,131
133,9192.0,28633.0,132
134,9192.0,29208.0,133
135,9192.0,28948.0,134
136,9192.0,28812.0,135
137,9192.0,28901.0,136
138,9192.0,29260.0,137
139,9192.0,29127.0,138
140,9192.0,29466.0,139
141,9192.0,29416.0,140
142,9192.0,30335.0,141
143,9192.0,30310.0,142
144,9192.0,29882.0,143
145,9192.0,30500.0,144
146,9192.0,30467.0,145
147,9192.0,30474.0,146
148,9192.0,30181.0,147
149,9192.0,30031.0,148
150,9192.0,30384.0,149
151,9192.0,30067.0,150
152,9192.0,30119.0,151
153,9192.0,29232.0,152
154,9192.0,29737.0,153
155,9192.0,30169.0,154
156,9192.0,29952.0,155
157,9192.0,29499.0,156
158,9192.0,29451.0,157
159,9192.0,29749.0,158
160,9192.0,29038.0,159
161,9192.0,29235.0,160
162,9192.0,29820.0,161
163,9192.0,29743.0,162
164,9192.0,29663.0,163
165,9192.0,30124.0,164
166,9192.0,30124.0,165
167,9192.0,30561.0,166
168,9192.0,30423.0,167
169,9192.0,30927.0,168
170,9192.0,31015.0,169
171,9192.0,31122.0,170
172,9192.0,31204.0,171
173,9192.0,31268.0,172
174,9192.0,31291.0,173
175,9192.0,31228.0,174
176,9192.0,31329.0,175
177,9192.0,32175.0,176
178,9192.0,31859.0,177
179,9192.0,31665.0,178
180,9192.0,32188.0,179
181,9192.0,31942.0,180
182,9192.0,31907.0,181
183,9192.0,31969.0,182
184,9192.0,31570.0,183
185,9192.0,32007.0,184
186,9192.0,31892.0,185
187,9192.0,31868.0,186
188,9192.0,32418.0,187
189,9192.0,32476.0,188
190,9192.0,32328.0,189
191,9192.0,32002.0,190
192,9192.0,31764.0,191
193,9192.0,31493.0,192
194,9192.0,31227.0,193
195,9192.0,31518.0,194
196,9192.0,31570.0,195
197,9192.0,31608.0,196
198,9192.0,31244.0,197
199,9192.0,31131.0,198
200,9192.0,31071.0,199
201,9192.0,31071.0,200
202,9192.0,30924.0,201
203,9192.0,30924.0,202
204,9192.0,31267.0,203
205,9192.0,32086.0,204
206,9192.0,31866.0,205
207,9192.0,31500.0,206
208,9192.0,30678.0,207
209,9192.0,30700.0,208
210,9192.0,30817.0,209
211,9192.0,29900.0,210
212,9192.0,30331.0,211
213,9192.0,30826.0,212
214,9192.0,31051.0,213
215,9192.0,31281.0,214
216,9192.0,30965.0,215
217,9192.0,31764.0,216
218,9192.0,31790.0,217
219,9192.0,32693.0,218
220,9192.0,32052.0,219
221,9192.0,32013.0,220
222,9192.0,32062.0,221
223,9192.0,31879.0,222
224,9192.0,31787.0,223
225,9192.0,31797.0,224
226,9192.0,31713.0,225
227,9192.0,31724.0,226
228,9192.0,31148.0,227
229,9192.0,30769.0,228
230,9192.0,30450.0,229
231,9192.0,30206.0,230
232,9192.0,30206.0,231
233,9192.0,30242.0,232
234,9192.0,29527.0,233
235,9192.0,29717.0,234
236,9192.0,29814.0,235
237,9192.0,29496.0,236
238,9192.0,30163.0,237
239,9192.0,30245.0,238
240,9192.0,30068.0,239
241,9192.0,31443.0,240
242,9192.0,30936.0,241
243,9192.0,31023.0,242
244,9192.0,31103.0,243
245,9192.0,31120.0,244
246,9192.0,31590.0,245
247,9192.0,31510.0,246
248,9192.0,31578.0,247
249,9192.0,31962.0,248
250,9192.0,31636.0,249
251,9192.0,30880.0,250
252,9192.0,31042.0,251
253,9192.0,29381.0,252
254,9192.0,29182.0,253
255,9192.0,30249.0,254
256,9192.0,30303.0,255
257,9192.0,30132.0,256
258,9192.0,30045.0,257
259,9192.0,30300.0,258
260,9192.0,30302.0,259
261,9192.0,30425.0,260
262,9192.0,30158.0,261
263,9192.0,31171.0,262
264,9192.0,31148.0,263
265,9192.0,30381.0,264
266,9192.0,30262.0,265
267,9192.0,29934.0,266
268,9192.0,29955.0,267
269,9192.0,30208.0,268
270,9192.0,30518.0,269
271,9192.0,30245.0,270
272,9192.0,29822.0,271
273,9192.0,29594.0,272
274,9192.0,29482.0,273
275,9192.0,29603.0,274
276,9192.0,29317.0,275
277,9192.0,29383.0,276
278,9192.0,29452.0,277
279,9192.0,29689.0,278
280,9192.0,29690.0,279
281,9192.0,30086.0,280
282,9192.0,30293.0,281
283,9192.0,29843.0,282
284,9192.0,29411.0,283
285,9192.0,30185.0,284
286,9192.0,30089.0,285
287,9192.0,30783.0,286
288,9192.0,31059.0,287
289,9192.0,31025.0,288
290,9192.0,31649.0,289
291,9192.0,31576.0,290
292,9192.0,31596.0,291
293,9192.0,31522.0,292
294,9192.0,32056.0,293
295,9192.0,31848.0,294
296,9192.0,31454.0,295
297,9192.0,33373.0,296
298,9192.0,33307.0,297
299,9192.0,33223.0,298
300,9192.0,33147.0,299
301,9192.0,33503.0,300
302,9192.0,33194.0,301
303,9192.0,32616.0,302
304,9192.0,32672.0,303
305,9192.0,32607.0,304
306,9192.0,32536.0,305
307,9192.0,32718.0,306
308,9192.0,32315.0,307
309,9192.0,32344.0,308
310,9192.0,32347.0,309
311,9192.0,32506.0,310
312,9192.0,32723.0,311
313,9192.0,32517.0,312
314,9192.0,32586.0,313
315,9192.0,32605.0,314
316,9192.0,32503.0,315
317,9192.0,32375.0,316
318,9192.0,31963.0,317
319,9192.0,32026.0,318
320,9192.0,31762.0,319
321,9192.0,31639.0,320
322,9192.0,31447.0,321
323,9192.0,30571.0,322
324,9192.0,30576.0,323
325,9192.0,30552.0,324
326,9192.0,30775.0,325
327,9192.0,30891.0,326
328,9192.0,30891.0,327
329,9192.0,30618.0,328
330,9192.0,30585.0,329
331,9192.0,30584.0,330
332,9192.0,30640.0,331
333,9192.0,30560.0,332
334,9192.0,30395.0,333
335,9192.0,30456.0,334
336,9192.0,30456.0,335
337,9192.0,30441.0,336
338,9192.0,30288.0,337
339,9192.0,30392.0,338
340,9192.0,29747.0,339
341,9192.0,29785.0,340
342,9192.0,29499.0,341
343,9192.0,29578.0,342
344,9192.0,29463.0,343
345,9192.0,29281.0,344
346,9192.0,29558.0,345
347,9192.0,29696.0,346
348,9192.0,29770.0,347
349,9192.0,30583.0,348
350,9192.0,31984.0,349
351,9192.0,31976.0,350
352,9192.0,32002.0,351
353,9192.0,32149.0,352
354,9192.0,32301.0,353
355,9192.0,32010.0,354
356,9192.0,32511.0,355
357,9192.0,32343.0,356
358,9192.0,32586.0,357
359,9192.0,32659.0,358
360,9192.0,32582.0,359
361,9192.0,32050.0,360
362,9192.0,32760.0,361
363,9192.0,32837.0,362
364,9192.0,32837.0,363
365,9192.0,32660.0,364
366,9192.0,33177.0,365
367,9192.0,33133.0,366
368,9192.0,33133.0,367
369,9192.0,32820.0,368
370,9192.0,32979.0,369
371,9192.0,33041.0,370
372,9192.0,32886.0,371
373,9192.0,33149.0,372
374,9192.0,33339.0,373
375,9192.0,33257.0,374
376,9192.0,33824.0,375
377,9192.0,33667.0,376
378,9192.0,33664.0,377
379,9192.0,32688.0,378
380,9192.0,32694.0,379
381,9192.0,33001.0,380
382,9192.0,33015.0,381
383,9192.0,32410.0,382
384,9192.0,31830.0,383
385,9192.0,31418.0,384
386,9192.0,31545.0,385
387,9192.0,31125.0,386
388,9192.0,30896.0,387
389,9192.0,29840.0,388
390,9192.0,29902.0,389
391,9192.0,30057.0,390
392,9192.0,29669.0,391
393,9192.0,30391.0,392
394,9192.0,30394.0,393
395,9192.0,30419.0,394
396,9192.0,30573.0,395
397,9192.0,30579.0,396
398,9192.0,30291.0,397
399,9192.0,30291.0,398
400,9192.0,30476.0,399
401,9192.0,30476.0,400
402,9192.0,30200.0,401
403,9192.0,30212.0,402
404,9192.0,29471.0,403
405,9192.0,29205.0,404
406,9192.0,30929.0,405
407,9192.0,31144.0,406
408,9192.0,30808.0,407
409,9192.0,30740.0,408
410,9192.0,30795.0,409
411,9192.0,30581.0,410
412,9192.0,29927.0,411
413,9192.0,29951.0,412
414,9192.0,29893.0,413
415,9192.0,29848.0,414
416,9192.0,29953.0,415
417,9192.0,30451.0,416
418,9192.0,30328.0,417
419,9192.0,30057.0,418
420,9192.0,30318.0,419
421,9192.0,30365.0,420
422,9192.0,30374.0,421
423,9192.0,30400.0,422
424,9192.0,30618.0,423
425,9192.0,30640.0,424
426,9192.0,30678.0,425
427,9192.0,31386.0,426
428,9192.0,31617.0,427
429,9192.0,31640.0,428
430,9192.0,31597.0,429
431,9192.0,31630.0,430
432,9192.0,31391.0,431
433,9192.0,30804.0,432
434,9192.0,30819.0,433
435,9192.0,31588.0,434
436,9192.0,31430.0,435
437,9192.0,31363.0,436
438,9192.0,31291.0,437
439,9192.0,31288.0,438
440,9192.0,31395.0,439
441,9192.0,31348.0,440
442,9192.0,31479.0,441
443,9192.0,30973.0,442
444,9192.0,30418.0,443
445,9192.0,30477.0,444
446,9192.0,30245.0,445
447,9192.0,29619.0,446
448,9192.0,29619.0,447
449,9192.0,29659.0,448
450,9192.0,29521.0,449
451,9192.0,29597.0,450
452,9192.0,29715.0,451
453,9192.0,30082.0,452
454,9192.0,29601.0,453
455,9192.0,29095.0,454
456,9192.0,29785.0,455
457,9192.0,29713.0,456
458,9192.0,29907.0,457
459,9192.0,30279.0,458
460,9192.0,30452.0,459
461,9192.0,30334.0,460
462,9192.0,30335.0,461
463,9192.0,30412.0,462
464,9192.0,30443.0,463
465,9192.0,29111.0,464
466,9192.0,28212.0,465
467,9192.0,29187.0,466
468,9192.0,29221.0,467
469,9192.0,29186.0,468
470,9192.0,29186.0,469
471,9192.0,29200.0,470
472,9192.0,29821.0,471
473,9192.0,29526.0,472
474,9192.0,29548.0,473
475,9192.0,29867.0,474
476,9192.0,29778.0,475
477,9192.0,29248.0,476
478,9192.0,28887.0,477
479,9192.0,28591.0,478
480,9192.0,28742.0,479
481,9192.0,28778.0,480
482,9192.0,29112.0,481
483,9192.0,29416.0,482
484,9192.0,29698.0,483
485,9192.0,29469.0,484
486,9192.0,29454.0,485
487,9192.0,29454.0,486
488,9192.0,29278.0,487
489,9192.0,29278.0,488
490,9192.0,30496.0,489
491,9192.0,30350.0,490
492,9192.0,30211.0,491
493,9192.0,30433.0,492
494,9192.0,30634.0,493
495,9192.0,31155.0,494
496,9192.0,31155.0,495
497,9192.0,32288.0,496
498,9192.0,31464.0,497
499,9192.0,31686.0,498
500,9192.0,31022.0,499
501,9192.0,31022.0,500
502,9192.0,31398.0,501
503,9192.0,31394.0,502
504,9192.0,31304.0,503
505,9192.0,31288.0,504
506,9192.0,32066.0,505
507,9192.0,31429.0,506
508,9192.0,30847.0,507
509,9192.0,31459.0,508
510,9192.0,31891.0,509
511,9192.0,31654.0,510
512,9192.0,32499.0,511
513,9192.0,32389.0,512
514,9192.0,31761.0,513
515,9192.0,31686.0,514
516,9192.0,31719.0,515
517,9192.0,31612.0,516
518,9192.0,31276.0,517
519,9192.0,31262.0,518
520,9192.0,30631.0,519
521,9192.0,30902.0,520
522,9192.0,30870.0,521
523,9192.0,30257.0,522
524,9192.0,30610.0,523
525,9192.0,30482.0,524
526,9192.0,30408.0,525
527,9192.0,30583.0,526
528,9192.0,31384.0,527
529,9192.0,31356.0,528
530,9192.0,31405.0,529
531,9192.0,30785.0,530
532,9192.0,30651.0,531
533,9192.0,30900.0,532
534,9192.0,30895.0,533
535,9192.0,31090.0,534
536,9192.0,31003.0,535
537,9192.0,31066.0,536
538,9192.0,31200.0,537
539,9192.0,31264.0,538
540,9192.0,31294.0,539
541,9192.0,29999.0,540
542,9192.0,29958.0,541
543,9192.0,30052.0,542
544,9192.0,30615.0,543
545,9192.0,30779.0,544
546,9192.0,30220.0,545
547,9192.0,30916.0,546
548,9192.0,30916.0,547
549,9192.0,31099.0,548
550,9192.0,31228.0,549
551,9192.0,32220.0,550
552,9192.0,31751.0,551
553,9192.0,31768.0,552
554,9192.0,31775.0,553
555,9192.0,32890.0,554
556,9192.0,33188.0,555
557,9192.0,33070.0,556
558,9192.0,32998.0,557
559,9192.0,32435.0,558
560,9192.0,32237.0,559
561,9192.0,32234.0,560
562,9192.0,32150.0,561
563,9192.0,31459.0,562
564,9192.0,31737.0,563
565,9192.0,31151.0,564
566,9192.0,31314.0,565
567,9192.0,31570.0,566
568,9192.0,31584.0,567
569,9192.0,30756.0,568
570,9192.0,30491.0,569
571,9192.0,31312.0,570
572,9192.0,29941.0,571
573,9192.0,30117.0,572
574,9192.0,30117.0,573
575,9192.0,29563.0,574
576,9192.0,29604.0,575
577,9192.0,29562.0,576
578,9192.0,29619.0,577
579,9192.0,29591.0,578
580,9192.0,29376.0,579
581,9192.0,29474.0,580
582,9192.0,29691.0,581
583,9192.0,29639.0,582
584,9192.0,29639.0,583
585,9192.0,29787.0,584
586,9192.0,29035.0,585
587,9192.0,28807.0,586
588,9192.0,28787.0,587
589,9192.0,28827.0,588
590,9192.0,28563.0,589
591,9192.0,28133.0,590
592,9192.0,28424.0,591
593,9192.0,28151.0,592
594,9192.0,27951.0,593
595,9192.0,27956.0,594
596,9192.0,28043.0,595
597,9192.0,27522.0,596
598,9192.0,27078.0,597
599,9192.0,27135.0,598
600,9192.0,27423.0,599
601,9192.0,26213.0,600
602,9192.0,26064.0,601
603,9192.0,26068.0,602
604,9192.0,26121.0,603
605,9192.0,25220.0,604
606,9192.0,25186.0,605
607,9192.0,25405.0,606
608,9192.0,25529.0,607
609,9192.0,25453.0,608
610,9192.0,26724.0,609
611,9192.0,26724.0,610
612,9192.0,26386.0,611
613,9192.0,27041.0,612
614,9192.0,27174.0,613
615,9192.0,26417.0,614
616,9192.0,28345.0,615
617,9192.0,28162.0,616
618,9192.0,28840.0,617
619,9192.0,28824.0,618
620,9192.0,27108.0,619
621,9192.0,27107.0,620
622,9192.0,28562.0,621
623,9192.0,28887.0,622
624,9192.0,28887.0,623
625,9192.0,28495.0,624
626,9192.0,28447.0,625
627,9192.0,28538.0,626
628,9192.0,29137.0,627
629,9192.0,29310.0,628
630,9192.0,29223.0,629
631,9192.0,28963.0,630
632,9192.0,28919.0,631
633,9192.0,28915.0,632
634,9192.0,28928.0,633
635,9192.0,29628.0,634
636,9192.0,29501.0,635
637,9192.0,29607.0,636
638,9192.0,29618.0,637
639,9192.0,29714.0,638
640,9192.0,29684.0,639
641,9192.0,30188.0,640
642,9192.0,30437.0,641
643,9192.0,29822.0,642
644,9192.0,29871.0,643
645,9192.0,29839.0,644
646,9192.0,29894.0,645
647,9192.0,29923.0,646
648,9192.0,30528.0,647
649,9192.0,30437.0,648
650,9192.0,30247.0,649
651,9192.0,30225.0,650
652,9192.0,29611.0,651
653,9192.0,29587.0,652
654,9192.0,28874.0,653
655,9192.0,29510.0,654
656,9192.0,29352.0,655
657,9192.0,29352.0,656
658,9192.0,29368.0,657
659,9192.0,29888.0,658
660,9192.0,31179.0,659
661,9192.0,31503.0,660
662,9192.0,31034.0,661
663,9192.0,30949.0,662
664,9192.0,30663.0,663
665,9192.0,30635.0,664
666,9192.0,30537.0,665
667,9192.0,30624.0,666
668,9192.0,31208.0,667
669,9192.0,30501.0,668
670,9192.0,30839.0,669
671,9192.0,30868.0,670
672,9192.0,30667.0,671
673,9192.0,31197.0,672
674,9192.0,30893.0,673
675,9192.0,29967.0,674
676,9192.0,30338.0,675
677,9192.0,31503.0,676
678,9192.0,31578.0,677
679,9192.0,31730.0,678
680,9192.0,31303.0,679
681,9192.0,31403.0,680
682,9192.0,31664.0,681
683,9192.0,31382.0,682
684,9192.0,31509.0,683
685,9192.0,30995.0,684
686,9192.0,29997.0,685
687,9192.0,30366.0,686
688,9192.0,30232.0,687
689,9192.0,30285.0,688
690,9192.0,30392.0,689
691,9192.0,30685.0,690
692,9192.0,30895.0,691
693,9192.0,30738.0,692
694,9192.0,30757.0,693
695,9192.0,30396.0,694
696,9192.0,30272.0,695
697,9192.0,30829.0,696
698,9192.0,30362.0,697
699,9192.0,29631.0,698
700,9192.0,29825.0,699
701,9192.0,30125.0,700
702,9192.0,29857.0,701
703,9192.0,29203.0,702
704,9192.0,29456.0,703
705,9192.0,29395.0,704
706,9192.0,29469.0,705
707,9192.0,29471.0,706
708,9192.0,29698.0,707
709,9192.0,28602.0,708
710,9192.0,28627.0,709
711,9192.0,28610.0,710
712,9192.0,28449.0,711
713,9192.0,28579.0,712
714,9192.0,28489.0,713
715,9192.0,27848.0,714
716,9192.0,28133.0,715
717,9192.0,28133.0,716
718,9192.0,28695.0,717
719,9192.0,29238.0,718
720,9192.0,28934.0,719
721,9192.0,28452.0,720
722,9192.0,29016.0,721
723,9192.0,30313.0,722
724,9192.0,29964.0,723
725,9192.0,29689.0,724
726,9192.0,29601.0,725
727,9192.0,29574.0,726
728,9192.0,29088.0,727
729,9192.0,30064.0,728
730,9192.0,29818.0,729
731,9192.0,29611.0,730
732,9192.0,29377.0,731
733,9192.0,29670.0,732
734,9192.0,29653.0,733
735,9192.0,29212.0,734
736,9192.0,29545.0,735
737,9192.0,29527.0,736
738,9192.0,29663.0,737
739,9192.0,29574.0,738
740,9192.0,30101.0,739
741,9192.0,29950.0,740
742,9192.0,29641.0,741
743,9192.0,29595.0,742
744,9192.0,29595.0,743
745,9192.0,29392.0,744
746,9192.0,28995.0,745
747,9192.0,28945.0,746
748,9192.0,28964.0,747
749,9192.0,29411.0,748
750,9192.0,29739.0,749
751,9192.0,29605.0,750
752,9192.0,29901.0,751
753,9192.0,30224.0,752
754,9192.0,31066.0,753
755,9192.0,31071.0,754
756,9192.0,31114.0,755
757,9192.0,31227.0,756
758,9192.0,31227.0,757
759,9192.0,31355.0,758
760,9192.0,31751.0,759
761,9192.0,31758.0,760
762,9192.0,32376.0,761
763,9192.0,32376.0,762
764,9192.0,32218.0,763
765,9192.0,31929.0,764
766,9192.0,31469.0,765
767,9192.0,31500.0,766
768,9192.0,31676.0,767
769,9192.0,31607.0,768
770,9192.0,31523.0,769
771,9192.0,31518.0,770
772,9192.0,32078.0,771
773,9192.0,32359.0,772
774,9192.0,32024.0,773
775,9192.0,32460.0,774
776,9192.0,32141.0,775
777,9192.0,31797.0,776
778,9192.0,31817.0,777
779,9192.0,31124.0,778
780,9192.0,31271.0,779
781,9192.0,31615.0,780
782,9192.0,30634.0,781
783,9192.0,29477.0,782
784,9192.0,29797.0,783
785,9192.0,29915.0,784
786,9192.0,29948.0,785
787,9192.0,29948.0,786
788,9192.0,30316.0,787
789,9192.0,28839.0,788
790,9192.0,28988.0,789
791,9192.0,30230.0,790
792,9192.0,30447.0,791
793,9192.0,30519.0,792
794,9192.0,30325.0,793
795,9192.0,30338.0,794
796,9192.0,30540.0,795
797,9192.0,29684.0,796
798,9192.0,32289.0,797
799,9192.0,32226.0,798
800,9192.0,32329.0,799
801,9192.0,32216.0,800
802,9192.0,32197.0,801
803,9192.0,30940.0,802
804,9192.0,31235.0,803
805,9192.0,31070.0,804
806,9192.0,30790.0,805
807,9192.0,30900.0,806
808,9192.0,30876.0,807
809,9192.0,31078.0,808
810,9192.0,31061.0,809
811,9192.0,31052.0,810
812,9192.0,29970.0,811
813,9192.0,30118.0,812
814,9192.0,30051.0,813
815,9192.0,30011.0,814
816,9192.0,29506.0,815
817,9192.0,29657.0,816
818,9192.0,29630.0,817
819,9192.0,30181.0,818
820,9192.0,30106.0,819
821,9192.0,30335.0,820
822,9192.0,30365.0,821
823,9192.0,30330.0,822
824,9192.0,30259.0,823
825,9192.0,30313.0,824
826,9192.0,30301.0,825
827,9192.0,29541.0,826
828,9192.0,29027.0,827
829,9192.0,28659.0,828
830,9192.0,28606.0,829
831,9192.0,28041.0,830
832,9192.0,28967.0,831
833,9192.0,29224.0,832
834,9192.0,29757.0,833
835,9192.0,29898.0,834
836,9192.0,29933.0,835
837,9192.0,29829.0,836
838,9192.0,30247.0,837
839,9192.0,29863.0,838
840,9192.0,30205.0,839
841,9192.0,30540.0,840
842,9192.0,30158.0,841
843,9192.0,29972.0,842
844,9192.0,29852.0,843
845,9192.0,28611.0,844
846,9192.0,28408.0,845
847,9192.0,28153.0,846
848,9192.0,27962.0,847
849,9192.0,27886.0,848
850,9192.0,29379.0,849
851,9192.0,29956.0,850
852,9192.0,30255.0,851
853,9192.0,30494.0,852
854,9192.0,30501.0,853
855,9192.0,30375.0,854
856,9192.0,31188.0,855
857,9192.0,30831.0,856
858,9192.0,30612.0,857
859,9192.0,30045.0,858
860,9192.0,29982.0,859
861,9192.0,30702.0,860
862,9192.0,30782.0,861
863,9192.0,30927.0,862
864,9192.0,31011.0,863
865,9192.0,30717.0,864
866,9192.0,30273.0,865
867,9192.0,30129.0,866
868,9192.0,29474.0,867
869,9192.0,29466.0,868
870,9192.0,29473.0,869
871,9192.0,29568.0,870
872,9192.0,29439.0,871
873,9192.0,28975.0,872
874,9192.0,29084.0,873
875,9192.0,28713.0,874
876,9192.0,29019.0,875
877,9192.0,30577.0,876
878,9192.0,30431.0,877
879,9192.0,31142.0,878
880,9192.0,31431.0,879
881,9192.0,31253.0,880
882,9192.0,31179.0,881
883,9192.0,31183.0,882
884,9192.0,30673.0,883
885,9192.0,29285.0,884
886,9192.0,28868.0,885
887,9192.0,28670.0,886
888,9192.0,29239.0,887
889,9192.0,29239.0,888
890,9192.0,29881.0,889
891,9192.0,29536.0,890
892,9192.0,29579.0,891
893,9192.0,28963.0,892
894,9192.0,28887.0,893
895,9192.0,28854.0,894
896,9192.0,28840.0,895
897,9192.0,28839.0,896
898,9192.0,29001.0,897
899,9192.0,28972.0,898
900,9192.0,29402.0,899
901,9192.0,29738.0,900
902,9192.0,30437.0,901
903,9192.0,30477.0,902
904,9192.0,30424.0,903
905,9192.0,30236.0,904
906,9192.0,30222.0,905
907,9192.0,30033.0,906
908,9192.0,29987.0,907
909,9192.0,29987.0,908
910,9192.0,30278.0,909
911,9192.0,30316.0,910
912,9192.0,29994.0,911
913,9192.0,29994.0,912
914,9192.0,29978.0,913
915,9192.0,29978.0,914
916,9192.0,29978.0,915
917,9192.0,29718.0,916
918,9192.0,28539.0,917
919,9192.0,28755.0,918
920,9192.0,28910.0,919
921,9192.0,29729.0,920
922,9192.0,29978.0,921
923,9192.0,29845.0,922
924,9192.0,29845.0,923
925,9192.0,29451.0,924
926,9192.0,28562.0,925
927,9192.0,28592.0,926
928,9192.0,28109.0,927
929,9192.0,26862.0,928
930,9192.0,26775.0,929
931,9192.0,26965.0,930
932,9192.0,27125.0,931
933,9192.0,27100.0,932
934,9192.0,27175.0,933
935,9192.0,27550.0,934
936,9192.0,27731.0,935
937,9192.0,27663.0,936
938,9192.0,27356.0,937
939,9192.0,27323.0,938
940,9192.0,27308.0,939
941,9192.0,27744.0,940
942,9192.0,27017.0,941
943,9192.0,26560.0,942
944,9192.0,26648.0,943
945,9192.0,26359.0,944
946,9192.0,27073.0,945
947,9192.0,27150.0,946
948,9192.0,27152.0,947
949,9192.0,27142.0,948
950,9192.0,27268.0,949
951,9192.0,28694.0,950
952,9192.0,28506.0,951
953,9192.0,28456.0,952
954,9192.0,28305.0,953
955,9192.0,28305.0,954
956,9192.0,28241.0,955
957,9192.0,27658.0,956
958,9192.0,27632.0,957
959,9192.0,28045.0,958
960,9192.0,27900.0,959
961,9192.0,27978.0,960
962,9192.0,28302.0,961
963,9192.0,28935.0,962
964,9192.0,29114.0,963
965,9192.0,29114.0,964
966,9192.0,28539.0,965
967,9192.0,28018.0,966
968,9192.0,28592.0,967
969,9192.0,28585.0,968
970,9192.0,28330.0,969
971,9192.0,28330.0,970
972,9192.0,28506.0,971
973,9192.0,28878.0,972
974,9192.0,28418.0,973
975,9192.0,28806.0,974
976,9192.0,28375.0,975
977,9192.0,28433.0,976
978,9192.0,29084.0,977
979,9192.0,28400.0,978
980,9192.0,29163.0,979
981,9192.0,28306.0,980
982,9192.0,28313.0,981
983,9192.0,28834.0,982
984,9192.0,28847.0,983
985,9192.0,28674.0,984
986,9192.0,29534.0,985
987,9192.0,29824.0,986
988,9192.0,29524.0,987
989,9192.0,29995.0,988
990,9192.0,29358.0,989
991,9192.0,29270.0,990
992,9192.0,28896.0,991
993,9192.0,28896.0,992
994,9192.0,28899.0,993
995,9192.0,29242.0,994
996,9192.0,29277.0,995
997,9192.0,29488.0,996
998,9192.0,29226.0,997
999,9192.0,29509.0,998
1000,9192.0,29320.0,999
1001,9192.0,28883.0,1000
1002,9192.0,28524.0,1001
1003,9192.0,28824.0,1002
1004,9192.0,28643.0,1003
1005,9192.0,28291.0,1004
1006,9192.0,28277.0,1005
1007,9192.0,28446.0,1006
1008,9192.0,28682.0,1007
1009,9192.0,28682.0,1008
1010,9192.0,29739.0,1009
1011,9192.0,28699.0,1010
1012,9192.0,29229.0,1011
1013,9192.0,29459.0,1012
1014,9192.0,28935.0,1013
1015,9192.0,27972.0,1014
1016,9192.0,29043.0,1015
1017,9192.0,28816.0,1016
1018,9192.0,28816.0,1017
1019,9192.0,28512.0,1018
1020,9192.0,28560.0,1019
1021,9192.0,28400.0,1020
1022,9192.0,28220.0,1021
1023,9192.0,27822.0,1022
1024,9192.0,28670.0,1023
1025,9192.0,28767.0,1024
1026,9192.0,28280.0,1025
1027,9192.0,28311.0,1026
1028,9192.0,28564.0,1027
1029,9192.0,28692.0,1028
1030,9192.0,29319.0,1029
1031,9192.0,29402.0,1030
1032,9192.0,29906.0,1031
1033,9192.0,30194.0,1032
1034,9192.0,29308.0,1033
1035,9192.0,29354.0,1034
1036,9192.0,29465.0,1035
1037,9192.0,29502.0,1036
1038,9192.0,29840.0,1037
1039,9192.0,29659.0,1038
1040,9192.0,29603.0,1039
1041,9192.0,29596.0,1040
1042,9192.0,29451.0,1041
1043,9192.0,29556.0,1042
1044,9192.0,29597.0,1043
1045,9192.0,29597.0,1044
1046,9192.0,28550.0,1045
1047,9192.0,28714.0,1046
1048,9192.0,28714.0,1047
1049,9192.0,28498.0,1048
1050,9192.0,28099.0,1049
1051,9192.0,28382.0,1050
1052,9192.0,27895.0,1051
1053,9192.0,28154.0,1052
1054,9192.0,28866.0,1053
1055,9192.0,28850.0,1054
1056,9192.0,29154.0,1055
1057,9192.0,29077.0,1056
1058,9192.0,29049.0,1057
1059,9192.0,26642.0,1058
1060,9192.0,26626.0,1059
1061,9192.0,26538.0,1060
1062,9192.0,27277.0,1061
1063,9192.0,27060.0,1062
1064,9192.0,27003.0,1063
1065,9192.0,26992.0,1064
1066,9192.0,26466.0,1065
1067,9192.0,26401.0,1066
1068,9192.0,26468.0,1067
1069,9192.0,26439.0,1068
1070,9192.0,26021.0,1069
1071,9192.0,26190.0,1070
1072,9192.0,26267.0,1071
1073,9192.0,26154.0,1072
1074,9192.0,27352.0,1073
1075,9192.0,27307.0,1074
1076,9192.0,27307.0,1075
1077,9192.0,28016.0,1076
1078,9192.0,27975.0,1077
1079,9192.0,27975.0,1078
1080,9192.0,28141.0,1079
1081,9192.0,27826.0,1080
1082,9192.0,27603.0,1081
1083,9192.0,27838.0,1082
1084,9192.0,27355.0,1083
1085,9192.0,27763.0,1084
1086,9192.0,27784.0,1085
1087,9192.0,27659.0,1086
1088,9192.0,27722.0,1087
1089,9192.0,27317.0,1088
1090,9192.0,28244.0,1089
1091,9192.0,27245.0,1090
1092,9192.0,27339.0,1091
1093,9192.0,27972.0,1092
1094,9192.0,28077.0,1093
1095,9192.0,28732.0,1094
1096,9192.0,29195.0,1095
1097,9192.0,29166.0,1096
1098,9192.0,29291.0,1097
1099,9192.0,29269.0,1098
1100,9192.0,29269.0,1099
1101,9192.0,29283.0,1100
1102,9192.0,29618.0,1101
1103,9192.0,29667.0,1102
1104,9192.0,29955.0,1103
1105,9192.0,29654.0,1104
1106,9192.0,29409.0,1105
1107,9192.0,28551.0,1106
1108,9192.0,28756.0,1107
1109,9192.0,28415.0,1108
1110,9192.0,28178.0,1109
1111,9192.0,29274.0,1110
1112,9192.0,29182.0,1111
1113,9192.0,29084.0,1112
1114,9192.0,28547.0,1113
1115,9192.0,28322.0,1114
1116,9192.0,28114.0,1115
1117,9192.0,27136.0,1116
1118,9192.0,26907.0,1117
1119,9192.0,26781.0,1118
1120,9192.0,26740.0,1119
1121,9192.0,26577.0,1120
1122,9192.0,27226.0,1121
1123,9192.0,27918.0,1122
1124,9192.0,26677.0,1123
1125,9192.0,25665.0,1124
1126,9192.0,25765.0,1125
1127,9192.0,26372.0,1126
1128,9192.0,27206.0,1127
1129,9192.0,27193.0,1128
1130,9192.0,26846.0,1129
1131,9192.0,26719.0,1130
1132,9192.0,27187.0,1131
1133,9192.0,27746.0,1132
1134,9192.0,26746.0,1133
1135,9192.0,26720.0,1134
1136,9192.0,26156.0,1135
1137,9192.0,26895.0,1136
1138,9192.0,28023.0,1137
1139,9192.0,28540.0,1138
1140,9192.0,29363.0,1139
1141,9192.0,29554.0,1140
1142,9192.0,28217.0,1141
1143,9192.0,27605.0,1142
1144,9192.0,26869.0,1143
1145,9192.0,26869.0,1144
1146,9192.0,27118.0,1145
1147,9192.0,27143.0,1146
1148,9192.0,27360.0,1147
1149,9192.0,27360.0,1148
1150,9192.0,27489.0,1149
1151,9192.0,27671.0,1150
1152,9192.0,27289.0,1151
1153,9192.0,27320.0,1152
1154,9192.0,27258.0,1153
1155,9192.0,26973.0,1154
1156,9192.0,26909.0,1155
1157,9192.0,26159.0,1156
1158,9192.0,26159.0,1157
1159,9192.0,26065.0,1158
1160,9192.0,26797.0,1159
1161,9192.0,26858.0,1160
1162,9192.0,26853.0,1161
1163,9192.0,26853.0,1162
1164,9192.0,27323.0,1163
1165,9192.0,27264.0,1164
1166,9192.0,27592.0,1165
1167,9192.0,28522.0,1166
1168,9192.0,29000.0,1167
1169,9192.0,28641.0,1168
1170,9192.0,28491.0,1169
1171,9192.0,28157.0,1170
1172,9192.0,27945.0,1171
1173,9192.0,28867.0,1172
1174,9192.0,29275.0,1173
1175,9192.0,29300.0,1174
1176,9192.0,29167.0,1175
1177,9192.0,28987.0,1176
1178,9192.0,29366.0,1177
1179,9192.0,28682.0,1178
1180,9192.0,29275.0,1179
1181,9192.0,29350.0,1180
1182,9192.0,29275.0,1181
1183,9192.0,29368.0,1182
1184,9192.0,29110.0,1183
1185,9192.0,29532.0,1184
1186,9192.0,29771.0,1185
1187,9192.0,29785.0,1186
1188,9192.0,29405.0,1187
1189,9192.0,29241.0,1188
1190,9192.0,29385.0,1189
1191,9192.0,29520.0,1190
1192,9192.0,29533.0,1191
1193,9192.0,28991.0,1192
1194,9192.0,29140.0,1193
1195,9192.0,29727.0,1194
1196,9192.0,29656.0,1195
1197,9192.0,30067.0,1196
1198,9192.0,30356.0,1197
1199,9192.0,31125.0,1198
1200,9192.0,31117.0,1199
1201,9192.0,31117.0,1200
1202,9192.0,30504.0,1201
1203,9192.0,30330.0,1202
1204,9192.0,30065.0,1203
1205,9192.0,30135.0,1204
1206,9192.0,29953.0,1205
1207,9192.0,30060.0,1206
1208,9192.0,29547.0,1207
1209,9192.0,29565.0,1208
1210,9192.0,29384.0,1209
1211,9192.0,29371.0,1210
1212,9192.0,27662.0,1211
1213,9192.0,27593.0,1212
1214,9192.0,27696.0,1213
1215,9192.0,26493.0,1214
1216,9192.0,26493.0,1215
1217,9192.0,27079.0,1216
1218,9192.0,27230.0,1217
1219,9192.0,27289.0,1218
1220,9192.0,27436.0,1219
1221,9192.0,27330.0,1220
1222,9192.0,27330.0,1221
1223,9192.0,27661.0,1222
1224,9192.0,28090.0,1223
1225,9192.0,27010.0,1224
1226,9192.0,27119.0,1225
1227,9192.0,27258.0,1226
1228,9192.0,27239.0,1227
1229,9192.0,27077.0,1228
1230,9192.0,26955.0,1229
1231,9192.0,27023.0,1230
1232,9192.0,27023.0,1231
1233,9192.0,27353.0,1232
1234,9192.0,27951.0,1233
1235,9192.0,27411.0,1234
1236,9192.0,27416.0,1235
1237,9192.0,27969.0,1236
1238,9192.0,28261.0,1237
1239,9192.0,29251.0,1238
1240,9192.0,29373.0,1239
1241,9192.0,28939.0,1240
1242,9192.0,28936.0,1241
1243,9192.0,28647.0,1242
1244,9192.0,29583.0,1243
1245,9192.0,30436.0,1244
1246,9192.0,30516.0,1245
1247,9192.0,31051.0,1246
1248,9192.0,30167.0,1247
1249,9192.0,30167.0,1248
1250,9192.0,30993.0,1249
1251,9192.0,30497.0,1250
1252,9192.0,30630.0,1251
1253,9192.0,30335.0,1252
1254,9192.0,30560.0,1253
1255,9192.0,30591.0,1254
1256,9192.0,30355.0,1255
1257,9192.0,30355.0,1256
1258,9192.0,30376.0,1257
1259,9192.0,30577.0,1258
1260,9192.0,30835.0,1259
1261,9192.0,30026.0,1260
1262,9192.0,30076.0,1261
1263,9192.0,30068.0,1262
1264,9192.0,30012.0,1263
1265,9192.0,30265.0,1264
1266,9192.0,30320.0,1265
1267,9192.0,30366.0,1266
1268,9192.0,29551.0,1267
1269,9192.0,29408.0,1268
1270,9192.0,29126.0,1269
1271,9192.0,27593.0,1270
1272,9192.0,27673.0,1271
1273,9192.0,27673.0,1272
1274,9192.0,27694.0,1273
1275,9192.0,28394.0,1274
1276,9192.0,29397.0,1275
1277,9192.0,28856.0,1276
1278,9192.0,28554.0,1277
1279,9192.0,28304.0,1278
1280,9192.0,27684.0,1279
1281,9192.0,28387.0,1280
1282,9192.0,28090.0,1281
1283,9192.0,27912.0,1282
1284,9192.0,28028.0,1283
1285,9192.0,28853.0,1284
1286,9192.0,28985.0,1285
1287,9192.0,28743.0,1286
1288,9192.0,28996.0,1287
1289,9192.0,28911.0,1288
1290,9192.0,28694.0,1289
1291,9192.0,28694.0,1290
1292,9192.0,29124.0,1291
1293,9192.0,29139.0,1292
1294,9192.0,28820.0,1293
1295,9192.0,29262.0,1294
1296,9192.0,28928.0,1295
1297,9192.0,28947.0,1296
1298,9192.0,28884.0,1297
1299,9192.0,28998.0,1298
1300,9192.0,29194.0,1299
1301,9192.0,28661.0,1300
1302,9192.0,27693.0,1301
1303,9192.0,28157.0,1302
1304,9192.0,28140.0,1303
1305,9192.0,27537.0,1304
1306,9192.0,27162.0,1305
1307,9192.0,27349.0,1306
1308,9192.0,27157.0,1307
1309,9192.0,27311.0,1308
1310,9192.0,27105.0,1309
1311,9192.0,26727.0,1310
1312,9192.0,26588.0,1311
1313,9192.0,26576.0,1312
1314,9192.0,26307.0,1313
1315,9192.0,26062.0,1314
1316,9192.0,26112.0,1315
1317,9192.0,25862.0,1316
1318,9192.0,25420.0,1317
1319,9192.0,25444.0,1318
1320,9192.0,24251.0,1319
1321,9192.0,24620.0,1320
1322,9192.0,24670.0,1321
1323,9192.0,25099.0,1322
1324,9192.0,25717.0,1323
1325,9192.0,25717.0,1324
1326,9192.0,25717.0,1325
1327,9192.0,25474.0,1326
1328,9192.0,25778.0,1327
1329,9192.0,25537.0,1328
1330,9192.0,25603.0,1329
1331,9192.0,25755.0,1330
1332,9192.0,26638.0,1331
1333,9192.0,27571.0,1332
1334,9192.0,28062.0,1333
1335,9192.0,28075.0,1334
1336,9192.0,28285.0,1335
1337,9192.0,27524.0,1336
1338,9192.0,28885.0,1337
1339,9192.0,29282.0,1338
1340,9192.0,29010.0,1339
1341,9192.0,29021.0,1340
1342,9192.0,27465.0,1341
1343,9192.0,27671.0,1342
1344,9192.0,27891.0,1343
1345,9192.0,27866.0,1344
1346,9192.0,28037.0,1345
1347,9192.0,27927.0,1346
1348,9192.0,27235.0,1347
1349,9192.0,27486.0,1348
1350,9192.0,28111.0,1349
1351,9192.0,28205.0,1350
1352,9192.0,28695.0,1351
1353,9192.0,28488.0,1352
1354,9192.0,28806.0,1353
1355,9192.0,28392.0,1354
1356,9192.0,28216.0,1355
1357,9192.0,28209.0,1356
1358,9192.0,28125.0,1357
1359,9192.0,28409.0,1358
1360,9192.0,28085.0,1359
1361,9192.0,27771.0,1360
1362,9192.0,29876.0,1361
1363,9192.0,29450.0,1362
1364,9192.0,29301.0,1363
1365,9192.0,29250.0,1364
1366,9192.0,29392.0,1365
1367,9192.0,30906.0,1366
1368,9192.0,30986.0,1367
1369,9192.0,30902.0,1368
1370,9192.0,30799.0,1369
1371,9192.0,30813.0,1370
1372,9192.0,30691.0,1371
1373,9192.0,31141.0,1372
1374,9192.0,31360.0,1373
1375,9192.0,31262.0,1374
1376,9192.0,31145.0,1375
1377,9192.0,31347.0,1376
1378,9192.0,31312.0,1377
1379,9192.0,31017.0,1378
1380,9192.0,30784.0,1379
1381,9192.0,31454.0,1380
1382,9192.0,31986.0,1381
1383,9192.0,31895.0,1382
1384,9192.0,31875.0,1383
1385,9192.0,31784.0,1384
1386,9192.0,31761.0,1385
1387,9192.0,31544.0,1386
1388,9192.0,30591.0,1387
1389,9192.0,30467.0,1388
1390,9192.0,30576.0,1389
1391,9192.0,31267.0,1390
1392,9192.0,31267.0,1391
1393,9192.0,31507.0,1392
1394,9192.0,31586.0,1393
1395,9192.0,31789.0,1394
1396,9192.0,31787.0,1395
1397,9192.0,31783.0,1396
1398,9192.0,31653.0,1397
1399,9192.0,31664.0,1398
1400,9192.0,31664.0,1399
1401,9192.0,31610.0,1400
1402,9192.0,31641.0,1401
1403,9192.0,30439.0,1402
1404,9192.0,30625.0,1403
1405,9192.0,30847.0,1404
1406,9192.0,30847.0,1405
1407,9192.0,30561.0,1406
1408,9192.0,30251.0,1407
1409,9192.0,30429.0,1408
1410,9192.0,30295.0,1409
1411,9192.0,30336.0,1410
1412,9192.0,30334.0,1411
1413,9192.0,30063.0,1412
1414,9192.0,29999.0,1413
1415,9192.0,29713.0,1414
1416,9192.0,29427.0,1415
1417,9192.0,28958.0,1416
1418,9192.0,28845.0,1417
1419,9192.0,28004.0,1418
1420,9192.0,28004.0,1419
1421,9192.0,27995.0,1420
1422,9192.0,28144.0,1421
1423,9192.0,28867.0,1422
1424,9192.0,28708.0,1423
1425,9192.0,28610.0,1424
1426,9192.0,28679.0,1425
1427,9192.0,26810.0,1426
1428,9192.0,26771.0,1427
1429,9192.0,26132.0,1428
1430,9192.0,26959.0,1429
1431,9192.0,26958.0,1430
1432,9192.0,26796.0,1431
1433,9192.0,26623.0,1432
1434,9192.0,26261.0,1433
1435,9192.0,26315.0,1434
1436,9192.0,26126.0,1435
1437,9192.0,26209.0,1436
1438,9192.0,26699.0,1437
1439,9192.0,26853.0,1438
1440,9192.0,26645.0,1439
1441,9192.0,27090.0,1440
1442,9192.0,27768.0,1441
1443,9192.0,28274.0,1442
1444,9192.0,28274.0,1443
1445,9192.0,29577.0,1444
1446,9192.0,29586.0,1445
1447,9192.0,29520.0,1446
1448,9192.0,29554.0,1447
1449,9192.0,29367.0,1448
1450,9192.0,29548.0,1449
1451,9192.0,29561.0,1450
1452,9192.0,29406.0,1451
1453,9192.0,29820.0,1452
1454,9192.0,29812.0,1453
1455,9192.0,29350.0,1454
1456,9192.0,30100.0,1455
1457,9192.0,30099.0,1456
1458,9192.0,30731.0,1457
1459,9192.0,30847.0,1458
1460,9192.0,30684.0,1459
1461,9192.0,30825.0,1460
1462,9192.0,31298.0,1461
1463,9192.0,31443.0,1462
1464,9192.0,30328.0,1463
1465,9192.0,30203.0,1464
1466,9192.0,30573.0,1465
1467,9192.0,30535.0,1466
1468,9192.0,30511.0,1467
1469,9192.0,30040.0,1468
1470,9192.0,29552.0,1469
1471,9192.0,29521.0,1470
1472,9192.0,29276.0,1471
1473,9192.0,28842.0,1472
1474,9192.0,28464.0,1473
1475,9192.0,27079.0,1474
1476,9192.0,26793.0,1475
1477,9192.0,26788.0,1476
1478,9192.0,26342.0,1477
1479,9192.0,26603.0,1478
1480,9192.0,26003.0,1479
1481,9192.0,25906.0,1480
1482,9192.0,25368.0,1481
1483,9192.0,24977.0,1482
1484,9192.0,25344.0,1483
1485,9192.0,25723.0,1484
1486,9192.0,25242.0,1485
1487,9192.0,25903.0,1486
1488,9192.0,25816.0,1487
1489,9192.0,25562.0,1488
1490,9192.0,25571.0,1489
1491,9192.0,25694.0,1490
1492,9192.0,25729.0,1491
1493,9192.0,26281.0,1492
1494,9192.0,26471.0,1493
1495,9192.0,26644.0,1494
1496,9192.0,27733.0,1495
1497,9192.0,27601.0,1496
1498,9192.0,28162.0,1497
1499,9192.0,28210.0,1498
1500,9192.0,28252.0,1499
1501,9192.0,28043.0,1500
1502,9192.0,28040.0,1501
1503,9192.0,28040.0,1502
1504,9192.0,27017.0,1503
1505,9192.0,27491.0,1504
1506,9192.0,27556.0,1505
1507,9192.0,27323.0,1506
1508,9192.0,27357.0,1507
1509,9192.0,25869.0,1508
1510,9192.0,25690.0,1509
1511,9192.0,27198.0,1510
1512,9192.0,27193.0,1511
1513,9192.0,27841.0,1512
1514,9192.0,28376.0,1513
1515,9192.0,27818.0,1514
1516,9192.0,28598.0,1515
1517,9192.0,29815.0,1516
1518,9192.0,30056.0,1517
1519,9192.0,30930.0,1518
1520,9192.0,31008.0,1519
1521,9192.0,31046.0,1520
1522,9192.0,30334.0,1521
1523,9192.0,30428.0,1522
1524,9192.0,30256.0,1523
1525,9192.0,29644.0,1524
1526,9192.0,29515.0,1525
1527,9192.0,29432.0,1526
1528,9192.0,29432.0,1527
1529,9192.0,29395.0,1528
1530,9192.0,29127.0,1529
1531,9192.0,29343.0,1530
1532,9192.0,29691.0,1531
1533,9192.0,29792.0,1532
1534,9192.0,29337.0,1533
1535,9192.0,30301.0,1534
1536,9192.0,30658.0,1535
1537,9192.0,30497.0,1536
1538,9192.0,30487.0,1537
1539,9192.0,31326.0,1538
1540,9192.0,31418.0,1539
1541,9192.0,31351.0,1540
1542,9192.0,29634.0,1541
1543,9192.0,30888.0,1542
1544,9192.0,31934.0,1543
1545,9192.0,31684.0,1544
1546,9192.0,31681.0,1545
1547,9192.0,31470.0,1546
1548,9192.0,31293.0,1547
1549,9192.0,30940.0,1548
1550,9192.0,30477.0,1549
1551,9192.0,30486.0,1550
1552,9192.0,30676.0,1551
1553,9192.0,30731.0,1552
1554,9192.0,29610.0,1553
1555,9192.0,29172.0,1554
1556,9192.0,29139.0,1555
1557,9192.0,29242.0,1556
1558,9192.0,29268.0,1557
1559,9192.0,29318.0,1558
1560,9192.0,29161.0,1559
1561,9192.0,27648.0,1560
1562,9192.0,27769.0,1561
1563,9192.0,27769.0,1562
1564,9192.0,28225.0,1563
1565,9192.0,28537.0,1564
1566,9192.0,28995.0,1565
1567,9192.0,29009.0,1566
1568,9192.0,28859.0,1567
1569,9192.0,28984.0,1568
1570,9192.0,29113.0,1569
1571,9192.0,29004.0,1570
1572,9192.0,29020.0,1571
1573,9192.0,28654.0,1572
1574,9192.0,28435.0,1573
1575,9192.0,28695.0,1574
1576,9192.0,28695.0,1575
1577,9192.0,27859.0,1576
1578,9192.0,28218.0,1577
1579,9192.0,28169.0,1578
1580,9192.0,29208.0,1579
1581,9192.0,29186.0,1580
1582,9192.0,29596.0,1581
1583,9192.0,29747.0,1582
1584,9192.0,28870.0,1583
1585,9192.0,29847.0,1584
1586,9192.0,30004.0,1585
1587,9192.0,30051.0,1586
1588,9192.0,29926.0,1587
1589,9192.0,29488.0,1588
1590,9192.0,29381.0,1589
1591,9192.0,29835.0,1590
1592,9192.0,29828.0,1591
1593,9192.0,29827.0,1592
1594,9192.0,29773.0,1593
1595,9192.0,30145.0,1594
1596,9192.0,30414.0,1595
1597,9192.0,29781.0,1596
1598,9192.0,29630.0,1597
1599,9192.0,29603.0,1598
1600,9192.0,29366.0,1599
1601,9192.0,30771.0,1600
1602,9192.0,30701.0,1601
1603,9192.0,30830.0,1602
1604,9192.0,29828.0,1603
1605,9192.0,29325.0,1604
1606,9192.0,29286.0,1605
1607,9192.0,28642.0,1606
1608,9192.0,29135.0,1607
1609,9192.0,28726.0,1608
1610,9192.0,28726.0,1609
1611,9192.0,28625.0,1610
1612,9192.0,29269.0,1611
1613,9192.0,28806.0,1612
1614,9192.0,28864.0,1613
1615,9192.0,29512.0,1614
1616,9192.0,29658.0,1615
1617,9192.0,29658.0,1616
1618,9192.0,29810.0,1617
1619,9192.0,29691.0,1618
1620,9192.0,29754.0,1619
1621,9192.0,29721.0,1620
1622,9192.0,29145.0,1621
1623,9192.0,29077.0,1622
1624,9192.0,28957.0,1623
1625,9192.0,29058.0,1624
1626,9192.0,29365.0,1625
1627,9192.0,29550.0,1626
1628,9192.0,29538.0,1627
1629,9192.0,29990.0,1628
1630,9192.0,29762.0,1629
1631,9192.0,28988.0,1630
1632,9192.0,28824.0,1631
1633,9192.0,29534.0,1632
1634,9192.0,30576.0,1633
1635,9192.0,30592.0,1634
1636,9192.0,30231.0,1635
1637,9192.0,29985.0,1636
1638,9192.0,29698.0,1637
1639,9192.0,29825.0,1638
1640,9192.0,30076.0,1639
1641,9192.0,29893.0,1640
1642,9192.0,29800.0,1641
1643,9192.0,29860.0,1642
1644,9192.0,30019.0,1643
1645,9192.0,30473.0,1644
1646,9192.0,30475.0,1645
1647,9192.0,30676.0,1646
1648,9192.0,30662.0,1647
1649,9192.0,30337.0,1648
1650,9192.0,30230.0,1649
1651,9192.0,30162.0,1650
1652,9192.0,29225.0,1651
1653,9192.0,29212.0,1652
1654,9192.0,29185.0,1653
1655,9192.0,29214.0,1654
1656,9192.0,29115.0,1655
1657,9192.0,28835.0,1656
1658,9192.0,28835.0,1657
1659,9192.0,29084.0,1658
1660,9192.0,28279.0,1659
1661,9192.0,28078.0,1660
1662,9192.0,27852.0,1661
1663,9192.0,27274.0,1662
1664,9192.0,27274.0,1663
1665,9192.0,26640.0,1664
1666,9192.0,26914.0,1665
1667,9192.0,27464.0,1666
1668,9192.0,27032.0,1667
1669,9192.0,28206.0,1668
1670,9192.0,28416.0,1669
1671,9192.0,28735.0,1670
1672,9192.0,28357.0,1671
1673,9192.0,26814.0,1672
1674,9192.0,26000.0,1673
1675,9192.0,26753.0,1674
1676,9192.0,26604.0,1675
1677,9192.0,27609.0,1676
1678,9192.0,27813.0,1677
1679,9192.0,27820.0,1678
1680,9192.0,27712.0,1679
1681,9192.0,27712.0,1680
1682,9192.0,27497.0,1681
1683,9192.0,27484.0,1682
1684,9192.0,27482.0,1683
1685,9192.0,27482.0,1684
1686,9192.0,28917.0,1685
1687,9192.0,28949.0,1686
1688,9192.0,29068.0,1687
1689,9192.0,29645.0,1688
1690,9192.0,30342.0,1689
1691,9192.0,30470.0,1690
1692,9192.0,31079.0,1691
1693,9192.0,30599.0,1692
1694,9192.0,30447.0,1693
1695,9192.0,30901.0,1694
1696,9192.0,30943.0,1695
1697,9192.0,30608.0,1696
1698,9192.0,29537.0,1697
1699,9192.0,29537.0,1698
1700,9192.0,29810.0,1699
1701,9192.0,29810.0,1700
1702,9192.0,29674.0,1701
1703,9192.0,30310.0,1702
1704,9192.0,30310.0,1703
1705,9192.0,30647.0,1704
1706,9192.0,30199.0,1705
1707,9192.0,29168.0,1706
1708,9192.0,29037.0,1707
1709,9192.0,28654.0,1708
1710,9192.0,28369.0,1709
1711,9192.0,29363.0,1710
1712,9192.0,29081.0,1711
1713,9192.0,28829.0,1712
1714,9192.0,30115.0,1713
1715,9192.0,30077.0,1714
1716,9192.0,29838.0,1715
1717,9192.0,29838.0,1716
1718,9192.0,30168.0,1717
1719,9192.0,30007.0,1718
1720,9192.0,30007.0,1719
1721,9192.0,29703.0,1720
1722,9192.0,29751.0,1721
1723,9192.0,29751.0,1722
1724,9192.0,29748.0,1723
1725,9192.0,29768.0,1724
1726,9192.0,29695.0,1725
1727,9192.0,29821.0,1726
1728,9192.0,29388.0,1727
1729,9192.0,29277.0,1728
1730,9192.0,28043.0,1729
1731,9192.0,28022.0,1730
1732,9192.0,27869.0,1731
1733,9192.0,27684.0,1732
1734,9192.0,27720.0,1733
1735,9192.0,27624.0,1734
1736,9192.0,25989.0,1735
1737,9192.0,26198.0,1736
1738,9192.0,26099.0,1737
1739,9192.0,26070.0,1738
1740,9192.0,25385.0,1739
1741,9192.0,25184.0,1740
1742,9192.0,25494.0,1741
1743,9192.0,25494.0,1742
1744,9192.0,27009.0,1743
1745,9192.0,26825.0,1744
1746,9192.0,27285.0,1745
1747,9192.0,27412.0,1746
1748,9192.0,27412.0,1747
1749,9192.0,27451.0,1748
1750,9192.0,27961.0,1749
1751,9192.0,27777.0,1750
1752,9192.0,27777.0,1751
1753,9192.0,28242.0,1752
1754,9192.0,28261.0,1753
1755,9192.0,28479.0,1754
1756,9192.0,29574.0,1755
1757,9192.0,30113.0,1756
1758,9192.0,30058.0,1757
1759,9192.0,30105.0,1758
1760,9192.0,29179.0,1759
1761,9192.0,29382.0,1760
1762,9192.0,29644.0,1761
1763,9192.0,29409.0,1762
1764,9192.0,28803.0,1763
1765,9192.0,28626.0,1764
1766,9192.0,28224.0,1765
1767,9192.0,27662.0,1766
1768,9192.0,27268.0,1767
1769,9192.0,27381.0,1768
1770,9192.0,27643.0,1769
1771,9192.0,28115.0,1770
1772,9192.0,27735.0,1771
1773,9192.0,27735.0,1772
1774,9192.0,27786.0,1773
1775,9192.0,27786.0,1774
1776,9192.0,27798.0,1775
1777,9192.0,27945.0,1776
1778,9192.0,27908.0,1777
1779,9192.0,28835.0,1778
1780,9192.0,28841.0,1779
1781,9192.0,29014.0,1780
1782,9192.0,29756.0,1781
1783,9192.0,29756.0,1782
1784,9192.0,28732.0,1783
1785,9192.0,28652.0,1784
1786,9192.0,28630.0,1785
1787,9192.0,28980.0,1786
1788,9192.0,28702.0,1787
1789,9192.0,28702.0,1788
1790,9192.0,28428.0,1789
1791,9192.0,28428.0,1790
1792,9192.0,28022.0,1791
1793,9192.0,28252.0,1792
1794,9192.0,28252.0,1793
1795,9192.0,28135.0,1794
1796,9192.0,28032.0,1795
1797,9192.0,28889.0,1796
1798,9192.0,28926.0,1797
1799,9192.0,29233.0,1798
1800,9192.0,29470.0,1799
1801,9192.0,29480.0,1800
1802,9192.0,29326.0,1801
1803,9192.0,29290.0,1802
1804,9192.0,27924.0,1803
1805,9192.0,27973.0,1804
1806,9192.0,27974.0,1805
1807,9192.0,28112.0,1806
1808,9192.0,28112.0,1807
1809,9192.0,27365.0,1808
1810,9192.0,27360.0,1809
1811,9192.0,26971.0,1810
1812,9192.0,27227.0,1811
1813,9192.0,27281.0,1812
1814,9192.0,27281.0,1813
1815,9192.0,26512.0,1814
1816,9192.0,25675.0,1815
1817,9192.0,25792.0,1816
1818,9192.0,25793.0,1817
1819,9192.0,24945.0,1818
1820,9192.0,24877.0,1819
1821,9192.0,25888.0,1820
1822,9192.0,26176.0,1821
1823,9192.0,26457.0,1822
1824,9192.0,27074.0,1823
1825,9192.0,26489.0,1824
1826,9192.0,26802.0,1825
1827,9192.0,27519.0,1826
1828,9192.0,26965.0,1827
1829,9192.0,26965.0,1828
1830,9192.0,26052.0,1829
1831,9192.0,26286.0,1830
1832,9192.0,26117.0,1831
1833,9192.0,26137.0,1832
1834,9192.0,26025.0,1833
1835,9192.0,26861.0,1834
1836,9192.0,26351.0,1835
1837,9192.0,26089.0,1836
1838,9192.0,25784.0,1837
1839,9192.0,25919.0,1838
1840,9192.0,25982.0,1839
1841,9192.0,27160.0,1840
1842,9192.0,27286.0,1841
1843,9192.0,27512.0,1842
1844,9192.0,27669.0,1843
1845,9192.0,27989.0,1844
1846,9192.0,27444.0,1845
1847,9192.0,27422.0,1846
1848,9192.0,26610.0,1847
1849,9192.0,26563.0,1848
1850,9192.0,26563.0,1849
1851,9192.0,26445.0,1850
1852,9192.0,26238.0,1851
1853,9192.0,26276.0,1852
1854,9192.0,26277.0,1853
1855,9192.0,26232.0,1854
1856,9192.0,26226.0,1855
1857,9192.0,25721.0,1856
1858,9192.0,25721.0,1857
1859,9192.0,25528.0,1858
1860,9192.0,26565.0,1859
1861,9192.0,26971.0,1860
1862,9192.0,27382.0,1861
1863,9192.0,26829.0,1862
1864,9192.0,26713.0,1863
1865,9192.0,26751.0,1864
1866,9192.0,26751.0,1865
1867,9192.0,26751.0,1866
1868,9192.0,26157.0,1867
1869,9192.0,26157.0,1868
1870,9192.0,26391.0,1869
1871,9192.0,26065.0,1870
1872,9192.0,26035.0,1871
1873,9192.0,26174.0,1872
1874,9192.0,25255.0,1873
1875,9192.0,25396.0,1874
1876,9192.0,25594.0,1875
1877,9192.0,26462.0,1876
1878,9192.0,26702.0,1877
1879,9192.0,26793.0,1878
1880,9192.0,26672.0,1879
1881,9192.0,27167.0,1880
1882,9192.0,27284.0,1881
1883,9192.0,27292.0,1882
1884,9192.0,27901.0,1883
1885,9192.0,27687.0,1884
1886,9192.0,27272.0,1885
1887,9192.0,26950.0,1886
1888,9192.0,27135.0,1887
1889,9192.0,28199.0,1888
1890,9192.0,28418.0,1889
1891,9192.0,28259.0,1890
1892,9192.0,28259.0,1891
1893,9192.0,28847.0,1892
1894,9192.0,29340.0,1893
1895,9192.0,30566.0,1894
1896,9192.0,30931.0,1895
1897,9192.0,30701.0,1896
1898,9192.0,30331.0,1897
1899,9192.0,30432.0,1898
1900,9192.0,30245.0,1899
1901,9192.0,30482.0,1900
1902,9192.0,29954.0,1901
1903,9192.0,29493.0,1902
1904,9192.0,28730.0,1903
1905,9192.0,28592.0,1904
1906,9192.0,28567.0,1905
1907,9192.0,28912.0,1906
1908,9192.0,28004.0,1907
1909,9192.0,28004.0,1908
1910,9192.0,28643.0,1909
1911,9192.0,29027.0,1910
1912,9192.0,28937.0,1911
1913,9192.0,28687.0,1912
1914,9192.0,28585.0,1913
1915,9192.0,28650.0,1914
1916,9192.0,28301.0,1915
1917,9192.0,27983.0,1916
1918,9192.0,28325.0,1917
1919,9192.0,28416.0,1918
1920,9192.0,28431.0,1919
1921,9192.0,28431.0,1920
1922,9192.0,28431.0,1921
1923,9192.0,29124.0,1922
1924,9192.0,29159.0,1923
1925,9192.0,28852.0,1924
1926,9192.0,28444.0,1925
1927,9192.0,28690.0,1926
1928,9192.0,29411.0,1927
1929,9192.0,29275.0,1928
1930,9192.0,28764.0,1929
1931,9192.0,28696.0,1930
1932,9192.0,28553.0,1931
1933,9192.0,28244.0,1932
1934,9192.0,28085.0,1933
1935,9192.0,27922.0,1934
1936,9192.0,27903.0,1935
1937,9192.0,27390.0,1936
1938,9192.0,28166.0,1937
1939,9192.0,29536.0,1938
1940,9192.0,29009.0,1939
1941,9192.0,30008.0,1940
1942,9192.0,31157.0,1941
1943,9192.0,30479.0,1942
1944,9192.0,30477.0,1943
1945,9192.0,30163.0,1944
1946,9192.0,29565.0,1945
1947,9192.0,29121.0,1946
1948,9192.0,28776.0,1947
1949,9192.0,30079.0,1948
1950,9192.0,30284.0,1949
1951,9192.0,30679.0,1950
1952,9192.0,30870.0,1951
1953,9192.0,30836.0,1952
1954,9192.0,30486.0,1953
1955,9192.0,30485.0,1954
1956,9192.0,30485.0,1955
1957,9192.0,30673.0,1956
1958,9192.0,30382.0,1957
1959,9192.0,30559.0,1958
1960,9192.0,30046.0,1959
1961,9192.0,29119.0,1960
1962,9192.0,29325.0,1961
1963,9192.0,29564.0,1962
1964,9192.0,29480.0,1963
1965,9192.0,29180.0,1964
1966,9192.0,29259.0,1965
1967,9192.0,29219.0,1966
1968,9192.0,29190.0,1967
1969,9192.0,29317.0,1968
1970,9192.0,29304.0,1969
1971,9192.0,28576.0,1970
1972,9192.0,28436.0,1971
1973,9192.0,28602.0,1972
1974,9192.0,28262.0,1973
1975,9192.0,28262.0,1974
1976,9192.0,27976.0,1975
1977,9192.0,28139.0,1976
1978,9192.0,28364.0,1977
1979,9192.0,28322.0,1978
1980,9192.0,27306.0,1979
1981,9192.0,26996.0,1980
1982,9192.0,26732.0,1981
1983,9192.0,27782.0,1982
1984,9192.0,27643.0,1983
1985,9192.0,28094.0,1984
1986,9192.0,28308.0,1985
1987,9192.0,28272.0,1986
1988,9192.0,28442.0,1987
1989,9192.0,28497.0,1988
1990,9192.0,28477.0,1989
1991,9192.0,28477.0,1990
1992,9192.0,28477.0,1991
1993,9192.0,28557.0,1992
1994,9192.0,28673.0,1993
1995,9192.0,28738.0,1994
1996,9192.0,28070.0,1995
1997,9192.0,27890.0,1996
1998,9192.0,27910.0,1997
1999,9192.0,27961.0,1998
2000,9192.0,29050.0,1999
2001,9192.0,29288.0,2000
2002,9192.0,30256.0,2001
2003,9192.0,29533.0,2002
2004,9192.0,29237.0,2003
2005,9192.0,29210.0,2004
2006,9192.0,29224.0,2005
2007,9192.0,29276.0,2006
2008,9192.0,28761.0,2007
2009,9192.0,28695.0,2008
2010,9192.0,28717.0,2009
2011,9192.0,27906.0,2010
2012,9192.0,28469.0,2011
2013,9192.0,27598.0,2012
2014,9192.0,27646.0,2013
2015,9192.0,28662.0,2014
2016,9192.0,28560.0,2015
2017,9192.0,28519.0,2016
2018,9192.0,28604.0,2017
2019,9192.0,28604.0,2018
2020,9192.0,28333.0,2019
2021,9192.0,27996.0,2020
2022,9192.0,28044.0,2021
2023,9192.0,27135.0,2022
2024,9192.0,27135.0,2023
2025,9192.0,27319.0,2024
2026,9192.0,27259.0,2025
2027,9192.0,27334.0,2026
2028,9192.0,26882.0,2027
2029,9192.0,26735.0,2028
2030,9192.0,27020.0,2029
2031,9192.0,28080.0,2030
2032,9192.0,27959.0,2031
2033,9192.0,28039.0,2032
2034,9192.0,27820.0,2033
2035,9192.0,27699.0,2034
2036,9192.0,27525.0,2035
2037,9192.0,26492.0,2036
2038,9192.0,26469.0,2037
2039,9192.0,26466.0,2038
2040,9192.0,27095.0,2039
2041,9192.0,25780.0,2040
2042,9192.0,26137.0,2041
2043,9192.0,24871.0,2042
2044,9192.0,25143.0,2043
2045,9192.0,24580.0,2044
2046,9192.0,24309.0,2045
2047,9192.0,25156.0,2046
2048,9192.0,25081.0,2047
2049,9192.0,25656.0,2048
2050,9192.0,25772.0,2049
2051,9192.0,25668.0,2050
2052,9192.0,25833.0,2051
2053,9192.0,25909.0,2052
2054,9192.0,26418.0,2053
2055,9192.0,26418.0,2054
2056,9192.0,27339.0,2055
2057,9192.0,27648.0,2056
2058,9192.0,28394.0,2057
2059,9192.0,28378.0,2058
2060,9192.0,27972.0,2059
2061,9192.0,28508.0,2060
2062,9192.0,28418.0,2061
2063,9192.0,28357.0,2062
2064,9192.0,27567.0,2063
2065,9192.0,28342.0,2064
2066,9192.0,28328.0,2065
2067,9192.0,28328.0,2066
2068,9192.0,28262.0,2067
2069,9192.0,28281.0,2068
2070,9192.0,28294.0,2069
2071,9192.0,29198.0,2070
2072,9192.0,29311.0,2071
2073,9192.0,29497.0,2072
2074,9192.0,29416.0,2073
2075,9192.0,29235.0,2074
2076,9192.0,29140.0,2075
2077,9192.0,29508.0,2076
2078,9192.0,29567.0,2077
2079,9192.0,28050.0,2078
2080,9192.0,28206.0,2079
2081,9192.0,28390.0,2080
2082,9192.0,28319.0,2081
2083,9192.0,28309.0,2082
2084,9192.0,28117.0,2083
2085,9192.0,28108.0,2084
2086,9192.0,28035.0,2085
2087,9192.0,27761.0,2086
2088,9192.0,28418.0,2087
2089,9192.0,27485.0,2088
2090,9192.0,27878.0,2089
2091,9192.0,28206.0,2090
2092,9192.0,27261.0,2091
2093,9192.0,26776.0,2092
2094,9192.0,26776.0,2093
2095,9192.0,26888.0,2094
2096,9192.0,27279.0,2095
2097,9192.0,27254.0,2096
2098,9192.0,27314.0,2097
2099,9192.0,27547.0,2098
2100,9192.0,28181.0,2099
2101,9192.0,28181.0,2100
2102,9192.0,28733.0,2101
2103,9192.0,28141.0,2102
2104,9192.0,28141.0,2103
2105,9192.0,28023.0,2104
2106,9192.0,26188.0,2105
2107,9192.0,26257.0,2106
2108,9192.0,26201.0,2107
2109,9192.0,26147.0,2108
2110,9192.0,26146.0,2109
2111,9192.0,26146.0,2110
2112,9192.0,26788.0,2111
2113,9192.0,26535.0,2112
2114,9192.0,26535.0,2113
2115,9192.0,27308.0,2114
2116,9192.0,27311.0,2115
2117,9192.0,27943.0,2116
2118,9192.0,29275.0,2117
2119,9192.0,28736.0,2118
2120,9192.0,28692.0,2119
2121,9192.0,28212.0,2120
2122,9192.0,28083.0,2121
2123,9192.0,27482.0,2122
2124,9192.0,27463.0,2123
2125,9192.0,27234.0,2124
2126,9192.0,28014.0,2125
2127,9192.0,27893.0,2126
2128,9192.0,28385.0,2127
2129,9192.0,28217.0,2128
2130,9192.0,28074.0,2129
2131,9192.0,27391.0,2130
2132,9192.0,27921.0,2131
2133,9192.0,28385.0,2132
2134,9192.0,27977.0,2133
2135,9192.0,28012.0,2134
2136,9192.0,27118.0,2135
2137,9192.0,27118.0,2136
2138,9192.0,26281.0,2137
2139,9192.0,26496.0,2138
2140,9192.0,26241.0,2139
2141,9192.0,25504.0,2140
2142,9192.0,26145.0,2141
2143,9192.0,26198.0,2142
2144,9192.0,27156.0,2143
2145,9192.0,27169.0,2144
2146,9192.0,27137.0,2145
2147,9192.0,27581.0,2146
2148,9192.0,27056.0,2147
2149,9192.0,26890.0,2148
2150,9192.0,28168.0,2149
2151,9192.0,28883.0,2150
2152,9192.0,29203.0,2151
2153,9192.0,29511.0,2152
2154,9192.0,29518.0,2153
2155,9192.0,28588.0,2154
2156,9192.0,28775.0,2155
2157,9192.0,28831.0,2156
2158,9192.0,28889.0,2157
2159,9192.0,28994.0,2158
2160,9192.0,29181.0,2159
2161,9192.0,30103.0,2160
2162,9192.0,28534.0,2161
2163,9192.0,28018.0,2162
2164,9192.0,28433.0,2163
2165,9192.0,28845.0,2164
2166,9192.0,28577.0,2165
2167,9192.0,29156.0,2166
2168,9192.0,30078.0,2167
2169,9192.0,30237.0,2168
2170,9192.0,30738.0,2169
2171,9192.0,30693.0,2170
2172,9192.0,30551.0,2171
2173,9192.0,31732.0,2172
2174,9192.0,31515.0,2173
2175,9192.0,31540.0,2174
2176,9192.0,30336.0,2175
2177,9192.0,30433.0,2176
2178,9192.0,29902.0,2177
2179,9192.0,29170.0,2178
2180,9192.0,29190.0,2179
2181,9192.0,29059.0,2180
2182,9192.0,29124.0,2181
2183,9192.0,29409.0,2182
2184,9192.0,29171.0,2183
2185,9192.0,28436.0,2184
2186,9192.0,29047.0,2185
2187,9192.0,29081.0,2186
2188,9192.0,29081.0,2187
2189,9192.0,29874.0,2188
2190,9192.0,29641.0,2189
2191,9192.0,29417.0,2190
2192,9192.0,29572.0,2191
2193,9192.0,29572.0,2192
2194,9192.0,30502.0,2193
2195,9192.0,30165.0,2194
2196,9192.0,30131.0,2195
2197,9192.0,29269.0,2196
2198,9192.0,28469.0,2197
2199,9192.0,27498.0,2198
2200,9192.0,27498.0,2199
2201,9192.0,27488.0,2200
2202,9192.0,27653.0,2201
2203,9192.0,27560.0,2202
2204,9192.0,27233.0,2203
2205,9192.0,27538.0,2204
2206,9192.0,26650.0,2205
2207,9192.0,26944.0,2206
2208,9192.0,27550.0,2207
2209,9192.0,26038.0,2208
2210,9192.0,26038.0,2209
2211,9192.0,26949.0,2210
2212,9192.0,27776.0,2211
2213,9192.0,29367.0,2212
2214,9192.0,29457.0,2213
2215,9192.0,28743.0,2214
2216,9192.0,28867.0,2215
2217,9192.0,28840.0,2216
2218,9192.0,28816.0,2217
2219,9192.0,29660.0,2218
2220,9192.0,28590.0,2219
2221,9192.0,28871.0,2220
2222,9192.0,28693.0,2221
2223,9192.0,28443.0,2222
2224,9192.0,28674.0,2223
2225,9192.0,28642.0,2224
2226,9192.0,28636.0,2225
2227,9192.0,28636.0,2226
2228,9192.0,28663.0,2227
2229,9192.0,28544.0,2228
2230,9192.0,29136.0,2229
2231,9192.0,29621.0,2230
2232,9192.0,30303.0,2231
2233,9192.0,29898.0,2232
2234,9192.0,29262.0,2233
2235,9192.0,29416.0,2234
2236,9192.0,29332.0,2235
2237,9192.0,29325.0,2236
2238,9192.0,29806.0,2237
2239,9192.0,30727.0,2238
2240,9192.0,30090.0,2239
2241,9192.0,30232.0,2240
2242,9192.0,30234.0,2241
2243,9192.0,30184.0,2242
2244,9192.0,29990.0,2243
2245,9192.0,30124.0,2244
2246,9192.0,30618.0,2245
2247,9192.0,30497.0,2246
2248,9192.0,30847.0,2247
2249,9192.0,30562.0,2248
2250,9192.0,30286.0,2249
2251,9192.0,30847.0,2250
2252,9192.0,31644.0,2251
2253,9192.0,31559.0,2252
2254,9192.0,30988.0,2253
2255,9192.0,30119.0,2254
2256,9192.0,30522.0,2255
2257,9192.0,30053.0,2256
2258,9192.0,30063.0,2257
2259,9192.0,30521.0,2258
2260,9192.0,30361.0,2259
2261,9192.0,30339.0,2260
2262,9192.0,30577.0,2261
2263,9192.0,30402.0,2262
2264,9192.0,30121.0,2263
2265,9192.0,30108.0,2264
2266,9192.0,30398.0,2265
2267,9192.0,30151.0,2266
2268,9192.0,30411.0,2267
2269,9192.0,30307.0,2268
2270,9192.0,30082.0,2269
2271,9192.0,29663.0,2270
2272,9192.0,29841.0,2271
2273,9192.0,29803.0,2272
2274,9192.0,29803.0,2273
2275,9192.0,29296.0,2274
2276,9192.0,28542.0,2275
2277,9192.0,28545.0,2276
2278,9192.0,28787.0,2277
2279,9192.0,28463.0,2278
2280,9192.0,28364.0,2279
2281,9192.0,28371.0,2280
2282,9192.0,28625.0,2281
2283,9192.0,29080.0,2282
2284,9192.0,29080.0,2283
2285,9192.0,29647.0,2284
2286,9192.0,29613.0,2285
2287,9192.0,31272.0,2286
2288,9192.0,31157.0,2287
2289,9192.0,31304.0,2288
2290,9192.0,31439.0,2289
2291,9192.0,31712.0,2290
2292,9192.0,31526.0,2291
2293,9192.0,31364.0,2292
2294,9192.0,31322.0,2293
2295,9192.0,31783.0,2294
2296,9192.0,32505.0,2295
2297,9192.0,31837.0,2296
2298,9192.0,31784.0,2297
2299,9192.0,31865.0,2298
2300,9192.0,31763.0,2299
2301,9192.0,31719.0,2300
2302,9192.0,32206.0,2301
2303,9192.0,30485.0,2302
2304,9192.0,30568.0,2303
2305,9192.0,30319.0,2304
2306,9192.0,30319.0,2305
2307,9192.0,30505.0,2306
2308,9192.0,30829.0,2307
2309,9192.0,30110.0,2308
2310,9192.0,29598.0,2309
2311,9192.0,30191.0,2310
2312,9192.0,30242.0,2311
2313,9192.0,30221.0,2312
2314,9192.0,31044.0,2313
2315,9192.0,31121.0,2314
2316,9192.0,31110.0,2315
2317,9192.0,31071.0,2316
2318,9192.0,30187.0,2317
2319,9192.0,29572.0,2318
2320,9192.0,29636.0,2319
2321,9192.0,30102.0,2320
2322,9192.0,29625.0,2321
2323,9192.0,30468.0,2322
2324,9192.0,30332.0,2323
2325,9192.0,29590.0,2324
2326,9192.0,29621.0,2325
2327,9192.0,30070.0,2326
2328,9192.0,30102.0,2327
2329,9192.0,30102.0,2328
2330,9192.0,30272.0,2329
2331,9192.0,30271.0,2330
2332,9192.0,30050.0,2331
2333,9192.0,30050.0,2332
2334,9192.0,30050.0,2333
2335,9192.0,29981.0,2334
2336,9192.0,29843.0,2335
2337,9192.0,29947.0,2336
2338,9192.0,30537.0,2337
2339,9192.0,30825.0,2338
2340,9192.0,30789.0,2339
2341,9192.0,31155.0,2340
2342,9192.0,30959.0,2341
2343,9192.0,31129.0,2342
2344,9192.0,30962.0,2343
2345,9192.0,30597.0,2344
2346,9192.0,29652.0,2345
2347,9192.0,29559.0,2346
2348,9192.0,29708.0,2347
2349,9192.0,30153.0,2348
2350,9192.0,29916.0,2349
2351,9192.0,30427.0,2350
2352,9192.0,30376.0,2351
2353,9192.0,30240.0,2352
2354,9192.0,30032.0,2353
2355,9192.0,30128.0,2354
2356,9192.0,30440.0,2355
2357,9192.0,30028.0,2356
2358,9192.0,29745.0,2357
2359,9192.0,29722.0,2358
2360,9192.0,30236.0,2359
2361,9192.0,30186.0,2360
2362,9192.0,30645.0,2361
2363,9192.0,30670.0,2362
2364,9192.0,31230.0,2363
2365,9192.0,31426.0,2364
2366,9192.0,31168.0,2365
2367,9192.0,30497.0,2366
2368,9192.0,30733.0,2367
2369,9192.0,30542.0,2368
2370,9192.0,31189.0,2369
2371,9192.0,31677.0,2370
2372,9192.0,31738.0,2371
2373,9192.0,31914.0,2372
2374,9192.0,31937.0,2373
2375,9192.0,31866.0,2374
2376,9192.0,31855.0,2375
2377,9192.0,31861.0,2376
2378,9192.0,31459.0,2377
2379,9192.0,31229.0,2378
2380,9192.0,31289.0,2379
2381,9192.0,30261.0,2380
2382,9192.0,30534.0,2381
2383,9192.0,30434.0,2382
2384,9192.0,30581.0,2383
2385,9192.0,30605.0,2384
2386,9192.0,30553.0,2385
2387,9192.0,30636.0,2386
2388,9192.0,29951.0,2387
2389,9192.0,29985.0,2388
2390,9192.0,30207.0,2389
2391,9192.0,30160.0,2390
2392,9192.0,28848.0,2391
2393,9192.0,27895.0,2392
2394,9192.0,28100.0,2393
2395,9192.0,28960.0,2394
2396,9192.0,28320.0,2395
2397,9192.0,27957.0,2396
2398,9192.0,28039.0,2397
2399,9192.0,28250.0,2398
2400,9192.0,29064.0,2399
2401,9192.0,29892.0,2400
2402,9192.0,29784.0,2401
2403,9192.0,29535.0,2402
2404,9192.0,29759.0,2403
2405,9192.0,30289.0,2404
2406,9192.0,30194.0,2405
2407,9192.0,30064.0,2406
2408,9192.0,30193.0,2407
2409,9192.0,29830.0,2408
2410,9192.0,29908.0,2409
2411,9192.0,29908.0,2410
2412,9192.0,29811.0,2411
2413,9192.0,29903.0,2412
2414,9192.0,29835.0,2413
2415,9192.0,30432.0,2414
2416,9192.0,30507.0,2415
2417,9192.0,30312.0,2416
2418,9192.0,30312.0,2417
2419,9192.0,29361.0,2418
2420,9192.0,29104.0,2419
2421,9192.0,29104.0,2420
2422,9192.0,29354.0,2421
2423,9192.0,29383.0,2422
2424,9192.0,30190.0,2423
2425,9192.0,31543.0,2424
2426,9192.0,31531.0,2425
2427,9192.0,30563.0,2426
2428,9192.0,30681.0,2427
2429,9192.0,31336.0,2428
2430,9192.0,31600.0,2429
2431,9192.0,30906.0,2430
2432,9192.0,30877.0,2431
2433,9192.0,31102.0,2432
2434,9192.0,31223.0,2433
2435,9192.0,30671.0,2434
2436,9192.0,30249.0,2435
2437,9192.0,30154.0,2436
2438,9192.0,30035.0,2437
2439,9192.0,30027.0,2438
2440,9192.0,30182.0,2439
2441,9192.0,30127.0,2440
2442,9192.0,30268.0,2441
2443,9192.0,30268.0,2442
2444,9192.0,30465.0,2443
2445,9192.0,30124.0,2444
2446,9192.0,29754.0,2445
2447,9192.0,29690.0,2446
2448,9192.0,29704.0,2447
2449,9192.0,29704.0,2448
2450,9192.0,30150.0,2449
2451,9192.0,31660.0,2450
2452,9192.0,30521.0,2451
2453,9192.0,29837.0,2452
2454,9192.0,30004.0,2453
2455,9192.0,30561.0,2454
2456,9192.0,29305.0,2455
2457,9192.0,29305.0,2456
2458,9192.0,28986.0,2457
2459,9192.0,29012.0,2458
2460,9192.0,29422.0,2459
2461,9192.0,29533.0,2460
2462,9192.0,29614.0,2461
2463,9192.0,29775.0,2462
2464,9192.0,30394.0,2463
2465,9192.0,30620.0,2464
2466,9192.0,30143.0,2465
2467,9192.0,30186.0,2466
2468,9192.0,30186.0,2467
2469,9192.0,30294.0,2468
2470,9192.0,29676.0,2469
2471,9192.0,29676.0,2470
2472,9192.0,29448.0,2471
2473,9192.0,29301.0,2472
2474,9192.0,29618.0,2473
2475,9192.0,30676.0,2474
2476,9192.0,30742.0,2475
2477,9192.0,30672.0,2476
2478,9192.0,30887.0,2477
2479,9192.0,29567.0,2478
2480,9192.0,29180.0,2479
2481,9192.0,29047.0,2480
2482,9192.0,29406.0,2481
2483,9192.0,28562.0,2482
2484,9192.0,28562.0,2483
2485,9192.0,28559.0,2484
2486,9192.0,28888.0,2485
2487,9192.0,30545.0,2486
2488,9192.0,29165.0,2487
2489,9192.0,29028.0,2488
2490,9192.0,28866.0,2489
2491,9192.0,30522.0,2490
2492,9192.0,31448.0,2491
2493,9192.0,31419.0,2492
2494,9192.0,30925.0,2493
2495,9192.0,31083.0,2494
2496,9192.0,31255.0,2495
2497,9192.0,31173.0,2496
2498,9192.0,30822.0,2497
2499,9192.0,31316.0,2498
2500,9192.0,31780.0,2499
2501,9192.0,31780.0,2500
2502,9192.0,31850.0,2501
2503,9192.0,31747.0,2502
2504,9192.0,31821.0,2503
2505,9192.0,32108.0,2504
2506,9192.0,31358.0,2505
2507,9192.0,31016.0,2506
2508,9192.0,30880.0,2507
2509,9192.0,31255.0,2508
2510,9192.0,30548.0,2509
2511,9192.0,30548.0,2510
2512,9192.0,30559.0,2511
2513,9192.0,30497.0,2512
2514,9192.0,30630.0,2513
2515,9192.0,30706.0,2514
2516,9192.0,30428.0,2515
2517,9192.0,30427.0,2516
2518,9192.0,30525.0,2517
2519,9192.0,30464.0,2518
2520,9192.0,30379.0,2519
2521,9192.0,30379.0,2520
2522,9192.0,30460.0,2521
2523,9192.0,29757.0,2522
2524,9192.0,29455.0,2523
2525,9192.0,29234.0,2524
2526,9192.0,28668.0,2525
2527,9192.0,29018.0,2526
2528,9192.0,29143.0,2527
2529,9192.0,29225.0,2528
2530,9192.0,29321.0,2529
2531,9192.0,29406.0,2530
2532,9192.0,29420.0,2531
2533,9192.0,29562.0,2532
2534,9192.0,29598.0,2533
2535,9192.0,29659.0,2534
2536,9192.0,28952.0,2535
2537,9192.0,28383.0,2536
2538,9192.0,29137.0,2537
2539,9192.0,29151.0,2538
2540,9192.0,29151.0,2539
2541,9192.0,28986.0,2540
2542,9192.0,28518.0,2541
2543,9192.0,30430.0,2542
2544,9192.0,29663.0,2543
2545,9192.0,28606.0,2544
2546,9192.0,28494.0,2545
2547,9192.0,28509.0,2546
2548,9192.0,28610.0,2547
2549,9192.0,28859.0,2548
2550,9192.0,30795.0,2549
2551,9192.0,30951.0,2550
2552,9192.0,31114.0,2551
2553,9192.0,31038.0,2552
2554,9192.0,29897.0,2553
2555,9192.0,31592.0,2554
2556,9192.0,31091.0,2555
2557,9192.0,30814.0,2556
2558,9192.0,30394.0,2557
2559,9192.0,30310.0,2558
2560,9192.0,30308.0,2559
2561,9192.0,30392.0,2560
2562,9192.0,30328.0,2561
2563,9192.0,30326.0,2562
2564,9192.0,30511.0,2563
2565,9192.0,30271.0,2564
2566,9192.0,29814.0,2565
2567,9192.0,29810.0,2566
2568,9192.0,29482.0,2567
2569,9192.0,29482.0,2568
2570,9192.0,28876.0,2569
2571,9192.0,29210.0,2570
2572,9192.0,28160.0,2571
2573,9192.0,28476.0,2572
2574,9192.0,28197.0,2573
2575,9192.0,28335.0,2574
2576,9192.0,28321.0,2575
2577,9192.0,28210.0,2576
2578,9192.0,28551.0,2577
2579,9192.0,29037.0,2578
2580,9192.0,28614.0,2579
2581,9192.0,28682.0,2580
2582,9192.0,28661.0,2581
2583,9192.0,28364.0,2582
2584,9192.0,28394.0,2583
2585,9192.0,28394.0,2584
2586,9192.0,27406.0,2585
2587,9192.0,27574.0,2586
2588,9192.0,28055.0,2587
2589,9192.0,27761.0,2588
2590,9192.0,27849.0,2589
2591,9192.0,26889.0,2590
2592,9192.0,26743.0,2591
2593,9192.0,27094.0,2592
2594,9192.0,27472.0,2593
2595,9192.0,27729.0,2594
2596,9192.0,27720.0,2595
2597,9192.0,27569.0,2596
2598,9192.0,28378.0,2597
2599,9192.0,28322.0,2598
2600,9192.0,28240.0,2599
2601,9192.0,27229.0,2600
2602,9192.0,27229.0,2601
2603,9192.0,28241.0,2602
2604,9192.0,28144.0,2603
2605,9192.0,27669.0,2604
2606,9192.0,27712.0,2605
2607,9192.0,27217.0,2606
2608,9192.0,26713.0,2607
2609,9192.0,26644.0,2608
2610,9192.0,25734.0,2609
2611,9192.0,25984.0,2610
2612,9192.0,26058.0,2611
2613,9192.0,26993.0,2612
2614,9192.0,26937.0,2613
2615,9192.0,27815.0,2614
2616,9192.0,27943.0,2615
2617,9192.0,27103.0,2616
2618,9192.0,27309.0,2617
2619,9192.0,26502.0,2618
2620,9192.0,27097.0,2619
2621,9192.0,27097.0,2620
2622,9192.0,27185.0,2621
2623,9192.0,29041.0,2622
2624,9192.0,29104.0,2623
2625,9192.0,30370.0,2624
2626,9192.0,30498.0,2625
2627,9192.0,30428.0,2626
2628,9192.0,30945.0,2627
2629,9192.0,31055.0,2628
2630,9192.0,31116.0,2629
2631,9192.0,31113.0,2630
2632,9192.0,31982.0,2631
2633,9192.0,30720.0,2632
2634,9192.0,30720.0,2633
2635,9192.0,30720.0,2634
2636,9192.0,29759.0,2635
2637,9192.0,29995.0,2636
2638,9192.0,29735.0,2637
2639,9192.0,29462.0,2638
2640,9192.0,29741.0,2639
2641,9192.0,29927.0,2640
2642,9192.0,29918.0,2641
2643,9192.0,29756.0,2642
2644,9192.0,29475.0,2643
2645,9192.0,29306.0,2644
2646,9192.0,29341.0,2645
2647,9192.0,29341.0,2646
2648,9192.0,29475.0,2647
2649,9192.0,28930.0,2648
2650,9192.0,28864.0,2649
2651,9192.0,28217.0,2650
2652,9192.0,28009.0,2651
2653,9192.0,27989.0,2652
2654,9192.0,27070.0,2653
2655,9192.0,27362.0,2654
2656,9192.0,27329.0,2655
2657,9192.0,27489.0,2656
2658,9192.0,27546.0,2657
2659,9192.0,27874.0,2658
2660,9192.0,27270.0,2659
2661,9192.0,27404.0,2660
2662,9192.0,27346.0,2661
2663,9192.0,27266.0,2662
2664,9192.0,27275.0,2663
2665,9192.0,27451.0,2664
2666,9192.0,27336.0,2665
2667,9192.0,27503.0,2666
2668,9192.0,28957.0,2667
2669,9192.0,28931.0,2668
2670,9192.0,29936.0,2669
2671,9192.0,30330.0,2670
2672,9192.0,30385.0,2671
2673,9192.0,30494.0,2672
2674,9192.0,30298.0,2673
2675,9192.0,29951.0,2674
2676,9192.0,29989.0,2675
2677,9192.0,30415.0,2676
2678,9192.0,30433.0,2677
2679,9192.0,30538.0,2678
2680,9192.0,30131.0,2679
2681,9192.0,30202.0,2680
2682,9192.0,29761.0,2681
2683,9192.0,29616.0,2682
2684,9192.0,29648.0,2683
2685,9192.0,30324.0,2684
2686,9192.0,30454.0,2685
2687,9192.0,30403.0,2686
2688,9192.0,30499.0,2687
2689,9192.0,30585.0,2688
2690,9192.0,30634.0,2689
2691,9192.0,30227.0,2690
2692,9192.0,30365.0,2691
2693,9192.0,30048.0,2692
2694,9192.0,30112.0,2693
2695,9192.0,30112.0,2694
2696,9192.0,30112.0,2695
2697,9192.0,30099.0,2696
2698,9192.0,29738.0,2697
2699,9192.0,30586.0,2698
2700,9192.0,30841.0,2699
2701,9192.0,30736.0,2700
2702,9192.0,30744.0,2701
2703,9192.0,29910.0,2702
2704,9192.0,30101.0,2703
2705,9192.0,30065.0,2704
2706,9192.0,32168.0,2705
2707,9192.0,31501.0,2706
2708,9192.0,31612.0,2707
2709,9192.0,32330.0,2708
2710,9192.0,32445.0,2709
2711,9192.0,32391.0,2710
2712,9192.0,32495.0,2711
2713,9192.0,32422.0,2712
2714,9192.0,33098.0,2713
2715,9192.0,33133.0,2714
2716,9192.0,33110.0,2715
2717,9192.0,32918.0,2716
2718,9192.0,33832.0,2717
2719,9192.0,33876.0,2718
2720,9192.0,33777.0,2719
2721,9192.0,34256.0,2720
2722,9192.0,34428.0,2721
2723,9192.0,34428.0,2722
2724,9192.0,34490.0,2723
2725,9192.0,34490.0,2724
2726,9192.0,34064.0,2725
2727,9192.0,33285.0,2726
2728,9192.0,33288.0,2727
2729,9192.0,33558.0,2728
2730,9192.0,33482.0,2729
2731,9192.0,33315.0,2730
2732,9192.0,33305.0,2731
2733,9192.0,33591.0,2732
2734,9192.0,32869.0,2733
2735,9192.0,33504.0,2734
2736,9192.0,32965.0,2735
2737,9192.0,33029.0,2736
2738,9192.0,32032.0,2737
2739,9192.0,32588.0,2738
2740,9192.0,32122.0,2739
2741,9192.0,32153.0,2740
2742,9192.0,32075.0,2741
2743,9192.0,31900.0,2742
2744,9192.0,31817.0,2743
2745,9192.0,31540.0,2744
2746,9192.0,31546.0,2745
2747,9192.0,29023.0,2746
2748,9192.0,28550.0,2747
2749,9192.0,28213.0,2748
2750,9192.0,27635.0,2749
2751,9192.0,27465.0,2750
2752,9192.0,27352.0,2751
2753,9192.0,27178.0,2752
2754,9192.0,27186.0,2753
2755,9192.0,26972.0,2754
2756,9192.0,26163.0,2755
2757,9192.0,26642.0,2756
2758,9192.0,26651.0,2757
2759,9192.0,26584.0,2758
2760,9192.0,26906.0,2759
2761,9192.0,26985.0,2760
2762,9192.0,28058.0,2761
2763,9192.0,27679.0,2762
2764,9192.0,27679.0,2763
2765,9192.0,27640.0,2764
2766,9192.0,27856.0,2765
2767,9192.0,26964.0,2766
2768,9192.0,26964.0,2767
2769,9192.0,26890.0,2768
2770,9192.0,27023.0,2769
2771,9192.0,27345.0,2770
2772,9192.0,27230.0,2771
2773,9192.0,27237.0,2772
2774,9192.0,26997.0,2773
2775,9192.0,26997.0,2774
2776,9192.0,25516.0,2775
2777,9192.0,27727.0,2776
2778,9192.0,28140.0,2777
2779,9192.0,27943.0,2778
2780,9192.0,28245.0,2779
2781,9192.0,28630.0,2780
2782,9192.0,28933.0,2781
2783,9192.0,29017.0,2782
2784,9192.0,29056.0,2783
2785,9192.0,28834.0,2784
2786,9192.0,28486.0,2785
2787,9192.0,29147.0,2786
2788,9192.0,29664.0,2787
2789,9192.0,30126.0,2788
2790,9192.0,29322.0,2789
2791,9192.0,29170.0,2790
2792,9192.0,29683.0,2791
2793,9192.0,29554.0,2792
2794,9192.0,29544.0,2793
2795,9192.0,29544.0,2794
2796,9192.0,29698.0,2795
2797,9192.0,29401.0,2796
2798,9192.0,29924.0,2797
2799,9192.0,29782.0,2798
2800,9192.0,30001.0,2799
2801,9192.0,30088.0,2800
2802,9192.0,29415.0,2801
2803,9192.0,29567.0,2802
2804,9192.0,29661.0,2803
2805,9192.0,29828.0,2804
2806,9192.0,29844.0,2805
2807,9192.0,29844.0,2806
2808,9192.0,29844.0,2807
2809,9192.0,29844.0,2808
2810,9192.0,29830.0,2809
2811,9192.0,29150.0,2810
2812,9192.0,29230.0,2811
2813,9192.0,29133.0,2812
2814,9192.0,28849.0,2813
2815,9192.0,28885.0,2814
2816,9192.0,28897.0,2815
2817,9192.0,28611.0,2816
2818,9192.0,28574.0,2817
2819,9192.0,28582.0,2818
2820,9192.0,28565.0,2819
2821,9192.0,27667.0,2820
2822,9192.0,27667.0,2821
2823,9192.0,27962.0,2822
2824,9192.0,27947.0,2823
2825,9192.0,27947.0,2824
2826,9192.0,27947.0,2825
2827,9192.0,27814.0,2826
2828,9192.0,27528.0,2827
2829,9192.0,27726.0,2828
2830,9192.0,26796.0,2829
2831,9192.0,26693.0,2830
2832,9192.0,26683.0,2831
2833,9192.0,27010.0,2832
2834,9192.0,26480.0,2833
2835,9192.0,26580.0,2834
2836,9192.0,26744.0,2835
2837,9192.0,26709.0,2836
2838,9192.0,26307.0,2837
2839,9192.0,26327.0,2838
2840,9192.0,26368.0,2839
2841,9192.0,26368.0,2840
2842,9192.0,26198.0,2841
2843,9192.0,26110.0,2842
2844,9192.0,26348.0,2843
2845,9192.0,26306.0,2844
2846,9192.0,26306.0,2845
2847,9192.0,26615.0,2846
2848,9192.0,26760.0,2847
2849,9192.0,26425.0,2848
2850,9192.0,26425.0,2849
2851,9192.0,25523.0,2850
2852,9192.0,25723.0,2851
2853,9192.0,25737.0,2852
2854,9192.0,24835.0,2853
2855,9192.0,23523.0,2854
2856,9192.0,23523.0,2855
2857,9192.0,24887.0,2856
2858,9192.0,25750.0,2857
2859,9192.0,25375.0,2858
2860,9192.0,26027.0,2859
2861,9192.0,26542.0,2860
2862,9192.0,26579.0,2861
2863,9192.0,27126.0,2862
2864,9192.0,27519.0,2863
2865,9192.0,27490.0,2864
2866,9192.0,27774.0,2865
2867,9192.0,27774.0,2866
2868,9192.0,27648.0,2867
2869,9192.0,27648.0,2868
2870,9192.0,27332.0,2869
2871,9192.0,27939.0,2870
2872,9192.0,30761.0,2871
2873,9192.0,30809.0,2872
2874,9192.0,30653.0,2873
2875,9192.0,30652.0,2874
2876,9192.0,29488.0,2875
2877,9192.0,29558.0,2876
2878,9192.0,29318.0,2877
2879,9192.0,29448.0,2878
2880,9192.0,28382.0,2879
2881,9192.0,28177.0,2880
2882,9192.0,28442.0,2881
2883,9192.0,28329.0,2882
2884,9192.0,28083.0,2883
2885,9192.0,28072.0,2884
2886,9192.0,28064.0,2885
2887,9192.0,28502.0,2886
2888,9192.0,28830.0,2887
2889,9192.0,28458.0,2888
2890,9192.0,28431.0,2889
2891,9192.0,27968.0,2890
2892,9192.0,28418.0,2891
2893,9192.0,28730.0,2892
2894,9192.0,28585.0,2893
2895,9192.0,27735.0,2894
2896,9192.0,27589.0,2895
2897,9192.0,27634.0,2896
2898,9192.0,28118.0,2897
2899,9192.0,27921.0,2898
2900,9192.0,29106.0,2899
2901,9192.0,29101.0,2900
2902,9192.0,27563.0,2901
2903,9192.0,28347.0,2902
2904,9192.0,28372.0,2903
2905,9192.0,28589.0,2904
2906,9192.0,28899.0,2905
2907,9192.0,28540.0,2906
2908,9192.0,28271.0,2907
2909,9192.0,28271.0,2908
2910,9192.0,28181.0,2909
2911,9192.0,28165.0,2910
2912,9192.0,28230.0,2911
2913,9192.0,28485.0,2912
2914,9192.0,28417.0,2913
2915,9192.0,28625.0,2914
2916,9192.0,28687.0,2915
2917,9192.0,28287.0,2916
2918,9192.0,28303.0,2917
2919,9192.0,28264.0,2918
2920,9192.0,28321.0,2919
2921,9192.0,28258.0,2920
2922,9192.0,28258.0,2921
2923,9192.0,26563.0,2922
2924,9192.0,26609.0,2923
2925,9192.0,26511.0,2924
2926,9192.0,27731.0,2925
2927,9192.0,27752.0,2926
2928,9192.0,27804.0,2927
2929,9192.0,27857.0,2928
2930,9192.0,27609.0,2929
2931,9192.0,27490.0,2930
2932,9192.0,27206.0,2931
2933,9192.0,27048.0,2932
2934,9192.0,27156.0,2933
2935,9192.0,28245.0,2934
2936,9192.0,27758.0,2935
2937,9192.0,27719.0,2936
2938,9192.0,27780.0,2937
2939,9192.0,27964.0,2938
2940,9192.0,27608.0,2939
2941,9192.0,27612.0,2940
2942,9192.0,27425.0,2941
2943,9192.0,27125.0,2942
2944,9192.0,27094.0,2943
2945,9192.0,26698.0,2944
2946,9192.0,26193.0,2945
2947,9192.0,25667.0,2946
2948,9192.0,25855.0,2947
2949,9192.0,25894.0,2948
2950,9192.0,26290.0,2949
2951,9192.0,26275.0,2950
2952,9192.0,26313.0,2951
2953,9192.0,26334.0,2952
2954,9192.0,26433.0,2953
2955,9192.0,26450.0,2954
2956,9192.0,26516.0,2955
2957,9192.0,26852.0,2956
2958,9192.0,26537.0,2957
2959,9192.0,26599.0,2958
2960,9192.0,26864.0,2959
2961,9192.0,26775.0,2960
2962,9192.0,26368.0,2961
2963,9192.0,26633.0,2962
2964,9192.0,27381.0,2963
2965,9192.0,27602.0,2964
2966,9192.0,27798.0,2965
2967,9192.0,28020.0,2966
2968,9192.0,28205.0,2967
2969,9192.0,28242.0,2968
2970,9192.0,28027.0,2969
2971,9192.0,27803.0,2970
2972,9192.0,27443.0,2971
2973,9192.0,27443.0,2972
2974,9192.0,27403.0,2973
2975,9192.0,27403.0,2974
2976,9192.0,27747.0,2975
2977,9192.0,27613.0,2976
2978,9192.0,27613.0,2977
2979,9192.0,27924.0,2978
2980,9192.0,28517.0,2979
2981,9192.0,29608.0,2980
2982,9192.0,30575.0,2981
2983,9192.0,30526.0,2982
2984,9192.0,29292.0,2983
2985,9192.0,29311.0,2984
2986,9192.0,29101.0,2985
2987,9192.0,29175.0,2986
2988,9192.0,29651.0,2987
2989,9192.0,28250.0,2988
2990,9192.0,28726.0,2989
2991,9192.0,29019.0,2990
2992,9192.0,28983.0,2991
2993,9192.0,28982.0,2992
2994,9192.0,29283.0,2993
2995,9192.0,29825.0,2994
2996,9192.0,29437.0,2995
2997,9192.0,29433.0,2996
2998,9192.0,29284.0,2997
2999,9192.0,29454.0,2998
3000,9192.0,29479.0,2999
3001,9192.0,28853.0,3000
3002,9192.0,28106.0,3001
3003,9192.0,28337.0,3002
3004,9192.0,28084.0,3003
3005,9192.0,27691.0,3004
3006,9192.0,27814.0,3005
3007,9192.0,27288.0,3006
3008,9192.0,27873.0,3007
3009,9192.0,28866.0,3008
3010,9192.0,28971.0,3009
3011,9192.0,28779.0,3010
3012,9192.0,28585.0,3011
3013,9192.0,28061.0,3012
3014,9192.0,28061.0,3013
3015,9192.0,28125.0,3014
3016,9192.0,28028.0,3015
3017,9192.0,28117.0,3016
3018,9192.0,28189.0,3017
3019,9192.0,27931.0,3018
3020,9192.0,27944.0,3019
3021,9192.0,27416.0,3020
3022,9192.0,27643.0,3021
3023,9192.0,27600.0,3022
3024,9192.0,27646.0,3023
3025,9192.0,27593.0,3024
3026,9192.0,27587.0,3025
3027,9192.0,27766.0,3026
3028,9192.0,29472.0,3027
3029,9192.0,29614.0,3028
3030,9192.0,29786.0,3029
3031,9192.0,30969.0,3030
3032,9192.0,31309.0,3031
3033,9192.0,30663.0,3032
3034,9192.0,30816.0,3033
3035,9192.0,30913.0,3034
3036,9192.0,30342.0,3035
3037,9192.0,30190.0,3036
3038,9192.0,30801.0,3037
3039,9192.0,30801.0,3038
3040,9192.0,29153.0,3039
3041,9192.0,29153.0,3040
3042,9192.0,28837.0,3041
3043,9192.0,28867.0,3042
3044,9192.0,28778.0,3043
3045,9192.0,28260.0,3044
3046,9192.0,27685.0,3045
3047,9192.0,28607.0,3046
3048,9192.0,28893.0,3047
3049,9192.0,28616.0,3048
3050,9192.0,28612.0,3049
3051,9192.0,28567.0,3050
3052,9192.0,28152.0,3051
3053,9192.0,28545.0,3052
3054,9192.0,28567.0,3053
3055,9192.0,28523.0,3054
3056,9192.0,28848.0,3055
3057,9192.0,28897.0,3056
3058,9192.0,28850.0,3057
3059,9192.0,29019.0,3058
3060,9192.0,29016.0,3059
3061,9192.0,29105.0,3060
3062,9192.0,29547.0,3061
3063,9192.0,30199.0,3062
3064,9192.0,29862.0,3063
3065,9192.0,30656.0,3064
3066,9192.0,30581.0,3065
3067,9192.0,30521.0,3066
3068,9192.0,30396.0,3067
3069,9192.0,29863.0,3068
3070,9192.0,29577.0,3069
3071,9192.0,31124.0,3070
3072,9192.0,31053.0,3071
3073,9192.0,31442.0,3072
3074,9192.0,31815.0,3073
3075,9192.0,31936.0,3074
3076,9192.0,31080.0,3075
3077,9192.0,31142.0,3076
3078,9192.0,31347.0,3077
3079,9192.0,31482.0,3078
3080,9192.0,30714.0,3079
3081,9192.0,30714.0,3080
3082,9192.0,30714.0,3081
3083,9192.0,31836.0,3082
3084,9192.0,32036.0,3083
3085,9192.0,31954.0,3084
3086,9192.0,31810.0,3085
3087,9192.0,31702.0,3086
3088,9192.0,31702.0,3087
3089,9192.0,31411.0,3088
3090,9192.0,31375.0,3089
3091,9192.0,31398.0,3090
3092,9192.0,31435.0,3091
3093,9192.0,31429.0,3092
3094,9192.0,29460.0,3093
3095,9192.0,29474.0,3094
3096,9192.0,29194.0,3095
3097,9192.0,29185.0,3096
3098,9192.0,29220.0,3097
3099,9192.0,29085.0,3098
3100,9192.0,29085.0,3099
3101,9192.0,28914.0,3100
3102,9192.0,28774.0,3101
3103,9192.0,28366.0,3102
3104,9192.0,28366.0,3103
3105,9192.0,28268.0,3104
3106,9192.0,27585.0,3105
3107,9192.0,28603.0,3106
3108,9192.0,28633.0,3107
3109,9192.0,28431.0,3108
3110,9192.0,28203.0,3109
3111,9192.0,28202.0,3110
3112,9192.0,28268.0,3111
3113,9192.0,28397.0,3112
3114,9192.0,28739.0,3113
3115,9192.0,28539.0,3114
3116,9192.0,28310.0,3115
3117,9192.0,28238.0,3116
3118,9192.0,27951.0,3117
3119,9192.0,27556.0,3118
3120,9192.0,27144.0,3119
3121,9192.0,26986.0,3120
3122,9192.0,26887.0,3121
3123,9192.0,26306.0,3122
3124,9192.0,25934.0,3123
3125,9192.0,25263.0,3124
3126,9192.0,25222.0,3125
3127,9192.0,25225.0,3126
3128,9192.0,25890.0,3127
3129,9192.0,27196.0,3128
3130,9192.0,27517.0,3129
3131,9192.0,27092.0,3130
3132,9192.0,26830.0,3131
3133,9192.0,25438.0,3132
3134,9192.0,25457.0,3133
3135,9192.0,26190.0,3134
3136,9192.0,26522.0,3135
3137,9192.0,26522.0,3136
3138,9192.0,27590.0,3137
3139,9192.0,27833.0,3138
3140,9192.0,28103.0,3139
3141,9192.0,28064.0,3140
3142,9192.0,28080.0,3141
3143,9192.0,27916.0,3142
3144,9192.0,28255.0,3143
3145,9192.0,28990.0,3144
3146,9192.0,29004.0,3145
3147,9192.0,28864.0,3146
3148,9192.0,28301.0,3147
3149,9192.0,28941.0,3148
3150,9192.0,27695.0,3149
3151,9192.0,28084.0,3150
3152,9192.0,27986.0,3151
3153,9192.0,28196.0,3152
3154,9192.0,28543.0,3153
3155,9192.0,28182.0,3154
3156,9192.0,28055.0,3155
3157,9192.0,29037.0,3156
3158,9192.0,28552.0,3157
3159,9192.0,28186.0,3158
3160,9192.0,28188.0,3159
3161,9192.0,28253.0,3160
3162,9192.0,28427.0,3161
3163,9192.0,29442.0,3162
3164,9192.0,29656.0,3163
3165,9192.0,29645.0,3164
3166,9192.0,29983.0,3165
3167,9192.0,29848.0,3166
3168,9192.0,30023.0,3167
3169,9192.0,30238.0,3168
3170,9192.0,30402.0,3169
3171,9192.0,28687.0,3170
3172,9192.0,29158.0,3171
3173,9192.0,28484.0,3172
3174,9192.0,28112.0,3173
3175,9192.0,29573.0,3174
3176,9192.0,29022.0,3175
3177,9192.0,27999.0,3176
3178,9192.0,27999.0,3177
3179,9192.0,28604.0,3178
3180,9192.0,28884.0,3179
3181,9192.0,28099.0,3180
3182,9192.0,28620.0,3181
3183,9192.0,28147.0,3182
3184,9192.0,28142.0,3183
3185,9192.0,28263.0,3184
3186,9192.0,28427.0,3185
3187,9192.0,28331.0,3186
3188,9192.0,28458.0,3187
3189,9192.0,28658.0,3188
3190,9192.0,28617.0,3189
3191,9192.0,28601.0,3190
3192,9192.0,28386.0,3191
3193,9192.0,27941.0,3192
3194,9192.0,28000.0,3193
3195,9192.0,27577.0,3194
3196,9192.0,27577.0,3195
3197,9192.0,27558.0,3196
3198,9192.0,27818.0,3197
3199,9192.0,27826.0,3198
3200,9192.0,27878.0,3199
3201,9192.0,27878.0,3200
3202,9192.0,28491.0,3201
3203,9192.0,28465.0,3202
3204,9192.0,27588.0,3203
3205,9192.0,27876.0,3204
3206,9192.0,28131.0,3205
3207,9192.0,28100.0,3206
3208,9192.0,28203.0,3207
3209,9192.0,28855.0,3208
3210,9192.0,28874.0,3209
3211,9192.0,28895.0,3210
3212,9192.0,28122.0,3211
3213,9192.0,28215.0,3212
3214,9192.0,28908.0,3213
3215,9192.0,28931.0,3214
3216,9192.0,28365.0,3215
3217,9192.0,28982.0,3216
3218,9192.0,28722.0,3217
3219,9192.0,29024.0,3218
3220,9192.0,28928.0,3219
3221,9192.0,28716.0,3220
3222,9192.0,29629.0,3221
3223,9192.0,29464.0,3222
3224,9192.0,27922.0,3223
3225,9192.0,28095.0,3224
3226,9192.0,28384.0,3225
3227,9192.0,28489.0,3226
3228,9192.0,28521.0,3227
3229,9192.0,28521.0,3228
3230,9192.0,28407.0,3229
3231,9192.0,28628.0,3230
3232,9192.0,29174.0,3231
3233,9192.0,29141.0,3232
3234,9192.0,28902.0,3233
3235,9192.0,28190.0,3234
3236,9192.0,28462.0,3235
3237,9192.0,28325.0,3236
3238,9192.0,27933.0,3237
3239,9192.0,28449.0,3238
3240,9192.0,28328.0,3239
3241,9192.0,28092.0,3240
3242,9192.0,28391.0,3241
3243,9192.0,28296.0,3242
3244,9192.0,27919.0,3243
3245,9192.0,27919.0,3244
3246,9192.0,27789.0,3245
3247,9192.0,27953.0,3246
3248,9192.0,28056.0,3247
3249,9192.0,28062.0,3248
3250,9192.0,27783.0,3249
3251,9192.0,27713.0,3250
3252,9192.0,27659.0,3251
3253,9192.0,27721.0,3252
3254,9192.0,28190.0,3253
3255,9192.0,28187.0,3254
3256,9192.0,27780.0,3255
3257,9192.0,27732.0,3256
3258,9192.0,27327.0,3257
3259,9192.0,27723.0,3258
3260,9192.0,27710.0,3259
3261,9192.0,29073.0,3260
3262,9192.0,29108.0,3261
3263,9192.0,28104.0,3262
3264,9192.0,28351.0,3263
3265,9192.0,28369.0,3264
3266,9192.0,27972.0,3265
3267,9192.0,29013.0,3266
3268,9192.0,28947.0,3267
3269,9192.0,29200.0,3268
3270,9192.0,28956.0,3269
3271,9192.0,28745.0,3270
3272,9192.0,28424.0,3271
3273,9192.0,28340.0,3272
3274,9192.0,28039.0,3273
3275,9192.0,27713.0,3274
3276,9192.0,27542.0,3275
3277,9192.0,27990.0,3276
3278,9192.0,28118.0,3277
3279,9192.0,28068.0,3278
3280,9192.0,27982.0,3279
3281,9192.0,27805.0,3280
3282,9192.0,27475.0,3281
3283,9192.0,27570.0,3282
3284,9192.0,27570.0,3283
3285,9192.0,27613.0,3284
3286,9192.0,27516.0,3285
3287,9192.0,28073.0,3286
3288,9192.0,28012.0,3287
3289,9192.0,28393.0,3288
3290,9192.0,26847.0,3289
3291,9192.0,26825.0,3290
3292,9192.0,26435.0,3291
3293,9192.0,26858.0,3292
3294,9192.0,26785.0,3293
3295,9192.0,28779.0,3294
3296,9192.0,28924.0,3295
3297,9192.0,28211.0,3296
3298,9192.0,28434.0,3297
3299,9192.0,28992.0,3298
3300,9192.0,27860.0,3299
3301,9192.0,27860.0,3300
3302,9192.0,27882.0,3301
3303,9192.0,27816.0,3302
3304,9192.0,28555.0,3303
3305,9192.0,28584.0,3304
3306,9192.0,28605.0,3305
3307,9192.0,28869.0,3306
3308,9192.0,28445.0,3307
3309,9192.0,28726.0,3308
3310,9192.0,28822.0,3309
3311,9192.0,28973.0,3310
3312,9192.0,28893.0,3311
3313,9192.0,29004.0,3312
3314,9192.0,27655.0,3313
3315,9192.0,27510.0,3314
3316,9192.0,27557.0,3315
3317,9192.0,27554.0,3316
3318,9192.0,27330.0,3317
3319,9192.0,27997.0,3318
3320,9192.0,28317.0,3319
3321,9192.0,28111.0,3320
3322,9192.0,27520.0,3321
3323,9192.0,26928.0,3322
3324,9192.0,27132.0,3323
3325,9192.0,27066.0,3324
3326,9192.0,26876.0,3325
3327,9192.0,27007.0,3326
3328,9192.0,26769.0,3327
3329,9192.0,26490.0,3328
3330,9192.0,26272.0,3329
3331,9192.0,26430.0,3330
3332,9192.0,26854.0,3331
3333,9192.0,28181.0,3332
3334,9192.0,28176.0,3333
3335,9192.0,28091.0,3334
3336,9192.0,28257.0,3335
3337,9192.0,28498.0,3336
3338,9192.0,28519.0,3337
3339,9192.0,29149.0,3338
3340,9192.0,29454.0,3339
3341,9192.0,29571.0,3340
3342,9192.0,29274.0,3341
3343,9192.0,29274.0,3342
3344,9192.0,29215.0,3343
3345,9192.0,29394.0,3344
3346,9192.0,29166.0,3345
3347,9192.0,29317.0,3346
3348,9192.0,29340.0,3347
3349,9192.0,29340.0,3348
3350,9192.0,29326.0,3349
3351,9192.0,29028.0,3350
3352,9192.0,28999.0,3351
3353,9192.0,28612.0,3352
3354,9192.0,28612.0,3353
3355,9192.0,27297.0,3354
3356,9192.0,27213.0,3355
3357,9192.0,27045.0,3356
3358,9192.0,27229.0,3357
3359,9192.0,27645.0,3358
3360,9192.0,27563.0,3359
3361,9192.0,27648.0,3360
3362,9192.0,26937.0,3361
3363,9192.0,28075.0,3362
3364,9192.0,28083.0,3363
3365,9192.0,27990.0,3364
3366,9192.0,28042.0,3365
3367,9192.0,27451.0,3366
3368,9192.0,26974.0,3367
3369,9192.0,26964.0,3368
3370,9192.0,27801.0,3369
3371,9192.0,27743.0,3370
3372,9192.0,27629.0,3371
3373,9192.0,28047.0,3372
3374,9192.0,28491.0,3373
3375,9192.0,28467.0,3374
3376,9192.0,28035.0,3375
3377,9192.0,26789.0,3376
3378,9192.0,27459.0,3377
3379,9192.0,27361.0,3378
3380,9192.0,27213.0,3379
3381,9192.0,27201.0,3380
3382,9192.0,27201.0,3381
3383,9192.0,26858.0,3382
3384,9192.0,26801.0,3383
3385,9192.0,26696.0,3384
3386,9192.0,26705.0,3385
3387,9192.0,26947.0,3386
3388,9192.0,27364.0,3387
3389,9192.0,28346.0,3388
3390,9192.0,28807.0,3389
3391,9192.0,28780.0,3390
3392,9192.0,28780.0,3391
3393,9192.0,29872.0,3392
3394,9192.0,30622.0,3393
3395,9192.0,30919.0,3394
3396,9192.0,30968.0,3395
3397,9192.0,30934.0,3396
3398,9192.0,31181.0,3397
3399,9192.0,31084.0,3398
3400,9192.0,29415.0,3399
3401,9192.0,29592.0,3400
3402,9192.0,28927.0,3401
3403,9192.0,28823.0,3402
3404,9192.0,28727.0,3403
3405,9192.0,28666.0,3404
3406,9192.0,28545.0,3405
3407,9192.0,28682.0,3406
3408,9192.0,28569.0,3407
3409,9192.0,28446.0,3408
3410,9192.0,28656.0,3409
3411,9192.0,28847.0,3410
3412,9192.0,28844.0,3411
3413,9192.0,28941.0,3412
3414,9192.0,28978.0,3413
3415,9192.0,28639.0,3414
3416,9192.0,28931.0,3415
3417,9192.0,29012.0,3416
3418,9192.0,28872.0,3417
3419,9192.0,28671.0,3418
3420,9192.0,28506.0,3419
3421,9192.0,28506.0,3420
3422,9192.0,28506.0,3421
3423,9192.0,28835.0,3422
3424,9192.0,28749.0,3423
3425,9192.0,28797.0,3424
3426,9192.0,28763.0,3425
3427,9192.0,28304.0,3426
3428,9192.0,29516.0,3427
3429,9192.0,28587.0,3428
3430,9192.0,28770.0,3429
3431,9192.0,28770.0,3430
3432,9192.0,28739.0,3431
3433,9192.0,28964.0,3432
3434,9192.0,28977.0,3433
3435,9192.0,28723.0,3434
3436,9192.0,28442.0,3435
3437,9192.0,28642.0,3436
3438,9192.0,28540.0,3437
3439,9192.0,28494.0,3438
3440,9192.0,28594.0,3439
3441,9192.0,27623.0,3440
3442,9192.0,28015.0,3441
3443,9192.0,28431.0,3442
3444,9192.0,28818.0,3443
3445,9192.0,29151.0,3444
3446,9192.0,29558.0,3445
3447,9192.0,29960.0,3446
3448,9192.0,30711.0,3447
3449,9192.0,30016.0,3448
3450,9192.0,31061.0,3449
3451,9192.0,30376.0,3450
3452,9192.0,30118.0,3451
3453,9192.0,29983.0,3452
3454,9192.0,30660.0,3453
3455,9192.0,30579.0,3454
3456,9192.0,30695.0,3455
3457,9192.0,30814.0,3456
3458,9192.0,30814.0,3457
3459,9192.0,29544.0,3458
3460,9192.0,29549.0,3459
3461,9192.0,29496.0,3460
3462,9192.0,29510.0,3461
3463,9192.0,29291.0,3462
3464,9192.0,29138.0,3463
3465,9192.0,28964.0,3464
3466,9192.0,28272.0,3465
3467,9192.0,27916.0,3466
3468,9192.0,28049.0,3467
3469,9192.0,27621.0,3468
3470,9192.0,27715.0,3469
3471,9192.0,27605.0,3470
3472,9192.0,28567.0,3471
3473,9192.0,28059.0,3472
3474,9192.0,28574.0,3473
3475,9192.0,28267.0,3474
3476,9192.0,27428.0,3475
3477,9192.0,27469.0,3476
3478,9192.0,27026.0,3477
3479,9192.0,26231.0,3478
3480,9192.0,26208.0,3479
3481,9192.0,25870.0,3480
3482,9192.0,26587.0,3481
3483,9192.0,25068.0,3482
3484,9192.0,25463.0,3483
3485,9192.0,25229.0,3484
3486,9192.0,25229.0,3485
3487,9192.0,25229.0,3486
3488,9192.0,25989.0,3487
3489,9192.0,25795.0,3488
3490,9192.0,25964.0,3489
3491,9192.0,27005.0,3490
3492,9192.0,28467.0,3491
3493,9192.0,28381.0,3492
3494,9192.0,28700.0,3493
3495,9192.0,28640.0,3494
3496,9192.0,28640.0,3495
3497,9192.0,28994.0,3496
3498,9192.0,29276.0,3497
3499,9192.0,29477.0,3498
3500,9192.0,29477.0,3499
3501,9192.0,28992.0,3500
3502,9192.0,29001.0,3501
3503,9192.0,29320.0,3502
3504,9192.0,29320.0,3503
3505,9192.0,29353.0,3504
3506,9192.0,29223.0,3505
3507,9192.0,29110.0,3506
3508,9192.0,28959.0,3507
3509,9192.0,29350.0,3508
3510,9192.0,29109.0,3509
3511,9192.0,29044.0,3510
3512,9192.0,29017.0,3511
3513,9192.0,28552.0,3512
3514,9192.0,28310.0,3513
3515,9192.0,28057.0,3514
3516,9192.0,28335.0,3515
3517,9192.0,28338.0,3516
3518,9192.0,28437.0,3517
3519,9192.0,28488.0,3518
3520,9192.0,29042.0,3519
3521,9192.0,28743.0,3520
3522,9192.0,28874.0,3521
3523,9192.0,28712.0,3522
3524,9192.0,28594.0,3523
3525,9192.0,28285.0,3524
3526,9192.0,28408.0,3525
3527,9192.0,28394.0,3526
3528,9192.0,27654.0,3527
3529,9192.0,27738.0,3528
3530,9192.0,27778.0,3529
3531,9192.0,27903.0,3530
3532,9192.0,27903.0,3531
3533,9192.0,27889.0,3532
3534,9192.0,27678.0,3533
3535,9192.0,27726.0,3534
3536,9192.0,28143.0,3535
3537,9192.0,27821.0,3536
3538,9192.0,28609.0,3537
3539,9192.0,28485.0,3538
3540,9192.0,28395.0,3539
3541,9192.0,28370.0,3540
3542,9192.0,27889.0,3541
3543,9192.0,27862.0,3542
3544,9192.0,28136.0,3543
3545,9192.0,27154.0,3544
3546,9192.0,27261.0,3545
3547,9192.0,26901.0,3546
3548,9192.0,26448.0,3547
3549,9192.0,26271.0,3548
3550,9192.0,26271.0,3549
3551,9192.0,25749.0,3550
3552,9192.0,25383.0,3551
3553,9192.0,25389.0,3552
3554,9192.0,25124.0,3553
3555,9192.0,25993.0,3554
3556,9192.0,25772.0,3555
3557,9192.0,25948.0,3556
3558,9192.0,25723.0,3557
3559,9192.0,25462.0,3558
3560,9192.0,23819.0,3559
3561,9192.0,24474.0,3560
3562,9192.0,24497.0,3561
3563,9192.0,24816.0,3562
3564,9192.0,24983.0,3563
3565,9192.0,25421.0,3564
3566,9192.0,25656.0,3565
3567,9192.0,25453.0,3566
3568,9192.0,25740.0,3567
3569,9192.0,25740.0,3568
3570,9192.0,25855.0,3569
3571,9192.0,25866.0,3570
3572,9192.0,26936.0,3571
3573,9192.0,27047.0,3572
3574,9192.0,26935.0,3573
3575,9192.0,25769.0,3574
3576,9192.0,26971.0,3575
3577,9192.0,27095.0,3576
3578,9192.0,27391.0,3577
3579,9192.0,27223.0,3578
3580,9192.0,27096.0,3579
3581,9192.0,26393.0,3580
3582,9192.0,26369.0,3581
3583,9192.0,26584.0,3582
3584,9192.0,26810.0,3583
3585,9192.0,27666.0,3584
3586,9192.0,27830.0,3585
3587,9192.0,28107.0,3586
3588,9192.0,28561.0,3587
3589,9192.0,28659.0,3588
3590,9192.0,28596.0,3589
3591,9192.0,28611.0,3590
3592,9192.0,28591.0,3591
3593,9192.0,28655.0,3592
3594,9192.0,28756.0,3593
3595,9192.0,28588.0,3594
3596,9192.0,28541.0,3595
3597,9192.0,27735.0,3596
3598,9192.0,28619.0,3597
3599,9192.0,28321.0,3598
3600,9192.0,29048.0,3599
3601,9192.0,29090.0,3600
3602,9192.0,28823.0,3601
3603,9192.0,28553.0,3602
3604,9192.0,31786.0,3603
3605,9192.0,31836.0,3604
3606,9192.0,31779.0,3605
3607,9192.0,31780.0,3606
3608,9192.0,31548.0,3607
3609,9192.0,31403.0,3608
3610,9192.0,31476.0,3609
3611,9192.0,30985.0,3610
3612,9192.0,30974.0,3611
3613,9192.0,30120.0,3612
3614,9192.0,30724.0,3613
3615,9192.0,30631.0,3614
3616,9192.0,30408.0,3615
3617,9192.0,29673.0,3616
3618,9192.0,30031.0,3617
3619,9192.0,30323.0,3618
3620,9192.0,30409.0,3619
3621,9192.0,30429.0,3620
3622,9192.0,30142.0,3621
3623,9192.0,30316.0,3622
3624,9192.0,30015.0,3623
3625,9192.0,29918.0,3624
3626,9192.0,29881.0,3625
3627,9192.0,29410.0,3626
3628,9192.0,28960.0,3627
3629,9192.0,28289.0,3628
3630,9192.0,28381.0,3629
3631,9192.0,29045.0,3630
3632,9192.0,29100.0,3631
3633,9192.0,29041.0,3632
3634,9192.0,29195.0,3633
3635,9192.0,28774.0,3634
3636,9192.0,27939.0,3635
3637,9192.0,26297.0,3636
3638,9192.0,26224.0,3637
3639,9192.0,26157.0,3638
3640,9192.0,25574.0,3639
3641,9192.0,25012.0,3640
3642,9192.0,25355.0,3641
3643,9192.0,25274.0,3642
3644,9192.0,25274.0,3643
3645,9192.0,25443.0,3644
3646,9192.0,25443.0,3645
3647,9192.0,25128.0,3646
3648,9192.0,25128.0,3647
3649,9192.0,25001.0,3648
3650,9192.0,25113.0,3649
3651,9192.0,26289.0,3650
3652,9192.0,26766.0,3651
3653,9192.0,26670.0,3652
3654,9192.0,26172.0,3653
3655,9192.0,26437.0,3654
3656,9192.0,26437.0,3655
3657,9192.0,27091.0,3656
3658,9192.0,27067.0,3657
3659,9192.0,27356.0,3658
3660,9192.0,27232.0,3659
3661,9192.0,27217.0,3660
3662,9192.0,26163.0,3661
3663,9192.0,25652.0,3662
3664,9192.0,25839.0,3663
3665,9192.0,25739.0,3664
3666,9192.0,27306.0,3665
3667,9192.0,26899.0,3666
3668,9192.0,27122.0,3667
3669,9192.0,27122.0,3668
3670,9192.0,26861.0,3669
3671,9192.0,26463.0,3670
3672,9192.0,25704.0,3671
3673,9192.0,26116.0,3672
3674,9192.0,26039.0,3673
3675,9192.0,26566.0,3674
3676,9192.0,26809.0,3675
3677,9192.0,26775.0,3676
3678,9192.0,28014.0,3677
3679,9192.0,28010.0,3678
3680,9192.0,28319.0,3679
3681,9192.0,28436.0,3680
3682,9192.0,28906.0,3681
3683,9192.0,30428.0,3682
3684,9192.0,30833.0,3683
3685,9192.0,31010.0,3684
3686,9192.0,30430.0,3685
3687,9192.0,29960.0,3686
3688,9192.0,29808.0,3687
3689,9192.0,29486.0,3688
3690,9192.0,29483.0,3689
3691,9192.0,29587.0,3690
3692,9192.0,29802.0,3691
3693,9192.0,29641.0,3692
3694,9192.0,29030.0,3693
3695,9192.0,29030.0,3694
3696,9192.0,29030.0,3695
3697,9192.0,29174.0,3696
3698,9192.0,29773.0,3697
3699,9192.0,29711.0,3698
3700,9192.0,29626.0,3699
3701,9192.0,29477.0,3700
3702,9192.0,29346.0,3701
3703,9192.0,30090.0,3702
3704,9192.0,29907.0,3703
3705,9192.0,30211.0,3704
3706,9192.0,30320.0,3705
3707,9192.0,30293.0,3706
3708,9192.0,30362.0,3707
3709,9192.0,30110.0,3708
3710,9192.0,29071.0,3709
3711,9192.0,27963.0,3710
3712,9192.0,28414.0,3711
3713,9192.0,28087.0,3712
3714,9192.0,28520.0,3713
3715,9192.0,28477.0,3714
3716,9192.0,28309.0,3715
3717,9192.0,28461.0,3716
3718,9192.0,27412.0,3717
3719,9192.0,27098.0,3718
3720,9192.0,27132.0,3719
3721,9192.0,28444.0,3720
3722,9192.0,28607.0,3721
3723,9192.0,28299.0,3722
3724,9192.0,28467.0,3723
3725,9192.0,28467.0,3724
3726,9192.0,28529.0,3725
3727,9192.0,28559.0,3726
3728,9192.0,28637.0,3727
3729,9192.0,28436.0,3728
3730,9192.0,30283.0,3729
3731,9192.0,30115.0,3730
3732,9192.0,29409.0,3731
3733,9192.0,29922.0,3732
3734,9192.0,29516.0,3733
3735,9192.0,29556.0,3734
3736,9192.0,29628.0,3735
3737,9192.0,29273.0,3736
3738,9192.0,29237.0,3737
3739,9192.0,29159.0,3738
3740,9192.0,28471.0,3739
3741,9192.0,27324.0,3740
3742,9192.0,27240.0,3741
3743,9192.0,26781.0,3742
3744,9192.0,26701.0,3743
3745,9192.0,26625.0,3744
3746,9192.0,27301.0,3745
3747,9192.0,27271.0,3746
3748,9192.0,27752.0,3747
3749,9192.0,27433.0,3748
3750,9192.0,28078.0,3749
3751,9192.0,28661.0,3750
3752,9192.0,28661.0,3751
3753,9192.0,29231.0,3752
3754,9192.0,28796.0,3753
3755,9192.0,27969.0,3754
3756,9192.0,27992.0,3755
3757,9192.0,28733.0,3756
3758,9192.0,28006.0,3757
3759,9192.0,28186.0,3758
3760,9192.0,28186.0,3759
3761,9192.0,28192.0,3760
3762,9192.0,28189.0,3761
3763,9192.0,27586.0,3762
3764,9192.0,26800.0,3763
3765,9192.0,27638.0,3764
3766,9192.0,27528.0,3765
3767,9192.0,26521.0,3766
3768,9192.0,25109.0,3767
3769,9192.0,25034.0,3768
3770,9192.0,26156.0,3769
3771,9192.0,25993.0,3770
3772,9192.0,25713.0,3771
3773,9192.0,26128.0,3772
3774,9192.0,26062.0,3773
3775,9192.0,26062.0,3774
3776,9192.0,25771.0,3775
3777,9192.0,25754.0,3776
3778,9192.0,25707.0,3777
3779,9192.0,25166.0,3778
3780,9192.0,24644.0,3779
3781,9192.0,25673.0,3780
3782,9192.0,24868.0,3781
3783,9192.0,24933.0,3782
3784,9192.0,25111.0,3783
3785,9192.0,25114.0,3784
3786,9192.0,25187.0,3785
3787,9192.0,24825.0,3786
3788,9192.0,25258.0,3787
3789,9192.0,25378.0,3788
3790,9192.0,25378.0,3789
3791,9192.0,26088.0,3790
3792,9192.0,26379.0,3791
3793,9192.0,26464.0,3792
3794,9192.0,27192.0,3793
3795,9192.0,28068.0,3794
3796,9192.0,27829.0,3795
3797,9192.0,27727.0,3796
3798,9192.0,27695.0,3797
3799,9192.0,27688.0,3798
3800,9192.0,27688.0,3799
3801,9192.0,26810.0,3800
3802,9192.0,26991.0,3801
3803,9192.0,26148.0,3802
3804,9192.0,26498.0,3803
3805,9192.0,26559.0,3804
3806,9192.0,26330.0,3805
3807,9192.0,26327.0,3806
3808,9192.0,26591.0,3807
3809,9192.0,26573.0,3808
3810,9192.0,27393.0,3809
3811,9192.0,26984.0,3810
3812,9192.0,26257.0,3811
3813,9192.0,26107.0,3812
3814,9192.0,25919.0,3813
3815,9192.0,25668.0,3814
3816,9192.0,25603.0,3815
3817,9192.0,25781.0,3816
3818,9192.0,25539.0,3817
3819,9192.0,26189.0,3818
3820,9192.0,26041.0,3819
3821,9192.0,26004.0,3820
3822,9192.0,26493.0,3821
3823,9192.0,26546.0,3822
3824,9192.0,26715.0,3823
3825,9192.0,26739.0,3824
3826,9192.0,26313.0,3825
3827,9192.0,27030.0,3826
3828,9192.0,26967.0,3827
3829,9192.0,27437.0,3828
3830,9192.0,27648.0,3829
3831,9192.0,27651.0,3830
3832,9192.0,27362.0,3831
3833,9192.0,27086.0,3832
3834,9192.0,29091.0,3833
3835,9192.0,28748.0,3834
3836,9192.0,27949.0,3835
3837,9192.0,28366.0,3836
3838,9192.0,29253.0,3837
3839,9192.0,29425.0,3838
3840,9192.0,29399.0,3839
3841,9192.0,29785.0,3840
3842,9192.0,29652.0,3841
3843,9192.0,29842.0,3842
3844,9192.0,29963.0,3843
3845,9192.0,29685.0,3844
3846,9192.0,29904.0,3845
3847,9192.0,29914.0,3846
3848,9192.0,29901.0,3847
3849,9192.0,29932.0,3848
3850,9192.0,29253.0,3849
3851,9192.0,28780.0,3850
3852,9192.0,28743.0,3851
3853,9192.0,28472.0,3852
3854,9192.0,28487.0,3853
3855,9192.0,28724.0,3854
3856,9192.0,28904.0,3855
3857,9192.0,28756.0,3856
3858,9192.0,29579.0,3857
3859,9192.0,29074.0,3858
3860,9192.0,29332.0,3859
3861,9192.0,29823.0,3860
3862,9192.0,29998.0,3861
3863,9192.0,29915.0,3862
3864,9192.0,29545.0,3863
3865,9192.0,29966.0,3864
3866,9192.0,29995.0,3865
3867,9192.0,29538.0,3866
3868,9192.0,29582.0,3867
3869,9192.0,29674.0,3868
3870,9192.0,28128.0,3869
3871,9192.0,28503.0,3870
3872,9192.0,28325.0,3871
3873,9192.0,28325.0,3872
3874,9192.0,28014.0,3873
3875,9192.0,28009.0,3874
3876,9192.0,27972.0,3875
3877,9192.0,28025.0,3876
3878,9192.0,27993.0,3877
3879,9192.0,28275.0,3878
3880,9192.0,28372.0,3879
3881,9192.0,28344.0,3880
3882,9192.0,28382.0,3881
3883,9192.0,28733.0,3882
3884,9192.0,28478.0,3883
3885,9192.0,28319.0,3884
3886,9192.0,27914.0,3885
3887,9192.0,27961.0,3886
3888,9192.0,28192.0,3887
3889,9192.0,28156.0,3888
3890,9192.0,28375.0,3889
3891,9192.0,27932.0,3890
3892,9192.0,27930.0,3891
3893,9192.0,27567.0,3892
3894,9192.0,27641.0,3893
3895,9192.0,27217.0,3894
3896,9192.0,27058.0,3895
3897,9192.0,27398.0,3896
3898,9192.0,27195.0,3897
3899,9192.0,27134.0,3898
3900,9192.0,28038.0,3899
3901,9192.0,28237.0,3900
3902,9192.0,27998.0,3901
3903,9192.0,27783.0,3902
3904,9192.0,28143.0,3903
3905,9192.0,28104.0,3904
3906,9192.0,28764.0,3905
3907,9192.0,28880.0,3906
3908,9192.0,28816.0,3907
3909,9192.0,28800.0,3908
3910,9192.0,29001.0,3909
3911,9192.0,28646.0,3910
3912,9192.0,28864.0,3911
3913,9192.0,29027.0,3912
3914,9192.0,29008.0,3913
3915,9192.0,29009.0,3914
3916,9192.0,28636.0,3915
3917,9192.0,28118.0,3916
3918,9192.0,29045.0,3917
3919,9192.0,28092.0,3918
3920,9192.0,28038.0,3919
3921,9192.0,28038.0,3920
3922,9192.0,28148.0,3921
3923,9192.0,28151.0,3922
3924,9192.0,28028.0,3923
3925,9192.0,27534.0,3924
3926,9192.0,27442.0,3925
3927,9192.0,27551.0,3926
3928,9192.0,27646.0,3927
3929,9192.0,27654.0,3928
3930,9192.0,27106.0,3929
3931,9192.0,26897.0,3930
3932,9192.0,27486.0,3931
3933,9192.0,27449.0,3932
3934,9192.0,27483.0,3933
3935,9192.0,27429.0,3934
3936,9192.0,26843.0,3935
3937,9192.0,27270.0,3936
3938,9192.0,27261.0,3937
3939,9192.0,27237.0,3938
3940,9192.0,27248.0,3939
3941,9192.0,26701.0,3940
3942,9192.0,26428.0,3941
3943,9192.0,26231.0,3942
3944,9192.0,26378.0,3943
3945,9192.0,26318.0,3944
3946,9192.0,26318.0,3945
3947,9192.0,26197.0,3946
3948,9192.0,26197.0,3947
3949,9192.0,26197.0,3948
3950,9192.0,26197.0,3949
3951,9192.0,26474.0,3950
3952,9192.0,26188.0,3951
3953,9192.0,26224.0,3952
3954,9192.0,26813.0,3953
3955,9192.0,26753.0,3954
3956,9192.0,26950.0,3955
3957,9192.0,28281.0,3956
3958,9192.0,28329.0,3957
3959,9192.0,28319.0,3958
3960,9192.0,28343.0,3959
3961,9192.0,28669.0,3960
3962,9192.0,28793.0,3961
3963,9192.0,28398.0,3962
3964,9192.0,28894.0,3963
3965,9192.0,29951.0,3964
3966,9192.0,29963.0,3965
3967,9192.0,29291.0,3966
3968,9192.0,29957.0,3967
3969,9192.0,29983.0,3968
3970,9192.0,28259.0,3969
3971,9192.0,28321.0,3970
3972,9192.0,28201.0,3971
3973,9192.0,28972.0,3972
3974,9192.0,28975.0,3973
3975,9192.0,29942.0,3974
3976,9192.0,29944.0,3975
3977,9192.0,29875.0,3976
3978,9192.0,30089.0,3977
3979,9192.0,30084.0,3978
3980,9192.0,30105.0,3979
3981,9192.0,29894.0,3980
3982,9192.0,29892.0,3981
3983,9192.0,28229.0,3982
3984,9192.0,27953.0,3983
3985,9192.0,28426.0,3984
3986,9192.0,28797.0,3985
3987,9192.0,28790.0,3986
3988,9192.0,29052.0,3987
3989,9192.0,29052.0,3988
3990,9192.0,29195.0,3989
3991,9192.0,28915.0,3990
3992,9192.0,29420.0,3991
3993,9192.0,29577.0,3992
3994,9192.0,29454.0,3993
3995,9192.0,29499.0,3994
3996,9192.0,29277.0,3995
3997,9192.0,29347.0,3996
3998,9192.0,29693.0,3997
3999,9192.0,29855.0,3998
4000,9192.0,29832.0,3999
4001,9192.0,29980.0,4000
4002,9192.0,29466.0,4001
4003,9192.0,28631.0,4002
4004,9192.0,28771.0,4003
4005,9192.0,28579.0,4004
4006,9192.0,28498.0,4005
4007,9192.0,29203.0,4006
4008,9192.0,28726.0,4007
4009,9192.0,28791.0,4008
4010,9192.0,28791.0,4009
4011,9192.0,28893.0,4010
4012,9192.0,28589.0,4011
4013,9192.0,27855.0,4012
4014,9192.0,27521.0,4013
4015,9192.0,27736.0,4014
4016,9192.0,27925.0,4015
4017,9192.0,27704.0,4016
4018,9192.0,27591.0,4017
4019,9192.0,27229.0,4018
4020,9192.0,27017.0,4019
4021,9192.0,27146.0,4020
4022,9192.0,26620.0,4021
4023,9192.0,26471.0,4022
4024,9192.0,26679.0,4023
4025,9192.0,27012.0,4024
4026,9192.0,27012.0,4025
4027,9192.0,26984.0,4026
4028,9192.0,26215.0,4027
4029,9192.0,26738.0,4028
4030,9192.0,27295.0,4029
4031,9192.0,27047.0,4030
4032,9192.0,27128.0,4031
4033,9192.0,27571.0,4032
4034,9192.0,27475.0,4033
4035,9192.0,27443.0,4034
4036,9192.0,27540.0,4035
4037,9192.0,27540.0,4036
4038,9192.0,27411.0,4037
4039,9192.0,27725.0,4038
4040,9192.0,28875.0,4039
4041,9192.0,29112.0,4040
4042,9192.0,28779.0,4041
4043,9192.0,28929.0,4042
4044,9192.0,28880.0,4043
4045,9192.0,28007.0,4044
4046,9192.0,28007.0,4045
4047,9192.0,27933.0,4046
4048,9192.0,28071.0,4047
4049,9192.0,26886.0,4048
4050,9192.0,27046.0,4049
4051,9192.0,26826.0,4050
4052,9192.0,26874.0,4051
4053,9192.0,27316.0,4052
4054,9192.0,27356.0,4053
4055,9192.0,27420.0,4054
4056,9192.0,27459.0,4055
4057,9192.0,27734.0,4056
4058,9192.0,27734.0,4057
4059,9192.0,28233.0,4058
4060,9192.0,28099.0,4059
4061,9192.0,28108.0,4060
4062,9192.0,28736.0,4061
4063,9192.0,28736.0,4062
4064,9192.0,27493.0,4063
4065,9192.0,27881.0,4064
4066,9192.0,27881.0,4065
4067,9192.0,27924.0,4066
4068,9192.0,27985.0,4067
4069,9192.0,28215.0,4068
4070,9192.0,27144.0,4069
4071,9192.0,26946.0,4070
4072,9192.0,27336.0,4071
4073,9192.0,27382.0,4072
4074,9192.0,27445.0,4073
4075,9192.0,26706.0,4074
4076,9192.0,27356.0,4075
4077,9192.0,27319.0,4076
4078,9192.0,27972.0,4077
4079,9192.0,27979.0,4078
4080,9192.0,27998.0,4079
4081,9192.0,27772.0,4080
4082,9192.0,27527.0,4081
4083,9192.0,27456.0,4082
4084,9192.0,27357.0,4083
4085,9192.0,27419.0,4084
4086,9192.0,27171.0,4085
4087,9192.0,28408.0,4086
4088,9192.0,28044.0,4087
4089,9192.0,27850.0,4088
4090,9192.0,28102.0,4089
4091,9192.0,28102.0,4090
4092,9192.0,28253.0,4091
4093,9192.0,28309.0,4092
4094,9192.0,28110.0,4093
4095,9192.0,27992.0,4094
4096,9192.0,28204.0,4095
4097,9192.0,27769.0,4096
4098,9192.0,28273.0,4097
4099,9192.0,27942.0,4098
4100,9192.0,27958.0,4099
4101,9192.0,28709.0,4100
4102,9192.0,28709.0,4101
4103,9192.0,28859.0,4102
4104,9192.0,28517.0,4103
4105,9192.0,28811.0,4104
4106,9192.0,28945.0,4105
4107,9192.0,29107.0,4106
4108,9192.0,29634.0,4107
4109,9192.0,29750.0,4108
4110,9192.0,29785.0,4109
4111,9192.0,29616.0,4110
4112,9192.0,29503.0,4111
4113,9192.0,29362.0,4112
4114,9192.0,30142.0,4113
4115,9192.0,29945.0,4114
4116,9192.0,30720.0,4115
4117,9192.0,28527.0,4116
4118,9192.0,28492.0,4117
4119,9192.0,28479.0,4118
4120,9192.0,28354.0,4119
4121,9192.0,28354.0,4120
4122,9192.0,28351.0,4121
4123,9192.0,28053.0,4122
4124,9192.0,28133.0,4123
4125,9192.0,28133.0,4124
4126,9192.0,28342.0,4125
4127,9192.0,28160.0,4126
4128,9192.0,28423.0,4127
4129,9192.0,28417.0,4128
4130,9192.0,28000.0,4129
4131,9192.0,28000.0,4130
4132,9192.0,27414.0,4131
4133,9192.0,27556.0,4132
4134,9192.0,27036.0,4133
4135,9192.0,28149.0,4134
4136,9192.0,27769.0,4135
4137,9192.0,27908.0,4136
4138,9192.0,27844.0,4137
4139,9192.0,27941.0,4138
4140,9192.0,28274.0,4139
4141,9192.0,28730.0,4140
4142,9192.0,28687.0,4141
4143,9192.0,28592.0,4142
4144,9192.0,28602.0,4143
4145,9192.0,28580.0,4144
4146,9192.0,28580.0,4145
4147,9192.0,28830.0,4146
4148,9192.0,28495.0,4147
4149,9192.0,28353.0,4148
4150,9192.0,28350.0,4149
4151,9192.0,28390.0,4150
4152,9192.0,27566.0,4151
4153,9192.0,27562.0,4152
4154,9192.0,27617.0,4153
4155,9192.0,27191.0,4154
4156,9192.0,27765.0,4155
4157,9192.0,28541.0,4156
4158,9192.0,29958.0,4157
4159,9192.0,30544.0,4158
4160,9192.0,30544.0,4159
4161,9192.0,29400.0,4160
4162,9192.0,28161.0,4161
4163,9192.0,28071.0,4162
4164,9192.0,28256.0,4163
4165,9192.0,28189.0,4164
4166,9192.0,28199.0,4165
4167,9192.0,28199.0,4166
4168,9192.0,27817.0,4167
4169,9192.0,27255.0,4168
4170,9192.0,26916.0,4169
4171,9192.0,25737.0,4170
4172,9192.0,25573.0,4171
4173,9192.0,24826.0,4172
4174,9192.0,23328.0,4173
4175,9192.0,23301.0,4174
4176,9192.0,24399.0,4175
4177,9192.0,24623.0,4176
4178,9192.0,24399.0,4177
4179,9192.0,24141.0,4178
4180,9192.0,24141.0,4179
4181,9192.0,24379.0,4180
4182,9192.0,27524.0,4181
4183,9192.0,27588.0,4182
4184,9192.0,26569.0,4183
4185,9192.0,26742.0,4184
4186,9192.0,26501.0,4185
4187,9192.0,26501.0,4186
4188,9192.0,26745.0,4187
4189,9192.0,26425.0,4188
4190,9192.0,26369.0,4189
4191,9192.0,26764.0,4190
4192,9192.0,26302.0,4191
4193,9192.0,26066.0,4192
4194,9192.0,26066.0,4193
4195,9192.0,25765.0,4194
4196,9192.0,28081.0,4195
4197,9192.0,26972.0,4196
4198,9192.0,26972.0,4197
4199,9192.0,27071.0,4198
4200,9192.0,27118.0,4199
4201,9192.0,27631.0,4200
4202,9192.0,27759.0,4201
4203,9192.0,27559.0,4202
4204,9192.0,27118.0,4203
4205,9192.0,26583.0,4204
4206,9192.0,27106.0,4205
4207,9192.0,27468.0,4206
4208,9192.0,27428.0,4207
4209,9192.0,27563.0,4208
4210,9192.0,26940.0,4209
4211,9192.0,26557.0,4210
4212,9192.0,27318.0,4211
4213,9192.0,27309.0,4212
4214,9192.0,27689.0,4213
4215,9192.0,27506.0,4214
4216,9192.0,27918.0,4215
4217,9192.0,27703.0,4216
4218,9192.0,26865.0,4217
4219,9192.0,26460.0,4218
4220,9192.0,26460.0,4219
4221,9192.0,26963.0,4220
4222,9192.0,28471.0,4221
4223,9192.0,28447.0,4222
4224,9192.0,28322.0,4223
4225,9192.0,28337.0,4224
4226,9192.0,28050.0,4225
4227,9192.0,27260.0,4226
4228,9192.0,27320.0,4227
4229,9192.0,27267.0,4228
4230,9192.0,27761.0,4229
4231,9192.0,27841.0,4230
4232,9192.0,27837.0,4231
4233,9192.0,28015.0,4232
4234,9192.0,29016.0,4233
4235,9192.0,28916.0,4234
4236,9192.0,28916.0,4235
4237,9192.0,29411.0,4236
4238,9192.0,29492.0,4237
4239,9192.0,30018.0,4238
4240,9192.0,29949.0,4239
4241,9192.0,29447.0,4240
4242,9192.0,29208.0,4241
4243,9192.0,29208.0,4242
4244,9192.0,29207.0,4243
4245,9192.0,29204.0,4244
4246,9192.0,28966.0,4245
4247,9192.0,29060.0,4246
4248,9192.0,29455.0,4247
4249,9192.0,28299.0,4248
4250,9192.0,27394.0,4249
4251,9192.0,27711.0,4250
4252,9192.0,27784.0,4251
4253,9192.0,27671.0,4252
4254,9192.0,27801.0,4253
4255,9192.0,27688.0,4254
4256,9192.0,27635.0,4255
4257,9192.0,27635.0,4256
4258,9192.0,28108.0,4257
4259,9192.0,29432.0,4258
4260,9192.0,29681.0,4259
4261,9192.0,29037.0,4260
4262,9192.0,28979.0,4261
4263,9192.0,29446.0,4262
4264,9192.0,29392.0,4263
4265,9192.0,29355.0,4264
4266,9192.0,28723.0,4265
4267,9192.0,29052.0,4266
4268,9192.0,29004.0,4267
4269,9192.0,29622.0,4268
4270,9192.0,29585.0,4269
4271,9192.0,29712.0,4270
4272,9192.0,29604.0,4271
4273,9192.0,30152.0,4272
4274,9192.0,30088.0,4273
4275,9192.0,30000.0,4274
4276,9192.0,28469.0,4275
4277,9192.0,28460.0,4276
4278,9192.0,28686.0,4277
4279,9192.0,28307.0,4278
4280,9192.0,28573.0,4279
4281,9192.0,28754.0,4280
4282,9192.0,27869.0,4281
4283,9192.0,27661.0,4282
4284,9192.0,27334.0,4283
4285,9192.0,27535.0,4284
4286,9192.0,27507.0,4285
4287,9192.0,27150.0,4286
4288,9192.0,27150.0,4287
4289,9192.0,27405.0,4288
4290,9192.0,26879.0,4289
4291,9192.0,27154.0,4290
4292,9192.0,26959.0,4291
4293,9192.0,26965.0,4292
4294,9192.0,25915.0,4293
4295,9192.0,25952.0,4294
4296,9192.0,27223.0,4295
4297,9192.0,27567.0,4296
4298,9192.0,27549.0,4297
4299,9192.0,27558.0,4298
4300,9192.0,27545.0,4299
4301,9192.0,27869.0,4300
4302,9192.0,27869.0,4301
4303,9192.0,27882.0,4302
4304,9192.0,27807.0,4303
4305,9192.0,27906.0,4304
4306,9192.0,27829.0,4305
4307,9192.0,27856.0,4306
4308,9192.0,27451.0,4307
4309,9192.0,27451.0,4308
4310,9192.0,27451.0,4309
4311,9192.0,27280.0,4310
4312,9192.0,27308.0,4311
4313,9192.0,27552.0,4312
4314,9192.0,27697.0,4313
4315,9192.0,27697.0,4314
4316,9192.0,27697.0,4315
4317,9192.0,28286.0,4316
4318,9192.0,28462.0,4317
4319,9192.0,28520.0,4318
4320,9192.0,28308.0,4319
4321,9192.0,27797.0,4320
4322,9192.0,27844.0,4321
4323,9192.0,28023.0,4322
4324,9192.0,27930.0,4323
4325,9192.0,28624.0,4324
4326,9192.0,28666.0,4325
4327,9192.0,28655.0,4326
4328,9192.0,28655.0,4327
4329,9192.0,28099.0,4328
4330,9192.0,28383.0,4329
4331,9192.0,28958.0,4330
4332,9192.0,28758.0,4331
4333,9192.0,28758.0,4332
4334,9192.0,28758.0,4333
4335,9192.0,28761.0,4334
4336,9192.0,28734.0,4335
4337,9192.0,29394.0,4336
4338,9192.0,27863.0,4337
4339,9192.0,27881.0,4338
4340,9192.0,27661.0,4339
4341,9192.0,27700.0,4340
4342,9192.0,27725.0,4341
4343,9192.0,27921.0,4342
4344,9192.0,27338.0,4343
4345,9192.0,27331.0,4344
4346,9192.0,26691.0,4345
4347,9192.0,26691.0,4346
4348,9192.0,26460.0,4347
4349,9192.0,27164.0,4348
4350,9192.0,27115.0,4349
4351,9192.0,27240.0,4350
4352,9192.0,27343.0,4351
4353,9192.0,27289.0,4352
4354,9192.0,27505.0,4353
4355,9192.0,27688.0,4354
4356,9192.0,28103.0,4355
4357,9192.0,27859.0,4356
4358,9192.0,27963.0,4357
4359,9192.0,28002.0,4358
4360,9192.0,28166.0,4359
4361,9192.0,28166.0,4360
4362,9192.0,28283.0,4361
4363,9192.0,28324.0,4362
4364,9192.0,28356.0,4363
4365,9192.0,28947.0,4364
4366,9192.0,29081.0,4365
4367,9192.0,30442.0,4366
4368,9192.0,30613.0,4367
4369,9192.0,30453.0,4368
4370,9192.0,30950.0,4369
4371,9192.0,30950.0,4370
4372,9192.0,30704.0,4371
4373,9192.0,30521.0,4372
4374,9192.0,30785.0,4373
4375,9192.0,31294.0,4374
4376,9192.0,31019.0,4375
4377,9192.0,31067.0,4376
4378,9192.0,30861.0,4377
4379,9192.0,31069.0,4378
4380,9192.0,31013.0,4379
4381,9192.0,29396.0,4380
4382,9192.0,29568.0,4381
4383,9192.0,30323.0,4382
4384,9192.0,30329.0,4383
4385,9192.0,30240.0,4384
4386,9192.0,29229.0,4385
4387,9192.0,29435.0,4386
4388,9192.0,29064.0,4387
4389,9192.0,29092.0,4388
4390,9192.0,29311.0,4389
4391,9192.0,29143.0,4390
4392,9192.0,28963.0,4391
4393,9192.0,28986.0,4392
4394,9192.0,28486.0,4393
4395,9192.0,28435.0,4394
4396,9192.0,27895.0,4395
4397,9192.0,27895.0,4396
4398,9192.0,27883.0,4397
4399,9192.0,27883.0,4398
4400,9192.0,27755.0,4399
4401,9192.0,27810.0,4400
4402,9192.0,28027.0,4401
4403,9192.0,28166.0,4402
4404,9192.0,27852.0,4403
4405,9192.0,26964.0,4404
4406,9192.0,27254.0,4405
4407,9192.0,28028.0,4406
4408,9192.0,28157.0,4407
4409,9192.0,28288.0,4408
4410,9192.0,28295.0,4409
4411,9192.0,28295.0,4410
4412,9192.0,28404.0,4411
4413,9192.0,29736.0,4412
4414,9192.0,29736.0,4413
4415,9192.0,29609.0,4414
4416,9192.0,29423.0,4415
4417,9192.0,29414.0,4416
4418,9192.0,29405.0,4417
4419,9192.0,29500.0,4418
4420,9192.0,29405.0,4419
4421,9192.0,28981.0,4420
4422,9192.0,28473.0,4421
4423,9192.0,28474.0,4422
4424,9192.0,28368.0,4423
4425,9192.0,28649.0,4424
4426,9192.0,28270.0,4425
4427,9192.0,28270.0,4426
4428,9192.0,28175.0,4427
4429,9192.0,28188.0,4428
4430,9192.0,28311.0,4429
4431,9192.0,27327.0,4430
4432,9192.0,27813.0,4431
4433,9192.0,27760.0,4432
4434,9192.0,27402.0,4433
4435,9192.0,27190.0,4434
4436,9192.0,27219.0,4435
4437,9192.0,27657.0,4436
4438,9192.0,27167.0,4437
4439,9192.0,27428.0,4438
4440,9192.0,27503.0,4439
4441,9192.0,27437.0,4440
4442,9192.0,27496.0,4441
4443,9192.0,27417.0,4442
4444,9192.0,26407.0,4443
4445,9192.0,26577.0,4444
4446,9192.0,26373.0,4445
4447,9192.0,26926.0,4446
4448,9192.0,26404.0,4447
4449,9192.0,26404.0,4448
4450,9192.0,26105.0,4449
4451,9192.0,26040.0,4450
4452,9192.0,26158.0,4451
4453,9192.0,24940.0,4452
4454,9192.0,25136.0,4453
4455,9192.0,25718.0,4454
4456,9192.0,25727.0,4455
4457,9192.0,25729.0,4456
4458,9192.0,25300.0,4457
4459,9192.0,26357.0,4458
4460,9192.0,25452.0,4459
4461,9192.0,25759.0,4460
4462,9192.0,25970.0,4461
4463,9192.0,25642.0,4462
4464,9192.0,26618.0,4463
4465,9192.0,26721.0,4464
4466,9192.0,26750.0,4465
4467,9192.0,26559.0,4466
4468,9192.0,26506.0,4467
4469,9192.0,26506.0,4468
4470,9192.0,26645.0,4469
4471,9192.0,26752.0,4470
4472,9192.0,26719.0,4471
4473,9192.0,28219.0,4472
4474,9192.0,28229.0,4473
4475,9192.0,28406.0,4474
4476,9192.0,28577.0,4475
4477,9192.0,28701.0,4476
4478,9192.0,28731.0,4477
4479,9192.0,28451.0,4478
4480,9192.0,28446.0,4479
4481,9192.0,28595.0,4480
4482,9192.0,28603.0,4481
4483,9192.0,28587.0,4482
4484,9192.0,28408.0,4483
4485,9192.0,28408.0,4484
4486,9192.0,28477.0,4485
4487,9192.0,28285.0,4486
4488,9192.0,28056.0,4487
4489,9192.0,27824.0,4488
4490,9192.0,27864.0,4489
4491,9192.0,27131.0,4490
4492,9192.0,27249.0,4491
4493,9192.0,27263.0,4492
4494,9192.0,26803.0,4493
4495,9192.0,27479.0,4494
4496,9192.0,27492.0,4495
4497,9192.0,27978.0,4496
4498,9192.0,27077.0,4497
4499,9192.0,27347.0,4498
4500,9192.0,27430.0,4499
4501,9192.0,27443.0,4500
4502,9192.0,27721.0,4501
4503,9192.0,27728.0,4502
4504,9192.0,28394.0,4503
4505,9192.0,28596.0,4504
4506,9192.0,28729.0,4505
4507,9192.0,29199.0,4506
4508,9192.0,29197.0,4507
4509,9192.0,29088.0,4508
4510,9192.0,29088.0,4509
4511,9192.0,27819.0,4510
4512,9192.0,28120.0,4511
4513,9192.0,27303.0,4512
4514,9192.0,28621.0,4513
4515,9192.0,27705.0,4514
4516,9192.0,27586.0,4515
4517,9192.0,27762.0,4516
4518,9192.0,27971.0,4517
4519,9192.0,27429.0,4518
4520,9192.0,27427.0,4519
4521,9192.0,27603.0,4520
4522,9192.0,27709.0,4521
4523,9192.0,27504.0,4522
4524,9192.0,27298.0,4523
4525,9192.0,26699.0,4524
4526,9192.0,26901.0,4525
4527,9192.0,24282.0,4526
4528,9192.0,23253.0,4527
4529,9192.0,24013.0,4528
4530,9192.0,24044.0,4529
4531,9192.0,23994.0,4530
4532,9192.0,23708.0,4531
4533,9192.0,22765.0,4532
4534,9192.0,22317.0,4533
4535,9192.0,22633.0,4534
4536,9192.0,22282.0,4535
4537,9192.0,22937.0,4536
4538,9192.0,24217.0,4537
4539,9192.0,24155.0,4538
4540,9192.0,24834.0,4539
4541,9192.0,26119.0,4540
4542,9192.0,26119.0,4541
4543,9192.0,26327.0,4542
4544,9192.0,26345.0,4543
4545,9192.0,26578.0,4544
4546,9192.0,27513.0,4545
4547,9192.0,26318.0,4546
4548,9192.0,26386.0,4547
4549,9192.0,27228.0,4548
4550,9192.0,28178.0,4549
4551,9192.0,28815.0,4550
4552,9192.0,29309.0,4551
4553,9192.0,29407.0,4552
4554,9192.0,29479.0,4553
4555,9192.0,29254.0,4554
4556,9192.0,29563.0,4555
4557,9192.0,29368.0,4556
4558,9192.0,29151.0,4557
4559,9192.0,29105.0,4558
4560,9192.0,29318.0,4559
4561,9192.0,28699.0,4560
4562,9192.0,28919.0,4561
4563,9192.0,29802.0,4562
4564,9192.0,29922.0,4563
4565,9192.0,29942.0,4564
4566,9192.0,29942.0,4565
4567,9192.0,30446.0,4566
4568,9192.0,30113.0,4567
4569,9192.0,30118.0,4568
4570,9192.0,30370.0,4569
4571,9192.0,30397.0,4570
4572,9192.0,30731.0,4571
4573,9192.0,30752.0,4572
4574,9192.0,30866.0,4573
4575,9192.0,30866.0,4574
4576,9192.0,31103.0,4575
4577,9192.0,30859.0,4576
4578,9192.0,30803.0,4577
4579,9192.0,30799.0,4578
4580,9192.0,30927.0,4579
4581,9192.0,31079.0,4580
4582,9192.0,31033.0,4581
4583,9192.0,30523.0,4582
4584,9192.0,30266.0,4583
4585,9192.0,30103.0,4584
4586,9192.0,30124.0,4585
4587,9192.0,30237.0,4586
4588,9192.0,30237.0,4587
4589,9192.0,30237.0,4588
4590,9192.0,30028.0,4589
4591,9192.0,30042.0,4590
4592,9192.0,29897.0,4591
4593,9192.0,29757.0,4592
4594,9192.0,29470.0,4593
4595,9192.0,29476.0,4594
4596,9192.0,29818.0,4595
4597,9192.0,29957.0,4596
4598,9192.0,30158.0,4597
4599,9192.0,30299.0,4598
4600,9192.0,29651.0,4599
4601,9192.0,29109.0,4600
4602,9192.0,29400.0,4601
4603,9192.0,29403.0,4602
4604,9192.0,30060.0,4603
4605,9192.0,30097.0,4604
4606,9192.0,30108.0,4605
4607,9192.0,29461.0,4606
4608,9192.0,29955.0,4607
4609,9192.0,30204.0,4608
4610,9192.0,30206.0,4609
4611,9192.0,30032.0,4610
4612,9192.0,29947.0,4611
4613,9192.0,28746.0,4612
4614,9192.0,28815.0,4613
4615,9192.0,28815.0,4614
4616,9192.0,28675.0,4615
4617,9192.0,28541.0,4616
4618,9192.0,28562.0,4617
4619,9192.0,28848.0,4618
4620,9192.0,28583.0,4619
4621,9192.0,28940.0,4620
4622,9192.0,28540.0,4621
4623,9192.0,28017.0,4622
4624,9192.0,28209.0,4623
4625,9192.0,28158.0,4624
4626,9192.0,28127.0,4625
4627,9192.0,27945.0,4626
4628,9192.0,27978.0,4627
4629,9192.0,27932.0,4628
4630,9192.0,27537.0,4629
4631,9192.0,27877.0,4630
4632,9192.0,28100.0,4631
4633,9192.0,27388.0,4632
4634,9192.0,27074.0,4633
4635,9192.0,27612.0,4634
4636,9192.0,27701.0,4635
4637,9192.0,28376.0,4636
4638,9192.0,28197.0,4637
4639,9192.0,28197.0,4638
4640,9192.0,27810.0,4639
4641,9192.0,28244.0,4640
4642,9192.0,27185.0,4641
4643,9192.0,27185.0,4642
4644,9192.0,27399.0,4643
4645,9192.0,27351.0,4644
4646,9192.0,26089.0,4645
4647,9192.0,26089.0,4646
4648,9192.0,25776.0,4647
4649,9192.0,25484.0,4648
4650,9192.0,25438.0,4649
4651,9192.0,25435.0,4650
4652,9192.0,25592.0,4651
4653,9192.0,25848.0,4652
4654,9192.0,26384.0,4653
4655,9192.0,26439.0,4654
4656,9192.0,26400.0,4655
4657,9192.0,26570.0,4656
4658,9192.0,26637.0,4657
4659,9192.0,26637.0,4658
4660,9192.0,26541.0,4659
4661,9192.0,26124.0,4660
4662,9192.0,26073.0,4661
4663,9192.0,26075.0,4662
4664,9192.0,25330.0,4663
4665,9192.0,25036.0,4664
4666,9192.0,25068.0,4665
4667,9192.0,25623.0,4666
4668,9192.0,25226.0,4667
4669,9192.0,25703.0,4668
4670,9192.0,26285.0,4669
4671,9192.0,26304.0,4670
4672,9192.0,26054.0,4671
4673,9192.0,25957.0,4672
4674,9192.0,25638.0,4673
4675,9192.0,26442.0,4674
4676,9192.0,25864.0,4675
4677,9192.0,26387.0,4676
4678,9192.0,26836.0,4677
4679,9192.0,26748.0,4678
4680,9192.0,26357.0,4679
4681,9192.0,26843.0,4680
4682,9192.0,27137.0,4681
4683,9192.0,27882.0,4682
4684,9192.0,26797.0,4683
4685,9192.0,26539.0,4684
4686,9192.0,25601.0,4685
4687,9192.0,25607.0,4686
4688,9192.0,24509.0,4687
4689,9192.0,24501.0,4688
4690,9192.0,24946.0,4689
4691,9192.0,24571.0,4690
4692,9192.0,25373.0,4691
4693,9192.0,25199.0,4692
4694,9192.0,26194.0,4693
4695,9192.0,26776.0,4694
4696,9192.0,26942.0,4695
4697,9192.0,26965.0,4696
4698,9192.0,26720.0,4697
4699,9192.0,27276.0,4698
4700,9192.0,28038.0,4699
4701,9192.0,28270.0,4700
4702,9192.0,28333.0,4701
4703,9192.0,28568.0,4702
4704,9192.0,29418.0,4703
4705,9192.0,29724.0,4704
4706,9192.0,29632.0,4705
4707,9192.0,29893.0,4706
4708,9192.0,29731.0,4707
4709,9192.0,29725.0,4708
4710,9192.0,29833.0,4709
4711,9192.0,29886.0,4710
4712,9192.0,30847.0,4711
4713,9192.0,31185.0,4712
4714,9192.0,30961.0,4713
4715,9192.0,31010.0,4714
4716,9192.0,31010.0,4715
4717,9192.0,31652.0,4716
4718,9192.0,31646.0,4717
4719,9192.0,31192.0,4718
4720,9192.0,31192.0,4719
4721,9192.0,30909.0,4720
4722,9192.0,30549.0,4721
4723,9192.0,30331.0,4722
4724,9192.0,30331.0,4723
4725,9192.0,30188.0,4724
4726,9192.0,30381.0,4725
4727,9192.0,28958.0,4726
4728,9192.0,28914.0,4727
4729,9192.0,30418.0,4728
4730,9192.0,30224.0,4729
4731,9192.0,30108.0,4730
4732,9192.0,29994.0,4731
4733,9192.0,29926.0,4732
4734,9192.0,29192.0,4733
4735,9192.0,30045.0,4734
4736,9192.0,29394.0,4735
4737,9192.0,29460.0,4736
4738,9192.0,29355.0,4737
4739,9192.0,29040.0,4738
4740,9192.0,29087.0,4739
4741,9192.0,29146.0,4740
4742,9192.0,29122.0,4741
4743,9192.0,29537.0,4742
4744,9192.0,29365.0,4743
4745,9192.0,29283.0,4744
4746,9192.0,29168.0,4745
4747,9192.0,28832.0,4746
4748,9192.0,28986.0,4747
4749,9192.0,28999.0,4748
4750,9192.0,29019.0,4749
4751,9192.0,29037.0,4750
4752,9192.0,29046.0,4751
4753,9192.0,28545.0,4752
4754,9192.0,27373.0,4753
4755,9192.0,27768.0,4754
4756,9192.0,27972.0,4755
4757,9192.0,27897.0,4756
4758,9192.0,27878.0,4757
4759,9192.0,28937.0,4758
4760,9192.0,29225.0,4759
4761,9192.0,29149.0,4760
4762,9192.0,29083.0,4761
4763,9192.0,29294.0,4762
4764,9192.0,28835.0,4763
4765,9192.0,29500.0,4764
4766,9192.0,29585.0,4765
4767,9192.0,29585.0,4766
4768,9192.0,29985.0,4767
4769,9192.0,30326.0,4768
4770,9192.0,30450.0,4769
4771,9192.0,30981.0,4770
4772,9192.0,30947.0,4771
4773,9192.0,30947.0,4772
4774,9192.0,30747.0,4773
4775,9192.0,30544.0,4774
4776,9192.0,30578.0,4775
4777,9192.0,30844.0,4776
4778,9192.0,31071.0,4777
4779,9192.0,31101.0,4778
4780,9192.0,30367.0,4779
4781,9192.0,30307.0,4780
4782,9192.0,30333.0,4781
4783,9192.0,30304.0,4782
4784,9192.0,29901.0,4783
4785,9192.0,29817.0,4784
4786,9192.0,29555.0,4785
4787,9192.0,29019.0,4786
4788,9192.0,28504.0,4787
4789,9192.0,29183.0,4788
4790,9192.0,29183.0,4789
4791,9192.0,29204.0,4790
4792,9192.0,28907.0,4791
4793,9192.0,28820.0,4792
4794,9192.0,28912.0,4793
4795,9192.0,29885.0,4794
4796,9192.0,30073.0,4795
4797,9192.0,30130.0,4796
4798,9192.0,30130.0,4797
4799,9192.0,31556.0,4798
4800,9192.0,30153.0,4799
4801,9192.0,30257.0,4800
4802,9192.0,30380.0,4801
4803,9192.0,30701.0,4802
4804,9192.0,29902.0,4803
4805,9192.0,30017.0,4804
4806,9192.0,30856.0,4805
4807,9192.0,31208.0,4806
4808,9192.0,31210.0,4807
4809,9192.0,31483.0,4808
4810,9192.0,30777.0,4809
4811,9192.0,30498.0,4810
4812,9192.0,30445.0,4811
4813,9192.0,29556.0,4812
4814,9192.0,30214.0,4813
4815,9192.0,30270.0,4814
4816,9192.0,29334.0,4815
4817,9192.0,29555.0,4816
4818,9192.0,29602.0,4817
4819,9192.0,29945.0,4818
4820,9192.0,29979.0,4819
4821,9192.0,29826.0,4820
4822,9192.0,30022.0,4821
4823,9192.0,30083.0,4822
4824,9192.0,29856.0,4823
4825,9192.0,29607.0,4824
4826,9192.0,29374.0,4825
4827,9192.0,28969.0,4826
4828,9192.0,28887.0,4827
4829,9192.0,29029.0,4828
4830,9192.0,28697.0,4829
4831,9192.0,28058.0,4830
4832,9192.0,28236.0,4831
4833,9192.0,28236.0,4832
4834,9192.0,27426.0,4833
4835,9192.0,28537.0,4834
4836,9192.0,28537.0,4835
4837,9192.0,28537.0,4836
4838,9192.0,28393.0,4837
4839,9192.0,28636.0,4838
4840,9192.0,29105.0,4839
4841,9192.0,29105.0,4840
4842,9192.0,29532.0,4841
4843,9192.0,29448.0,4842
4844,9192.0,29103.0,4843
4845,9192.0,29103.0,4844
4846,9192.0,30055.0,4845
4847,9192.0,30584.0,4846
4848,9192.0,30601.0,4847
4849,9192.0,30528.0,4848
4850,9192.0,30144.0,4849
4851,9192.0,30267.0,4850
4852,9192.0,30261.0,4851
4853,9192.0,29590.0,4852
4854,9192.0,28328.0,4853
4855,9192.0,28294.0,4854
4856,9192.0,28772.0,4855
4857,9192.0,28953.0,4856
4858,9192.0,28644.0,4857
4859,9192.0,28619.0,4858
4860,9192.0,27970.0,4859
4861,9192.0,27729.0,4860
4862,9192.0,27716.0,4861
4863,9192.0,27716.0,4862
4864,9192.0,28031.0,4863
4865,9192.0,28541.0,4864
4866,9192.0,29353.0,4865
4867,9192.0,29244.0,4866
4868,9192.0,29167.0,4867
4869,9192.0,30589.0,4868
4870,9192.0,30341.0,4869
4871,9192.0,30434.0,4870
4872,9192.0,30457.0,4871
4873,9192.0,29993.0,4872
4874,9192.0,28944.0,4873
4875,9192.0,30207.0,4874
4876,9192.0,29729.0,4875
4877,9192.0,29590.0,4876
4878,9192.0,29668.0,4877
4879,9192.0,29929.0,4878
4880,9192.0,30275.0,4879
4881,9192.0,30242.0,4880
4882,9192.0,30138.0,4881
4883,9192.0,30318.0,4882
4884,9192.0,29918.0,4883
4885,9192.0,29657.0,4884
4886,9192.0,29548.0,4885
4887,9192.0,29751.0,4886
4888,9192.0,29734.0,4887
4889,9192.0,29776.0,4888
4890,9192.0,30067.0,4889
4891,9192.0,28722.0,4890
4892,9192.0,28204.0,4891
4893,9192.0,28282.0,4892
4894,9192.0,28787.0,4893
4895,9192.0,29407.0,4894
4896,9192.0,29437.0,4895
4897,9192.0,29470.0,4896
4898,9192.0,29075.0,4897
4899,9192.0,29614.0,4898
4900,9192.0,29527.0,4899
4901,9192.0,29485.0,4900
4902,9192.0,29604.0,4901
4903,9192.0,29264.0,4902
4904,9192.0,29444.0,4903
4905,9192.0,29444.0,4904
4906,9192.0,29301.0,4905
4907,9192.0,29297.0,4906
4908,9192.0,29333.0,4907
4909,9192.0,29009.0,4908
4910,9192.0,29121.0,4909
4911,9192.0,28994.0,4910
4912,9192.0,28918.0,4911
4913,9192.0,28809.0,4912
4914,9192.0,28989.0,4913
4915,9192.0,27300.0,4914
4916,9192.0,26376.0,4915
4917,9192.0,26240.0,4916
4918,9192.0,26240.0,4917
4919,9192.0,26171.0,4918
4920,9192.0,25479.0,4919
4921,9192.0,25078.0,4920
4922,9192.0,24668.0,4921
4923,9192.0,24664.0,4922
4924,9192.0,23369.0,4923
4925,9192.0,25743.0,4924
4926,9192.0,26200.0,4925
4927,9192.0,26151.0,4926
4928,9192.0,26167.0,4927
4929,9192.0,26199.0,4928
4930,9192.0,26084.0,4929
4931,9192.0,26061.0,4930
4932,9192.0,25818.0,4931
4933,9192.0,26045.0,4932
4934,9192.0,26507.0,4933
4935,9192.0,26632.0,4934
4936,9192.0,27113.0,4935
4937,9192.0,27256.0,4936
4938,9192.0,27256.0,4937
4939,9192.0,27278.0,4938
4940,9192.0,27071.0,4939
4941,9192.0,26881.0,4940
4942,9192.0,26945.0,4941
4943,9192.0,26624.0,4942
4944,9192.0,26648.0,4943
4945,9192.0,26648.0,4944
4946,9192.0,27305.0,4945
4947,9192.0,28749.0,4946
4948,9192.0,28249.0,4947
4949,9192.0,29338.0,4948
4950,9192.0,29316.0,4949
4951,9192.0,29316.0,4950
4952,9192.0,29354.0,4951
4953,9192.0,29437.0,4952
4954,9192.0,28815.0,4953
4955,9192.0,28671.0,4954
4956,9192.0,28786.0,4955
4957,9192.0,29005.0,4956
4958,9192.0,28749.0,4957
4959,9192.0,29295.0,4958
4960,9192.0,28588.0,4959
4961,9192.0,28668.0,4960
4962,9192.0,28073.0,4961
4963,9192.0,28209.0,4962
4964,9192.0,27968.0,4963
4965,9192.0,27203.0,4964
4966,9192.0,27259.0,4965
4967,9192.0,27650.0,4966
4968,9192.0,28125.0,4967
4969,9192.0,28061.0,4968
4970,9192.0,28571.0,4969
4971,9192.0,28566.0,4970
4972,9192.0,28542.0,4971
4973,9192.0,28321.0,4972
4974,9192.0,27998.0,4973
4975,9192.0,27851.0,4974
4976,9192.0,25995.0,4975
4977,9192.0,26198.0,4976
4978,9192.0,25955.0,4977
4979,9192.0,27697.0,4978
4980,9192.0,27697.0,4979
4981,9192.0,28067.0,4980
4982,9192.0,27366.0,4981
4983,9192.0,27374.0,4982
4984,9192.0,27014.0,4983
4985,9192.0,26885.0,4984
4986,9192.0,27397.0,4985
4987,9192.0,27469.0,4986
4988,9192.0,26972.0,4987
4989,9192.0,27038.0,4988
4990,9192.0,26941.0,4989
4991,9192.0,26941.0,4990
4992,9192.0,27530.0,4991
4993,9192.0,28850.0,4992
4994,9192.0,29119.0,4993
4995,9192.0,28999.0,4994
4996,9192.0,29389.0,4995
4997,9192.0,29192.0,4996
4998,9192.0,29167.0,4997
4999,9192.0,28934.0,4998
5000,9192.0,27548.0,4999
5001,9192.0,27222.0,5000
5002,9192.0,27722.0,5001
5003,9192.0,27649.0,5002
5004,9192.0,29439.0,5003
5005,9192.0,29206.0,5004
5006,9192.0,29113.0,5005
5007,9192.0,28561.0,5006
5008,9192.0,28348.0,5007
5009,9192.0,28692.0,5008
5010,9192.0,28055.0,5009
5011,9192.0,28055.0,5010
5012,9192.0,28055.0,5011
5013,9192.0,28055.0,5012
5014,9192.0,28357.0,5013
5015,9192.0,28450.0,5014
5016,9192.0,29920.0,5015
5017,9192.0,29861.0,5016
5018,9192.0,29861.0,5017
5019,9192.0,30081.0,5018
5020,9192.0,30092.0,5019
5021,9192.0,30520.0,5020
5022,9192.0,30566.0,5021
5023,9192.0,31086.0,5022
5024,9192.0,30784.0,5023
5025,9192.0,30860.0,5024
5026,9192.0,30946.0,5025
5027,9192.0,30652.0,5026
5028,9192.0,30752.0,5027
5029,9192.0,30752.0,5028
5030,9192.0,30695.0,5029
5031,9192.0,30657.0,5030
5032,9192.0,30317.0,5031
5033,9192.0,30551.0,5032
5034,9192.0,29869.0,5033
5035,9192.0,29821.0,5034
5036,9192.0,29533.0,5035
5037,9192.0,29790.0,5036
5038,9192.0,29827.0,5037
5039,9192.0,29815.0,5038
5040,9192.0,29446.0,5039
5041,9192.0,30686.0,5040
5042,9192.0,30714.0,5041
5043,9192.0,30912.0,5042
5044,9192.0,30813.0,5043
5045,9192.0,30689.0,5044
5046,9192.0,31200.0,5045
5047,9192.0,30787.0,5046
5048,9192.0,30500.0,5047
5049,9192.0,29611.0,5048
5050,9192.0,29523.0,5049
5051,9192.0,29607.0,5050
5052,9192.0,28911.0,5051
5053,9192.0,29065.0,5052
5054,9192.0,29177.0,5053
5055,9192.0,28758.0,5054
5056,9192.0,29219.0,5055
5057,9192.0,29197.0,5056
5058,9192.0,29159.0,5057
5059,9192.0,29246.0,5058
5060,9192.0,28847.0,5059
5061,9192.0,29169.0,5060
5062,9192.0,29140.0,5061
5063,9192.0,29170.0,5062
5064,9192.0,29528.0,5063
5065,9192.0,29274.0,5064
5066,9192.0,28585.0,5065
5067,9192.0,28373.0,5066
5068,9192.0,28481.0,5067
5069,9192.0,28784.0,5068
5070,9192.0,28740.0,5069
5071,9192.0,28740.0,5070
5072,9192.0,28554.0,5071
5073,9192.0,28475.0,5072
5074,9192.0,28420.0,5073
5075,9192.0,28399.0,5074
5076,9192.0,28691.0,5075
5077,9192.0,28163.0,5076
5078,9192.0,28190.0,5077
5079,9192.0,27275.0,5078
5080,9192.0,28504.0,5079
5081,9192.0,28536.0,5080
5082,9192.0,27892.0,5081
5083,9192.0,27791.0,5082
5084,9192.0,28032.0,5083
5085,9192.0,28029.0,5084
5086,9192.0,28108.0,5085
5087,9192.0,28636.0,5086
5088,9192.0,28994.0,5087
5089,9192.0,28980.0,5088
5090,9192.0,29318.0,5089
5091,9192.0,29057.0,5090
5092,9192.0,29092.0,5091
5093,9192.0,28693.0,5092
5094,9192.0,28777.0,5093
5095,9192.0,29501.0,5094
5096,9192.0,29090.0,5095
5097,9192.0,29095.0,5096
5098,9192.0,29313.0,5097
5099,9192.0,30294.0,5098
5100,9192.0,29430.0,5099
5101,9192.0,29460.0,5100
5102,9192.0,29984.0,5101
5103,9192.0,30037.0,5102
5104,9192.0,29809.0,5103
5105,9192.0,29941.0,5104
5106,9192.0,29998.0,5105
5107,9192.0,31264.0,5106
5108,9192.0,31265.0,5107
5109,9192.0,31305.0,5108
5110,9192.0,30261.0,5109
5111,9192.0,30314.0,5110
5112,9192.0,29420.0,5111
5113,9192.0,29129.0,5112
5114,9192.0,29125.0,5113
5115,9192.0,29068.0,5114
5116,9192.0,29050.0,5115
5117,9192.0,28616.0,5116
5118,9192.0,28567.0,5117
5119,9192.0,29041.0,5118
5120,9192.0,28558.0,5119
5121,9192.0,28638.0,5120
5122,9192.0,28358.0,5121
5123,9192.0,28550.0,5122
5124,9192.0,28571.0,5123
5125,9192.0,29062.0,5124
5126,9192.0,28593.0,5125
5127,9192.0,28202.0,5126
5128,9192.0,28259.0,5127
5129,9192.0,28774.0,5128
5130,9192.0,29112.0,5129
5131,9192.0,29114.0,5130
5132,9192.0,28796.0,5131
5133,9192.0,29006.0,5132
5134,9192.0,28906.0,5133
5135,9192.0,28461.0,5134
5136,9192.0,28361.0,5135
5137,9192.0,27970.0,5136
5138,9192.0,27930.0,5137
5139,9192.0,28022.0,5138
5140,9192.0,28244.0,5139
5141,9192.0,28150.0,5140
5142,9192.0,28312.0,5141
5143,9192.0,28312.0,5142
5144,9192.0,28649.0,5143
5145,9192.0,27939.0,5144
5146,9192.0,28051.0,5145
5147,9192.0,28105.0,5146
5148,9192.0,28187.0,5147
5149,9192.0,28431.0,5148
5150,9192.0,26953.0,5149
5151,9192.0,26953.0,5150
5152,9192.0,26739.0,5151
5153,9192.0,27641.0,5152
5154,9192.0,28697.0,5153
5155,9192.0,28651.0,5154
5156,9192.0,29009.0,5155
5157,9192.0,28931.0,5156
5158,9192.0,29258.0,5157
5159,9192.0,29258.0,5158
5160,9192.0,29251.0,5159
5161,9192.0,29306.0,5160
5162,9192.0,29306.0,5161
5163,9192.0,29241.0,5162
5164,9192.0,29005.0,5163
5165,9192.0,29181.0,5164
5166,9192.0,28830.0,5165
5167,9192.0,30001.0,5166
5168,9192.0,30202.0,5167
5169,9192.0,30477.0,5168
5170,9192.0,30477.0,5169
5171,9192.0,30698.0,5170
5172,9192.0,30676.0,5171
5173,9192.0,30642.0,5172
5174,9192.0,30631.0,5173
5175,9192.0,29915.0,5174
5176,9192.0,29784.0,5175
5177,9192.0,28630.0,5176
5178,9192.0,28515.0,5177
5179,9192.0,27400.0,5178
5180,9192.0,27469.0,5179
5181,9192.0,27762.0,5180
5182,9192.0,27791.0,5181
5183,9192.0,28106.0,5182
5184,9192.0,28005.0,5183
5185,9192.0,27294.0,5184
5186,9192.0,27519.0,5185
5187,9192.0,28485.0,5186
5188,9192.0,28508.0,5187
5189,9192.0,27848.0,5188
5190,9192.0,27848.0,5189
5191,9192.0,27759.0,5190
5192,9192.0,27816.0,5191
5193,9192.0,27544.0,5192
5194,9192.0,27263.0,5193
5195,9192.0,26563.0,5194
5196,9192.0,25812.0,5195
5197,9192.0,26050.0,5196
5198,9192.0,26083.0,5197
5199,9192.0,25741.0,5198
5200,9192.0,25549.0,5199
5201,9192.0,25552.0,5200
5202,9192.0,25112.0,5201
5203,9192.0,25112.0,5202
5204,9192.0,25180.0,5203
5205,9192.0,25556.0,5204
5206,9192.0,26192.0,5205
5207,9192.0,26278.0,5206
5208,9192.0,25434.0,5207
5209,9192.0,25862.0,5208
5210,9192.0,25881.0,5209
5211,9192.0,25871.0,5210
5212,9192.0,26452.0,5211
5213,9192.0,26412.0,5212
5214,9192.0,26412.0,5213
5215,9192.0,26404.0,5214
5216,9192.0,26404.0,5215
5217,9192.0,27343.0,5216
5218,9192.0,27343.0,5217
5219,9192.0,27287.0,5218
5220,9192.0,27236.0,5219
5221,9192.0,27739.0,5220
5222,9192.0,28596.0,5221
5223,9192.0,29505.0,5222
5224,9192.0,30156.0,5223
5225,9192.0,30373.0,5224
5226,9192.0,30635.0,5225
5227,9192.0,30634.0,5226
5228,9192.0,30647.0,5227
5229,9192.0,31156.0,5228
5230,9192.0,30636.0,5229
5231,9192.0,29328.0,5230
5232,9192.0,28643.0,5231
5233,9192.0,28540.0,5232
5234,9192.0,28270.0,5233
5235,9192.0,28220.0,5234
5236,9192.0,28933.0,5235
5237,9192.0,29599.0,5236
5238,9192.0,29508.0,5237
5239,9192.0,29475.0,5238
5240,9192.0,30451.0,5239
5241,9192.0,31232.0,5240
5242,9192.0,31337.0,5241
5243,9192.0,31336.0,5242
5244,9192.0,30749.0,5243
5245,9192.0,30771.0,5244
5246,9192.0,30782.0,5245
5247,9192.0,30702.0,5246
5248,9192.0,31003.0,5247
5249,9192.0,31040.0,5248
5250,9192.0,31172.0,5249
5251,9192.0,30844.0,5250
5252,9192.0,30676.0,5251
5253,9192.0,30676.0,5252
5254,9192.0,30814.0,5253
5255,9192.0,30463.0,5254
5256,9192.0,29658.0,5255
5257,9192.0,29222.0,5256
5258,9192.0,29830.0,5257
5259,9192.0,29796.0,5258
5260,9192.0,29740.0,5259
5261,9192.0,30289.0,5260
5262,9192.0,30300.0,5261
5263,9192.0,30476.0,5262
5264,9192.0,29099.0,5263
5265,9192.0,28965.0,5264
5266,9192.0,29677.0,5265
5267,9192.0,30178.0,5266
5268,9192.0,30185.0,5267
5269,9192.0,30166.0,5268
5270,9192.0,29975.0,5269
5271,9192.0,30484.0,5270
5272,9192.0,30617.0,5271
5273,9192.0,31012.0,5272
5274,9192.0,30784.0,5273
5275,9192.0,30615.0,5274
5276,9192.0,30335.0,5275
5277,9192.0,30508.0,5276
5278,9192.0,30497.0,5277
5279,9192.0,30756.0,5278
5280,9192.0,31173.0,5279
5281,9192.0,30997.0,5280
5282,9192.0,30384.0,5281
5283,9192.0,30384.0,5282
5284,9192.0,30446.0,5283
5285,9192.0,30256.0,5284
5286,9192.0,30267.0,5285
5287,9192.0,30449.0,5286
5288,9192.0,30307.0,5287
5289,9192.0,30321.0,5288
5290,9192.0,30272.0,5289
5291,9192.0,30186.0,5290
5292,9192.0,30230.0,5291
5293,9192.0,31001.0,5292
5294,9192.0,31066.0,5293
5295,9192.0,30680.0,5294
5296,9192.0,30698.0,5295
5297,9192.0,30541.0,5296
5298,9192.0,30397.0,5297
5299,9192.0,30288.0,5298
5300,9192.0,30220.0,5299
5301,9192.0,30338.0,5300
5302,9192.0,30056.0,5301
5303,9192.0,30148.0,5302
5304,9192.0,30589.0,5303
5305,9192.0,30963.0,5304
5306,9192.0,31328.0,5305
5307,9192.0,31299.0,5306
5308,9192.0,31174.0,5307
5309,9192.0,30967.0,5308
5310,9192.0,30817.0,5309
5311,9192.0,30332.0,5310
5312,9192.0,30075.0,5311
5313,9192.0,30379.0,5312
5314,9192.0,30690.0,5313
5315,9192.0,30971.0,5314
5316,9192.0,31159.0,5315
5317,9192.0,30993.0,5316
5318,9192.0,31099.0,5317
5319,9192.0,30946.0,5318
5320,9192.0,30430.0,5319
5321,9192.0,31452.0,5320
5322,9192.0,31452.0,5321
5323,9192.0,31367.0,5322
5324,9192.0,31367.0,5323
5325,9192.0,31845.0,5324
5326,9192.0,31948.0,5325
5327,9192.0,31435.0,5326
5328,9192.0,31402.0,5327
5329,9192.0,31466.0,5328
5330,9192.0,32332.0,5329
5331,9192.0,32297.0,5330
5332,9192.0,32292.0,5331
5333,9192.0,33906.0,5332
5334,9192.0,32879.0,5333
5335,9192.0,33125.0,5334
5336,9192.0,33441.0,5335
5337,9192.0,33270.0,5336
5338,9192.0,33208.0,5337
5339,9192.0,33143.0,5338
5340,9192.0,33132.0,5339
5341,9192.0,33094.0,5340
5342,9192.0,32799.0,5341
5343,9192.0,32645.0,5342
5344,9192.0,32431.0,5343
5345,9192.0,32210.0,5344
5346,9192.0,32218.0,5345
5347,9192.0,33004.0,5346
5348,9192.0,32851.0,5347
5349,9192.0,32776.0,5348
5350,9192.0,33335.0,5349
5351,9192.0,31894.0,5350
5352,9192.0,32303.0,5351
5353,9192.0,32066.0,5352
5354,9192.0,31819.0,5353
5355,9192.0,31860.0,5354
5356,9192.0,32280.0,5355
5357,9192.0,32269.0,5356
5358,9192.0,32647.0,5357
5359,9192.0,32356.0,5358
5360,9192.0,31517.0,5359
5361,9192.0,30953.0,5360
5362,9192.0,30115.0,5361
5363,9192.0,30126.0,5362
5364,9192.0,30401.0,5363
5365,9192.0,30100.0,5364
5366,9192.0,30418.0,5365
5367,9192.0,30693.0,5366
5368,9192.0,30596.0,5367
5369,9192.0,30390.0,5368
5370,9192.0,30146.0,5369
5371,9192.0,30321.0,5370
5372,9192.0,30736.0,5371
5373,9192.0,30626.0,5372
5374,9192.0,30702.0,5373
5375,9192.0,29996.0,5374
5376,9192.0,29907.0,5375
5377,9192.0,29955.0,5376
5378,9192.0,30177.0,5377
5379,9192.0,30210.0,5378
5380,9192.0,31252.0,5379
5381,9192.0,31252.0,5380
5382,9192.0,31342.0,5381
5383,9192.0,30678.0,5382
5384,9192.0,31414.0,5383
5385,9192.0,31259.0,5384
5386,9192.0,31355.0,5385
5387,9192.0,31091.0,5386
5388,9192.0,30042.0,5387
5389,9192.0,31047.0,5388
5390,9192.0,30990.0,5389
5391,9192.0,30914.0,5390
5392,9192.0,30914.0,5391
5393,9192.0,30724.0,5392
5394,9192.0,30856.0,5393
5395,9192.0,31390.0,5394
5396,9192.0,31725.0,5395
5397,9192.0,31739.0,5396
5398,9192.0,31633.0,5397
5399,9192.0,31582.0,5398
5400,9192.0,31301.0,5399
5401,9192.0,31339.0,5400
5402,9192.0,30806.0,5401
5403,9192.0,31090.0,5402
5404,9192.0,30570.0,5403
5405,9192.0,30608.0,5404
5406,9192.0,31719.0,5405
5407,9192.0,31652.0,5406
5408,9192.0,31543.0,5407
5409,9192.0,32175.0,5408
5410,9192.0,32229.0,5409
5411,9192.0,32245.0,5410
5412,9192.0,32018.0,5411
5413,9192.0,31501.0,5412
5414,9192.0,32190.0,5413
5415,9192.0,32267.0,5414
5416,9192.0,32080.0,5415
5417,9192.0,31484.0,5416
5418,9192.0,32015.0,5417
5419,9192.0,32003.0,5418
5420,9192.0,30940.0,5419
5421,9192.0,30682.0,5420
5422,9192.0,30867.0,5421
5423,9192.0,30918.0,5422
5424,9192.0,30747.0,5423
5425,9192.0,30513.0,5424
5426,9192.0,30606.0,5425
5427,9192.0,31337.0,5426
5428,9192.0,31848.0,5427
5429,9192.0,31644.0,5428
5430,9192.0,31780.0,5429
5431,9192.0,31328.0,5430
5432,9192.0,29914.0,5431
5433,9192.0,29561.0,5432
5434,9192.0,29750.0,5433
5435,9192.0,29876.0,5434
5436,9192.0,30390.0,5435
5437,9192.0,30668.0,5436
5438,9192.0,30764.0,5437
5439,9192.0,31273.0,5438
5440,9192.0,31273.0,5439
5441,9192.0,31544.0,5440
5442,9192.0,31663.0,5441
5443,9192.0,30452.0,5442
5444,9192.0,30402.0,5443
5445,9192.0,30424.0,5444
5446,9192.0,30384.0,5445
5447,9192.0,29799.0,5446
5448,9192.0,29795.0,5447
5449,9192.0,29820.0,5448
5450,9192.0,29408.0,5449
5451,9192.0,29278.0,5450
5452,9192.0,29253.0,5451
5453,9192.0,29961.0,5452
5454,9192.0,29661.0,5453
5455,9192.0,28439.0,5454
5456,9192.0,27372.0,5455
5457,9192.0,26968.0,5456
5458,9192.0,26968.0,5457
5459,9192.0,28709.0,5458
5460,9192.0,27514.0,5459
5461,9192.0,27514.0,5460
5462,9192.0,27865.0,5461
5463,9192.0,28281.0,5462
5464,9192.0,28290.0,5463
5465,9192.0,28297.0,5464
5466,9192.0,28616.0,5465
5467,9192.0,28473.0,5466
5468,9192.0,28688.0,5467
5469,9192.0,28300.0,5468
5470,9192.0,28300.0,5469
5471,9192.0,28459.0,5470
5472,9192.0,28785.0,5471
5473,9192.0,29152.0,5472
5474,9192.0,29205.0,5473
5475,9192.0,29249.0,5474
5476,9192.0,28673.0,5475
5477,9192.0,29075.0,5476
5478,9192.0,29503.0,5477
5479,9192.0,27912.0,5478
5480,9192.0,29276.0,5479
5481,9192.0,28188.0,5480
5482,9192.0,28356.0,5481
5483,9192.0,28003.0,5482
5484,9192.0,27993.0,5483
5485,9192.0,28837.0,5484
5486,9192.0,28129.0,5485
5487,9192.0,28639.0,5486
5488,9192.0,28824.0,5487
5489,9192.0,28770.0,5488
5490,9192.0,28772.0,5489
5491,9192.0,28772.0,5490
5492,9192.0,28780.0,5491
5493,9192.0,29058.0,5492
5494,9192.0,28633.0,5493
5495,9192.0,28382.0,5494
5496,9192.0,28541.0,5495
5497,9192.0,28122.0,5496
5498,9192.0,28880.0,5497
5499,9192.0,28880.0,5498
5500,9192.0,29008.0,5499
5501,9192.0,29278.0,5500
5502,9192.0,29224.0,5501
5503,9192.0,28742.0,5502
5504,9192.0,28261.0,5503
5505,9192.0,28174.0,5504
5506,9192.0,28175.0,5505
5507,9192.0,29034.0,5506
5508,9192.0,28940.0,5507
5509,9192.0,29011.0,5508
5510,9192.0,29403.0,5509
5511,9192.0,30426.0,5510
5512,9192.0,30426.0,5511
5513,9192.0,29708.0,5512
5514,9192.0,29944.0,5513
5515,9192.0,30288.0,5514
5516,9192.0,30219.0,5515
5517,9192.0,29936.0,5516
5518,9192.0,30363.0,5517
5519,9192.0,30329.0,5518
5520,9192.0,30287.0,5519
5521,9192.0,30207.0,5520
5522,9192.0,30091.0,5521
5523,9192.0,30259.0,5522
5524,9192.0,29970.0,5523
5525,9192.0,30556.0,5524
5526,9192.0,30625.0,5525
5527,9192.0,30393.0,5526
5528,9192.0,29883.0,5527
5529,9192.0,29365.0,5528
5530,9192.0,29215.0,5529
5531,9192.0,28855.0,5530
5532,9192.0,27915.0,5531
5533,9192.0,27411.0,5532
5534,9192.0,27411.0,5533
5535,9192.0,27977.0,5534
5536,9192.0,27694.0,5535
5537,9192.0,28080.0,5536
5538,9192.0,28369.0,5537
5539,9192.0,28263.0,5538
5540,9192.0,28133.0,5539
5541,9192.0,28133.0,5540
5542,9192.0,27935.0,5541
5543,9192.0,27789.0,5542
5544,9192.0,27963.0,5543
5545,9192.0,27750.0,5544
5546,9192.0,27583.0,5545
5547,9192.0,28094.0,5546
5548,9192.0,28112.0,5547
5549,9192.0,28884.0,5548
5550,9192.0,28928.0,5549
5551,9192.0,27630.0,5550
5552,9192.0,27877.0,5551
5553,9192.0,27540.0,5552
5554,9192.0,27540.0,5553
5555,9192.0,27039.0,5554
5556,9192.0,26724.0,5555
5557,9192.0,26487.0,5556
5558,9192.0,26819.0,5557
5559,9192.0,26661.0,5558
5560,9192.0,29165.0,5559
5561,9192.0,28840.0,5560
5562,9192.0,30181.0,5561
5563,9192.0,29348.0,5562
5564,9192.0,29362.0,5563
5565,9192.0,29332.0,5564
5566,9192.0,29172.0,5565
5567,9192.0,29216.0,5566
5568,9192.0,29056.0,5567
5569,9192.0,28835.0,5568
5570,9192.0,28859.0,5569
5571,9192.0,28168.0,5570
5572,9192.0,28230.0,5571
5573,9192.0,29081.0,5572
5574,9192.0,29035.0,5573
5575,9192.0,28812.0,5574
5576,9192.0,29201.0,5575
5577,9192.0,28915.0,5576
5578,9192.0,28895.0,5577
5579,9192.0,29005.0,5578
5580,9192.0,28993.0,5579
5581,9192.0,29199.0,5580
5582,9192.0,29216.0,5581
5583,9192.0,29216.0,5582
5584,9192.0,28504.0,5583
5585,9192.0,28359.0,5584
5586,9192.0,27853.0,5585
5587,9192.0,27885.0,5586
5588,9192.0,27637.0,5587
5589,9192.0,28564.0,5588
5590,9192.0,29169.0,5589
5591,9192.0,29201.0,5590
5592,9192.0,29363.0,5591
5593,9192.0,27407.0,5592
5594,9192.0,27035.0,5593
5595,9192.0,26852.0,5594
5596,9192.0,27060.0,5595
5597,9192.0,27164.0,5596
5598,9192.0,27764.0,5597
5599,9192.0,27853.0,5598
5600,9192.0,28169.0,5599
5601,9192.0,28158.0,5600
5602,9192.0,28687.0,5601
5603,9192.0,28531.0,5602
5604,9192.0,28668.0,5603
5605,9192.0,28691.0,5604
5606,9192.0,28533.0,5605
5607,9192.0,29019.0,5606
5608,9192.0,29019.0,5607
5609,9192.0,29430.0,5608
5610,9192.0,29409.0,5609
5611,9192.0,29320.0,5610
5612,9192.0,29091.0,5611
5613,9192.0,29501.0,5612
5614,9192.0,29536.0,5613
5615,9192.0,28499.0,5614
5616,9192.0,28499.0,5615
5617,9192.0,27914.0,5616
5618,9192.0,27791.0,5617
5619,9192.0,27791.0,5618
5620,9192.0,27591.0,5619
5621,9192.0,27559.0,5620
5622,9192.0,27273.0,5621
5623,9192.0,27976.0,5622
5624,9192.0,27992.0,5623
5625,9192.0,27961.0,5624
5626,9192.0,27868.0,5625
5627,9192.0,29461.0,5626
5628,9192.0,29461.0,5627
5629,9192.0,29904.0,5628
5630,9192.0,29322.0,5629
5631,9192.0,30424.0,5630
5632,9192.0,30482.0,5631
5633,9192.0,29966.0,5632
5634,9192.0,29933.0,5633
5635,9192.0,30449.0,5634
5636,9192.0,30673.0,5635
5637,9192.0,30928.0,5636
5638,9192.0,30627.0,5637
5639,9192.0,30598.0,5638
5640,9192.0,30474.0,5639
5641,9192.0,30816.0,5640
5642,9192.0,30318.0,5641
5643,9192.0,30165.0,5642
5644,9192.0,30173.0,5643
5645,9192.0,30046.0,5644
5646,9192.0,30190.0,5645
5647,9192.0,30197.0,5646
5648,9192.0,30404.0,5647
5649,9192.0,30407.0,5648
5650,9192.0,30198.0,5649
5651,9192.0,30062.0,5650
5652,9192.0,30072.0,5651
5653,9192.0,29839.0,5652
5654,9192.0,29600.0,5653
5655,9192.0,28595.0,5654
5656,9192.0,28412.0,5655
5657,9192.0,28606.0,5656
5658,9192.0,28385.0,5657
5659,9192.0,27913.0,5658
5660,9192.0,28424.0,5659
5661,9192.0,28910.0,5660
5662,9192.0,29161.0,5661
5663,9192.0,29254.0,5662
5664,9192.0,29277.0,5663
5665,9192.0,29504.0,5664
5666,9192.0,29862.0,5665
5667,9192.0,29862.0,5666
5668,9192.0,30201.0,5667
5669,9192.0,29844.0,5668
5670,9192.0,30248.0,5669
5671,9192.0,30764.0,5670
5672,9192.0,30248.0,5671
5673,9192.0,30376.0,5672
5674,9192.0,29967.0,5673
5675,9192.0,29986.0,5674
5676,9192.0,30341.0,5675
5677,9192.0,29700.0,5676
5678,9192.0,29382.0,5677
5679,9192.0,29239.0,5678
5680,9192.0,29217.0,5679
5681,9192.0,28805.0,5680
5682,9192.0,28449.0,5681
5683,9192.0,28937.0,5682
5684,9192.0,28955.0,5683
5685,9192.0,28544.0,5684
5686,9192.0,28094.0,5685
5687,9192.0,28012.0,5686
5688,9192.0,27758.0,5687
5689,9192.0,28179.0,5688
5690,9192.0,28246.0,5689
5691,9192.0,28279.0,5690
5692,9192.0,28000.0,5691
5693,9192.0,26613.0,5692
5694,9192.0,26818.0,5693
5695,9192.0,26830.0,5694
5696,9192.0,27059.0,5695
5697,9192.0,26727.0,5696
5698,9192.0,28122.0,5697
5699,9192.0,27727.0,5698
5700,9192.0,27727.0,5699
5701,9192.0,29178.0,5700
5702,9192.0,28833.0,5701
5703,9192.0,28277.0,5702
5704,9192.0,28364.0,5703
5705,9192.0,28459.0,5704
5706,9192.0,28501.0,5705
5707,9192.0,27987.0,5706
5708,9192.0,28746.0,5707
5709,9192.0,29084.0,5708
5710,9192.0,28895.0,5709
5711,9192.0,28893.0,5710
5712,9192.0,28834.0,5711
5713,9192.0,28456.0,5712
5714,9192.0,28236.0,5713
5715,9192.0,28141.0,5714
5716,9192.0,27907.0,5715
5717,9192.0,28521.0,5716
5718,9192.0,27588.0,5717
5719,9192.0,27585.0,5718
5720,9192.0,27657.0,5719
5721,9192.0,26555.0,5720
5722,9192.0,26561.0,5721
5723,9192.0,26498.0,5722
5724,9192.0,26498.0,5723
5725,9192.0,27018.0,5724
5726,9192.0,26659.0,5725
5727,9192.0,26746.0,5726
5728,9192.0,26119.0,5727
5729,9192.0,26119.0,5728
5730,9192.0,26545.0,5729
5731,9192.0,26545.0,5730
5732,9192.0,26555.0,5731
5733,9192.0,27009.0,5732
5734,9192.0,27049.0,5733
5735,9192.0,26501.0,5734
5736,9192.0,26374.0,5735
5737,9192.0,26277.0,5736
5738,9192.0,26332.0,5737
5739,9192.0,26539.0,5738
5740,9192.0,26788.0,5739
5741,9192.0,25990.0,5740
5742,9192.0,25618.0,5741
5743,9192.0,25618.0,5742
5744,9192.0,25618.0,5743
5745,9192.0,25810.0,5744
5746,9192.0,25734.0,5745
5747,9192.0,25657.0,5746
5748,9192.0,25430.0,5747
5749,9192.0,24290.0,5748
5750,9192.0,23663.0,5749
5751,9192.0,22941.0,5750
5752,9192.0,23660.0,5751
5753,9192.0,23842.0,5752
5754,9192.0,23474.0,5753
5755,9192.0,24067.0,5754
5756,9192.0,24905.0,5755
5757,9192.0,24436.0,5756
5758,9192.0,24847.0,5757
5759,9192.0,25102.0,5758
5760,9192.0,25471.0,5759
5761,9192.0,25306.0,5760
5762,9192.0,25270.0,5761
5763,9192.0,25270.0,5762
5764,9192.0,25187.0,5763
5765,9192.0,25244.0,5764
5766,9192.0,25278.0,5765
5767,9192.0,24978.0,5766
5768,9192.0,24744.0,5767
5769,9192.0,26038.0,5768
5770,9192.0,26318.0,5769
5771,9192.0,27037.0,5770
5772,9192.0,27054.0,5771
5773,9192.0,27054.0,5772
5774,9192.0,26125.0,5773
5775,9192.0,27268.0,5774
5776,9192.0,27533.0,5775
5777,9192.0,28044.0,5776
5778,9192.0,27570.0,5777
5779,9192.0,27482.0,5778
5780,9192.0,27348.0,5779
5781,9192.0,27299.0,5780
5782,9192.0,28068.0,5781
5783,9192.0,28320.0,5782
5784,9192.0,27679.0,5783
5785,9192.0,27716.0,5784
5786,9192.0,28788.0,5785
5787,9192.0,28893.0,5786
5788,9192.0,28218.0,5787
5789,9192.0,29116.0,5788
5790,9192.0,29489.0,5789
5791,9192.0,29507.0,5790
5792,9192.0,29304.0,5791
5793,9192.0,29888.0,5792
5794,9192.0,30785.0,5793
5795,9192.0,30468.0,5794
5796,9192.0,30001.0,5795
5797,9192.0,29913.0,5796
5798,9192.0,29797.0,5797
5799,9192.0,29824.0,5798
5800,9192.0,29816.0,5799
5801,9192.0,29816.0,5800
5802,9192.0,30184.0,5801
5803,9192.0,30197.0,5802
5804,9192.0,30255.0,5803
5805,9192.0,30511.0,5804
5806,9192.0,29786.0,5805
5807,9192.0,31906.0,5806
5808,9192.0,32009.0,5807
5809,9192.0,32076.0,5808
5810,9192.0,32370.0,5809
5811,9192.0,31653.0,5810
5812,9192.0,31822.0,5811
5813,9192.0,31719.0,5812
5814,9192.0,31684.0,5813
5815,9192.0,31835.0,5814
5816,9192.0,32080.0,5815
5817,9192.0,32204.0,5816
5818,9192.0,31838.0,5817
5819,9192.0,31838.0,5818
5820,9192.0,31797.0,5819
5821,9192.0,31865.0,5820
5822,9192.0,31817.0,5821
5823,9192.0,31123.0,5822
5824,9192.0,31748.0,5823
5825,9192.0,30813.0,5824
5826,9192.0,31383.0,5825
5827,9192.0,31511.0,5826
5828,9192.0,31901.0,5827
5829,9192.0,31901.0,5828
5830,9192.0,31843.0,5829
5831,9192.0,31874.0,5830
5832,9192.0,31069.0,5831
5833,9192.0,31171.0,5832
5834,9192.0,31174.0,5833
5835,9192.0,31110.0,5834
5836,9192.0,31643.0,5835
5837,9192.0,31420.0,5836
5838,9192.0,31555.0,5837
5839,9192.0,31599.0,5838
5840,9192.0,31685.0,5839
5841,9192.0,31550.0,5840
5842,9192.0,31518.0,5841
5843,9192.0,31560.0,5842
5844,9192.0,31392.0,5843
5845,9192.0,31458.0,5844
5846,9192.0,31249.0,5845
5847,9192.0,31201.0,5846
5848,9192.0,30992.0,5847
5849,9192.0,31308.0,5848
5850,9192.0,31346.0,5849
5851,9192.0,31579.0,5850
5852,9192.0,31683.0,5851
5853,9192.0,31579.0,5852
5854,9192.0,31434.0,5853
5855,9192.0,31649.0,5854
5856,9192.0,31465.0,5855
5857,9192.0,31340.0,5856
5858,9192.0,31229.0,5857
5859,9192.0,30189.0,5858
5860,9192.0,29621.0,5859
5861,9192.0,29886.0,5860
5862,9192.0,29624.0,5861
5863,9192.0,29863.0,5862
5864,9192.0,30132.0,5863
5865,9192.0,29971.0,5864
5866,9192.0,30288.0,5865
5867,9192.0,31096.0,5866
5868,9192.0,31046.0,5867
5869,9192.0,30676.0,5868
5870,9192.0,30516.0,5869
5871,9192.0,30485.0,5870
5872,9192.0,29222.0,5871
5873,9192.0,29161.0,5872
5874,9192.0,29362.0,5873
5875,9192.0,29668.0,5874
5876,9192.0,29668.0,5875
5877,9192.0,29517.0,5876
5878,9192.0,29298.0,5877
5879,9192.0,29166.0,5878
5880,9192.0,27492.0,5879
5881,9192.0,28721.0,5880
5882,9192.0,29740.0,5881
5883,9192.0,29856.0,5882
5884,9192.0,29739.0,5883
5885,9192.0,29272.0,5884
5886,9192.0,29827.0,5885
5887,9192.0,29569.0,5886
5888,9192.0,29551.0,5887
5889,9192.0,29547.0,5888
5890,9192.0,29479.0,5889
5891,9192.0,29520.0,5890
5892,9192.0,30280.0,5891
5893,9192.0,30167.0,5892
5894,9192.0,30131.0,5893
5895,9192.0,31062.0,5894
5896,9192.0,30829.0,5895
5897,9192.0,30433.0,5896
5898,9192.0,30253.0,5897
5899,9192.0,30010.0,5898
5900,9192.0,29893.0,5899
5901,9192.0,29845.0,5900
5902,9192.0,30024.0,5901
5903,9192.0,30280.0,5902
5904,9192.0,30102.0,5903
5905,9192.0,29873.0,5904
5906,9192.0,29376.0,5905
5907,9192.0,29757.0,5906
5908,9192.0,29999.0,5907
5909,9192.0,29833.0,5908
5910,9192.0,31939.0,5909
5911,9192.0,32089.0,5910
5912,9192.0,31880.0,5911
5913,9192.0,31815.0,5912
5914,9192.0,30334.0,5913
5915,9192.0,30724.0,5914
5916,9192.0,30712.0,5915
5917,9192.0,30713.0,5916
5918,9192.0,30789.0,5917
5919,9192.0,30789.0,5918
5920,9192.0,31095.0,5919
5921,9192.0,30918.0,5920
5922,9192.0,30707.0,5921
5923,9192.0,30832.0,5922
5924,9192.0,30979.0,5923
5925,9192.0,30993.0,5924
5926,9192.0,30817.0,5925
5927,9192.0,30799.0,5926
5928,9192.0,29988.0,5927
5929,9192.0,30144.0,5928
5930,9192.0,30170.0,5929
5931,9192.0,30329.0,5930
5932,9192.0,30113.0,5931
5933,9192.0,30121.0,5932
5934,9192.0,30270.0,5933
5935,9192.0,30404.0,5934
5936,9192.0,30675.0,5935
5937,9192.0,29459.0,5936
5938,9192.0,28770.0,5937
5939,9192.0,27803.0,5938
5940,9192.0,27532.0,5939
5941,9192.0,27553.0,5940
5942,9192.0,27858.0,5941
5943,9192.0,27372.0,5942
5944,9192.0,26823.0,5943
5945,9192.0,26823.0,5944
5946,9192.0,26849.0,5945
5947,9192.0,26849.0,5946
5948,9192.0,27174.0,5947
5949,9192.0,27215.0,5948
5950,9192.0,27355.0,5949
5951,9192.0,26374.0,5950
5952,9192.0,26461.0,5951
5953,9192.0,26719.0,5952
5954,9192.0,27733.0,5953
5955,9192.0,27744.0,5954
5956,9192.0,27972.0,5955
5957,9192.0,28064.0,5956
5958,9192.0,28233.0,5957
5959,9192.0,28243.0,5958
5960,9192.0,28340.0,5959
5961,9192.0,29843.0,5960
5962,9192.0,29162.0,5961
5963,9192.0,28654.0,5962
5964,9192.0,28654.0,5963
5965,9192.0,28769.0,5964
5966,9192.0,27872.0,5965
5967,9192.0,27872.0,5966
5968,9192.0,27936.0,5967
5969,9192.0,27856.0,5968
5970,9192.0,27991.0,5969
5971,9192.0,27906.0,5970
5972,9192.0,27642.0,5971
5973,9192.0,27480.0,5972
5974,9192.0,28291.0,5973
5975,9192.0,28160.0,5974
5976,9192.0,27961.0,5975
5977,9192.0,27712.0,5976
5978,9192.0,28191.0,5977
5979,9192.0,28604.0,5978
5980,9192.0,28416.0,5979
5981,9192.0,28268.0,5980
5982,9192.0,29496.0,5981
5983,9192.0,30128.0,5982
5984,9192.0,30043.0,5983
5985,9192.0,30054.0,5984
5986,9192.0,30080.0,5985
5987,9192.0,30119.0,5986
5988,9192.0,29669.0,5987
5989,9192.0,29669.0,5988
5990,9192.0,29939.0,5989
5991,9192.0,29614.0,5990
5992,9192.0,29184.0,5991
5993,9192.0,29555.0,5992
5994,9192.0,29378.0,5993
5995,9192.0,28286.0,5994
5996,9192.0,28020.0,5995
5997,9192.0,28277.0,5996
5998,9192.0,28105.0,5997
5999,9192.0,29505.0,5998
6000,9192.0,29694.0,5999
6001,9192.0,29438.0,6000
6002,9192.0,29708.0,6001
6003,9192.0,29287.0,6002
6004,9192.0,29236.0,6003
6005,9192.0,29483.0,6004
6006,9192.0,29465.0,6005
6007,9192.0,29559.0,6006
6008,9192.0,28918.0,6007
6009,9192.0,28756.0,6008
6010,9192.0,29376.0,6009
6011,9192.0,29243.0,6010
6012,9192.0,29598.0,6011
6013,9192.0,29656.0,6012
6014,9192.0,29670.0,6013
6015,9192.0,30038.0,6014
6016,9192.0,29780.0,6015
6017,9192.0,29780.0,6016
6018,9192.0,29115.0,6017
6019,9192.0,28759.0,6018
6020,9192.0,29050.0,6019
6021,9192.0,28711.0,6020
6022,9192.0,28608.0,6021
6023,9192.0,28807.0,6022
6024,9192.0,29559.0,6023
6025,9192.0,29722.0,6024
6026,9192.0,29838.0,6025
6027,9192.0,29179.0,6026
6028,9192.0,29225.0,6027
6029,9192.0,29198.0,6028
6030,9192.0,29548.0,6029
6031,9192.0,29608.0,6030
6032,9192.0,29288.0,6031
6033,9192.0,29179.0,6032
6034,9192.0,30036.0,6033
6035,9192.0,29785.0,6034
6036,9192.0,29126.0,6035
6037,9192.0,28480.0,6036
6038,9192.0,28909.0,6037
6039,9192.0,28502.0,6038
6040,9192.0,28502.0,6039
6041,9192.0,28609.0,6040
6042,9192.0,28930.0,6041
6043,9192.0,28917.0,6042
6044,9192.0,27180.0,6043
6045,9192.0,27180.0,6044
6046,9192.0,27149.0,6045
6047,9192.0,27519.0,6046
6048,9192.0,27628.0,6047
6049,9192.0,27997.0,6048
6050,9192.0,27916.0,6049
6051,9192.0,27875.0,6050
6052,9192.0,27933.0,6051
6053,9192.0,27979.0,6052
6054,9192.0,27671.0,6053
6055,9192.0,27849.0,6054
6056,9192.0,27849.0,6055
6057,9192.0,28659.0,6056
6058,9192.0,28659.0,6057
6059,9192.0,28657.0,6058
6060,9192.0,28493.0,6059
6061,9192.0,28493.0,6060
6062,9192.0,27664.0,6061
6063,9192.0,27641.0,6062
6064,9192.0,27651.0,6063
6065,9192.0,27886.0,6064
6066,9192.0,27994.0,6065
6067,9192.0,29735.0,6066
6068,9192.0,29921.0,6067
6069,9192.0,30045.0,6068
6070,9192.0,29732.0,6069
6071,9192.0,29649.0,6070
6072,9192.0,29457.0,6071
6073,9192.0,29354.0,6072
6074,9192.0,29846.0,6073
6075,9192.0,29877.0,6074
6076,9192.0,29760.0,6075
6077,9192.0,29676.0,6076
6078,9192.0,29398.0,6077
6079,9192.0,29415.0,6078
6080,9192.0,28062.0,6079
6081,9192.0,27871.0,6080
6082,9192.0,27475.0,6081
6083,9192.0,27475.0,6082
6084,9192.0,27499.0,6083
6085,9192.0,27015.0,6084
6086,9192.0,26971.0,6085
6087,9192.0,26917.0,6086
6088,9192.0,26736.0,6087
6089,9192.0,26310.0,6088
6090,9192.0,26433.0,6089
6091,9192.0,26273.0,6090
6092,9192.0,25061.0,6091
6093,9192.0,24578.0,6092
6094,9192.0,24664.0,6093
6095,9192.0,24584.0,6094
6096,9192.0,24562.0,6095
6097,9192.0,24774.0,6096
6098,9192.0,24951.0,6097
6099,9192.0,24888.0,6098
6100,9192.0,24788.0,6099
6101,9192.0,24599.0,6100
6102,9192.0,25094.0,6101
6103,9192.0,26894.0,6102
6104,9192.0,26875.0,6103
6105,9192.0,26575.0,6104
6106,9192.0,26646.0,6105
6107,9192.0,26715.0,6106
6108,9192.0,26715.0,6107
6109,9192.0,26664.0,6108
6110,9192.0,26849.0,6109
6111,9192.0,27352.0,6110
6112,9192.0,27599.0,6111
6113,9192.0,27483.0,6112
6114,9192.0,27768.0,6113
6115,9192.0,28352.0,6114
6116,9192.0,28529.0,6115
6117,9192.0,29036.0,6116
6118,9192.0,29649.0,6117
6119,9192.0,29779.0,6118
6120,9192.0,29664.0,6119
6121,9192.0,30445.0,6120
6122,9192.0,30571.0,6121
6123,9192.0,30549.0,6122
6124,9192.0,30975.0,6123
6125,9192.0,31170.0,6124
6126,9192.0,31529.0,6125
6127,9192.0,31914.0,6126
6128,9192.0,31806.0,6127
6129,9192.0,31812.0,6128
6130,9192.0,31863.0,6129
6131,9192.0,31671.0,6130
6132,9192.0,31398.0,6131
6133,9192.0,31398.0,6132
6134,9192.0,29655.0,6133
6135,9192.0,29966.0,6134
6136,9192.0,29571.0,6135
6137,9192.0,29432.0,6136
6138,9192.0,29097.0,6137
6139,9192.0,29046.0,6138
6140,9192.0,29004.0,6139
6141,9192.0,29004.0,6140
6142,9192.0,29004.0,6141
6143,9192.0,28762.0,6142
6144,9192.0,28695.0,6143
6145,9192.0,28973.0,6144
6146,9192.0,28971.0,6145
6147,9192.0,28881.0,6146
6148,9192.0,28701.0,6147
6149,9192.0,28703.0,6148
6150,9192.0,28645.0,6149
6151,9192.0,28748.0,6150
6152,9192.0,28552.0,6151
6153,9192.0,28877.0,6152
6154,9192.0,28877.0,6153
6155,9192.0,28400.0,6154
6156,9192.0,28707.0,6155
6157,9192.0,28610.0,6156
6158,9192.0,28589.0,6157
6159,9192.0,27703.0,6158
6160,9192.0,27766.0,6159
6161,9192.0,27872.0,6160
6162,9192.0,26717.0,6161
6163,9192.0,26717.0,6162
6164,9192.0,26620.0,6163
6165,9192.0,26908.0,6164
6166,9192.0,27436.0,6165
6167,9192.0,27954.0,6166
6168,9192.0,28814.0,6167
6169,9192.0,28831.0,6168
6170,9192.0,31269.0,6169
6171,9192.0,31480.0,6170
6172,9192.0,31109.0,6171
6173,9192.0,31184.0,6172
6174,9192.0,31288.0,6173
6175,9192.0,32180.0,6174
6176,9192.0,32404.0,6175
6177,9192.0,32414.0,6176
6178,9192.0,32319.0,6177
6179,9192.0,31691.0,6178
6180,9192.0,30687.0,6179
6181,9192.0,31559.0,6180
6182,9192.0,31540.0,6181
6183,9192.0,31254.0,6182
6184,9192.0,31305.0,6183
6185,9192.0,30984.0,6184
6186,9192.0,30977.0,6185
6187,9192.0,30882.0,6186
6188,9192.0,30894.0,6187
6189,9192.0,30789.0,6188
6190,9192.0,30941.0,6189
6191,9192.0,30959.0,6190
6192,9192.0,30713.0,6191
6193,9192.0,31515.0,6192
6194,9192.0,31832.0,6193
6195,9192.0,31800.0,6194
6196,9192.0,31763.0,6195
6197,9192.0,31677.0,6196
6198,9192.0,31735.0,6197
6199,9192.0,30782.0,6198
6200,9192.0,31007.0,6199
6201,9192.0,30544.0,6200
6202,9192.0,30614.0,6201
6203,9192.0,29137.0,6202
6204,9192.0,28553.0,6203
6205,9192.0,28379.0,6204
6206,9192.0,28377.0,6205
6207,9192.0,28783.0,6206
6208,9192.0,28049.0,6207
6209,9192.0,27658.0,6208
6210,9192.0,27696.0,6209
6211,9192.0,27624.0,6210
6212,9192.0,27653.0,6211
6213,9192.0,27620.0,6212
6214,9192.0,27432.0,6213
6215,9192.0,27229.0,6214
6216,9192.0,27072.0,6215
6217,9192.0,27071.0,6216
6218,9192.0,27119.0,6217
6219,9192.0,27568.0,6218
6220,9192.0,28179.0,6219
6221,9192.0,28271.0,6220
6222,9192.0,27772.0,6221
6223,9192.0,27760.0,6222
6224,9192.0,27769.0,6223
6225,9192.0,27618.0,6224
6226,9192.0,28666.0,6225
6227,9192.0,28239.0,6226
6228,9192.0,28279.0,6227
6229,9192.0,28591.0,6228
6230,9192.0,28435.0,6229
6231,9192.0,28313.0,6230
6232,9192.0,27668.0,6231
6233,9192.0,27754.0,6232
6234,9192.0,27262.0,6233
6235,9192.0,27131.0,6234
6236,9192.0,26953.0,6235
6237,9192.0,26990.0,6236
6238,9192.0,26909.0,6237
6239,9192.0,27577.0,6238
6240,9192.0,27475.0,6239
6241,9192.0,27425.0,6240
6242,9192.0,27488.0,6241
6243,9192.0,26199.0,6242
6244,9192.0,25952.0,6243
6245,9192.0,25890.0,6244
6246,9192.0,26291.0,6245
6247,9192.0,26164.0,6246
6248,9192.0,26180.0,6247
6249,9192.0,26046.0,6248
6250,9192.0,25706.0,6249
6251,9192.0,26031.0,6250
6252,9192.0,25699.0,6251
6253,9192.0,25676.0,6252
6254,9192.0,25676.0,6253
6255,9192.0,25676.0,6254
6256,9192.0,25702.0,6255
6257,9192.0,25537.0,6256
6258,9192.0,25537.0,6257
6259,9192.0,27920.0,6258
6260,9192.0,27938.0,6259
6261,9192.0,28581.0,6260
6262,9192.0,29224.0,6261
6263,9192.0,29367.0,6262
6264,9192.0,29368.0,6263
6265,9192.0,29366.0,6264
6266,9192.0,29541.0,6265
6267,9192.0,29763.0,6266
6268,9192.0,28604.0,6267
6269,9192.0,27969.0,6268
6270,9192.0,27969.0,6269
6271,9192.0,26827.0,6270
6272,9192.0,26827.0,6271
6273,9192.0,26851.0,6272
6274,9192.0,26877.0,6273
6275,9192.0,26879.0,6274
6276,9192.0,26879.0,6275
6277,9192.0,26891.0,6276
6278,9192.0,26622.0,6277
6279,9192.0,26621.0,6278
6280,9192.0,26738.0,6279
6281,9192.0,26661.0,6280
6282,9192.0,26617.0,6281
6283,9192.0,26415.0,6282
6284,9192.0,26521.0,6283
6285,9192.0,26021.0,6284
6286,9192.0,25849.0,6285
6287,9192.0,25958.0,6286
6288,9192.0,25925.0,6287
6289,9192.0,25992.0,6288
6290,9192.0,27023.0,6289
6291,9192.0,27023.0,6290
6292,9192.0,26032.0,6291
6293,9192.0,26009.0,6292
6294,9192.0,26011.0,6293
6295,9192.0,25793.0,6294
6296,9192.0,25986.0,6295
6297,9192.0,25834.0,6296
6298,9192.0,26207.0,6297
6299,9192.0,26634.0,6298
6300,9192.0,26538.0,6299
6301,9192.0,26856.0,6300
6302,9192.0,26931.0,6301
6303,9192.0,27067.0,6302
6304,9192.0,26327.0,6303
6305,9192.0,26273.0,6304
6306,9192.0,26273.0,6305
6307,9192.0,26154.0,6306
6308,9192.0,25996.0,6307
6309,9192.0,25996.0,6308
6310,9192.0,26231.0,6309
6311,9192.0,26975.0,6310
6312,9192.0,27190.0,6311
6313,9192.0,26923.0,6312
6314,9192.0,27018.0,6313
6315,9192.0,28754.0,6314
6316,9192.0,28597.0,6315
6317,9192.0,29098.0,6316
6318,9192.0,29189.0,6317
6319,9192.0,30312.0,6318
6320,9192.0,30559.0,6319
6321,9192.0,30585.0,6320
6322,9192.0,31105.0,6321
6323,9192.0,32000.0,6322
6324,9192.0,32452.0,6323
6325,9192.0,32670.0,6324
6326,9192.0,32461.0,6325
6327,9192.0,32461.0,6326
6328,9192.0,32127.0,6327
6329,9192.0,32056.0,6328
6330,9192.0,31926.0,6329
6331,9192.0,31674.0,6330
6332,9192.0,31537.0,6331
6333,9192.0,31382.0,6332
6334,9192.0,31879.0,6333
6335,9192.0,31848.0,6334
6336,9192.0,31999.0,6335
6337,9192.0,30862.0,6336
6338,9192.0,30700.0,6337
6339,9192.0,30738.0,6338
6340,9192.0,30782.0,6339
6341,9192.0,30846.0,6340
6342,9192.0,30489.0,6341
6343,9192.0,30508.0,6342
6344,9192.0,30658.0,6343
6345,9192.0,30658.0,6344
6346,9192.0,30173.0,6345
6347,9192.0,30129.0,6346
6348,9192.0,30192.0,6347
6349,9192.0,30128.0,6348
6350,9192.0,29367.0,6349
6351,9192.0,30047.0,6350
6352,9192.0,30329.0,6351
6353,9192.0,30940.0,6352
6354,9192.0,30915.0,6353
6355,9192.0,30602.0,6354
6356,9192.0,31984.0,6355
6357,9192.0,32393.0,6356
6358,9192.0,30657.0,6357
6359,9192.0,30882.0,6358
6360,9192.0,30890.0,6359
6361,9192.0,30830.0,6360
6362,9192.0,32032.0,6361
6363,9192.0,32049.0,6362
6364,9192.0,32676.0,6363
6365,9192.0,31748.0,6364
6366,9192.0,31746.0,6365
6367,9192.0,31605.0,6366
6368,9192.0,30656.0,6367
6369,9192.0,30685.0,6368
6370,9192.0,30147.0,6369
6371,9192.0,29341.0,6370
6372,9192.0,28295.0,6371
6373,9192.0,28457.0,6372
6374,9192.0,28457.0,6373
6375,9192.0,27940.0,6374
6376,9192.0,27972.0,6375
6377,9192.0,27740.0,6376
6378,9192.0,28072.0,6377
6379,9192.0,28019.0,6378
6380,9192.0,27926.0,6379
6381,9192.0,26781.0,6380
6382,9192.0,26935.0,6381
6383,9192.0,27101.0,6382
6384,9192.0,27601.0,6383
6385,9192.0,27568.0,6384
6386,9192.0,27581.0,6385
6387,9192.0,28488.0,6386
6388,9192.0,28205.0,6387
6389,9192.0,28839.0,6388
6390,9192.0,28835.0,6389
6391,9192.0,28837.0,6390
6392,9192.0,28751.0,6391
6393,9192.0,28505.0,6392
6394,9192.0,28127.0,6393
6395,9192.0,28705.0,6394
6396,9192.0,29374.0,6395
6397,9192.0,29516.0,6396
6398,9192.0,29887.0,6397
6399,9192.0,29836.0,6398
6400,9192.0,29720.0,6399
6401,9192.0,31973.0,6400
6402,9192.0,32235.0,6401
6403,9192.0,31734.0,6402
6404,9192.0,31771.0,6403
6405,9192.0,32088.0,6404
6406,9192.0,32126.0,6405
6407,9192.0,31932.0,6406
6408,9192.0,31916.0,6407
6409,9192.0,32037.0,6408
6410,9192.0,32529.0,6409
6411,9192.0,32420.0,6410
6412,9192.0,32906.0,6411
6413,9192.0,32968.0,6412
6414,9192.0,32979.0,6413
6415,9192.0,32809.0,6414
6416,9192.0,32135.0,6415
6417,9192.0,32198.0,6416
6418,9192.0,32250.0,6417
6419,9192.0,32442.0,6418
6420,9192.0,32931.0,6419
6421,9192.0,33258.0,6420
6422,9192.0,33162.0,6421
6423,9192.0,33162.0,6422
6424,9192.0,32707.0,6423
6425,9192.0,32707.0,6424
6426,9192.0,32533.0,6425
6427,9192.0,32602.0,6426
6428,9192.0,32365.0,6427
6429,9192.0,31357.0,6428
6430,9192.0,31386.0,6429
6431,9192.0,31469.0,6430
6432,9192.0,31515.0,6431
6433,9192.0,32190.0,6432
6434,9192.0,30673.0,6433
6435,9192.0,30148.0,6434
6436,9192.0,30663.0,6435
6437,9192.0,30597.0,6436
6438,9192.0,29751.0,6437
6439,9192.0,29453.0,6438
6440,9192.0,29395.0,6439
6441,9192.0,29395.0,6440
6442,9192.0,28189.0,6441
6443,9192.0,28465.0,6442
6444,9192.0,28463.0,6443
6445,9192.0,28909.0,6444
6446,9192.0,28926.0,6445
6447,9192.0,28924.0,6446
6448,9192.0,29120.0,6447
6449,9192.0,29987.0,6448
6450,9192.0,29853.0,6449
6451,9192.0,29375.0,6450
6452,9192.0,29375.0,6451
6453,9192.0,29995.0,6452
6454,9192.0,30582.0,6453
6455,9192.0,29461.0,6454
6456,9192.0,30889.0,6455
6457,9192.0,30889.0,6456
6458,9192.0,29603.0,6457
6459,9192.0,29774.0,6458
6460,9192.0,29691.0,6459
6461,9192.0,29803.0,6460
6462,9192.0,29661.0,6461
6463,9192.0,30406.0,6462
6464,9192.0,30408.0,6463
6465,9192.0,30096.0,6464
6466,9192.0,30127.0,6465
6467,9192.0,30466.0,6466
6468,9192.0,30302.0,6467
6469,9192.0,30246.0,6468
6470,9192.0,30246.0,6469
6471,9192.0,30958.0,6470
6472,9192.0,31021.0,6471
6473,9192.0,30145.0,6472
6474,9192.0,30751.0,6473
6475,9192.0,30751.0,6474
6476,9192.0,30121.0,6475
6477,9192.0,30118.0,6476
6478,9192.0,30039.0,6477
6479,9192.0,30461.0,6478
6480,9192.0,30533.0,6479
6481,9192.0,30583.0,6480
6482,9192.0,29702.0,6481
6483,9192.0,29476.0,6482
6484,9192.0,29731.0,6483
6485,9192.0,29247.0,6484
6486,9192.0,29744.0,6485
6487,9192.0,29600.0,6486
6488,9192.0,29600.0,6487
6489,9192.0,29603.0,6488
6490,9192.0,29463.0,6489
6491,9192.0,29062.0,6490
6492,9192.0,29067.0,6491
6493,9192.0,28921.0,6492
6494,9192.0,28911.0,6493
6495,9192.0,28718.0,6494
6496,9192.0,29074.0,6495
6497,9192.0,29085.0,6496
6498,9192.0,28565.0,6497
6499,9192.0,28840.0,6498
6500,9192.0,28840.0,6499
6501,9192.0,28618.0,6500
6502,9192.0,28523.0,6501
6503,9192.0,28529.0,6502
6504,9192.0,29074.0,6503
6505,9192.0,29067.0,6504
6506,9192.0,29329.0,6505
6507,9192.0,29373.0,6506
6508,9192.0,30694.0,6507
6509,9192.0,30659.0,6508
6510,9192.0,30647.0,6509
6511,9192.0,29929.0,6510
6512,9192.0,30086.0,6511
6513,9192.0,29924.0,6512
6514,9192.0,29701.0,6513
6515,9192.0,29742.0,6514
6516,9192.0,29534.0,6515
6517,9192.0,29175.0,6516
6518,9192.0,29534.0,6517
6519,9192.0,29437.0,6518
6520,9192.0,28464.0,6519
6521,9192.0,27915.0,6520
6522,9192.0,27880.0,6521
6523,9192.0,27651.0,6522
6524,9192.0,27815.0,6523
6525,9192.0,27883.0,6524
6526,9192.0,27924.0,6525
6527,9192.0,28312.0,6526
6528,9192.0,28312.0,6527
6529,9192.0,28312.0,6528
6530,9192.0,28055.0,6529
6531,9192.0,27995.0,6530
6532,9192.0,28002.0,6531
6533,9192.0,28067.0,6532
6534,9192.0,27537.0,6533
6535,9192.0,27385.0,6534
6536,9192.0,27500.0,6535
6537,9192.0,28210.0,6536
6538,9192.0,28721.0,6537
6539,9192.0,28765.0,6538
6540,9192.0,28690.0,6539
6541,9192.0,28215.0,6540
6542,9192.0,28291.0,6541
6543,9192.0,28390.0,6542
6544,9192.0,28701.0,6543
6545,9192.0,28515.0,6544
6546,9192.0,28502.0,6545
6547,9192.0,28548.0,6546
6548,9192.0,29022.0,6547
6549,9192.0,29125.0,6548
6550,9192.0,29500.0,6549
6551,9192.0,29709.0,6550
6552,9192.0,29101.0,6551
6553,9192.0,29068.0,6552
6554,9192.0,29320.0,6553
6555,9192.0,29086.0,6554
6556,9192.0,29050.0,6555
6557,9192.0,29054.0,6556
6558,9192.0,27824.0,6557
6559,9192.0,27824.0,6558
6560,9192.0,27774.0,6559
6561,9192.0,27703.0,6560
6562,9192.0,27563.0,6561
6563,9192.0,27484.0,6562
6564,9192.0,27660.0,6563
6565,9192.0,28448.0,6564
6566,9192.0,28451.0,6565
6567,9192.0,28346.0,6566
6568,9192.0,27494.0,6567
6569,9192.0,27495.0,6568
6570,9192.0,28135.0,6569
6571,9192.0,27966.0,6570
6572,9192.0,27966.0,6571
6573,9192.0,28055.0,6572
6574,9192.0,27943.0,6573
6575,9192.0,28285.0,6574
6576,9192.0,28328.0,6575
6577,9192.0,28546.0,6576
6578,9192.0,28458.0,6577
6579,9192.0,28458.0,6578
6580,9192.0,28256.0,6579
6581,9192.0,28026.0,6580
6582,9192.0,28590.0,6581
6583,9192.0,28579.0,6582
6584,9192.0,28082.0,6583
6585,9192.0,29301.0,6584
6586,9192.0,29307.0,6585
6587,9192.0,29113.0,6586
6588,9192.0,28821.0,6587
6589,9192.0,28699.0,6588
6590,9192.0,29360.0,6589
6591,9192.0,30155.0,6590
6592,9192.0,30348.0,6591
6593,9192.0,30442.0,6592
6594,9192.0,29969.0,6593
6595,9192.0,29981.0,6594
6596,9192.0,29984.0,6595
6597,9192.0,30266.0,6596
6598,9192.0,30173.0,6597
6599,9192.0,30365.0,6598
6600,9192.0,30603.0,6599
6601,9192.0,30395.0,6600
6602,9192.0,30325.0,6601
6603,9192.0,30040.0,6602
6604,9192.0,29981.0,6603
6605,9192.0,30800.0,6604
6606,9192.0,30882.0,6605
6607,9192.0,31026.0,6606
6608,9192.0,31110.0,6607
6609,9192.0,30855.0,6608
6610,9192.0,30671.0,6609
6611,9192.0,31036.0,6610
6612,9192.0,30835.0,6611
6613,9192.0,30315.0,6612
6614,9192.0,30213.0,6613
6615,9192.0,30270.0,6614
6616,9192.0,30256.0,6615
6617,9192.0,29979.0,6616
6618,9192.0,29962.0,6617
6619,9192.0,30215.0,6618
6620,9192.0,29999.0,6619
6621,9192.0,30064.0,6620
6622,9192.0,29810.0,6621
6623,9192.0,29811.0,6622
6624,9192.0,28706.0,6623
6625,9192.0,28838.0,6624
6626,9192.0,28599.0,6625
6627,9192.0,29004.0,6626
6628,9192.0,28610.0,6627
6629,9192.0,28392.0,6628
6630,9192.0,28657.0,6629
6631,9192.0,28119.0,6630
6632,9192.0,27832.0,6631
6633,9192.0,27809.0,6632
6634,9192.0,28038.0,6633
6635,9192.0,28038.0,6634
6636,9192.0,28022.0,6635
6637,9192.0,28338.0,6636
6638,9192.0,28306.0,6637
6639,9192.0,27666.0,6638
6640,9192.0,27577.0,6639
6641,9192.0,27474.0,6640
6642,9192.0,26678.0,6641
6643,9192.0,26678.0,6642
6644,9192.0,26889.0,6643
6645,9192.0,27383.0,6644
6646,9192.0,27362.0,6645
6647,9192.0,27242.0,6646
6648,9192.0,27241.0,6647
6649,9192.0,27240.0,6648
6650,9192.0,28302.0,6649
6651,9192.0,28302.0,6650
6652,9192.0,28183.0,6651
6653,9192.0,28502.0,6652
6654,9192.0,29088.0,6653
6655,9192.0,30616.0,6654
6656,9192.0,29859.0,6655
6657,9192.0,29733.0,6656
6658,9192.0,29610.0,6657
6659,9192.0,29981.0,6658
6660,9192.0,30454.0,6659
6661,9192.0,30390.0,6660
6662,9192.0,30572.0,6661
6663,9192.0,30432.0,6662
6664,9192.0,30879.0,6663
6665,9192.0,29841.0,6664
6666,9192.0,29590.0,6665
6667,9192.0,29648.0,6666
6668,9192.0,29648.0,6667
6669,9192.0,29026.0,6668
6670,9192.0,28710.0,6669
6671,9192.0,28887.0,6670
6672,9192.0,28917.0,6671
6673,9192.0,28448.0,6672
6674,9192.0,28493.0,6673
6675,9192.0,28823.0,6674
6676,9192.0,28828.0,6675
6677,9192.0,28419.0,6676
6678,9192.0,28314.0,6677
6679,9192.0,27816.0,6678
6680,9192.0,27727.0,6679
6681,9192.0,27551.0,6680
6682,9192.0,27124.0,6681
6683,9192.0,27124.0,6682
6684,9192.0,27371.0,6683
6685,9192.0,28527.0,6684
6686,9192.0,28662.0,6685
6687,9192.0,29484.0,6686
6688,9192.0,29066.0,6687
6689,9192.0,28991.0,6688
6690,9192.0,28978.0,6689
6691,9192.0,28954.0,6690
6692,9192.0,29402.0,6691
6693,9192.0,28868.0,6692
6694,9192.0,28538.0,6693
6695,9192.0,28538.0,6694
6696,9192.0,28698.0,6695
6697,9192.0,28671.0,6696
6698,9192.0,28964.0,6697
6699,9192.0,28895.0,6698
6700,9192.0,28406.0,6699
6701,9192.0,28678.0,6700
6702,9192.0,28678.0,6701
6703,9192.0,27837.0,6702
6704,9192.0,27826.0,6703
6705,9192.0,27809.0,6704
6706,9192.0,27644.0,6705
6707,9192.0,27373.0,6706
6708,9192.0,27390.0,6707
6709,9192.0,28133.0,6708
6710,9192.0,28150.0,6709
6711,9192.0,28150.0,6710
6712,9192.0,28258.0,6711
6713,9192.0,28449.0,6712
6714,9192.0,28828.0,6713
6715,9192.0,29356.0,6714
6716,9192.0,28716.0,6715
6717,9192.0,28478.0,6716
6718,9192.0,28445.0,6717
6719,9192.0,28437.0,6718
6720,9192.0,29080.0,6719
6721,9192.0,28860.0,6720
6722,9192.0,28639.0,6721
6723,9192.0,29730.0,6722
6724,9192.0,29979.0,6723
6725,9192.0,30465.0,6724
6726,9192.0,30565.0,6725
6727,9192.0,30565.0,6726
6728,9192.0,30244.0,6727
6729,9192.0,30457.0,6728
6730,9192.0,29434.0,6729
6731,9192.0,29202.0,6730
6732,9192.0,28949.0,6731
6733,9192.0,28923.0,6732
6734,9192.0,29024.0,6733
6735,9192.0,28857.0,6734
6736,9192.0,28945.0,6735
6737,9192.0,29101.0,6736
6738,9192.0,30896.0,6737
6739,9192.0,30303.0,6738
6740,9192.0,30247.0,6739
6741,9192.0,30203.0,6740
6742,9192.0,30220.0,6741
6743,9192.0,30167.0,6742
6744,9192.0,30961.0,6743
6745,9192.0,30099.0,6744
6746,9192.0,30399.0,6745
6747,9192.0,30456.0,6746
6748,9192.0,30456.0,6747
6749,9192.0,29915.0,6748
6750,9192.0,30722.0,6749
6751,9192.0,30727.0,6750
6752,9192.0,30295.0,6751
6753,9192.0,30646.0,6752
6754,9192.0,30075.0,6753
6755,9192.0,30973.0,6754
6756,9192.0,31550.0,6755
6757,9192.0,31506.0,6756
6758,9192.0,31310.0,6757
6759,9192.0,31305.0,6758
6760,9192.0,31153.0,6759
6761,9192.0,31452.0,6760
6762,9192.0,31042.0,6761
6763,9192.0,30815.0,6762
6764,9192.0,31500.0,6763
6765,9192.0,31175.0,6764
6766,9192.0,31256.0,6765
6767,9192.0,31249.0,6766
6768,9192.0,31652.0,6767
6769,9192.0,31205.0,6768
6770,9192.0,31219.0,6769
6771,9192.0,31410.0,6770
6772,9192.0,31111.0,6771
6773,9192.0,30774.0,6772
6774,9192.0,30874.0,6773
6775,9192.0,30903.0,6774
6776,9192.0,30947.0,6775
6777,9192.0,30834.0,6776
6778,9192.0,31529.0,6777
6779,9192.0,31652.0,6778
6780,9192.0,31365.0,6779
6781,9192.0,30948.0,6780
6782,9192.0,30895.0,6781
6783,9192.0,30784.0,6782
6784,9192.0,31044.0,6783
6785,9192.0,31262.0,6784
6786,9192.0,31096.0,6785
6787,9192.0,31098.0,6786
6788,9192.0,31161.0,6787
6789,9192.0,30681.0,6788
6790,9192.0,31603.0,6789
6791,9192.0,31784.0,6790
6792,9192.0,31197.0,6791
6793,9192.0,31131.0,6792
6794,9192.0,31766.0,6793
6795,9192.0,32223.0,6794
6796,9192.0,31126.0,6795
6797,9192.0,31073.0,6796
6798,9192.0,31512.0,6797
6799,9192.0,31441.0,6798
6800,9192.0,31915.0,6799
6801,9192.0,31844.0,6800
6802,9192.0,32057.0,6801
6803,9192.0,31810.0,6802
6804,9192.0,31813.0,6803
6805,9192.0,32596.0,6804
6806,9192.0,32592.0,6805
6807,9192.0,32587.0,6806
6808,9192.0,32959.0,6807
6809,9192.0,33012.0,6808
6810,9192.0,33128.0,6809
6811,9192.0,33254.0,6810
6812,9192.0,32700.0,6811
6813,9192.0,32589.0,6812
6814,9192.0,32497.0,6813
6815,9192.0,32455.0,6814
6816,9192.0,31808.0,6815
6817,9192.0,30542.0,6816
6818,9192.0,30426.0,6817
6819,9192.0,30426.0,6818
6820,9192.0,29431.0,6819
6821,9192.0,28071.0,6820
6822,9192.0,28160.0,6821
6823,9192.0,26493.0,6822
6824,9192.0,26493.0,6823
6825,9192.0,25034.0,6824
6826,9192.0,25004.0,6825
6827,9192.0,25240.0,6826
6828,9192.0,25729.0,6827
6829,9192.0,25216.0,6828
6830,9192.0,25241.0,6829
6831,9192.0,25331.0,6830
6832,9192.0,25321.0,6831
6833,9192.0,24980.0,6832
6834,9192.0,24510.0,6833
6835,9192.0,25258.0,6834
6836,9192.0,25465.0,6835
6837,9192.0,26002.0,6836
6838,9192.0,25492.0,6837
6839,9192.0,25560.0,6838
6840,9192.0,25920.0,6839
6841,9192.0,25920.0,6840
6842,9192.0,25723.0,6841
6843,9192.0,26409.0,6842
6844,9192.0,26509.0,6843
6845,9192.0,27119.0,6844
6846,9192.0,27127.0,6845
6847,9192.0,26782.0,6846
6848,9192.0,26753.0,6847
6849,9192.0,27667.0,6848
6850,9192.0,27633.0,6849
6851,9192.0,27180.0,6850
6852,9192.0,27180.0,6851
6853,9192.0,27431.0,6852
6854,9192.0,27883.0,6853
6855,9192.0,27494.0,6854
6856,9192.0,28228.0,6855
6857,9192.0,28371.0,6856
6858,9192.0,29405.0,6857
6859,9192.0,29138.0,6858
6860,9192.0,29535.0,6859
6861,9192.0,29382.0,6860
6862,9192.0,29269.0,6861
6863,9192.0,29287.0,6862
6864,9192.0,29187.0,6863
6865,9192.0,29187.0,6864
6866,9192.0,29989.0,6865
6867,9192.0,29989.0,6866
6868,9192.0,30253.0,6867
6869,9192.0,29208.0,6868
6870,9192.0,29035.0,6869
6871,9192.0,29368.0,6870
6872,9192.0,29479.0,6871
6873,9192.0,29394.0,6872
6874,9192.0,29368.0,6873
6875,9192.0,29252.0,6874
6876,9192.0,29540.0,6875
6877,9192.0,29373.0,6876
6878,9192.0,29683.0,6877
6879,9192.0,30287.0,6878
6880,9192.0,29935.0,6879
6881,9192.0,29903.0,6880
6882,9192.0,29914.0,6881
6883,9192.0,29890.0,6882
6884,9192.0,30103.0,6883
6885,9192.0,29364.0,6884
6886,9192.0,29396.0,6885
6887,9192.0,29251.0,6886
6888,9192.0,30199.0,6887
6889,9192.0,29696.0,6888
6890,9192.0,29766.0,6889
6891,9192.0,29578.0,6890
6892,9192.0,29663.0,6891
6893,9192.0,29765.0,6892
6894,9192.0,29765.0,6893
6895,9192.0,29538.0,6894
6896,9192.0,30609.0,6895
6897,9192.0,30917.0,6896
6898,9192.0,30914.0,6897
6899,9192.0,30914.0,6898
6900,9192.0,31028.0,6899
6901,9192.0,30628.0,6900
6902,9192.0,30596.0,6901
6903,9192.0,30113.0,6902
6904,9192.0,29852.0,6903
6905,9192.0,29864.0,6904
6906,9192.0,30141.0,6905
6907,9192.0,30577.0,6906
6908,9192.0,30744.0,6907
6909,9192.0,30737.0,6908
6910,9192.0,30814.0,6909
6911,9192.0,31356.0,6910
6912,9192.0,31124.0,6911
6913,9192.0,31142.0,6912
6914,9192.0,31124.0,6913
6915,9192.0,30332.0,6914
6916,9192.0,29863.0,6915
6917,9192.0,29495.0,6916
6918,9192.0,29285.0,6917
6919,9192.0,29144.0,6918
6920,9192.0,28855.0,6919
6921,9192.0,28875.0,6920
6922,9192.0,28470.0,6921
6923,9192.0,28036.0,6922
6924,9192.0,29887.0,6923
6925,9192.0,29891.0,6924
6926,9192.0,29867.0,6925
6927,9192.0,29355.0,6926
6928,9192.0,27952.0,6927
6929,9192.0,27969.0,6928
6930,9192.0,27667.0,6929
6931,9192.0,27355.0,6930
6932,9192.0,27328.0,6931
6933,9192.0,26353.0,6932
6934,9192.0,26353.0,6933
6935,9192.0,26813.0,6934
6936,9192.0,26900.0,6935
6937,9192.0,26900.0,6936
6938,9192.0,26864.0,6937
6939,9192.0,27348.0,6938
6940,9192.0,27157.0,6939
6941,9192.0,27168.0,6940
6942,9192.0,26967.0,6941
6943,9192.0,26967.0,6942
6944,9192.0,26967.0,6943
6945,9192.0,26613.0,6944
6946,9192.0,26320.0,6945
6947,9192.0,26776.0,6946
6948,9192.0,26313.0,6947
6949,9192.0,26099.0,6948
6950,9192.0,26486.0,6949
6951,9192.0,27024.0,6950
6952,9192.0,26921.0,6951
6953,9192.0,27567.0,6952
6954,9192.0,27690.0,6953
6955,9192.0,27833.0,6954
6956,9192.0,27844.0,6955
6957,9192.0,28284.0,6956
6958,9192.0,28276.0,6957
6959,9192.0,27581.0,6958
6960,9192.0,27581.0,6959
6961,9192.0,27766.0,6960
6962,9192.0,27083.0,6961
6963,9192.0,26371.0,6962
6964,9192.0,26741.0,6963
6965,9192.0,28303.0,6964
6966,9192.0,28996.0,6965
6967,9192.0,28996.0,6966
6968,9192.0,28996.0,6967
6969,9192.0,28970.0,6968
6970,9192.0,28242.0,6969
6971,9192.0,28170.0,6970
6972,9192.0,28178.0,6971
6973,9192.0,28170.0,6972
6974,9192.0,28197.0,6973
6975,9192.0,26664.0,6974
6976,9192.0,27035.0,6975
6977,9192.0,27012.0,6976
6978,9192.0,26751.0,6977
6979,9192.0,26721.0,6978
6980,9192.0,27650.0,6979
6981,9192.0,27130.0,6980
6982,9192.0,27247.0,6981
6983,9192.0,27097.0,6982
6984,9192.0,27089.0,6983
6985,9192.0,27155.0,6984
6986,9192.0,27155.0,6985
6987,9192.0,28516.0,6986
6988,9192.0,28669.0,6987
6989,9192.0,27916.0,6988
6990,9192.0,27930.0,6989
6991,9192.0,27200.0,6990
6992,9192.0,27461.0,6991
6993,9192.0,27457.0,6992
6994,9192.0,27319.0,6993
6995,9192.0,26713.0,6994
6996,9192.0,27539.0,6995
6997,9192.0,27539.0,6996
6998,9192.0,28353.0,6997
6999,9192.0,28455.0,6998
7000,9192.0,29510.0,6999
7001,9192.0,29510.0,7000
7002,9192.0,28937.0,7001
7003,9192.0,28899.0,7002
7004,9192.0,29284.0,7003
7005,9192.0,29438.0,7004
7006,9192.0,29824.0,7005
7007,9192.0,29837.0,7006
7008,9192.0,29759.0,7007
7009,9192.0,29759.0,7008
7010,9192.0,29466.0,7009
7011,9192.0,30393.0,7010
7012,9192.0,30406.0,7011
7013,9192.0,30724.0,7012
7014,9192.0,30793.0,7013
7015,9192.0,30973.0,7014
7016,9192.0,30554.0,7015
7017,9192.0,30962.0,7016
7018,9192.0,31188.0,7017
7019,9192.0,31199.0,7018
7020,9192.0,31593.0,7019
7021,9192.0,31756.0,7020
7022,9192.0,31917.0,7021
7023,9192.0,31968.0,7022
7024,9192.0,31861.0,7023
7025,9192.0,31553.0,7024
7026,9192.0,31154.0,7025
7027,9192.0,30949.0,7026
7028,9192.0,30787.0,7027
7029,9192.0,30641.0,7028
7030,9192.0,30445.0,7029
7031,9192.0,30444.0,7030
7032,9192.0,30787.0,7031
7033,9192.0,30355.0,7032
7034,9192.0,30355.0,7033
7035,9192.0,29644.0,7034
7036,9192.0,30971.0,7035
7037,9192.0,30870.0,7036
7038,9192.0,31020.0,7037
7039,9192.0,31014.0,7038
7040,9192.0,29597.0,7039
7041,9192.0,29256.0,7040
7042,9192.0,30223.0,7041
7043,9192.0,30031.0,7042
7044,9192.0,30170.0,7043
7045,9192.0,29461.0,7044
7046,9192.0,29402.0,7045
7047,9192.0,29376.0,7046
7048,9192.0,29220.0,7047
7049,9192.0,28689.0,7048
7050,9192.0,28608.0,7049
7051,9192.0,28757.0,7050
7052,9192.0,28757.0,7051
7053,9192.0,29021.0,7052
7054,9192.0,29021.0,7053
7055,9192.0,29743.0,7054
7056,9192.0,28437.0,7055
7057,9192.0,28647.0,7056
7058,9192.0,28435.0,7057
7059,9192.0,28389.0,7058
7060,9192.0,27554.0,7059
7061,9192.0,27975.0,7060
7062,9192.0,28490.0,7061
7063,9192.0,28061.0,7062
7064,9192.0,27955.0,7063
7065,9192.0,28291.0,7064
7066,9192.0,27019.0,7065
7067,9192.0,26868.0,7066
7068,9192.0,28286.0,7067
7069,9192.0,27962.0,7068
7070,9192.0,27785.0,7069
7071,9192.0,28376.0,7070
7072,9192.0,28376.0,7071
7073,9192.0,28984.0,7072
7074,9192.0,29723.0,7073
7075,9192.0,29382.0,7074
7076,9192.0,29415.0,7075
7077,9192.0,29169.0,7076
7078,9192.0,28683.0,7077
7079,9192.0,28683.0,7078
7080,9192.0,30572.0,7079
7081,9192.0,30122.0,7080
7082,9192.0,30205.0,7081
7083,9192.0,30193.0,7082
7084,9192.0,29903.0,7083
7085,9192.0,30124.0,7084
7086,9192.0,28728.0,7085
7087,9192.0,28344.0,7086
7088,9192.0,29824.0,7087
7089,9192.0,30775.0,7088
7090,9192.0,31146.0,7089
7091,9192.0,31067.0,7090
7092,9192.0,31127.0,7091
7093,9192.0,31052.0,7092
7094,9192.0,31138.0,7093
7095,9192.0,31376.0,7094
7096,9192.0,31032.0,7095
7097,9192.0,30888.0,7096
7098,9192.0,30888.0,7097
7099,9192.0,31531.0,7098
7100,9192.0,31215.0,7099
7101,9192.0,30825.0,7100
7102,9192.0,29374.0,7101
7103,9192.0,29707.0,7102
7104,9192.0,29707.0,7103
7105,9192.0,29544.0,7104
7106,9192.0,29475.0,7105
7107,9192.0,29515.0,7106
7108,9192.0,29635.0,7107
7109,9192.0,29378.0,7108
7110,9192.0,29435.0,7109
7111,9192.0,29308.0,7110
7112,9192.0,30658.0,7111
7113,9192.0,30698.0,7112
7114,9192.0,30658.0,7113
7115,9192.0,30808.0,7114
7116,9192.0,30855.0,7115
7117,9192.0,31045.0,7116
7118,9192.0,30466.0,7117
7119,9192.0,30721.0,7118
7120,9192.0,30675.0,7119
7121,9192.0,30861.0,7120
7122,9192.0,30407.0,7121
7123,9192.0,30374.0,7122
7124,9192.0,29884.0,7123
7125,9192.0,31410.0,7124
7126,9192.0,31419.0,7125
7127,9192.0,31420.0,7126
7128,9192.0,31328.0,7127
7129,9192.0,31246.0,7128
7130,9192.0,31303.0,7129
7131,9192.0,31898.0,7130
7132,9192.0,31527.0,7131
7133,9192.0,32384.0,7132
7134,9192.0,32419.0,7133
7135,9192.0,32419.0,7134
7136,9192.0,31421.0,7135
7137,9192.0,31450.0,7136
7138,9192.0,31395.0,7137
7139,9192.0,30835.0,7138
7140,9192.0,31132.0,7139
7141,9192.0,31177.0,7140
7142,9192.0,31524.0,7141
7143,9192.0,31295.0,7142
7144,9192.0,31321.0,7143
7145,9192.0,31300.0,7144
7146,9192.0,31030.0,7145
7147,9192.0,31916.0,7146
7148,9192.0,31760.0,7147
7149,9192.0,31846.0,7148
7150,9192.0,31938.0,7149
7151,9192.0,30762.0,7150
7152,9192.0,30580.0,7151
7153,9192.0,30648.0,7152
7154,9192.0,30881.0,7153
7155,9192.0,31079.0,7154
7156,9192.0,31039.0,7155
7157,9192.0,31153.0,7156
7158,9192.0,31120.0,7157
7159,9192.0,32072.0,7158
7160,9192.0,32230.0,7159
7161,9192.0,32491.0,7160
7162,9192.0,32508.0,7161
7163,9192.0,31421.0,7162
7164,9192.0,31534.0,7163
7165,9192.0,31203.0,7164
7166,9192.0,31638.0,7165
7167,9192.0,31256.0,7166
7168,9192.0,31098.0,7167
7169,9192.0,30871.0,7168
7170,9192.0,31377.0,7169
7171,9192.0,31015.0,7170
7172,9192.0,31776.0,7171
7173,9192.0,31900.0,7172
7174,9192.0,30679.0,7173
7175,9192.0,30347.0,7174
7176,9192.0,29803.0,7175
7177,9192.0,29815.0,7176
7178,9192.0,29815.0,7177
7179,9192.0,29815.0,7178
7180,9192.0,29712.0,7179
7181,9192.0,30860.0,7180
7182,9192.0,31001.0,7181
7183,9192.0,31408.0,7182
7184,9192.0,31315.0,7183
7185,9192.0,31377.0,7184
7186,9192.0,31377.0,7185
7187,9192.0,31042.0,7186
7188,9192.0,30857.0,7187
7189,9192.0,30571.0,7188
7190,9192.0,30641.0,7189
7191,9192.0,30994.0,7190
7192,9192.0,30746.0,7191
7193,9192.0,30554.0,7192
7194,9192.0,30159.0,7193
7195,9192.0,30327.0,7194
7196,9192.0,30230.0,7195
7197,9192.0,30243.0,7196
7198,9192.0,30335.0,7197
7199,9192.0,30880.0,7198
7200,9192.0,32366.0,7199
7201,9192.0,31769.0,7200
7202,9192.0,32179.0,7201
7203,9192.0,32179.0,7202
7204,9192.0,32767.0,7203
7205,9192.0,32767.0,7204
7206,9192.0,32767.0,7205
7207,9192.0,32449.0,7206
7208,9192.0,33056.0,7207
7209,9192.0,32679.0,7208
7210,9192.0,32863.0,7209
7211,9192.0,32598.0,7210
7212,9192.0,32309.0,7211
7213,9192.0,32198.0,7212
7214,9192.0,31981.0,7213
7215,9192.0,32169.0,7214
7216,9192.0,32137.0,7215
7217,9192.0,31832.0,7216
7218,9192.0,32661.0,7217
7219,9192.0,32516.0,7218
7220,9192.0,31344.0,7219
7221,9192.0,31555.0,7220
7222,9192.0,31564.0,7221
7223,9192.0,31503.0,7222
7224,9192.0,31408.0,7223
7225,9192.0,31730.0,7224
7226,9192.0,30496.0,7225
7227,9192.0,31103.0,7226
7228,9192.0,31242.0,7227
7229,9192.0,30324.0,7228
7230,9192.0,29866.0,7229
7231,9192.0,29883.0,7230
7232,9192.0,29405.0,7231
7233,9192.0,29852.0,7232
7234,9192.0,29378.0,7233
7235,9192.0,30401.0,7234
7236,9192.0,30224.0,7235
7237,9192.0,30578.0,7236
7238,9192.0,29927.0,7237
7239,9192.0,29548.0,7238
7240,9192.0,29319.0,7239
7241,9192.0,28374.0,7240
7242,9192.0,29025.0,7241
7243,9192.0,29069.0,7242
7244,9192.0,29878.0,7243
7245,9192.0,29957.0,7244
7246,9192.0,30039.0,7245
7247,9192.0,30039.0,7246
7248,9192.0,29589.0,7247
7249,9192.0,29403.0,7248
7250,9192.0,29301.0,7249
7251,9192.0,28795.0,7250
7252,9192.0,28602.0,7251
7253,9192.0,29184.0,7252
7254,9192.0,28949.0,7253
7255,9192.0,28932.0,7254
7256,9192.0,30034.0,7255
7257,9192.0,29933.0,7256
7258,9192.0,30908.0,7257
7259,9192.0,30801.0,7258
7260,9192.0,30455.0,7259
7261,9192.0,30283.0,7260
7262,9192.0,30568.0,7261
7263,9192.0,30816.0,7262
7264,9192.0,30799.0,7263
7265,9192.0,29988.0,7264
7266,9192.0,28679.0,7265
7267,9192.0,28753.0,7266
7268,9192.0,27986.0,7267
7269,9192.0,28152.0,7268
7270,9192.0,27653.0,7269
7271,9192.0,28286.0,7270
7272,9192.0,28562.0,7271
7273,9192.0,28193.0,7272
7274,9192.0,29269.0,7273
7275,9192.0,29404.0,7274
7276,9192.0,29360.0,7275
7277,9192.0,29360.0,7276
7278,9192.0,29360.0,7277
7279,9192.0,28924.0,7278
7280,9192.0,28811.0,7279
7281,9192.0,28605.0,7280
7282,9192.0,28134.0,7281
7283,9192.0,28149.0,7282
7284,9192.0,28547.0,7283
7285,9192.0,28142.0,7284
7286,9192.0,29109.0,7285
7287,9192.0,28462.0,7286
7288,9192.0,27744.0,7287
7289,9192.0,28581.0,7288
7290,9192.0,29559.0,7289
7291,9192.0,29361.0,7290
7292,9192.0,28860.0,7291
7293,9192.0,28880.0,7292
7294,9192.0,28556.0,7293
7295,9192.0,28464.0,7294
7296,9192.0,28523.0,7295
7297,9192.0,28523.0,7296
7298,9192.0,28140.0,7297
7299,9192.0,28411.0,7298
7300,9192.0,28784.0,7299
7301,9192.0,28784.0,7300
7302,9192.0,30462.0,7301
7303,9192.0,30477.0,7302
7304,9192.0,30001.0,7303
7305,9192.0,30201.0,7304
7306,9192.0,29695.0,7305
7307,9192.0,29242.0,7306
7308,9192.0,29163.0,7307
7309,9192.0,29247.0,7308
7310,9192.0,29743.0,7309
7311,9192.0,29743.0,7310
7312,9192.0,29218.0,7311
7313,9192.0,29392.0,7312
7314,9192.0,28394.0,7313
7315,9192.0,29286.0,7314
7316,9192.0,30544.0,7315
7317,9192.0,30474.0,7316
7318,9192.0,30499.0,7317
7319,9192.0,30014.0,7318
7320,9192.0,29693.0,7319
7321,9192.0,29648.0,7320
7322,9192.0,29745.0,7321
7323,9192.0,29653.0,7322
7324,9192.0,29696.0,7323
7325,9192.0,29376.0,7324
7326,9192.0,29524.0,7325
7327,9192.0,29492.0,7326
7328,9192.0,29542.0,7327
7329,9192.0,29542.0,7328
7330,9192.0,29623.0,7329
7331,9192.0,29825.0,7330
7332,9192.0,29154.0,7331
7333,9192.0,29278.0,7332
7334,9192.0,29293.0,7333
7335,9192.0,28898.0,7334
7336,9192.0,29551.0,7335
7337,9192.0,29457.0,7336
7338,9192.0,29500.0,7337
7339,9192.0,29399.0,7338
7340,9192.0,29522.0,7339
7341,9192.0,29684.0,7340
7342,9192.0,30714.0,7341
7343,9192.0,30287.0,7342
7344,9192.0,30111.0,7343
7345,9192.0,30054.0,7344
7346,9192.0,29813.0,7345
7347,9192.0,29434.0,7346
7348,9192.0,29766.0,7347
7349,9192.0,29766.0,7348
7350,9192.0,30414.0,7349
7351,9192.0,29483.0,7350
7352,9192.0,30252.0,7351
7353,9192.0,30114.0,7352
7354,9192.0,30149.0,7353
7355,9192.0,30342.0,7354
7356,9192.0,30340.0,7355
7357,9192.0,30495.0,7356
7358,9192.0,30495.0,7357
7359,9192.0,29427.0,7358
7360,9192.0,30233.0,7359
7361,9192.0,30093.0,7360
7362,9192.0,30286.0,7361
7363,9192.0,30954.0,7362
7364,9192.0,29771.0,7363
7365,9192.0,29771.0,7364
7366,9192.0,29126.0,7365
7367,9192.0,29081.0,7366
7368,9192.0,29046.0,7367
7369,9192.0,28935.0,7368
7370,9192.0,28935.0,7369
7371,9192.0,28987.0,7370
7372,9192.0,28700.0,7371
7373,9192.0,28708.0,7372
7374,9192.0,28303.0,7373
7375,9192.0,29004.0,7374
7376,9192.0,28986.0,7375
7377,9192.0,28276.0,7376
7378,9192.0,27684.0,7377
7379,9192.0,27347.0,7378
7380,9192.0,27197.0,7379
7381,9192.0,27458.0,7380
7382,9192.0,27364.0,7381
7383,9192.0,28298.0,7382
7384,9192.0,28296.0,7383
7385,9192.0,29253.0,7384
7386,9192.0,29292.0,7385
7387,9192.0,29335.0,7386
7388,9192.0,29190.0,7387
7389,9192.0,29183.0,7388
7390,9192.0,29051.0,7389
7391,9192.0,29051.0,7390
7392,9192.0,29300.0,7391
7393,9192.0,29002.0,7392
7394,9192.0,29345.0,7393
7395,9192.0,29021.0,7394
7396,9192.0,29075.0,7395
7397,9192.0,28234.0,7396
7398,9192.0,28234.0,7397
7399,9192.0,28780.0,7398
7400,9192.0,28721.0,7399
7401,9192.0,28733.0,7400
7402,9192.0,28589.0,7401
7403,9192.0,28910.0,7402
7404,9192.0,28910.0,7403
7405,9192.0,29748.0,7404
7406,9192.0,29876.0,7405
7407,9192.0,29878.0,7406
7408,9192.0,30357.0,7407
7409,9192.0,30201.0,7408
7410,9192.0,31062.0,7409
7411,9192.0,31062.0,7410
7412,9192.0,31006.0,7411
7413,9192.0,31919.0,7412
7414,9192.0,32224.0,7413
7415,9192.0,32224.0,7414
7416,9192.0,33265.0,7415
7417,9192.0,33071.0,7416
7418,9192.0,32831.0,7417
7419,9192.0,32880.0,7418
7420,9192.0,32356.0,7419
7421,9192.0,32356.0,7420
7422,9192.0,32217.0,7421
7423,9192.0,32217.0,7422
7424,9192.0,32146.0,7423
7425,9192.0,32220.0,7424
7426,9192.0,32412.0,7425
7427,9192.0,31524.0,7426
7428,9192.0,32340.0,7427
7429,9192.0,32329.0,7428
7430,9192.0,32341.0,7429
7431,9192.0,32198.0,7430
7432,9192.0,32018.0,7431
7433,9192.0,31865.0,7432
7434,9192.0,31356.0,7433
7435,9192.0,31484.0,7434
7436,9192.0,31848.0,7435
7437,9192.0,30132.0,7436
7438,9192.0,30735.0,7437
7439,9192.0,30254.0,7438
7440,9192.0,30826.0,7439
7441,9192.0,30874.0,7440
7442,9192.0,30285.0,7441
7443,9192.0,28931.0,7442
7444,9192.0,28899.0,7443
7445,9192.0,29027.0,7444
7446,9192.0,29027.0,7445
7447,9192.0,31235.0,7446
7448,9192.0,31573.0,7447
7449,9192.0,32508.0,7448
7450,9192.0,32458.0,7449
7451,9192.0,30941.0,7450
7452,9192.0,31247.0,7451
7453,9192.0,30395.0,7452
7454,9192.0,29919.0,7453
7455,9192.0,29919.0,7454
7456,9192.0,29894.0,7455
7457,9192.0,30255.0,7456
7458,9192.0,30248.0,7457
7459,9192.0,30246.0,7458
7460,9192.0,30523.0,7459
7461,9192.0,30547.0,7460
7462,9192.0,30430.0,7461
7463,9192.0,29727.0,7462
7464,9192.0,29255.0,7463
7465,9192.0,29060.0,7464
7466,9192.0,28905.0,7465
7467,9192.0,28137.0,7466
7468,9192.0,28137.0,7467
7469,9192.0,27763.0,7468
7470,9192.0,27057.0,7469
7471,9192.0,27057.0,7470
7472,9192.0,26693.0,7471
7473,9192.0,26843.0,7472
7474,9192.0,26809.0,7473
7475,9192.0,26427.0,7474
7476,9192.0,26427.0,7475
7477,9192.0,26210.0,7476
7478,9192.0,26210.0,7477
7479,9192.0,27120.0,7478
7480,9192.0,26790.0,7479
7481,9192.0,27675.0,7480
7482,9192.0,27675.0,7481
7483,9192.0,27952.0,7482
7484,9192.0,27064.0,7483
7485,9192.0,28154.0,7484
7486,9192.0,28404.0,7485
7487,9192.0,28829.0,7486
7488,9192.0,28874.0,7487
7489,9192.0,28336.0,7488
7490,9192.0,28084.0,7489
7491,9192.0,26936.0,7490
7492,9192.0,26787.0,7491
7493,9192.0,27915.0,7492
7494,9192.0,27771.0,7493
7495,9192.0,27731.0,7494
7496,9192.0,28254.0,7495
7497,9192.0,29026.0,7496
7498,9192.0,28897.0,7497
7499,9192.0,28669.0,7498
7500,9192.0,28747.0,7499
7501,9192.0,29065.0,7500
7502,9192.0,28921.0,7501
7503,9192.0,28537.0,7502
7504,9192.0,28544.0,7503
7505,9192.0,28263.0,7504
7506,9192.0,27788.0,7505
7507,9192.0,27685.0,7506
7508,9192.0,27558.0,7507
7509,9192.0,27558.0,7508
7510,9192.0,27685.0,7509
7511,9192.0,27685.0,7510
7512,9192.0,27758.0,7511
7513,9192.0,27961.0,7512
7514,9192.0,27386.0,7513
7515,9192.0,26357.0,7514
7516,9192.0,26447.0,7515
7517,9192.0,26674.0,7516
7518,9192.0,26412.0,7517
7519,9192.0,26633.0,7518
7520,9192.0,26852.0,7519
7521,9192.0,26224.0,7520
7522,9192.0,26370.0,7521
7523,9192.0,26184.0,7522
7524,9192.0,26186.0,7523
7525,9192.0,26181.0,7524
7526,9192.0,26297.0,7525
7527,9192.0,26152.0,7526
7528,9192.0,24875.0,7527
7529,9192.0,24458.0,7528
7530,9192.0,24521.0,7529
7531,9192.0,24597.0,7530
7532,9192.0,24554.0,7531
7533,9192.0,24430.0,7532
7534,9192.0,24427.0,7533
7535,9192.0,24427.0,7534
7536,9192.0,24709.0,7535
7537,9192.0,24447.0,7536
7538,9192.0,24447.0,7537
7539,9192.0,24524.0,7538
7540,9192.0,24621.0,7539
7541,9192.0,24621.0,7540
7542,9192.0,25215.0,7541
7543,9192.0,24893.0,7542
7544,9192.0,25374.0,7543
7545,9192.0,24642.0,7544
7546,9192.0,24701.0,7545
7547,9192.0,25304.0,7546
7548,9192.0,25706.0,7547
7549,9192.0,24226.0,7548
7550,9192.0,24043.0,7549
7551,9192.0,24533.0,7550
7552,9192.0,25896.0,7551
7553,9192.0,25829.0,7552
7554,9192.0,25768.0,7553
7555,9192.0,26510.0,7554
7556,9192.0,26365.0,7555
7557,9192.0,26861.0,7556
7558,9192.0,26957.0,7557
7559,9192.0,27596.0,7558
7560,9192.0,27584.0,7559
7561,9192.0,28020.0,7560
7562,9192.0,28020.0,7561
7563,9192.0,28746.0,7562
7564,9192.0,28559.0,7563
7565,9192.0,28691.0,7564
7566,9192.0,28087.0,7565
7567,9192.0,27797.0,7566
7568,9192.0,27797.0,7567
7569,9192.0,27838.0,7568
7570,9192.0,28698.0,7569
7571,9192.0,28420.0,7570
7572,9192.0,28711.0,7571
7573,9192.0,28385.0,7572
7574,9192.0,28192.0,7573
7575,9192.0,28091.0,7574
7576,9192.0,27778.0,7575
7577,9192.0,27073.0,7576
7578,9192.0,28218.0,7577
7579,9192.0,28171.0,7578
7580,9192.0,28218.0,7579
7581,9192.0,28118.0,7580
7582,9192.0,28373.0,7581
7583,9192.0,29049.0,7582
7584,9192.0,29530.0,7583
7585,9192.0,28635.0,7584
7586,9192.0,29843.0,7585
7587,9192.0,29776.0,7586
7588,9192.0,29759.0,7587
7589,9192.0,29988.0,7588
7590,9192.0,28716.0,7589
7591,9192.0,28466.0,7590
7592,9192.0,28461.0,7591
7593,9192.0,28511.0,7592
7594,9192.0,28684.0,7593
7595,9192.0,28624.0,7594
7596,9192.0,28632.0,7595
7597,9192.0,27322.0,7596
7598,9192.0,27477.0,7597
7599,9192.0,29065.0,7598
7600,9192.0,29098.0,7599
7601,9192.0,28860.0,7600
7602,9192.0,28428.0,7601
7603,9192.0,28561.0,7602
7604,9192.0,28561.0,7603
7605,9192.0,28544.0,7604
7606,9192.0,28515.0,7605
7607,9192.0,29253.0,7606
7608,9192.0,29061.0,7607
7609,9192.0,27940.0,7608
7610,9192.0,27929.0,7609
7611,9192.0,28042.0,7610
7612,9192.0,27902.0,7611
7613,9192.0,28303.0,7612
7614,9192.0,29164.0,7613
7615,9192.0,29218.0,7614
7616,9192.0,29134.0,7615
7617,9192.0,29637.0,7616
7618,9192.0,29637.0,7617
7619,9192.0,30167.0,7618
7620,9192.0,29826.0,7619
7621,9192.0,30970.0,7620
7622,9192.0,30953.0,7621
7623,9192.0,29734.0,7622
7624,9192.0,29629.0,7623
7625,9192.0,29732.0,7624
7626,9192.0,29975.0,7625
7627,9192.0,29950.0,7626
7628,9192.0,29840.0,7627
7629,9192.0,29638.0,7628
7630,9192.0,30994.0,7629
7631,9192.0,30786.0,7630
7632,9192.0,30921.0,7631
7633,9192.0,30216.0,7632
7634,9192.0,29709.0,7633
7635,9192.0,29881.0,7634
7636,9192.0,29640.0,7635
7637,9192.0,29755.0,7636
7638,9192.0,29747.0,7637
7639,9192.0,29275.0,7638
7640,9192.0,29392.0,7639
7641,9192.0,29459.0,7640
7642,9192.0,29429.0,7641
7643,9192.0,28992.0,7642
7644,9192.0,28992.0,7643
7645,9192.0,28613.0,7644
7646,9192.0,28595.0,7645
7647,9192.0,28595.0,7646
7648,9192.0,28436.0,7647
7649,9192.0,28273.0,7648
7650,9192.0,27886.0,7649
7651,9192.0,27586.0,7650
7652,9192.0,27479.0,7651
7653,9192.0,27560.0,7652
7654,9192.0,27948.0,7653
7655,9192.0,27565.0,7654
7656,9192.0,28091.0,7655
7657,9192.0,28069.0,7656
7658,9192.0,28327.0,7657
7659,9192.0,28004.0,7658
7660,9192.0,26509.0,7659
7661,9192.0,26513.0,7660
7662,9192.0,27576.0,7661
7663,9192.0,28445.0,7662
7664,9192.0,28445.0,7663
7665,9192.0,28018.0,7664
7666,9192.0,27745.0,7665
7667,9192.0,27595.0,7666
7668,9192.0,27595.0,7667
7669,9192.0,27074.0,7668
7670,9192.0,27152.0,7669
7671,9192.0,27580.0,7670
7672,9192.0,27589.0,7671
7673,9192.0,26385.0,7672
7674,9192.0,26067.0,7673
7675,9192.0,25554.0,7674
7676,9192.0,24846.0,7675
7677,9192.0,25709.0,7676
7678,9192.0,25709.0,7677
7679,9192.0,25616.0,7678
7680,9192.0,26089.0,7679
7681,9192.0,26385.0,7680
7682,9192.0,25726.0,7681
7683,9192.0,26181.0,7682
7684,9192.0,26181.0,7683
7685,9192.0,26181.0,7684
7686,9192.0,25751.0,7685
7687,9192.0,25971.0,7686
7688,9192.0,26180.0,7687
7689,9192.0,26995.0,7688
7690,9192.0,26626.0,7689
7691,9192.0,28406.0,7690
7692,9192.0,27753.0,7691
7693,9192.0,27763.0,7692
7694,9192.0,27687.0,7693
7695,9192.0,27762.0,7694
7696,9192.0,27525.0,7695
7697,9192.0,27009.0,7696
7698,9192.0,27041.0,7697
7699,9192.0,27209.0,7698
7700,9192.0,27888.0,7699
7701,9192.0,28142.0,7700
7702,9192.0,28706.0,7701
7703,9192.0,27992.0,7702
7704,9192.0,27617.0,7703
7705,9192.0,28533.0,7704
7706,9192.0,28835.0,7705
7707,9192.0,29228.0,7706
7708,9192.0,29155.0,7707
7709,9192.0,29163.0,7708
7710,9192.0,29430.0,7709
7711,9192.0,28990.0,7710
7712,9192.0,29099.0,7711
7713,9192.0,28816.0,7712
7714,9192.0,28726.0,7713
7715,9192.0,28895.0,7714
7716,9192.0,28670.0,7715
7717,9192.0,28470.0,7716
7718,9192.0,28519.0,7717
7719,9192.0,28886.0,7718
7720,9192.0,29178.0,7719
7721,9192.0,29292.0,7720
7722,9192.0,30476.0,7721
7723,9192.0,30029.0,7722
7724,9192.0,30042.0,7723
7725,9192.0,30143.0,7724
7726,9192.0,30145.0,7725
7727,9192.0,30145.0,7726
7728,9192.0,29803.0,7727
7729,9192.0,30121.0,7728
7730,9192.0,29497.0,7729
7731,9192.0,29574.0,7730
7732,9192.0,30091.0,7731
7733,9192.0,29975.0,7732
7734,9192.0,30607.0,7733
7735,9192.0,30453.0,7734
7736,9192.0,30222.0,7735
7737,9192.0,30480.0,7736
7738,9192.0,30886.0,7737
7739,9192.0,31262.0,7738
7740,9192.0,31217.0,7739
7741,9192.0,31350.0,7740
7742,9192.0,30806.0,7741
7743,9192.0,30942.0,7742
7744,9192.0,30424.0,7743
7745,9192.0,30638.0,7744
7746,9192.0,30776.0,7745
7747,9192.0,30597.0,7746
7748,9192.0,30375.0,7747
7749,9192.0,29894.0,7748
7750,9192.0,29225.0,7749
7751,9192.0,29225.0,7750
7752,9192.0,29189.0,7751
7753,9192.0,29038.0,7752
7754,9192.0,28831.0,7753
7755,9192.0,28857.0,7754
7756,9192.0,28829.0,7755
7757,9192.0,28746.0,7756
7758,9192.0,28136.0,7757
7759,9192.0,27989.0,7758
7760,9192.0,27980.0,7759
7761,9192.0,27502.0,7760
7762,9192.0,27392.0,7761
7763,9192.0,27577.0,7762
7764,9192.0,26865.0,7763
7765,9192.0,27004.0,7764
7766,9192.0,26928.0,7765
7767,9192.0,26736.0,7766
7768,9192.0,26649.0,7767
7769,9192.0,26580.0,7768
7770,9192.0,25322.0,7769
7771,9192.0,25148.0,7770
7772,9192.0,25440.0,7771
7773,9192.0,24706.0,7772
7774,9192.0,24706.0,7773
7775,9192.0,24757.0,7774
7776,9192.0,24757.0,7775
7777,9192.0,25206.0,7776
7778,9192.0,25026.0,7777
7779,9192.0,24748.0,7778
7780,9192.0,24173.0,7779
7781,9192.0,22924.0,7780
7782,9192.0,24029.0,7781
7783,9192.0,24237.0,7782
7784,9192.0,24941.0,7783
7785,9192.0,24737.0,7784
7786,9192.0,24738.0,7785
7787,9192.0,25796.0,7786
7788,9192.0,25726.0,7787
7789,9192.0,26016.0,7788
7790,9192.0,26755.0,7789
7791,9192.0,26593.0,7790
7792,9192.0,26712.0,7791
7793,9192.0,27697.0,7792
7794,9192.0,27571.0,7793
7795,9192.0,28177.0,7794
7796,9192.0,28147.0,7795
7797,9192.0,28089.0,7796
7798,9192.0,28066.0,7797
7799,9192.0,28093.0,7798
7800,9192.0,28784.0,7799
7801,9192.0,28759.0,7800
7802,9192.0,27813.0,7801
7803,9192.0,28057.0,7802
7804,9192.0,27680.0,7803
7805,9192.0,27625.0,7804
7806,9192.0,27756.0,7805
7807,9192.0,28124.0,7806
7808,9192.0,27787.0,7807
7809,9192.0,27386.0,7808
7810,9192.0,27744.0,7809
7811,9192.0,27381.0,7810
7812,9192.0,28333.0,7811
7813,9192.0,28884.0,7812
7814,9192.0,29707.0,7813
7815,9192.0,29689.0,7814
7816,9192.0,29849.0,7815
7817,9192.0,29773.0,7816
7818,9192.0,29774.0,7817
7819,9192.0,29713.0,7818
7820,9192.0,30243.0,7819
7821,9192.0,30581.0,7820
7822,9192.0,29779.0,7821
7823,9192.0,29910.0,7822
7824,9192.0,29870.0,7823
7825,9192.0,29658.0,7824
7826,9192.0,30026.0,7825
7827,9192.0,30026.0,7826
7828,9192.0,30051.0,7827
7829,9192.0,30614.0,7828
7830,9192.0,30606.0,7829
7831,9192.0,30594.0,7830
7832,9192.0,29294.0,7831
7833,9192.0,29294.0,7832
7834,9192.0,29294.0,7833
7835,9192.0,29673.0,7834
7836,9192.0,29536.0,7835
7837,9192.0,28905.0,7836
7838,9192.0,29018.0,7837
7839,9192.0,29063.0,7838
7840,9192.0,29351.0,7839
7841,9192.0,29325.0,7840
7842,9192.0,29893.0,7841
7843,9192.0,30059.0,7842
7844,9192.0,30285.0,7843
7845,9192.0,30263.0,7844
7846,9192.0,30182.0,7845
7847,9192.0,30206.0,7846
7848,9192.0,30822.0,7847
7849,9192.0,30822.0,7848
7850,9192.0,31220.0,7849
7851,9192.0,31443.0,7850
7852,9192.0,31844.0,7851
7853,9192.0,31972.0,7852
7854,9192.0,32673.0,7853
7855,9192.0,32300.0,7854
7856,9192.0,32383.0,7855
7857,9192.0,31988.0,7856
7858,9192.0,32660.0,7857
7859,9192.0,31968.0,7858
7860,9192.0,31968.0,7859
7861,9192.0,32001.0,7860
7862,9192.0,31776.0,7861
7863,9192.0,32005.0,7862
7864,9192.0,32366.0,7863
7865,9192.0,32376.0,7864
7866,9192.0,32580.0,7865
7867,9192.0,32653.0,7866
7868,9192.0,32698.0,7867
7869,9192.0,31561.0,7868
7870,9192.0,31588.0,7869
7871,9192.0,31113.0,7870
7872,9192.0,31348.0,7871
7873,9192.0,31192.0,7872
7874,9192.0,31367.0,7873
7875,9192.0,31082.0,7874
7876,9192.0,31082.0,7875
7877,9192.0,31082.0,7876
7878,9192.0,30891.0,7877
7879,9192.0,30026.0,7878
7880,9192.0,30024.0,7879
7881,9192.0,29435.0,7880
7882,9192.0,29359.0,7881
7883,9192.0,28678.0,7882
7884,9192.0,28776.0,7883
7885,9192.0,28988.0,7884
7886,9192.0,28308.0,7885
7887,9192.0,28405.0,7886
7888,9192.0,28352.0,7887
7889,9192.0,28352.0,7888
7890,9192.0,28419.0,7889
7891,9192.0,28507.0,7890
7892,9192.0,28407.0,7891
7893,9192.0,27585.0,7892
7894,9192.0,27489.0,7893
7895,9192.0,27880.0,7894
7896,9192.0,28358.0,7895
7897,9192.0,28365.0,7896
7898,9192.0,28343.0,7897
7899,9192.0,28323.0,7898
7900,9192.0,29678.0,7899
7901,9192.0,30479.0,7900
7902,9192.0,29866.0,7901
7903,9192.0,29711.0,7902
7904,9192.0,29711.0,7903
7905,9192.0,29288.0,7904
7906,9192.0,29408.0,7905
7907,9192.0,29403.0,7906
7908,9192.0,28437.0,7907
7909,9192.0,28519.0,7908
7910,9192.0,28356.0,7909
7911,9192.0,28354.0,7910
7912,9192.0,28142.0,7911
7913,9192.0,27651.0,7912
7914,9192.0,27267.0,7913
7915,9192.0,27055.0,7914
7916,9192.0,27005.0,7915
7917,9192.0,27083.0,7916
7918,9192.0,27501.0,7917
7919,9192.0,29575.0,7918
7920,9192.0,29828.0,7919
7921,9192.0,30937.0,7920
7922,9192.0,30288.0,7921
7923,9192.0,30288.0,7922
7924,9192.0,30286.0,7923
7925,9192.0,30204.0,7924
7926,9192.0,30453.0,7925
7927,9192.0,30323.0,7926
7928,9192.0,30323.0,7927
7929,9192.0,30419.0,7928
7930,9192.0,30345.0,7929
7931,9192.0,30427.0,7930
7932,9192.0,30517.0,7931
7933,9192.0,30273.0,7932
7934,9192.0,30335.0,7933
7935,9192.0,30425.0,7934
7936,9192.0,29789.0,7935
7937,9192.0,29109.0,7936
7938,9192.0,28707.0,7937
7939,9192.0,29490.0,7938
7940,9192.0,29290.0,7939
7941,9192.0,28952.0,7940
7942,9192.0,28497.0,7941
7943,9192.0,29160.0,7942
7944,9192.0,29017.0,7943
7945,9192.0,29291.0,7944
7946,9192.0,29411.0,7945
7947,9192.0,29248.0,7946
7948,9192.0,28960.0,7947
7949,9192.0,28960.0,7948
7950,9192.0,27943.0,7949
7951,9192.0,27943.0,7950
7952,9192.0,28032.0,7951
7953,9192.0,28263.0,7952
7954,9192.0,28389.0,7953
7955,9192.0,28107.0,7954
7956,9192.0,28139.0,7955
7957,9192.0,28068.0,7956
7958,9192.0,28221.0,7957
7959,9192.0,28209.0,7958
7960,9192.0,27481.0,7959
7961,9192.0,27452.0,7960
7962,9192.0,27824.0,7961
7963,9192.0,27774.0,7962
7964,9192.0,27384.0,7963
7965,9192.0,27291.0,7964
7966,9192.0,27391.0,7965
7967,9192.0,27391.0,7966
7968,9192.0,24756.0,7967
7969,9192.0,24572.0,7968
7970,9192.0,24572.0,7969
7971,9192.0,24580.0,7970
7972,9192.0,24796.0,7971
7973,9192.0,25198.0,7972
7974,9192.0,25335.0,7973
7975,9192.0,25338.0,7974
7976,9192.0,25338.0,7975
7977,9192.0,25338.0,7976
7978,9192.0,25214.0,7977
7979,9192.0,25697.0,7978
7980,9192.0,25348.0,7979
7981,9192.0,25348.0,7980
7982,9192.0,26325.0,7981
7983,9192.0,26325.0,7982
7984,9192.0,26325.0,7983
7985,9192.0,26791.0,7984
7986,9192.0,26830.0,7985
7987,9192.0,26853.0,7986
7988,9192.0,27248.0,7987
7989,9192.0,27121.0,7988
7990,9192.0,26771.0,7989
7991,9192.0,26872.0,7990
7992,9192.0,26807.0,7991
7993,9192.0,27086.0,7992
7994,9192.0,27178.0,7993
7995,9192.0,27266.0,7994
7996,9192.0,27266.0,7995
7997,9192.0,26943.0,7996
7998,9192.0,27932.0,7997
7999,9192.0,27725.0,7998
8000,9192.0,27876.0,7999
8001,9192.0,28927.0,8000
8002,9192.0,28962.0,8001
8003,9192.0,28995.0,8002
8004,9192.0,28983.0,8003
8005,9192.0,29132.0,8004
8006,9192.0,29084.0,8005
8007,9192.0,29015.0,8006
8008,9192.0,29329.0,8007
8009,9192.0,29418.0,8008
8010,9192.0,28935.0,8009
8011,9192.0,29023.0,8010
8012,9192.0,28988.0,8011
8013,9192.0,29148.0,8012
8014,9192.0,29706.0,8013
8015,9192.0,29752.0,8014
8016,9192.0,28499.0,8015
8017,9192.0,28479.0,8016
8018,9192.0,28360.0,8017
8019,9192.0,28360.0,8018
8020,9192.0,28109.0,8019
8021,9192.0,27978.0,8020
8022,9192.0,27386.0,8021
8023,9192.0,27388.0,8022
8024,9192.0,27220.0,8023
8025,9192.0,26901.0,8024
8026,9192.0,27058.0,8025
8027,9192.0,27445.0,8026
8028,9192.0,27582.0,8027
8029,9192.0,27502.0,8028
8030,9192.0,27820.0,8029
8031,9192.0,28455.0,8030
8032,9192.0,28447.0,8031
8033,9192.0,29118.0,8032
8034,9192.0,28993.0,8033
8035,9192.0,28993.0,8034
8036,9192.0,29145.0,8035
8037,9192.0,29588.0,8036
8038,9192.0,29694.0,8037
8039,9192.0,29039.0,8038
8040,9192.0,29022.0,8039
8041,9192.0,29136.0,8040
8042,9192.0,28539.0,8041
8043,9192.0,28589.0,8042
8044,9192.0,27954.0,8043
8045,9192.0,27846.0,8044
8046,9192.0,28389.0,8045
8047,9192.0,29257.0,8046
8048,9192.0,29290.0,8047
8049,9192.0,29780.0,8048
8050,9192.0,29214.0,8049
8051,9192.0,30768.0,8050
8052,9192.0,30451.0,8051
8053,9192.0,30451.0,8052
8054,9192.0,31269.0,8053
8055,9192.0,31381.0,8054
8056,9192.0,31362.0,8055
8057,9192.0,31766.0,8056
8058,9192.0,31287.0,8057
8059,9192.0,31686.0,8058
8060,9192.0,31686.0,8059
8061,9192.0,32101.0,8060
8062,9192.0,32381.0,8061
8063,9192.0,32381.0,8062
8064,9192.0,31396.0,8063
8065,9192.0,30986.0,8064
8066,9192.0,30854.0,8065
8067,9192.0,30563.0,8066
8068,9192.0,30088.0,8067
8069,9192.0,30157.0,8068
8070,9192.0,30153.0,8069
8071,9192.0,30150.0,8070
8072,9192.0,30622.0,8071
8073,9192.0,31795.0,8072
8074,9192.0,31366.0,8073
8075,9192.0,31366.0,8074
8076,9192.0,31575.0,8075
8077,9192.0,31662.0,8076
8078,9192.0,30481.0,8077
8079,9192.0,30978.0,8078
8080,9192.0,31140.0,8079
8081,9192.0,30566.0,8080
8082,9192.0,30631.0,8081
8083,9192.0,31364.0,8082
8084,9192.0,31474.0,8083
8085,9192.0,31339.0,8084
8086,9192.0,31391.0,8085
8087,9192.0,30880.0,8086
8088,9192.0,30882.0,8087
8089,9192.0,31113.0,8088
8090,9192.0,31091.0,8089
8091,9192.0,30767.0,8090
8092,9192.0,30655.0,8091
8093,9192.0,31017.0,8092
8094,9192.0,31017.0,8093
8095,9192.0,30639.0,8094
8096,9192.0,30621.0,8095
8097,9192.0,29458.0,8096
8098,9192.0,29261.0,8097
8099,9192.0,28368.0,8098
8100,9192.0,28368.0,8099
8101,9192.0,28057.0,8100
8102,9192.0,28080.0,8101
8103,9192.0,27910.0,8102
8104,9192.0,28283.0,8103
8105,9192.0,28276.0,8104
8106,9192.0,29101.0,8105
8107,9192.0,29561.0,8106
8108,9192.0,29620.0,8107
8109,9192.0,29686.0,8108
8110,9192.0,29439.0,8109
8111,9192.0,29524.0,8110
8112,9192.0,29294.0,8111
8113,9192.0,29349.0,8112
8114,9192.0,29311.0,8113
8115,9192.0,29733.0,8114
8116,9192.0,29910.0,8115
8117,9192.0,29910.0,8116
8118,9192.0,30034.0,8117
8119,9192.0,30016.0,8118
8120,9192.0,30033.0,8119
8121,9192.0,30033.0,8120
8122,9192.0,30508.0,8121
8123,9192.0,29950.0,8122
8124,9192.0,29924.0,8123
8125,9192.0,30480.0,8124
8126,9192.0,30752.0,8125
8127,9192.0,29567.0,8126
8128,9192.0,28194.0,8127
8129,9192.0,28162.0,8128
8130,9192.0,28149.0,8129
8131,9192.0,27538.0,8130
8132,9192.0,27510.0,8131
8133,9192.0,27510.0,8132
8134,9192.0,27258.0,8133
8135,9192.0,27463.0,8134
8136,9192.0,27068.0,8135
8137,9192.0,27547.0,8136
8138,9192.0,27304.0,8137
8139,9192.0,27170.0,8138
8140,9192.0,27170.0,8139
8141,9192.0,27170.0,8140
8142,9192.0,27536.0,8141
8143,9192.0,27640.0,8142
8144,9192.0,27269.0,8143
8145,9192.0,28341.0,8144
8146,9192.0,28366.0,8145
8147,9192.0,28657.0,8146
8148,9192.0,29886.0,8147
8149,9192.0,29808.0,8148
8150,9192.0,29819.0,8149
8151,9192.0,29905.0,8150
8152,9192.0,29959.0,8151
8153,9192.0,29510.0,8152
8154,9192.0,29616.0,8153
8155,9192.0,30641.0,8154
8156,9192.0,30641.0,8155
8157,9192.0,30683.0,8156
8158,9192.0,30562.0,8157
8159,9192.0,30427.0,8158
8160,9192.0,30427.0,8159
8161,9192.0,30436.0,8160
8162,9192.0,30343.0,8161
8163,9192.0,30555.0,8162
8164,9192.0,30606.0,8163
8165,9192.0,31291.0,8164
8166,9192.0,30889.0,8165
8167,9192.0,30697.0,8166
8168,9192.0,30050.0,8167
8169,9192.0,30163.0,8168
8170,9192.0,30099.0,8169
8171,9192.0,30246.0,8170
8172,9192.0,29719.0,8171
8173,9192.0,29790.0,8172
8174,9192.0,29740.0,8173
8175,9192.0,30663.0,8174
8176,9192.0,31196.0,8175
8177,9192.0,31213.0,8176
8178,9192.0,31152.0,8177
8179,9192.0,31136.0,8178
8180,9192.0,31246.0,8179
8181,9192.0,31112.0,8180
8182,9192.0,30830.0,8181
8183,9192.0,30790.0,8182
8184,9192.0,30821.0,8183
8185,9192.0,30696.0,8184
8186,9192.0,29553.0,8185
8187,9192.0,29207.0,8186
8188,9192.0,29208.0,8187
8189,9192.0,28996.0,8188
8190,9192.0,28996.0,8189
8191,9192.0,28338.0,8190
8192,9192.0,28338.0,8191
8193,9192.0,29257.0,8192
8194,9192.0,29541.0,8193
8195,9192.0,29876.0,8194
8196,9192.0,29304.0,8195
8197,9192.0,29433.0,8196
8198,9192.0,28810.0,8197
8199,9192.0,28252.0,8198
8200,9192.0,27930.0,8199
8201,9192.0,27818.0,8200
8202,9192.0,27038.0,8201
8203,9192.0,26923.0,8202
8204,9192.0,26810.0,8203
8205,9192.0,26289.0,8204
8206,9192.0,26237.0,8205
8207,9192.0,25332.0,8206
8208,9192.0,25241.0,8207
8209,9192.0,26069.0,8208
8210,9192.0,25734.0,8209
8211,9192.0,27958.0,8210
8212,9192.0,28429.0,8211
8213,9192.0,28450.0,8212
8214,9192.0,28430.0,8213
8215,9192.0,28355.0,8214
8216,9192.0,28959.0,8215
8217,9192.0,28825.0,8216
8218,9192.0,29300.0,8217
8219,9192.0,28922.0,8218
8220,9192.0,28701.0,8219
8221,9192.0,28451.0,8220
8222,9192.0,28479.0,8221
8223,9192.0,28339.0,8222
8224,9192.0,28301.0,8223
8225,9192.0,28477.0,8224
8226,9192.0,28477.0,8225
8227,9192.0,28612.0,8226
8228,9192.0,28851.0,8227
8229,9192.0,28656.0,8228
8230,9192.0,29213.0,8229
8231,9192.0,28594.0,8230
8232,9192.0,28676.0,8231
8233,9192.0,28664.0,8232
8234,9192.0,28021.0,8233
8235,9192.0,27872.0,8234
8236,9192.0,27724.0,8235
8237,9192.0,27720.0,8236
8238,9192.0,27506.0,8237
8239,9192.0,27937.0,8238
8240,9192.0,27781.0,8239
8241,9192.0,28019.0,8240
8242,9192.0,28932.0,8241
8243,9192.0,29467.0,8242
8244,9192.0,29467.0,8243
8245,9192.0,29479.0,8244
8246,9192.0,29113.0,8245
8247,9192.0,29069.0,8246
8248,9192.0,28771.0,8247
8249,9192.0,27748.0,8248
8250,9192.0,27251.0,8249
8251,9192.0,28665.0,8250
8252,9192.0,28704.0,8251
8253,9192.0,28047.0,8252
8254,9192.0,28047.0,8253
8255,9192.0,28215.0,8254
8256,9192.0,28206.0,8255
8257,9192.0,28172.0,8256
8258,9192.0,28155.0,8257
8259,9192.0,28032.0,8258
8260,9192.0,27876.0,8259
8261,9192.0,27696.0,8260
8262,9192.0,27794.0,8261
8263,9192.0,27891.0,8262
8264,9192.0,28772.0,8263
8265,9192.0,28813.0,8264
8266,9192.0,27889.0,8265
8267,9192.0,28249.0,8266
8268,9192.0,27874.0,8267
8269,9192.0,27874.0,8268
8270,9192.0,28171.0,8269
8271,9192.0,28325.0,8270
8272,9192.0,28335.0,8271
8273,9192.0,28990.0,8272
8274,9192.0,29070.0,8273
8275,9192.0,29183.0,8274
8276,9192.0,29331.0,8275
8277,9192.0,29201.0,8276
8278,9192.0,29220.0,8277
8279,9192.0,29454.0,8278
8280,9192.0,30314.0,8279
8281,9192.0,30296.0,8280
8282,9192.0,28574.0,8281
8283,9192.0,28439.0,8282
8284,9192.0,28439.0,8283
8285,9192.0,27868.0,8284
8286,9192.0,27384.0,8285
8287,9192.0,26840.0,8286
8288,9192.0,27718.0,8287
8289,9192.0,28158.0,8288
8290,9192.0,28003.0,8289
8291,9192.0,28105.0,8290
8292,9192.0,28632.0,8291
8293,9192.0,30203.0,8292
8294,9192.0,30627.0,8293
8295,9192.0,30457.0,8294
8296,9192.0,30645.0,8295
8297,9192.0,30269.0,8296
8298,9192.0,29944.0,8297
8299,9192.0,29937.0,8298
8300,9192.0,30018.0,8299
8301,9192.0,30786.0,8300
8302,9192.0,31158.0,8301
8303,9192.0,31158.0,8302
8304,9192.0,31177.0,8303
8305,9192.0,31206.0,8304
8306,9192.0,30951.0,8305
8307,9192.0,30331.0,8306
8308,9192.0,30309.0,8307
8309,9192.0,30676.0,8308
8310,9192.0,30388.0,8309
8311,9192.0,30515.0,8310
8312,9192.0,29403.0,8311
8313,9192.0,30328.0,8312
8314,9192.0,30177.0,8313
8315,9192.0,30991.0,8314
8316,9192.0,31022.0,8315
8317,9192.0,30231.0,8316
8318,9192.0,29498.0,8317
8319,9192.0,29401.0,8318
8320,9192.0,29159.0,8319
8321,9192.0,30079.0,8320
8322,9192.0,30094.0,8321
8323,9192.0,30601.0,8322
8324,9192.0,30676.0,8323
8325,9192.0,30717.0,8324
8326,9192.0,30582.0,8325
8327,9192.0,30582.0,8326
8328,9192.0,30579.0,8327
8329,9192.0,30382.0,8328
8330,9192.0,29484.0,8329
8331,9192.0,29484.0,8330
8332,9192.0,28891.0,8331
8333,9192.0,28851.0,8332
8334,9192.0,28737.0,8333
8335,9192.0,28563.0,8334
8336,9192.0,28125.0,8335
8337,9192.0,28462.0,8336
8338,9192.0,28677.0,8337
8339,9192.0,28482.0,8338
8340,9192.0,28362.0,8339
8341,9192.0,28457.0,8340
8342,9192.0,28764.0,8341
8343,9192.0,29161.0,8342
8344,9192.0,29244.0,8343
8345,9192.0,29244.0,8344
8346,9192.0,28979.0,8345
8347,9192.0,28985.0,8346
8348,9192.0,29302.0,8347
8349,9192.0,29388.0,8348
8350,9192.0,29383.0,8349
8351,9192.0,28028.0,8350
8352,9192.0,28175.0,8351
8353,9192.0,28893.0,8352
8354,9192.0,28715.0,8353
8355,9192.0,29662.0,8354
8356,9192.0,30257.0,8355
8357,9192.0,29867.0,8356
8358,9192.0,29229.0,8357
8359,9192.0,29229.0,8358
8360,9192.0,29768.0,8359
8361,9192.0,29052.0,8360
8362,9192.0,29062.0,8361
8363,9192.0,29275.0,8362
8364,9192.0,29498.0,8363
8365,9192.0,30622.0,8364
8366,9192.0,30622.0,8365
8367,9192.0,30542.0,8366
8368,9192.0,30281.0,8367
8369,9192.0,30331.0,8368
8370,9192.0,30347.0,8369
8371,9192.0,30472.0,8370
8372,9192.0,30472.0,8371
8373,9192.0,30604.0,8372
8374,9192.0,30604.0,8373
8375,9192.0,29889.0,8374
8376,9192.0,29889.0,8375
8377,9192.0,30176.0,8376
8378,9192.0,30307.0,8377
8379,9192.0,30756.0,8378
8380,9192.0,30519.0,8379
8381,9192.0,30483.0,8380
8382,9192.0,30336.0,8381
8383,9192.0,30431.0,8382
8384,9192.0,29838.0,8383
8385,9192.0,29972.0,8384
8386,9192.0,29974.0,8385
8387,9192.0,29885.0,8386
8388,9192.0,30268.0,8387
8389,9192.0,30264.0,8388
8390,9192.0,30306.0,8389
8391,9192.0,29951.0,8390
8392,9192.0,29990.0,8391
8393,9192.0,29979.0,8392
8394,9192.0,30304.0,8393
8395,9192.0,30235.0,8394
8396,9192.0,30434.0,8395
8397,9192.0,31086.0,8396
8398,9192.0,31124.0,8397
8399,9192.0,30062.0,8398
8400,9192.0,30217.0,8399
8401,9192.0,31455.0,8400
8402,9192.0,31362.0,8401
8403,9192.0,31314.0,8402
8404,9192.0,31126.0,8403
8405,9192.0,31387.0,8404
8406,9192.0,31713.0,8405
8407,9192.0,31635.0,8406
8408,9192.0,31753.0,8407
8409,9192.0,31753.0,8408
8410,9192.0,31665.0,8409
8411,9192.0,31074.0,8410
8412,9192.0,31078.0,8411
8413,9192.0,31258.0,8412
8414,9192.0,31609.0,8413
8415,9192.0,31750.0,8414
8416,9192.0,31631.0,8415
8417,9192.0,31565.0,8416
8418,9192.0,31523.0,8417
8419,9192.0,30684.0,8418
8420,9192.0,31072.0,8419
8421,9192.0,31010.0,8420
8422,9192.0,31077.0,8421
8423,9192.0,30658.0,8422
8424,9192.0,30662.0,8423
8425,9192.0,30552.0,8424
8426,9192.0,30555.0,8425
8427,9192.0,30421.0,8426
8428,9192.0,30925.0,8427
8429,9192.0,29481.0,8428
8430,9192.0,29481.0,8429
8431,9192.0,29317.0,8430
8432,9192.0,29643.0,8431
8433,9192.0,29711.0,8432
8434,9192.0,30303.0,8433
8435,9192.0,30126.0,8434
8436,9192.0,30009.0,8435
8437,9192.0,30009.0,8436
8438,9192.0,30006.0,8437
8439,9192.0,30614.0,8438
8440,9192.0,31130.0,8439
8441,9192.0,31123.0,8440
8442,9192.0,31129.0,8441
8443,9192.0,31129.0,8442
8444,9192.0,30759.0,8443
8445,9192.0,31145.0,8444
8446,9192.0,30798.0,8445
8447,9192.0,30367.0,8446
8448,9192.0,29675.0,8447
8449,9192.0,29582.0,8448
8450,9192.0,29885.0,8449
8451,9192.0,29714.0,8450
8452,9192.0,29194.0,8451
8453,9192.0,28421.0,8452
8454,9192.0,28796.0,8453
8455,9192.0,29002.0,8454
8456,9192.0,29139.0,8455
8457,9192.0,28331.0,8456
8458,9192.0,26573.0,8457
8459,9192.0,26434.0,8458
8460,9192.0,26490.0,8459
8461,9192.0,25897.0,8460
8462,9192.0,25488.0,8461
8463,9192.0,26387.0,8462
8464,9192.0,26159.0,8463
8465,9192.0,24966.0,8464
8466,9192.0,24966.0,8465
8467,9192.0,24860.0,8466
8468,9192.0,24997.0,8467
8469,9192.0,24694.0,8468
8470,9192.0,24705.0,8469
8471,9192.0,24849.0,8470
8472,9192.0,24983.0,8471
8473,9192.0,25087.0,8472
8474,9192.0,25087.0,8473
8475,9192.0,25212.0,8474
8476,9192.0,25840.0,8475
8477,9192.0,26028.0,8476
8478,9192.0,26042.0,8477
8479,9192.0,26521.0,8478
8480,9192.0,26165.0,8479
8481,9192.0,27141.0,8480
8482,9192.0,26544.0,8481
8483,9192.0,26204.0,8482
8484,9192.0,26031.0,8483
8485,9192.0,25895.0,8484
8486,9192.0,25440.0,8485
8487,9192.0,26617.0,8486
8488,9192.0,26617.0,8487
8489,9192.0,27302.0,8488
8490,9192.0,27302.0,8489
8491,9192.0,27396.0,8490
8492,9192.0,27396.0,8491
8493,9192.0,27566.0,8492
8494,9192.0,27852.0,8493
8495,9192.0,27845.0,8494
8496,9192.0,28024.0,8495
8497,9192.0,28067.0,8496
8498,9192.0,27819.0,8497
8499,9192.0,28266.0,8498
8500,9192.0,27951.0,8499
8501,9192.0,27972.0,8500
8502,9192.0,27459.0,8501
8503,9192.0,27459.0,8502
8504,9192.0,27459.0,8503
8505,9192.0,27736.0,8504
8506,9192.0,27583.0,8505
8507,9192.0,28228.0,8506
8508,9192.0,28273.0,8507
8509,9192.0,28287.0,8508
8510,9192.0,28699.0,8509
8511,9192.0,28600.0,8510
8512,9192.0,30261.0,8511
8513,9192.0,30910.0,8512
8514,9192.0,31620.0,8513
8515,9192.0,31620.0,8514
8516,9192.0,31800.0,8515
8517,9192.0,31576.0,8516
8518,9192.0,31760.0,8517
8519,9192.0,31763.0,8518
8520,9192.0,32302.0,8519
8521,9192.0,32117.0,8520
8522,9192.0,31348.0,8521
8523,9192.0,31348.0,8522
8524,9192.0,31173.0,8523
8525,9192.0,30189.0,8524
8526,9192.0,30189.0,8525
8527,9192.0,30296.0,8526
8528,9192.0,30301.0,8527
8529,9192.0,30497.0,8528
8530,9192.0,29718.0,8529
8531,9192.0,29771.0,8530
8532,9192.0,29479.0,8531
8533,9192.0,28941.0,8532
8534,9192.0,28941.0,8533
8535,9192.0,28605.0,8534
8536,9192.0,28643.0,8535
8537,9192.0,28823.0,8536
8538,9192.0,29463.0,8537
8539,9192.0,29447.0,8538
8540,9192.0,30852.0,8539
8541,9192.0,30813.0,8540
8542,9192.0,31135.0,8541
8543,9192.0,30389.0,8542
8544,9192.0,30181.0,8543
8545,9192.0,30225.0,8544
8546,9192.0,29978.0,8545
8547,9192.0,31316.0,8546
8548,9192.0,32099.0,8547
8549,9192.0,32128.0,8548
8550,9192.0,31536.0,8549
8551,9192.0,31174.0,8550
8552,9192.0,31499.0,8551
8553,9192.0,30187.0,8552
8554,9192.0,29861.0,8553
8555,9192.0,29695.0,8554
8556,9192.0,28787.0,8555
8557,9192.0,28638.0,8556
8558,9192.0,28552.0,8557
8559,9192.0,28112.0,8558
8560,9192.0,28405.0,8559
8561,9192.0,28634.0,8560
8562,9192.0,28672.0,8561
8563,9192.0,29528.0,8562
8564,9192.0,30013.0,8563
8565,9192.0,30101.0,8564
8566,9192.0,29517.0,8565
8567,9192.0,29304.0,8566
8568,9192.0,29396.0,8567
8569,9192.0,29268.0,8568
8570,9192.0,28169.0,8569
8571,9192.0,28359.0,8570
8572,9192.0,27984.0,8571
8573,9192.0,27984.0,8572
8574,9192.0,28570.0,8573
8575,9192.0,28470.0,8574
8576,9192.0,28717.0,8575
8577,9192.0,28505.0,8576
8578,9192.0,28971.0,8577
8579,9192.0,29011.0,8578
8580,9192.0,29011.0,8579
8581,9192.0,28979.0,8580
8582,9192.0,28751.0,8581
8583,9192.0,28770.0,8582
8584,9192.0,27780.0,8583
8585,9192.0,27611.0,8584
8586,9192.0,27971.0,8585
8587,9192.0,28120.0,8586
8588,9192.0,28299.0,8587
8589,9192.0,28299.0,8588
8590,9192.0,28698.0,8589
8591,9192.0,28876.0,8590
8592,9192.0,29072.0,8591
8593,9192.0,29675.0,8592
8594,9192.0,29606.0,8593
8595,9192.0,28939.0,8594
8596,9192.0,28989.0,8595
8597,9192.0,29381.0,8596
8598,9192.0,27847.0,8597
8599,9192.0,27843.0,8598
8600,9192.0,27843.0,8599
8601,9192.0,27010.0,8600
8602,9192.0,26019.0,8601
8603,9192.0,26150.0,8602
8604,9192.0,26909.0,8603
8605,9192.0,26350.0,8604
8606,9192.0,26515.0,8605
8607,9192.0,26684.0,8606
8608,9192.0,26829.0,8607
8609,9192.0,26743.0,8608
8610,9192.0,26726.0,8609
8611,9192.0,26286.0,8610
8612,9192.0,26906.0,8611
8613,9192.0,26703.0,8612
8614,9192.0,26703.0,8613
8615,9192.0,26577.0,8614
8616,9192.0,26976.0,8615
8617,9192.0,26927.0,8616
8618,9192.0,28254.0,8617
8619,9192.0,27244.0,8618
8620,9192.0,27455.0,8619
8621,9192.0,27410.0,8620
8622,9192.0,28353.0,8621
8623,9192.0,28106.0,8622
8624,9192.0,28110.0,8623
8625,9192.0,27702.0,8624
8626,9192.0,27240.0,8625
8627,9192.0,27892.0,8626
8628,9192.0,27831.0,8627
8629,9192.0,28103.0,8628
8630,9192.0,27262.0,8629
8631,9192.0,27231.0,8630
8632,9192.0,27114.0,8631
8633,9192.0,27102.0,8632
8634,9192.0,26877.0,8633
8635,9192.0,26913.0,8634
8636,9192.0,27193.0,8635
8637,9192.0,27654.0,8636
8638,9192.0,27798.0,8637
8639,9192.0,26735.0,8638
8640,9192.0,26757.0,8639
8641,9192.0,26307.0,8640
8642,9192.0,26334.0,8641
8643,9192.0,26911.0,8642
8644,9192.0,27139.0,8643
8645,9192.0,26927.0,8644
8646,9192.0,27550.0,8645
8647,9192.0,27547.0,8646
8648,9192.0,27572.0,8647
8649,9192.0,27596.0,8648
8650,9192.0,28207.0,8649
8651,9192.0,28270.0,8650
8652,9192.0,28045.0,8651
8653,9192.0,28769.0,8652
8654,9192.0,28722.0,8653
8655,9192.0,29425.0,8654
8656,9192.0,29513.0,8655
8657,9192.0,29806.0,8656
8658,9192.0,28979.0,8657
8659,9192.0,28930.0,8658
8660,9192.0,28971.0,8659
8661,9192.0,28971.0,8660
8662,9192.0,28997.0,8661
8663,9192.0,28997.0,8662
8664,9192.0,28468.0,8663
8665,9192.0,26664.0,8664
8666,9192.0,26757.0,8665
8667,9192.0,27014.0,8666
8668,9192.0,26888.0,8667
8669,9192.0,25934.0,8668
8670,9192.0,26604.0,8669
8671,9192.0,25853.0,8670
8672,9192.0,25846.0,8671
8673,9192.0,26037.0,8672
8674,9192.0,25832.0,8673
8675,9192.0,25814.0,8674
8676,9192.0,26977.0,8675
8677,9192.0,26977.0,8676
8678,9192.0,26946.0,8677
8679,9192.0,26896.0,8678
8680,9192.0,27100.0,8679
8681,9192.0,26767.0,8680
8682,9192.0,27053.0,8681
8683,9192.0,26857.0,8682
8684,9192.0,26968.0,8683
8685,9192.0,26536.0,8684
8686,9192.0,26577.0,8685
8687,9192.0,26306.0,8686
8688,9192.0,26069.0,8687
8689,9192.0,26408.0,8688
8690,9192.0,26225.0,8689
8691,9192.0,26463.0,8690
8692,9192.0,25693.0,8691
8693,9192.0,25734.0,8692
8694,9192.0,25395.0,8693
8695,9192.0,25635.0,8694
8696,9192.0,25741.0,8695
8697,9192.0,26110.0,8696
8698,9192.0,25862.0,8697
8699,9192.0,25856.0,8698
8700,9192.0,25720.0,8699
8701,9192.0,26105.0,8700
8702,9192.0,26202.0,8701
8703,9192.0,26178.0,8702
8704,9192.0,26178.0,8703
8705,9192.0,26152.0,8704
8706,9192.0,26361.0,8705
8707,9192.0,27714.0,8706
8708,9192.0,27752.0,8707
8709,9192.0,27752.0,8708
8710,9192.0,27577.0,8709
8711,9192.0,27134.0,8710
8712,9192.0,27134.0,8711
8713,9192.0,26578.0,8712
8714,9192.0,26561.0,8713
8715,9192.0,27141.0,8714
8716,9192.0,27408.0,8715
8717,9192.0,27518.0,8716
8718,9192.0,27390.0,8717
8719,9192.0,26864.0,8718
8720,9192.0,26349.0,8719
8721,9192.0,26349.0,8720
8722,9192.0,26309.0,8721
8723,9192.0,26328.0,8722
8724,9192.0,26392.0,8723
8725,9192.0,26399.0,8724
8726,9192.0,26595.0,8725
8727,9192.0,26974.0,8726
8728,9192.0,26974.0,8727
8729,9192.0,27010.0,8728
8730,9192.0,26777.0,8729
8731,9192.0,26894.0,8730
8732,9192.0,26894.0,8731
8733,9192.0,26733.0,8732
8734,9192.0,26772.0,8733
8735,9192.0,26914.0,8734
8736,9192.0,26817.0,8735
8737,9192.0,26653.0,8736
8738,9192.0,26963.0,8737
8739,9192.0,27114.0,8738
8740,9192.0,27450.0,8739
8741,9192.0,27083.0,8740
8742,9192.0,26809.0,8741
8743,9192.0,27562.0,8742
8744,9192.0,27562.0,8743
8745,9192.0,27638.0,8744
8746,9192.0,27952.0,8745
8747,9192.0,28067.0,8746
8748,9192.0,28286.0,8747
8749,9192.0,28325.0,8748
8750,9192.0,28287.0,8749
8751,9192.0,28287.0,8750
8752,9192.0,28471.0,8751
8753,9192.0,28867.0,8752
8754,9192.0,28614.0,8753
8755,9192.0,28600.0,8754
8756,9192.0,28489.0,8755
8757,9192.0,29630.0,8756
8758,9192.0,29611.0,8757
8759,9192.0,29455.0,8758
8760,9192.0,29738.0,8759
8761,9192.0,29435.0,8760
8762,9192.0,28743.0,8761
8763,9192.0,27953.0,8762
8764,9192.0,28224.0,8763
8765,9192.0,28156.0,8764
8766,9192.0,28547.0,8765
8767,9192.0,29851.0,8766
8768,9192.0,29757.0,8767
8769,9192.0,29757.0,8768
8770,9192.0,29765.0,8769
8771,9192.0,29316.0,8770
8772,9192.0,29188.0,8771
8773,9192.0,29212.0,8772
8774,9192.0,28538.0,8773
8775,9192.0,29193.0,8774
8776,9192.0,29509.0,8775
8777,9192.0,29718.0,8776
8778,9192.0,29739.0,8777
8779,9192.0,29091.0,8778
8780,9192.0,29001.0,8779
8781,9192.0,28670.0,8780
8782,9192.0,27656.0,8781
8783,9192.0,28402.0,8782
8784,9192.0,28958.0,8783
8785,9192.0,30530.0,8784
8786,9192.0,30079.0,8785
8787,9192.0,30340.0,8786
8788,9192.0,28778.0,8787
8789,9192.0,28223.0,8788
8790,9192.0,27686.0,8789
8791,9192.0,27702.0,8790
8792,9192.0,27386.0,8791
8793,9192.0,27883.0,8792
8794,9192.0,27823.0,8793
8795,9192.0,27849.0,8794
8796,9192.0,27594.0,8795
8797,9192.0,27623.0,8796
8798,9192.0,26942.0,8797
8799,9192.0,26818.0,8798
8800,9192.0,26733.0,8799
8801,9192.0,27429.0,8800
8802,9192.0,27410.0,8801
8803,9192.0,27534.0,8802
8804,9192.0,27517.0,8803
8805,9192.0,27654.0,8804
8806,9192.0,27304.0,8805
8807,9192.0,27224.0,8806
8808,9192.0,27224.0,8807
8809,9192.0,27340.0,8808
8810,9192.0,27336.0,8809
8811,9192.0,27353.0,8810
8812,9192.0,27011.0,8811
8813,9192.0,26934.0,8812
8814,9192.0,27208.0,8813
8815,9192.0,27599.0,8814
8816,9192.0,27599.0,8815
8817,9192.0,29238.0,8816
8818,9192.0,29004.0,8817
8819,9192.0,29004.0,8818
8820,9192.0,28781.0,8819
8821,9192.0,28905.0,8820
8822,9192.0,29025.0,8821
8823,9192.0,29589.0,8822
8824,9192.0,29648.0,8823
8825,9192.0,29896.0,8824
8826,9192.0,30130.0,8825
8827,9192.0,30387.0,8826
8828,9192.0,30653.0,8827
8829,9192.0,30800.0,8828
8830,9192.0,30856.0,8829
8831,9192.0,30749.0,8830
8832,9192.0,31592.0,8831
8833,9192.0,31606.0,8832
8834,9192.0,32159.0,8833
8835,9192.0,32411.0,8834
8836,9192.0,32421.0,8835
8837,9192.0,31289.0,8836
8838,9192.0,31050.0,8837
8839,9192.0,31330.0,8838
8840,9192.0,31029.0,8839
8841,9192.0,30851.0,8840
8842,9192.0,31396.0,8841
8843,9192.0,30415.0,8842
8844,9192.0,30398.0,8843
8845,9192.0,30289.0,8844
8846,9192.0,29722.0,8845
8847,9192.0,30183.0,8846
8848,9192.0,29775.0,8847
8849,9192.0,29415.0,8848
8850,9192.0,29405.0,8849
8851,9192.0,29539.0,8850
8852,9192.0,30478.0,8851
8853,9192.0,30184.0,8852
8854,9192.0,30256.0,8853
8855,9192.0,30494.0,8854
8856,9192.0,30629.0,8855
8857,9192.0,30765.0,8856
8858,9192.0,29635.0,8857
8859,9192.0,30111.0,8858
8860,9192.0,30265.0,8859
8861,9192.0,30051.0,8860
8862,9192.0,29727.0,8861
8863,9192.0,29588.0,8862
8864,9192.0,29313.0,8863
8865,9192.0,29342.0,8864
8866,9192.0,29746.0,8865
8867,9192.0,29822.0,8866
8868,9192.0,29644.0,8867
8869,9192.0,28841.0,8868
8870,9192.0,28745.0,8869
8871,9192.0,29055.0,8870
8872,9192.0,30058.0,8871
8873,9192.0,29730.0,8872
8874,9192.0,30243.0,8873
8875,9192.0,30075.0,8874
8876,9192.0,30441.0,8875
8877,9192.0,30509.0,8876
8878,9192.0,29970.0,8877
8879,9192.0,30143.0,8878
8880,9192.0,30154.0,8879
8881,9192.0,29158.0,8880
8882,9192.0,29158.0,8881
8883,9192.0,29212.0,8882
8884,9192.0,29241.0,8883
8885,9192.0,29143.0,8884
8886,9192.0,29774.0,8885
8887,9192.0,30115.0,8886
8888,9192.0,30122.0,8887
8889,9192.0,30137.0,8888
8890,9192.0,30178.0,8889
8891,9192.0,30360.0,8890
8892,9192.0,30208.0,8891
8893,9192.0,30131.0,8892
8894,9192.0,29704.0,8893
8895,9192.0,29779.0,8894
8896,9192.0,28575.0,8895
8897,9192.0,28575.0,8896
8898,9192.0,28090.0,8897
8899,9192.0,28083.0,8898
8900,9192.0,27452.0,8899
8901,9192.0,27402.0,8900
8902,9192.0,28511.0,8901
8903,9192.0,28622.0,8902
8904,9192.0,28576.0,8903
8905,9192.0,28576.0,8904
8906,9192.0,28576.0,8905
8907,9192.0,28660.0,8906
8908,9192.0,28034.0,8907
8909,9192.0,28258.0,8908
8910,9192.0,27952.0,8909
8911,9192.0,27671.0,8910
8912,9192.0,27080.0,8911
8913,9192.0,25960.0,8912
8914,9192.0,25114.0,8913
8915,9192.0,24828.0,8914
8916,9192.0,25460.0,8915
8917,9192.0,25108.0,8916
8918,9192.0,24448.0,8917
8919,9192.0,24375.0,8918
8920,9192.0,24419.0,8919
8921,9192.0,24315.0,8920
8922,9192.0,24437.0,8921
8923,9192.0,24503.0,8922
8924,9192.0,24800.0,8923
8925,9192.0,25625.0,8924
8926,9192.0,25647.0,8925
8927,9192.0,25769.0,8926
8928,9192.0,25392.0,8927
8929,9192.0,24795.0,8928
8930,9192.0,24694.0,8929
8931,9192.0,24552.0,8930
8932,9192.0,24204.0,8931
8933,9192.0,24204.0,8932
8934,9192.0,24790.0,8933
8935,9192.0,24980.0,8934
8936,9192.0,24625.0,8935
8937,9192.0,24548.0,8936
8938,9192.0,24335.0,8937
8939,9192.0,23922.0,8938
8940,9192.0,23792.0,8939
8941,9192.0,24025.0,8940
8942,9192.0,24025.0,8941
8943,9192.0,25110.0,8942
8944,9192.0,25110.0,8943
8945,9192.0,25259.0,8944
8946,9192.0,25259.0,8945
8947,9192.0,25259.0,8946
8948,9192.0,25263.0,8947
8949,9192.0,25263.0,8948
8950,9192.0,25186.0,8949
8951,9192.0,25047.0,8950
8952,9192.0,25392.0,8951
8953,9192.0,25441.0,8952
8954,9192.0,25618.0,8953
8955,9192.0,25747.0,8954
8956,9192.0,25805.0,8955
8957,9192.0,25744.0,8956
8958,9192.0,25879.0,8957
8959,9192.0,26021.0,8958
8960,9192.0,24768.0,8959
8961,9192.0,24768.0,8960
8962,9192.0,24738.0,8961
8963,9192.0,24754.0,8962
8964,9192.0,24771.0,8963
8965,9192.0,24729.0,8964
8966,9192.0,24729.0,8965
8967,9192.0,24722.0,8966
8968,9192.0,24508.0,8967
8969,9192.0,24600.0,8968
8970,9192.0,24600.0,8969
8971,9192.0,24600.0,8970
8972,9192.0,24600.0,8971
8973,9192.0,24929.0,8972
8974,9192.0,23636.0,8973
8975,9192.0,23394.0,8974
8976,9192.0,23627.0,8975
8977,9192.0,23314.0,8976
8978,9192.0,23314.0,8977
8979,9192.0,24659.0,8978
8980,9192.0,24886.0,8979
8981,9192.0,24833.0,8980
8982,9192.0,24801.0,8981
8983,9192.0,25599.0,8982
8984,9192.0,25466.0,8983
8985,9192.0,25400.0,8984
8986,9192.0,25275.0,8985
8987,9192.0,25568.0,8986
8988,9192.0,26057.0,8987
8989,9192.0,26331.0,8988
8990,9192.0,25574.0,8989
8991,9192.0,25826.0,8990
8992,9192.0,25826.0,8991
8993,9192.0,26081.0,8992
8994,9192.0,26081.0,8993
8995,9192.0,27115.0,8994
8996,9192.0,27898.0,8995
8997,9192.0,28789.0,8996
8998,9192.0,28794.0,8997
8999,9192.0,28794.0,8998
9000,9192.0,28794.0,8999
9001,9192.0,29013.0,9000
9002,9192.0,28735.0,9001
9003,9192.0,29003.0,9002
9004,9192.0,29144.0,9003
9005,9192.0,29166.0,9004
9006,9192.0,29402.0,9005
9007,9192.0,29167.0,9006
9008,9192.0,29115.0,9007
9009,9192.0,29116.0,9008
9010,9192.0,28451.0,9009
9011,9192.0,28451.0,9010
9012,9192.0,28685.0,9011
9013,9192.0,28531.0,9012
9014,9192.0,28530.0,9013
9015,9192.0,29824.0,9014
9016,9192.0,29823.0,9015
9017,9192.0,29851.0,9016
9018,9192.0,30051.0,9017
9019,9192.0,30525.0,9018
9020,9192.0,31331.0,9019
9021,9192.0,30893.0,9020
9022,9192.0,29502.0,9021
9023,9192.0,29224.0,9022
9024,9192.0,29531.0,9023
9025,9192.0,29707.0,9024
9026,9192.0,29631.0,9025
9027,9192.0,29624.0,9026
9028,9192.0,30125.0,9027
9029,9192.0,29915.0,9028
9030,9192.0,30245.0,9029
9031,9192.0,30283.0,9030
9032,9192.0,29429.0,9031
9033,9192.0,29589.0,9032
9034,9192.0,30163.0,9033
9035,9192.0,30074.0,9034
9036,9192.0,29790.0,9035
9037,9192.0,29841.0,9036
9038,9192.0,28873.0,9037
9039,9192.0,29097.0,9038
9040,9192.0,29097.0,9039
9041,9192.0,29097.0,9040
9042,9192.0,29430.0,9041
9043,9192.0,29124.0,9042
9044,9192.0,29369.0,9043
9045,9192.0,28951.0,9044
9046,9192.0,28818.0,9045
9047,9192.0,28915.0,9046
9048,9192.0,28915.0,9047
9049,9192.0,28993.0,9048
9050,9192.0,28745.0,9049
9051,9192.0,28465.0,9050
9052,9192.0,28304.0,9051
9053,9192.0,28250.0,9052
9054,9192.0,28250.0,9053
9055,9192.0,28177.0,9054
9056,9192.0,28738.0,9055
9057,9192.0,28738.0,9056
9058,9192.0,28571.0,9057
9059,9192.0,27997.0,9058
9060,9192.0,27917.0,9059
9061,9192.0,27999.0,9060
9062,9192.0,27999.0,9061
9063,9192.0,28031.0,9062
9064,9192.0,27985.0,9063
9065,9192.0,27740.0,9064
9066,9192.0,27366.0,9065
9067,9192.0,27471.0,9066
9068,9192.0,27418.0,9067
9069,9192.0,26394.0,9068
9070,9192.0,26745.0,9069
9071,9192.0,26717.0,9070
9072,9192.0,27165.0,9071
9073,9192.0,27919.0,9072
9074,9192.0,28004.0,9073
9075,9192.0,28129.0,9074
9076,9192.0,28232.0,9075
9077,9192.0,28236.0,9076
9078,9192.0,28138.0,9077
9079,9192.0,27400.0,9078
9080,9192.0,27400.0,9079
9081,9192.0,27377.0,9080
9082,9192.0,27254.0,9081
9083,9192.0,27254.0,9082
9084,9192.0,27641.0,9083
9085,9192.0,29127.0,9084
9086,9192.0,29321.0,9085
9087,9192.0,29416.0,9086
9088,9192.0,29547.0,9087
9089,9192.0,29809.0,9088
9090,9192.0,29794.0,9089
9091,9192.0,29794.0,9090
9092,9192.0,29582.0,9091
9093,9192.0,29797.0,9092
9094,9192.0,29794.0,9093
9095,9192.0,29515.0,9094
9096,9192.0,28985.0,9095
9097,9192.0,29037.0,9096
9098,9192.0,28480.0,9097
9099,9192.0,29062.0,9098
9100,9192.0,30106.0,9099
9101,9192.0,30534.0,9100
9102,9192.0,30326.0,9101
9103,9192.0,30302.0,9102
9104,9192.0,30261.0,9103
9105,9192.0,29270.0,9104
9106,9192.0,27817.0,9105
9107,9192.0,27906.0,9106
9108,9192.0,27283.0,9107
9109,9192.0,26871.0,9108
9110,9192.0,26432.0,9109
9111,9192.0,26764.0,9110
9112,9192.0,26764.0,9111
9113,9192.0,26806.0,9112
9114,9192.0,25575.0,9113
9115,9192.0,25676.0,9114
9116,9192.0,25165.0,9115
9117,9192.0,25165.0,9116
9118,9192.0,25165.0,9117
9119,9192.0,25268.0,9118
9120,9192.0,25177.0,9119
9121,9192.0,25250.0,9120
9122,9192.0,26033.0,9121
9123,9192.0,26025.0,9122
9124,9192.0,26487.0,9123
9125,9192.0,26487.0,9124
9126,9192.0,27920.0,9125
9127,9192.0,27533.0,9126
9128,9192.0,27573.0,9127
9129,9192.0,27541.0,9128
9130,9192.0,27904.0,9129
9131,9192.0,27509.0,9130
9132,9192.0,27484.0,9131
9133,9192.0,27188.0,9132
9134,9192.0,26963.0,9133
9135,9192.0,26955.0,9134
9136,9192.0,26955.0,9135
9137,9192.0,26928.0,9136
9138,9192.0,26704.0,9137
9139,9192.0,26239.0,9138
9140,9192.0,26383.0,9139
9141,9192.0,26964.0,9140
9142,9192.0,26997.0,9141
9143,9192.0,26917.0,9142
9144,9192.0,28742.0,9143
9145,9192.0,28921.0,9144
9146,9192.0,29134.0,9145
9147,9192.0,29321.0,9146
9148,9192.0,29401.0,9147
9149,9192.0,29120.0,9148
9150,9192.0,28963.0,9149
9151,9192.0,28941.0,9150
9152,9192.0,28931.0,9151
9153,9192.0,28948.0,9152
9154,9192.0,29771.0,9153
9155,9192.0,29942.0,9154
9156,9192.0,29942.0,9155
9157,9192.0,29919.0,9156
9158,9192.0,29546.0,9157
9159,9192.0,29446.0,9158
9160,9192.0,29447.0,9159
9161,9192.0,30372.0,9160
9162,9192.0,30433.0,9161
9163,9192.0,30063.0,9162
9164,9192.0,30063.0,9163
9165,9192.0,28965.0,9164
9166,9192.0,29162.0,9165
9167,9192.0,29256.0,9166
9168,9192.0,29412.0,9167
9169,9192.0,29215.0,9168
9170,9192.0,29508.0,9169
9171,9192.0,28946.0,9170
9172,9192.0,28776.0,9171
9173,9192.0,28511.0,9172
9174,9192.0,28208.0,9173
9175,9192.0,28208.0,9174
9176,9192.0,28187.0,9175
9177,9192.0,27614.0,9176
9178,9192.0,27720.0,9177
9179,9192.0,27943.0,9178
9180,9192.0,27857.0,9179
9181,9192.0,27291.0,9180
9182,9192.0,27530.0,9181
9183,9192.0,27164.0,9182
9184,9192.0,27164.0,9183
9185,9192.0,28356.0,9184
9186,9192.0,28293.0,9185
9187,9192.0,29004.0,9186
9188,9192.0,29424.0,9187
9189,9192.0,29424.0,9188
9190,9192.0,29584.0,9189
9191,9192.0,30084.0,9190
9192,9192.0,29971.0,9191
9193,9192.0,29870.0,9192
9194,9192.0,29010.0,9193
9195,9192.0,29190.0,9194
9196,9192.0,28998.0,9195
9197,9192.0,28483.0,9196
9198,9192.0,28594.0,9197
9199,9192.0,28711.0,9198
9200,9192.0,28663.0,9199
9201,9192.0,28835.0,9200
9202,9192.0,28607.0,9201
9203,9192.0,28184.0,9202
9204,9192.0,27576.0,9203
9205,9192.0,27407.0,9204
9206,9192.0,27358.0,9205
9207,9192.0,27291.0,9206
9208,9192.0,27318.0,9207
9209,9192.0,27835.0,9208
9210,9192.0,28231.0,9209
9211,9192.0,28383.0,9210
9212,9192.0,28796.0,9211
9213,9192.0,28902.0,9212
9214,9192.0,28254.0,9213
9215,9192.0,28203.0,9214
9216,9192.0,28129.0,9215
9217,9192.0,28280.0,9216
9218,9192.0,28631.0,9217
9219,9192.0,28702.0,9218
9220,9192.0,28740.0,9219
9221,9192.0,28956.0,9220
9222,9192.0,28849.0,9221
9223,9192.0,28533.0,9222
9224,9192.0,28664.0,9223
9225,9192.0,28612.0,9224
9226,9192.0,28630.0,9225
9227,9192.0,27821.0,9226
9228,9192.0,27821.0,9227
9229,9192.0,27753.0,9228
9230,9192.0,27595.0,9229
9231,9192.0,27613.0,9230
9232,9192.0,28384.0,9231
9233,9192.0,28211.0,9232
9234,9192.0,28266.0,9233
9235,9192.0,28738.0,9234
9236,9192.0,28453.0,9235
9237,9192.0,27940.0,9236
9238,9192.0,28107.0,9237
9239,9192.0,27087.0,9238
9240,9192.0,28457.0,9239
9241,9192.0,28368.0,9240
9242,9192.0,28342.0,9241
9243,9192.0,28337.0,9242
9244,9192.0,28157.0,9243
9245,9192.0,28061.0,9244
9246,9192.0,28066.0,9245
9247,9192.0,28301.0,9246
9248,9192.0,28987.0,9247
9249,9192.0,28796.0,9248
9250,9192.0,28784.0,9249
9251,9192.0,29807.0,9250
9252,9192.0,29885.0,9251
9253,9192.0,31326.0,9252
9254,9192.0,30381.0,9253
9255,9192.0,30092.0,9254
9256,9192.0,30092.0,9255
9257,9192.0,30163.0,9256
9258,9192.0,30217.0,9257
9259,9192.0,30203.0,9258
9260,9192.0,29604.0,9259
9261,9192.0,30064.0,9260
9262,9192.0,30002.0,9261
9263,9192.0,29992.0,9262
9264,9192.0,29992.0,9263
9265,9192.0,29939.0,9264
9266,9192.0,29427.0,9265
9267,9192.0,27975.0,9266
9268,9192.0,27923.0,9267
9269,9192.0,27923.0,9268
9270,9192.0,27954.0,9269
9271,9192.0,27917.0,9270
9272,9192.0,28734.0,9271
9273,9192.0,29588.0,9272
9274,9192.0,29667.0,9273
9275,9192.0,29844.0,9274
9276,9192.0,29792.0,9275
9277,9192.0,30283.0,9276
9278,9192.0,30144.0,9277
9279,9192.0,29758.0,9278
9280,9192.0,29814.0,9279
9281,9192.0,29247.0,9280
9282,9192.0,29375.0,9281
9283,9192.0,28737.0,9282
9284,9192.0,28825.0,9283
9285,9192.0,28802.0,9284
9286,9192.0,28547.0,9285
9287,9192.0,28872.0,9286
9288,9192.0,28899.0,9287
9289,9192.0,28932.0,9288
9290,9192.0,29755.0,9289
9291,9192.0,29730.0,9290
9292,9192.0,29753.0,9291
9293,9192.0,29550.0,9292
9294,9192.0,29897.0,9293
9295,9192.0,30353.0,9294
9296,9192.0,30540.0,9295
9297,9192.0,30822.0,9296
9298,9192.0,31165.0,9297
9299,9192.0,30335.0,9298
9300,9192.0,30199.0,9299
9301,9192.0,29729.0,9300
9302,9192.0,29728.0,9301
9303,9192.0,29880.0,9302
9304,9192.0,30154.0,9303
9305,9192.0,29717.0,9304
9306,9192.0,30856.0,9305
9307,9192.0,30779.0,9306
9308,9192.0,30753.0,9307
9309,9192.0,30993.0,9308
9310,9192.0,31117.0,9309
9311,9192.0,31117.0,9310
9312,9192.0,30948.0,9311
9313,9192.0,30504.0,9312
9314,9192.0,30370.0,9313
9315,9192.0,30324.0,9314
9316,9192.0,30136.0,9315
9317,9192.0,30171.0,9316
9318,9192.0,30263.0,9317
9319,9192.0,30258.0,9318
9320,9192.0,30395.0,9319
9321,9192.0,30128.0,9320
9322,9192.0,30278.0,9321
9323,9192.0,29850.0,9322
9324,9192.0,29693.0,9323
9325,9192.0,30072.0,9324
9326,9192.0,29389.0,9325
9327,9192.0,29389.0,9326
9328,9192.0,29940.0,9327
9329,9192.0,29802.0,9328
9330,9192.0,29703.0,9329
9331,9192.0,29704.0,9330
9332,9192.0,28359.0,9331
9333,9192.0,29026.0,9332
9334,9192.0,30151.0,9333
9335,9192.0,29372.0,9334
9336,9192.0,29560.0,9335
9337,9192.0,29456.0,9336
9338,9192.0,29455.0,9337
9339,9192.0,29838.0,9338
9340,9192.0,29909.0,9339
9341,9192.0,29705.0,9340
9342,9192.0,29536.0,9341
9343,9192.0,29664.0,9342
9344,9192.0,29802.0,9343
9345,9192.0,29805.0,9344
9346,9192.0,29805.0,9345
9347,9192.0,29735.0,9346
9348,9192.0,29297.0,9347
9349,9192.0,29297.0,9348
9350,9192.0,29723.0,9349
9351,9192.0,29898.0,9350
9352,9192.0,29838.0,9351
9353,9192.0,30399.0,9352
9354,9192.0,30322.0,9353
9355,9192.0,29953.0,9354
9356,9192.0,30182.0,9355
9357,9192.0,30182.0,9356
9358,9192.0,30165.0,9357
9359,9192.0,31831.0,9358
9360,9192.0,31843.0,9359
9361,9192.0,31843.0,9360
9362,9192.0,31854.0,9361
9363,9192.0,31498.0,9362
9364,9192.0,31057.0,9363
9365,9192.0,30743.0,9364
9366,9192.0,30691.0,9365
9367,9192.0,30869.0,9366
9368,9192.0,30470.0,9367
9369,9192.0,30492.0,9368
9370,9192.0,29540.0,9369
9371,9192.0,29540.0,9370
9372,9192.0,30028.0,9371
9373,9192.0,30036.0,9372
9374,9192.0,30043.0,9373
9375,9192.0,29826.0,9374
9376,9192.0,29826.0,9375
9377,9192.0,29826.0,9376
9378,9192.0,29995.0,9377
9379,9192.0,30471.0,9378
9380,9192.0,30816.0,9379
9381,9192.0,30911.0,9380
9382,9192.0,29989.0,9381
9383,9192.0,29821.0,9382
9384,9192.0,29811.0,9383
9385,9192.0,29829.0,9384
9386,9192.0,30601.0,9385
9387,9192.0,30440.0,9386
9388,9192.0,30373.0,9387
9389,9192.0,30373.0,9388
9390,9192.0,31302.0,9389
9391,9192.0,31301.0,9390
9392,9192.0,30723.0,9391
9393,9192.0,30680.0,9392
9394,9192.0,30604.0,9393
9395,9192.0,30643.0,9394
9396,9192.0,28936.0,9395
9397,9192.0,29028.0,9396
9398,9192.0,29105.0,9397
9399,9192.0,29022.0,9398
9400,9192.0,29022.0,9399
9401,9192.0,28958.0,9400
9402,9192.0,30164.0,9401
9403,9192.0,30137.0,9402
9404,9192.0,30137.0,9403
9405,9192.0,30532.0,9404
9406,9192.0,29329.0,9405
9407,9192.0,29103.0,9406
9408,9192.0,29041.0,9407
9409,9192.0,29010.0,9408
9410,9192.0,29010.0,9409
9411,9192.0,29030.0,9410
9412,9192.0,28754.0,9411
9413,9192.0,28788.0,9412
9414,9192.0,28894.0,9413
9415,9192.0,28894.0,9414
9416,9192.0,28894.0,9415
9417,9192.0,28828.0,9416
9418,9192.0,28970.0,9417
9419,9192.0,28967.0,9418
9420,9192.0,29182.0,9419
9421,9192.0,29132.0,9420
9422,9192.0,30019.0,9421
9423,9192.0,28920.0,9422
9424,9192.0,28658.0,9423
9425,9192.0,28986.0,9424
9426,9192.0,30006.0,9425
9427,9192.0,29765.0,9426
9428,9192.0,29881.0,9427
9429,9192.0,29881.0,9428
9430,9192.0,29629.0,9429
9431,9192.0,29678.0,9430
9432,9192.0,29932.0,9431
9433,9192.0,30406.0,9432
9434,9192.0,30497.0,9433
9435,9192.0,30701.0,9434
9436,9192.0,30880.0,9435
9437,9192.0,30868.0,9436
9438,9192.0,30878.0,9437
9439,9192.0,30878.0,9438
9440,9192.0,30981.0,9439
9441,9192.0,30761.0,9440
9442,9192.0,30758.0,9441
9443,9192.0,30758.0,9442
9444,9192.0,30934.0,9443
9445,9192.0,31139.0,9444
9446,9192.0,31139.0,9445
9447,9192.0,30428.0,9446
9448,9192.0,30466.0,9447
9449,9192.0,30021.0,9448
9450,9192.0,30737.0,9449
9451,9192.0,30734.0,9450
9452,9192.0,31415.0,9451
9453,9192.0,31415.0,9452
9454,9192.0,31864.0,9453
9455,9192.0,31429.0,9454
9456,9192.0,31455.0,9455
9457,9192.0,30786.0,9456
9458,9192.0,30787.0,9457
9459,9192.0,30940.0,9458
9460,9192.0,30995.0,9459
9461,9192.0,30191.0,9460
9462,9192.0,30338.0,9461
9463,9192.0,30215.0,9462
9464,9192.0,30902.0,9463
9465,9192.0,31218.0,9464
9466,9192.0,31376.0,9465
9467,9192.0,31709.0,9466
9468,9192.0,31707.0,9467
9469,9192.0,31149.0,9468
9470,9192.0,31203.0,9469
9471,9192.0,31319.0,9470
9472,9192.0,30281.0,9471
9473,9192.0,30325.0,9472
9474,9192.0,29659.0,9473
9475,9192.0,29659.0,9474
9476,9192.0,29690.0,9475
9477,9192.0,28739.0,9476
9478,9192.0,28488.0,9477
9479,9192.0,28388.0,9478
9480,9192.0,27565.0,9479
9481,9192.0,27912.0,9480
9482,9192.0,27913.0,9481
9483,9192.0,27899.0,9482
9484,9192.0,28027.0,9483
9485,9192.0,28151.0,9484
9486,9192.0,27450.0,9485
9487,9192.0,27667.0,9486
9488,9192.0,27749.0,9487
9489,9192.0,27893.0,9488
9490,9192.0,28409.0,9489
9491,9192.0,28087.0,9490
9492,9192.0,27990.0,9491
9493,9192.0,28914.0,9492
9494,9192.0,28694.0,9493
9495,9192.0,28628.0,9494
9496,9192.0,28879.0,9495
9497,9192.0,28879.0,9496
9498,9192.0,29377.0,9497
9499,9192.0,29592.0,9498
9500,9192.0,29691.0,9499
9501,9192.0,30018.0,9500
9502,9192.0,30007.0,9501
9503,9192.0,29271.0,9502
9504,9192.0,27908.0,9503
9505,9192.0,28128.0,9504
9506,9192.0,28059.0,9505
9507,9192.0,27990.0,9506
9508,9192.0,28173.0,9507
9509,9192.0,28223.0,9508
9510,9192.0,28272.0,9509
9511,9192.0,28239.0,9510
9512,9192.0,28579.0,9511
9513,9192.0,28526.0,9512
9514,9192.0,28861.0,9513
9515,9192.0,28902.0,9514
9516,9192.0,29176.0,9515
9517,9192.0,29345.0,9516
9518,9192.0,29242.0,9517
9519,9192.0,28892.0,9518
9520,9192.0,29494.0,9519
9521,9192.0,29424.0,9520
9522,9192.0,31100.0,9521
9523,9192.0,30758.0,9522
9524,9192.0,30971.0,9523
9525,9192.0,31133.0,9524
9526,9192.0,30578.0,9525
9527,9192.0,30607.0,9526
9528,9192.0,30895.0,9527
9529,9192.0,30749.0,9528
9530,9192.0,30360.0,9529
9531,9192.0,29317.0,9530
9532,9192.0,29530.0,9531
9533,9192.0,29604.0,9532
9534,9192.0,29381.0,9533
9535,9192.0,29469.0,9534
9536,9192.0,29714.0,9535
9537,9192.0,29581.0,9536
9538,9192.0,28808.0,9537
9539,9192.0,28406.0,9538
9540,9192.0,28347.0,9539
9541,9192.0,28401.0,9540
9542,9192.0,27900.0,9541
9543,9192.0,29176.0,9542
9544,9192.0,30059.0,9543
9545,9192.0,30506.0,9544
9546,9192.0,30480.0,9545
9547,9192.0,30746.0,9546
9548,9192.0,30472.0,9547
9549,9192.0,30409.0,9548
9550,9192.0,30845.0,9549
9551,9192.0,30165.0,9550
9552,9192.0,30424.0,9551
9553,9192.0,30090.0,9552
9554,9192.0,30601.0,9553
9555,9192.0,30195.0,9554
9556,9192.0,29934.0,9555
9557,9192.0,29841.0,9556
9558,9192.0,29719.0,9557
9559,9192.0,29719.0,9558
9560,9192.0,29733.0,9559
9561,9192.0,29047.0,9560
9562,9192.0,29047.0,9561
9563,9192.0,29102.0,9562
9564,9192.0,28800.0,9563
9565,9192.0,28864.0,9564
9566,9192.0,27533.0,9565
9567,9192.0,27339.0,9566
9568,9192.0,28062.0,9567
9569,9192.0,27663.0,9568
9570,9192.0,27226.0,9569
9571,9192.0,27561.0,9570
9572,9192.0,26776.0,9571
9573,9192.0,26776.0,9572
9574,9192.0,27425.0,9573
9575,9192.0,27356.0,9574
9576,9192.0,26762.0,9575
9577,9192.0,27655.0,9576
9578,9192.0,27544.0,9577
9579,9192.0,27625.0,9578
9580,9192.0,27625.0,9579
9581,9192.0,27440.0,9580
9582,9192.0,28241.0,9581
9583,9192.0,28642.0,9582
9584,9192.0,28908.0,9583
9585,9192.0,28978.0,9584
9586,9192.0,29048.0,9585
9587,9192.0,28507.0,9586
9588,9192.0,27580.0,9587
9589,9192.0,28166.0,9588
9590,9192.0,28705.0,9589
9591,9192.0,28374.0,9590
9592,9192.0,28406.0,9591
9593,9192.0,28423.0,9592
9594,9192.0,29384.0,9593
9595,9192.0,29952.0,9594
9596,9192.0,30300.0,9595
9597,9192.0,30741.0,9596
9598,9192.0,31154.0,9597
9599,9192.0,31263.0,9598
9600,9192.0,31211.0,9599
9601,9192.0,31485.0,9600
9602,9192.0,31485.0,9601
9603,9192.0,31417.0,9602
9604,9192.0,31124.0,9603
9605,9192.0,31205.0,9604
9606,9192.0,31228.0,9605
9607,9192.0,30818.0,9606
9608,9192.0,29914.0,9607
9609,9192.0,30002.0,9608
9610,9192.0,29480.0,9609
9611,9192.0,29342.0,9610
9612,9192.0,29024.0,9611
9613,9192.0,29097.0,9612
9614,9192.0,29323.0,9613
9615,9192.0,30518.0,9614
9616,9192.0,30495.0,9615
9617,9192.0,30708.0,9616
9618,9192.0,30708.0,9617
9619,9192.0,30860.0,9618
9620,9192.0,30832.0,9619
9621,9192.0,32122.0,9620
9622,9192.0,31909.0,9621
9623,9192.0,31804.0,9622
9624,9192.0,30938.0,9623
9625,9192.0,30971.0,9624
9626,9192.0,31225.0,9625
9627,9192.0,31094.0,9626
9628,9192.0,31589.0,9627
9629,9192.0,31592.0,9628
9630,9192.0,32011.0,9629
9631,9192.0,32449.0,9630
9632,9192.0,32815.0,9631
9633,9192.0,32900.0,9632
9634,9192.0,32547.0,9633
9635,9192.0,30664.0,9634
9636,9192.0,30552.0,9635
9637,9192.0,30516.0,9636
9638,9192.0,30799.0,9637
9639,9192.0,31111.0,9638
9640,9192.0,30912.0,9639
9641,9192.0,30780.0,9640
9642,9192.0,29965.0,9641
9643,9192.0,29349.0,9642
9644,9192.0,29351.0,9643
9645,9192.0,29801.0,9644
9646,9192.0,30065.0,9645
9647,9192.0,30216.0,9646
9648,9192.0,30281.0,9647
9649,9192.0,30299.0,9648
9650,9192.0,30110.0,9649
9651,9192.0,30151.0,9650
9652,9192.0,30071.0,9651
9653,9192.0,29761.0,9652
9654,9192.0,29925.0,9653
9655,9192.0,29629.0,9654
9656,9192.0,28681.0,9655
9657,9192.0,28849.0,9656
9658,9192.0,29544.0,9657
9659,9192.0,29532.0,9658
9660,9192.0,29959.0,9659
9661,9192.0,29429.0,9660
9662,9192.0,29908.0,9661
9663,9192.0,31453.0,9662
9664,9192.0,31355.0,9663
9665,9192.0,31355.0,9664
9666,9192.0,32382.0,9665
9667,9192.0,32194.0,9666
9668,9192.0,32135.0,9667
9669,9192.0,32451.0,9668
9670,9192.0,32612.0,9669
9671,9192.0,32365.0,9670
9672,9192.0,32396.0,9671
9673,9192.0,32779.0,9672
9674,9192.0,32782.0,9673
9675,9192.0,31324.0,9674
9676,9192.0,31275.0,9675
9677,9192.0,31059.0,9676
9678,9192.0,31058.0,9677
9679,9192.0,30957.0,9678
9680,9192.0,30726.0,9679
9681,9192.0,30665.0,9680
9682,9192.0,31328.0,9681
9683,9192.0,30942.0,9682
9684,9192.0,30806.0,9683
9685,9192.0,30785.0,9684
9686,9192.0,30785.0,9685
9687,9192.0,33321.0,9686
9688,9192.0,33321.0,9687
9689,9192.0,32994.0,9688
9690,9192.0,31837.0,9689
9691,9192.0,31832.0,9690
9692,9192.0,31742.0,9691
9693,9192.0,31998.0,9692
9694,9192.0,32028.0,9693
9695,9192.0,31500.0,9694
9696,9192.0,31594.0,9695
9697,9192.0,31700.0,9696
9698,9192.0,31593.0,9697
9699,9192.0,30618.0,9698
9700,9192.0,30825.0,9699
9701,9192.0,30782.0,9700
9702,9192.0,30854.0,9701
9703,9192.0,30690.0,9702
9704,9192.0,30453.0,9703
9705,9192.0,30279.0,9704
9706,9192.0,30673.0,9705
9707,9192.0,30568.0,9706
9708,9192.0,30449.0,9707
9709,9192.0,30542.0,9708
9710,9192.0,30533.0,9709
9711,9192.0,30274.0,9710
9712,9192.0,30024.0,9711
9713,9192.0,29896.0,9712
9714,9192.0,29462.0,9713
9715,9192.0,29645.0,9714
9716,9192.0,29804.0,9715
9717,9192.0,29597.0,9716
9718,9192.0,29515.0,9717
9719,9192.0,28652.0,9718
9720,9192.0,29289.0,9719
9721,9192.0,29243.0,9720
9722,9192.0,29654.0,9721
9723,9192.0,30073.0,9722
9724,9192.0,29131.0,9723
9725,9192.0,29535.0,9724
9726,9192.0,29460.0,9725
9727,9192.0,29066.0,9726
9728,9192.0,29285.0,9727
9729,9192.0,29204.0,9728
9730,9192.0,29088.0,9729
9731,9192.0,29329.0,9730
9732,9192.0,29494.0,9731
9733,9192.0,28349.0,9732
9734,9192.0,28390.0,9733
9735,9192.0,28589.0,9734
9736,9192.0,28754.0,9735
9737,9192.0,28705.0,9736
9738,9192.0,28705.0,9737
9739,9192.0,28504.0,9738
9740,9192.0,28299.0,9739
9741,9192.0,28174.0,9740
9742,9192.0,28136.0,9741
9743,9192.0,28288.0,9742
9744,9192.0,28107.0,9743
9745,9192.0,28003.0,9744
9746,9192.0,28003.0,9745
9747,9192.0,27911.0,9746
9748,9192.0,27960.0,9747
9749,9192.0,27960.0,9748
9750,9192.0,27993.0,9749
9751,9192.0,27818.0,9750
9752,9192.0,27772.0,9751
9753,9192.0,28319.0,9752
9754,9192.0,29123.0,9753
9755,9192.0,28253.0,9754
9756,9192.0,28266.0,9755
9757,9192.0,28297.0,9756
9758,9192.0,28920.0,9757
9759,9192.0,28934.0,9758
9760,9192.0,29006.0,9759
9761,9192.0,28701.0,9760
9762,9192.0,28701.0,9761
9763,9192.0,28616.0,9762
9764,9192.0,28702.0,9763
9765,9192.0,28702.0,9764
9766,9192.0,28155.0,9765
9767,9192.0,28184.0,9766
9768,9192.0,27925.0,9767
9769,9192.0,27235.0,9768
9770,9192.0,27749.0,9769
9771,9192.0,27749.0,9770
9772,9192.0,27730.0,9771
9773,9192.0,27816.0,9772
9774,9192.0,28584.0,9773
9775,9192.0,28556.0,9774
9776,9192.0,28556.0,9775
9777,9192.0,27501.0,9776
9778,9192.0,27996.0,9777
9779,9192.0,29288.0,9778
9780,9192.0,29186.0,9779
9781,9192.0,30025.0,9780
9782,9192.0,30344.0,9781
9783,9192.0,30335.0,9782
9784,9192.0,30144.0,9783
9785,9192.0,30144.0,9784
9786,9192.0,30129.0,9785
9787,9192.0,30631.0,9786
9788,9192.0,30745.0,9787
9789,9192.0,30945.0,9788
9790,9192.0,30945.0,9789
9791,9192.0,31285.0,9790
9792,9192.0,31465.0,9791
9793,9192.0,31474.0,9792
9794,9192.0,31631.0,9793
9795,9192.0,31888.0,9794
9796,9192.0,31051.0,9795
9797,9192.0,30388.0,9796
9798,9192.0,30388.0,9797
9799,9192.0,30444.0,9798
9800,9192.0,30444.0,9799
9801,9192.0,30388.0,9800
9802,9192.0,30338.0,9801
9803,9192.0,29867.0,9802
9804,9192.0,29807.0,9803
9805,9192.0,30081.0,9804
9806,9192.0,30080.0,9805
9807,9192.0,30083.0,9806
9808,9192.0,30041.0,9807
9809,9192.0,29412.0,9808
9810,9192.0,29598.0,9809
9811,9192.0,29349.0,9810
9812,9192.0,30155.0,9811
9813,9192.0,30122.0,9812
9814,9192.0,30011.0,9813
9815,9192.0,30356.0,9814
9816,9192.0,30361.0,9815
9817,9192.0,30599.0,9816
9818,9192.0,30527.0,9817
9819,9192.0,30651.0,9818
9820,9192.0,30651.0,9819
9821,9192.0,30872.0,9820
9822,9192.0,30751.0,9821
9823,9192.0,31305.0,9822
9824,9192.0,30655.0,9823
9825,9192.0,30351.0,9824
9826,9192.0,30498.0,9825
9827,9192.0,30467.0,9826
9828,9192.0,30460.0,9827
9829,9192.0,30443.0,9828
9830,9192.0,30592.0,9829
9831,9192.0,31173.0,9830
9832,9192.0,31049.0,9831
9833,9192.0,31889.0,9832
9834,9192.0,31472.0,9833
9835,9192.0,31409.0,9834
9836,9192.0,31437.0,9835
9837,9192.0,31412.0,9836
9838,9192.0,31111.0,9837
9839,9192.0,30769.0,9838
9840,9192.0,31021.0,9839
9841,9192.0,31026.0,9840
9842,9192.0,30929.0,9841
9843,9192.0,30983.0,9842
9844,9192.0,30984.0,9843
9845,9192.0,30910.0,9844
9846,9192.0,30127.0,9845
9847,9192.0,30335.0,9846
9848,9192.0,30207.0,9847
9849,9192.0,30009.0,9848
9850,9192.0,30009.0,9849
9851,9192.0,30188.0,9850
9852,9192.0,29434.0,9851
9853,9192.0,29275.0,9852
9854,9192.0,29023.0,9853
9855,9192.0,28898.0,9854
9856,9192.0,29554.0,9855
9857,9192.0,30080.0,9856
9858,9192.0,29791.0,9857
9859,9192.0,29866.0,9858
9860,9192.0,29695.0,9859
9861,9192.0,29852.0,9860
9862,9192.0,29694.0,9861
9863,9192.0,28945.0,9862
9864,9192.0,28940.0,9863
9865,9192.0,27238.0,9864
9866,9192.0,27059.0,9865
9867,9192.0,26815.0,9866
9868,9192.0,26787.0,9867
9869,9192.0,26455.0,9868
9870,9192.0,26455.0,9869
9871,9192.0,26209.0,9870
9872,9192.0,26293.0,9871
9873,9192.0,26417.0,9872
9874,9192.0,26179.0,9873
9875,9192.0,26066.0,9874
9876,9192.0,25829.0,9875
9877,9192.0,25961.0,9876
9878,9192.0,26335.0,9877
9879,9192.0,26327.0,9878
9880,9192.0,26337.0,9879
9881,9192.0,26337.0,9880
9882,9192.0,26917.0,9881
9883,9192.0,27604.0,9882
9884,9192.0,28562.0,9883
9885,9192.0,27867.0,9884
9886,9192.0,28346.0,9885
9887,9192.0,28529.0,9886
9888,9192.0,28401.0,9887
9889,9192.0,28288.0,9888
9890,9192.0,28288.0,9889
9891,9192.0,28281.0,9890
9892,9192.0,28797.0,9891
9893,9192.0,28636.0,9892
9894,9192.0,28724.0,9893
9895,9192.0,27828.0,9894
9896,9192.0,28349.0,9895
9897,9192.0,27798.0,9896
9898,9192.0,28077.0,9897
9899,9192.0,26382.0,9898
9900,9192.0,27751.0,9899
9901,9192.0,27543.0,9900
9902,9192.0,27595.0,9901
9903,9192.0,27595.0,9902
9904,9192.0,27377.0,9903
9905,9192.0,27377.0,9904
9906,9192.0,28717.0,9905
9907,9192.0,28717.0,9906
9908,9192.0,28717.0,9907
9909,9192.0,28612.0,9908
9910,9192.0,28908.0,9909
9911,9192.0,29948.0,9910
9912,9192.0,29961.0,9911
9913,9192.0,29956.0,9912
9914,9192.0,29987.0,9913
9915,9192.0,30138.0,9914
9916,9192.0,30029.0,9915
9917,9192.0,30467.0,9916
9918,9192.0,30378.0,9917
9919,9192.0,30428.0,9918
9920,9192.0,29919.0,9919
9921,9192.0,30064.0,9920
9922,9192.0,30212.0,9921
9923,9192.0,30131.0,9922
9924,9192.0,29775.0,9923
9925,9192.0,29357.0,9924
9926,9192.0,29352.0,9925
9927,9192.0,29673.0,9926
9928,9192.0,29674.0,9927
9929,9192.0,30098.0,9928
9930,9192.0,29977.0,9929
9931,9192.0,29961.0,9930
9932,9192.0,29611.0,9931
9933,9192.0,29421.0,9932
9934,9192.0,30515.0,9933
9935,9192.0,30265.0,9934
9936,9192.0,30310.0,9935
9937,9192.0,29975.0,9936
9938,9192.0,29772.0,9937
9939,9192.0,29580.0,9938
9940,9192.0,30093.0,9939
9941,9192.0,30093.0,9940
9942,9192.0,30093.0,9941
9943,9192.0,29816.0,9942
9944,9192.0,28561.0,9943
9945,9192.0,28872.0,9944
9946,9192.0,28291.0,9945
9947,9192.0,29082.0,9946
9948,9192.0,28274.0,9947
9949,9192.0,27794.0,9948
9950,9192.0,27642.0,9949
9951,9192.0,27954.0,9950
9952,9192.0,28096.0,9951
9953,9192.0,27432.0,9952
9954,9192.0,27443.0,9953
9955,9192.0,27188.0,9954
9956,9192.0,27111.0,9955
9957,9192.0,27294.0,9956
9958,9192.0,27294.0,9957
9959,9192.0,28341.0,9958
9960,9192.0,27841.0,9959
9961,9192.0,28799.0,9960
9962,9192.0,29003.0,9961
9963,9192.0,28234.0,9962
9964,9192.0,28540.0,9963
9965,9192.0,29750.0,9964
9966,9192.0,29962.0,9965
9967,9192.0,29794.0,9966
9968,9192.0,30912.0,9967
9969,9192.0,30914.0,9968
9970,9192.0,31215.0,9969
9971,9192.0,31796.0,9970
9972,9192.0,31855.0,9971
9973,9192.0,31234.0,9972
9974,9192.0,31289.0,9973
9975,9192.0,31589.0,9974
9976,9192.0,31477.0,9975
9977,9192.0,31297.0,9976
9978,9192.0,30750.0,9977
9979,9192.0,30705.0,9978
9980,9192.0,30720.0,9979
9981,9192.0,30767.0,9980
9982,9192.0,30014.0,9981
9983,9192.0,30044.0,9982
9984,9192.0,29026.0,9983
9985,9192.0,28655.0,9984
9986,9192.0,28981.0,9985
9987,9192.0,29147.0,9986
9988,9192.0,28853.0,9987
9989,9192.0,29527.0,9988
9990,9192.0,29259.0,9989
9991,9192.0,29339.0,9990
9992,9192.0,29627.0,9991
9993,9192.0,29632.0,9992
9994,9192.0,29597.0,9993
9995,9192.0,29174.0,9994
9996,9192.0,29539.0,9995
9997,9192.0,29501.0,9996
9998,9192.0,29436.0,9997
9999,9192.0,29739.0,9998
10000,9192.0,30052.0,9999
10001,9192.0,30207.0,10000
10002,9192.0,30330.0,10001
10003,9192.0,30366.0,10002
10004,9192.0,30256.0,10003
10005,9192.0,30304.0,10004
10006,9192.0,29346.0,10005
10007,9192.0,29324.0,10006
10008,9192.0,29442.0,10007
10009,9192.0,29380.0,10008
10010,9192.0,29381.0,10009
10011,9192.0,29674.0,10010
10012,9192.0,29511.0,10011
10013,9192.0,29807.0,10012
10014,9192.0,30597.0,10013
10015,9192.0,30273.0,10014
10016,9192.0,29904.0,10015
10017,9192.0,29860.0,10016
10018,9192.0,29865.0,10017
10019,9192.0,29856.0,10018
10020,9192.0,29705.0,10019
10021,9192.0,29705.0,10020
10022,9192.0,29615.0,10021
10023,9192.0,29305.0,10022
10024,9192.0,28199.0,10023
10025,9192.0,28165.0,10024
10026,9192.0,26742.0,10025
10027,9192.0,26742.0,10026
10028,9192.0,26762.0,10027
10029,9192.0,26801.0,10028
10030,9192.0,27061.0,10029
10031,9192.0,27506.0,10030
10032,9192.0,27665.0,10031
10033,9192.0,27810.0,10032
10034,9192.0,27960.0,10033
10035,9192.0,27960.0,10034
10036,9192.0,27956.0,10035
10037,9192.0,27956.0,10036
10038,9192.0,27653.0,10037
10039,9192.0,27487.0,10038
10040,9192.0,27713.0,10039
10041,9192.0,28875.0,10040
10042,9192.0,28599.0,10041
10043,9192.0,28408.0,10042
10044,9192.0,28761.0,10043
10045,9192.0,29165.0,10044
10046,9192.0,29343.0,10045
10047,9192.0,29343.0,10046
10048,9192.0,29348.0,10047
10049,9192.0,29307.0,10048
10050,9192.0,29785.0,10049
10051,9192.0,30366.0,10050
10052,9192.0,30589.0,10051
10053,9192.0,30513.0,10052
10054,9192.0,30413.0,10053
10055,9192.0,30562.0,10054
10056,9192.0,30339.0,10055
10057,9192.0,30116.0,10056
10058,9192.0,30199.0,10057
10059,9192.0,29857.0,10058
10060,9192.0,29919.0,10059
10061,9192.0,29954.0,10060
10062,9192.0,30278.0,10061
10063,9192.0,30432.0,10062
10064,9192.0,30413.0,10063
10065,9192.0,30341.0,10064
10066,9192.0,30512.0,10065
10067,9192.0,30026.0,10066
10068,9192.0,29275.0,10067
10069,9192.0,28763.0,10068
10070,9192.0,28263.0,10069
10071,9192.0,28892.0,10070
10072,9192.0,29263.0,10071
10073,9192.0,28997.0,10072
10074,9192.0,29037.0,10073
10075,9192.0,29159.0,10074
10076,9192.0,27997.0,10075
10077,9192.0,28046.0,10076
10078,9192.0,27717.0,10077
10079,9192.0,27850.0,10078
10080,9192.0,28208.0,10079
10081,9192.0,28208.0,10080
10082,9192.0,27766.0,10081
10083,9192.0,27928.0,10082
10084,9192.0,28225.0,10083
10085,9192.0,27854.0,10084
10086,9192.0,27842.0,10085
10087,9192.0,27804.0,10086
10088,9192.0,28090.0,10087
10089,9192.0,28152.0,10088
10090,9192.0,28335.0,10089
10091,9192.0,29057.0,10090
10092,9192.0,29263.0,10091
10093,9192.0,29333.0,10092
10094,9192.0,29296.0,10093
10095,9192.0,29296.0,10094
10096,9192.0,29342.0,10095
10097,9192.0,29306.0,10096
10098,9192.0,29306.0,10097
10099,9192.0,29273.0,10098
10100,9192.0,29591.0,10099
10101,9192.0,29449.0,10100
10102,9192.0,29449.0,10101
10103,9192.0,29696.0,10102
10104,9192.0,30172.0,10103
10105,9192.0,30362.0,10104
10106,9192.0,31032.0,10105
10107,9192.0,30869.0,10106
10108,9192.0,30869.0,10107
10109,9192.0,31208.0,10108
10110,9192.0,31157.0,10109
10111,9192.0,30940.0,10110
10112,9192.0,30940.0,10111
10113,9192.0,30946.0,10112
10114,9192.0,30946.0,10113
10115,9192.0,30926.0,10114
10116,9192.0,30924.0,10115
10117,9192.0,30755.0,10116
10118,9192.0,30750.0,10117
10119,9192.0,30750.0,10118
10120,9192.0,30750.0,10119
10121,9192.0,30750.0,10120
10122,9192.0,30819.0,10121
10123,9192.0,30111.0,10122
10124,9192.0,30254.0,10123
10125,9192.0,30254.0,10124
10126,9192.0,30141.0,10125
10127,9192.0,30160.0,10126
10128,9192.0,29982.0,10127
10129,9192.0,29982.0,10128
10130,9192.0,29874.0,10129
10131,9192.0,29709.0,10130
10132,9192.0,29197.0,10131
10133,9192.0,29582.0,10132
10134,9192.0,28740.0,10133
10135,9192.0,29748.0,10134
10136,9192.0,29146.0,10135
10137,9192.0,29041.0,10136
10138,9192.0,29191.0,10137
10139,9192.0,29243.0,10138
10140,9192.0,28993.0,10139
10141,9192.0,28077.0,10140
10142,9192.0,28251.0,10141
10143,9192.0,28751.0,10142
10144,9192.0,28932.0,10143
10145,9192.0,28978.0,10144
10146,9192.0,29906.0,10145
10147,9192.0,29906.0,10146
10148,9192.0,29261.0,10147
10149,9192.0,29309.0,10148
10150,9192.0,29309.0,10149
10151,9192.0,29752.0,10150
10152,9192.0,29903.0,10151
10153,9192.0,30695.0,10152
10154,9192.0,30695.0,10153
10155,9192.0,29761.0,10154
10156,9192.0,29647.0,10155
10157,9192.0,29586.0,10156
10158,9192.0,29535.0,10157
10159,9192.0,29363.0,10158
10160,9192.0,29189.0,10159
10161,9192.0,29152.0,10160
10162,9192.0,29050.0,10161
10163,9192.0,29215.0,10162
10164,9192.0,29580.0,10163
10165,9192.0,28955.0,10164
10166,9192.0,28933.0,10165
10167,9192.0,28970.0,10166
10168,9192.0,28996.0,10167
10169,9192.0,29528.0,10168
10170,9192.0,29521.0,10169
10171,9192.0,29765.0,10170
10172,9192.0,30288.0,10171
10173,9192.0,30483.0,10172
10174,9192.0,30679.0,10173
10175,9192.0,29908.0,10174
10176,9192.0,30295.0,10175
10177,9192.0,30283.0,10176
10178,9192.0,30727.0,10177
10179,9192.0,30727.0,10178
10180,9192.0,30727.0,10179
10181,9192.0,30097.0,10180
10182,9192.0,30346.0,10181
10183,9192.0,30069.0,10182
10184,9192.0,29473.0,10183
10185,9192.0,29667.0,10184
10186,9192.0,29283.0,10185
10187,9192.0,28781.0,10186
10188,9192.0,28827.0,10187
10189,9192.0,28827.0,10188
10190,9192.0,28298.0,10189
10191,9192.0,28298.0,10190
10192,9192.0,27222.0,10191
10193,9192.0,27029.0,10192
10194,9192.0,27029.0,10193
10195,9192.0,26854.0,10194
10196,9192.0,26795.0,10195
10197,9192.0,27834.0,10196
10198,9192.0,28437.0,10197
10199,9192.0,28252.0,10198
10200,9192.0,28252.0,10199
10201,9192.0,28427.0,10200
10202,9192.0,29387.0,10201
10203,9192.0,29641.0,10202
10204,9192.0,29827.0,10203
10205,9192.0,29447.0,10204
10206,9192.0,28724.0,10205
10207,9192.0,27680.0,10206
10208,9192.0,28801.0,10207
10209,9192.0,28886.0,10208
10210,9192.0,28818.0,10209
10211,9192.0,28818.0,10210
10212,9192.0,28708.0,10211
10213,9192.0,28227.0,10212
10214,9192.0,27579.0,10213
10215,9192.0,27536.0,10214
10216,9192.0,27536.0,10215
10217,9192.0,26459.0,10216
10218,9192.0,25775.0,10217
10219,9192.0,25775.0,10218
10220,9192.0,25775.0,10219
10221,9192.0,25270.0,10220
10222,9192.0,25563.0,10221
10223,9192.0,25304.0,10222
10224,9192.0,25442.0,10223
10225,9192.0,25474.0,10224
10226,9192.0,25975.0,10225
10227,9192.0,25975.0,10226
10228,9192.0,26295.0,10227
10229,9192.0,26546.0,10228
10230,9192.0,26546.0,10229
10231,9192.0,26615.0,10230
10232,9192.0,26515.0,10231
10233,9192.0,27229.0,10232
10234,9192.0,28093.0,10233
10235,9192.0,28612.0,10234
10236,9192.0,28825.0,10235
10237,9192.0,28824.0,10236
10238,9192.0,28824.0,10237
10239,9192.0,29035.0,10238
10240,9192.0,28327.0,10239
10241,9192.0,28139.0,10240
10242,9192.0,27481.0,10241
10243,9192.0,27012.0,10242
10244,9192.0,27036.0,10243
10245,9192.0,26623.0,10244
10246,9192.0,26477.0,10245
10247,9192.0,26965.0,10246
10248,9192.0,26677.0,10247
10249,9192.0,27186.0,10248
10250,9192.0,27804.0,10249
10251,9192.0,27836.0,10250
10252,9192.0,28066.0,10251
10253,9192.0,27812.0,10252
10254,9192.0,27890.0,10253
10255,9192.0,28033.0,10254
10256,9192.0,28020.0,10255
10257,9192.0,28917.0,10256
10258,9192.0,29005.0,10257
10259,9192.0,27941.0,10258
10260,9192.0,26591.0,10259
10261,9192.0,26586.0,10260
10262,9192.0,26666.0,10261
10263,9192.0,27290.0,10262
10264,9192.0,27380.0,10263
10265,9192.0,27346.0,10264
10266,9192.0,27566.0,10265
10267,9192.0,28679.0,10266
10268,9192.0,28398.0,10267
10269,9192.0,29338.0,10268
10270,9192.0,30112.0,10269
10271,9192.0,29760.0,10270
10272,9192.0,29524.0,10271
10273,9192.0,29659.0,10272
10274,9192.0,29664.0,10273
10275,9192.0,29683.0,10274
10276,9192.0,29941.0,10275
10277,9192.0,29941.0,10276
10278,9192.0,30414.0,10277
10279,9192.0,29880.0,10278
10280,9192.0,29862.0,10279
10281,9192.0,28558.0,10280
10282,9192.0,27770.0,10281
10283,9192.0,28245.0,10282
10284,9192.0,28241.0,10283
10285,9192.0,29470.0,10284
10286,9192.0,29227.0,10285
10287,9192.0,29141.0,10286
10288,9192.0,28526.0,10287
10289,9192.0,25448.0,10288
10290,9192.0,25420.0,10289
10291,9192.0,25581.0,10290
10292,9192.0,27188.0,10291
10293,9192.0,27488.0,10292
10294,9192.0,27590.0,10293
10295,9192.0,27411.0,10294
10296,9192.0,27295.0,10295
10297,9192.0,27873.0,10296
10298,9192.0,28505.0,10297
10299,9192.0,29232.0,10298
10300,9192.0,30152.0,10299
10301,9192.0,30054.0,10300
10302,9192.0,30036.0,10301
10303,9192.0,30379.0,10302
10304,9192.0,30251.0,10303
10305,9192.0,30261.0,10304
10306,9192.0,30316.0,10305
10307,9192.0,30371.0,10306
10308,9192.0,30857.0,10307
10309,9192.0,30237.0,10308
10310,9192.0,28950.0,10309
10311,9192.0,29014.0,10310
10312,9192.0,28939.0,10311
10313,9192.0,28939.0,10312
10314,9192.0,28935.0,10313
10315,9192.0,28884.0,10314
10316,9192.0,28713.0,10315
10317,9192.0,28341.0,10316
10318,9192.0,29637.0,10317
10319,9192.0,29825.0,10318
10320,9192.0,30897.0,10319
10321,9192.0,30897.0,10320
10322,9192.0,30916.0,10321
10323,9192.0,30916.0,10322
10324,9192.0,30920.0,10323
10325,9192.0,31272.0,10324
10326,9192.0,31260.0,10325
10327,9192.0,31085.0,10326
10328,9192.0,31267.0,10327
10329,9192.0,31200.0,10328
10330,9192.0,31397.0,10329
10331,9192.0,31720.0,10330
10332,9192.0,31650.0,10331
10333,9192.0,31849.0,10332
10334,9192.0,31870.0,10333
10335,9192.0,32076.0,10334
10336,9192.0,32006.0,10335
10337,9192.0,32210.0,10336
10338,9192.0,32231.0,10337
10339,9192.0,32227.0,10338
10340,9192.0,32236.0,10339
10341,9192.0,31885.0,10340
10342,9192.0,31882.0,10341
10343,9192.0,32993.0,10342
10344,9192.0,32109.0,10343
10345,9192.0,31651.0,10344
10346,9192.0,31680.0,10345
10347,9192.0,31800.0,10346
10348,9192.0,31622.0,10347
10349,9192.0,31610.0,10348
10350,9192.0,31534.0,10349
10351,9192.0,32335.0,10350
10352,9192.0,31984.0,10351
10353,9192.0,31953.0,10352
10354,9192.0,32256.0,10353
10355,9192.0,31652.0,10354
10356,9192.0,31360.0,10355
10357,9192.0,31360.0,10356
10358,9192.0,30935.0,10357
10359,9192.0,31135.0,10358
10360,9192.0,31162.0,10359
10361,9192.0,30964.0,10360
10362,9192.0,30964.0,10361
10363,9192.0,30708.0,10362
10364,9192.0,29570.0,10363
10365,9192.0,29452.0,10364
10366,9192.0,29320.0,10365
10367,9192.0,29470.0,10366
10368,9192.0,29957.0,10367
10369,9192.0,29690.0,10368
10370,9192.0,29932.0,10369
10371,9192.0,28296.0,10370
10372,9192.0,27223.0,10371
10373,9192.0,27235.0,10372
10374,9192.0,28247.0,10373
10375,9192.0,28155.0,10374
10376,9192.0,28051.0,10375
10377,9192.0,27652.0,10376
10378,9192.0,27453.0,10377
10379,9192.0,27673.0,10378
10380,9192.0,27736.0,10379
10381,9192.0,27069.0,10380
10382,9192.0,26886.0,10381
10383,9192.0,27589.0,10382
10384,9192.0,27620.0,10383
10385,9192.0,26724.0,10384
10386,9192.0,26700.0,10385
10387,9192.0,27842.0,10386
10388,9192.0,27707.0,10387
10389,9192.0,28216.0,10388
10390,9192.0,27906.0,10389
10391,9192.0,27830.0,10390
10392,9192.0,27754.0,10391
10393,9192.0,28002.0,10392
10394,9192.0,28040.0,10393
10395,9192.0,28055.0,10394
10396,9192.0,27356.0,10395
10397,9192.0,27490.0,10396
10398,9192.0,28509.0,10397
10399,9192.0,28826.0,10398
10400,9192.0,28257.0,10399
10401,9192.0,28014.0,10400
10402,9192.0,27842.0,10401
10403,9192.0,28527.0,10402
10404,9192.0,28506.0,10403
10405,9192.0,27969.0,10404
10406,9192.0,28225.0,10405
10407,9192.0,28423.0,10406
10408,9192.0,28637.0,10407
10409,9192.0,28602.0,10408
10410,9192.0,29410.0,10409
10411,9192.0,29324.0,10410
10412,9192.0,29304.0,10411
10413,9192.0,29513.0,10412
10414,9192.0,30036.0,10413
10415,9192.0,29852.0,10414
10416,9192.0,29852.0,10415
10417,9192.0,29700.0,10416
10418,9192.0,28620.0,10417
10419,9192.0,29792.0,10418
10420,9192.0,29135.0,10419
10421,9192.0,29140.0,10420
10422,9192.0,30311.0,10421
10423,9192.0,30566.0,10422
10424,9192.0,30911.0,10423
10425,9192.0,31197.0,10424
10426,9192.0,31393.0,10425
10427,9192.0,30936.0,10426
10428,9192.0,30925.0,10427
10429,9192.0,30756.0,10428
10430,9192.0,30737.0,10429
10431,9192.0,30754.0,10430
10432,9192.0,30560.0,10431
10433,9192.0,30112.0,10432
10434,9192.0,29613.0,10433
10435,9192.0,29805.0,10434
10436,9192.0,29873.0,10435
10437,9192.0,30232.0,10436
10438,9192.0,30467.0,10437
10439,9192.0,30609.0,10438
10440,9192.0,30864.0,10439
10441,9192.0,30527.0,10440
10442,9192.0,30527.0,10441
10443,9192.0,29195.0,10442
10444,9192.0,28552.0,10443
10445,9192.0,28449.0,10444
10446,9192.0,28395.0,10445
10447,9192.0,28631.0,10446
10448,9192.0,28366.0,10447
10449,9192.0,29087.0,10448
10450,9192.0,28819.0,10449
10451,9192.0,28819.0,10450
10452,9192.0,28887.0,10451
10453,9192.0,28638.0,10452
10454,9192.0,28382.0,10453
10455,9192.0,28444.0,10454
10456,9192.0,28441.0,10455
10457,9192.0,28641.0,10456
10458,9192.0,28170.0,10457
10459,9192.0,27701.0,10458
10460,9192.0,27701.0,10459
10461,9192.0,26872.0,10460
10462,9192.0,27386.0,10461
10463,9192.0,27362.0,10462
10464,9192.0,27484.0,10463
10465,9192.0,27699.0,10464
10466,9192.0,27308.0,10465
10467,9192.0,27481.0,10466
10468,9192.0,27503.0,10467
10469,9192.0,27444.0,10468
10470,9192.0,27459.0,10469
10471,9192.0,27475.0,10470
10472,9192.0,27532.0,10471
10473,9192.0,27535.0,10472
10474,9192.0,27475.0,10473
10475,9192.0,27498.0,10474
10476,9192.0,28098.0,10475
10477,9192.0,28438.0,10476
10478,9192.0,28511.0,10477
10479,9192.0,28737.0,10478
10480,9192.0,28646.0,10479
10481,9192.0,28212.0,10480
10482,9192.0,27480.0,10481
10483,9192.0,27722.0,10482
10484,9192.0,27722.0,10483
10485,9192.0,27419.0,10484
10486,9192.0,27406.0,10485
10487,9192.0,26803.0,10486
10488,9192.0,26761.0,10487
10489,9192.0,26104.0,10488
10490,9192.0,26247.0,10489
10491,9192.0,26280.0,10490
10492,9192.0,27377.0,10491
10493,9192.0,27159.0,10492
10494,9192.0,27228.0,10493
10495,9192.0,27201.0,10494
10496,9192.0,27089.0,10495
10497,9192.0,26848.0,10496
10498,9192.0,26847.0,10497
10499,9192.0,26985.0,10498
10500,9192.0,26870.0,10499
10501,9192.0,27047.0,10500
10502,9192.0,27084.0,10501
10503,9192.0,27417.0,10502
10504,9192.0,27871.0,10503
10505,9192.0,27939.0,10504
10506,9192.0,28013.0,10505
10507,9192.0,27938.0,10506
10508,9192.0,28130.0,10507
10509,9192.0,27547.0,10508
10510,9192.0,27547.0,10509
10511,9192.0,27894.0,10510
10512,9192.0,27894.0,10511
10513,9192.0,27748.0,10512
10514,9192.0,27748.0,10513
10515,9192.0,28070.0,10514
10516,9192.0,27979.0,10515
10517,9192.0,28425.0,10516
10518,9192.0,27197.0,10517
10519,9192.0,27409.0,10518
10520,9192.0,27546.0,10519
10521,9192.0,27564.0,10520
10522,9192.0,27648.0,10521
10523,9192.0,27416.0,10522
10524,9192.0,27403.0,10523
10525,9192.0,27380.0,10524
10526,9192.0,28278.0,10525
10527,9192.0,28122.0,10526
10528,9192.0,28355.0,10527
10529,9192.0,28668.0,10528
10530,9192.0,28439.0,10529
10531,9192.0,28430.0,10530
10532,9192.0,28917.0,10531
10533,9192.0,28442.0,10532
10534,9192.0,28702.0,10533
10535,9192.0,28742.0,10534
10536,9192.0,28980.0,10535
10537,9192.0,28961.0,10536
10538,9192.0,29412.0,10537
10539,9192.0,29414.0,10538
10540,9192.0,29390.0,10539
10541,9192.0,29200.0,10540
10542,9192.0,29599.0,10541
10543,9192.0,29481.0,10542
10544,9192.0,29616.0,10543
10545,9192.0,30116.0,10544
10546,9192.0,29922.0,10545
10547,9192.0,29955.0,10546
10548,9192.0,31001.0,10547
10549,9192.0,31031.0,10548
10550,9192.0,31152.0,10549
10551,9192.0,30930.0,10550
10552,9192.0,31678.0,10551
10553,9192.0,31463.0,10552
10554,9192.0,31202.0,10553
10555,9192.0,32208.0,10554
10556,9192.0,32410.0,10555
10557,9192.0,32527.0,10556
10558,9192.0,32259.0,10557
10559,9192.0,31563.0,10558
10560,9192.0,31523.0,10559
10561,9192.0,30850.0,10560
10562,9192.0,30045.0,10561
10563,9192.0,29680.0,10562
10564,9192.0,29156.0,10563
10565,9192.0,29604.0,10564
10566,9192.0,29333.0,10565
10567,9192.0,29330.0,10566
10568,9192.0,28645.0,10567
10569,9192.0,28856.0,10568
10570,9192.0,28090.0,10569
10571,9192.0,28106.0,10570
10572,9192.0,29091.0,10571
10573,9192.0,29631.0,10572
10574,9192.0,29083.0,10573
10575,9192.0,29021.0,10574
10576,9192.0,29356.0,10575
10577,9192.0,29660.0,10576
10578,9192.0,28769.0,10577
10579,9192.0,28550.0,10578
10580,9192.0,28075.0,10579
10581,9192.0,28075.0,10580
10582,9192.0,28236.0,10581
10583,9192.0,28007.0,10582
10584,9192.0,27968.0,10583
10585,9192.0,28221.0,10584
10586,9192.0,28774.0,10585
10587,9192.0,28579.0,10586
10588,9192.0,28800.0,10587
10589,9192.0,28854.0,10588
10590,9192.0,28889.0,10589
10591,9192.0,30073.0,10590
10592,9192.0,30428.0,10591
10593,9192.0,30501.0,10592
10594,9192.0,30502.0,10593
10595,9192.0,29557.0,10594
10596,9192.0,29662.0,10595
10597,9192.0,28772.0,10596
10598,9192.0,28571.0,10597
10599,9192.0,29233.0,10598
10600,9192.0,29516.0,10599
10601,9192.0,29573.0,10600
10602,9192.0,30329.0,10601
10603,9192.0,31203.0,10602
10604,9192.0,30394.0,10603
10605,9192.0,30430.0,10604
10606,9192.0,29995.0,10605
10607,9192.0,30199.0,10606
10608,9192.0,30754.0,10607
10609,9192.0,30351.0,10608
10610,9192.0,30656.0,10609
10611,9192.0,30775.0,10610
10612,9192.0,28785.0,10611
10613,9192.0,29398.0,10612
10614,9192.0,29398.0,10613
10615,9192.0,29261.0,10614
10616,9192.0,29556.0,10615
10617,9192.0,29375.0,10616
10618,9192.0,29382.0,10617
10619,9192.0,29410.0,10618
10620,9192.0,28869.0,10619
10621,9192.0,29276.0,10620
10622,9192.0,28800.0,10621
10623,9192.0,28800.0,10622
10624,9192.0,28066.0,10623
10625,9192.0,28418.0,10624
10626,9192.0,26378.0,10625
10627,9192.0,26147.0,10626
10628,9192.0,25961.0,10627
10629,9192.0,26442.0,10628
10630,9192.0,26395.0,10629
10631,9192.0,26390.0,10630
10632,9192.0,26104.0,10631
10633,9192.0,25925.0,10632
10634,9192.0,26235.0,10633
10635,9192.0,26235.0,10634
10636,9192.0,26395.0,10635
10637,9192.0,25713.0,10636
10638,9192.0,25159.0,10637
10639,9192.0,24462.0,10638
10640,9192.0,23885.0,10639
10641,9192.0,23885.0,10640
10642,9192.0,23885.0,10641
10643,9192.0,25145.0,10642
10644,9192.0,25299.0,10643
10645,9192.0,25086.0,10644
10646,9192.0,25037.0,10645
10647,9192.0,25376.0,10646
10648,9192.0,24556.0,10647
10649,9192.0,24875.0,10648
10650,9192.0,25722.0,10649
10651,9192.0,26110.0,10650
10652,9192.0,26143.0,10651
10653,9192.0,26304.0,10652
10654,9192.0,26291.0,10653
10655,9192.0,26377.0,10654
10656,9192.0,26370.0,10655
10657,9192.0,26244.0,10656
10658,9192.0,26386.0,10657
10659,9192.0,26365.0,10658
10660,9192.0,26887.0,10659
10661,9192.0,26889.0,10660
10662,9192.0,26332.0,10661
10663,9192.0,26323.0,10662
10664,9192.0,26298.0,10663
10665,9192.0,26307.0,10664
10666,9192.0,26712.0,10665
10667,9192.0,26676.0,10666
10668,9192.0,27276.0,10667
10669,9192.0,27235.0,10668
10670,9192.0,28210.0,10669
10671,9192.0,28124.0,10670
10672,9192.0,28120.0,10671
10673,9192.0,28162.0,10672
10674,9192.0,27534.0,10673
10675,9192.0,27353.0,10674
10676,9192.0,27404.0,10675
10677,9192.0,27161.0,10676
10678,9192.0,26541.0,10677
10679,9192.0,26541.0,10678
10680,9192.0,26921.0,10679
10681,9192.0,26727.0,10680
10682,9192.0,26265.0,10681
10683,9192.0,26551.0,10682
10684,9192.0,25975.0,10683
10685,9192.0,26142.0,10684
10686,9192.0,26232.0,10685
10687,9192.0,25856.0,10686
10688,9192.0,26203.0,10687
10689,9192.0,26160.0,10688
10690,9192.0,24724.0,10689
10691,9192.0,24803.0,10690
10692,9192.0,25260.0,10691
10693,9192.0,25246.0,10692
10694,9192.0,25064.0,10693
10695,9192.0,26057.0,10694
10696,9192.0,25936.0,10695
10697,9192.0,26691.0,10696
10698,9192.0,25966.0,10697
10699,9192.0,25636.0,10698
10700,9192.0,27012.0,10699
10701,9192.0,27307.0,10700
10702,9192.0,26371.0,10701
10703,9192.0,25491.0,10702
10704,9192.0,25848.0,10703
10705,9192.0,26427.0,10704
10706,9192.0,26648.0,10705
10707,9192.0,26376.0,10706
10708,9192.0,27011.0,10707
10709,9192.0,26886.0,10708
10710,9192.0,26938.0,10709
10711,9192.0,26950.0,10710
10712,9192.0,27191.0,10711
10713,9192.0,26596.0,10712
10714,9192.0,26420.0,10713
10715,9192.0,27107.0,10714
10716,9192.0,26967.0,10715
10717,9192.0,28980.0,10716
10718,9192.0,28394.0,10717
10719,9192.0,28438.0,10718
10720,9192.0,28204.0,10719
10721,9192.0,28009.0,10720
10722,9192.0,27906.0,10721
10723,9192.0,27924.0,10722
10724,9192.0,27847.0,10723
10725,9192.0,27822.0,10724
10726,9192.0,27995.0,10725
10727,9192.0,27918.0,10726
10728,9192.0,27963.0,10727
10729,9192.0,27112.0,10728
10730,9192.0,26963.0,10729
10731,9192.0,26856.0,10730
10732,9192.0,27217.0,10731
10733,9192.0,27450.0,10732
10734,9192.0,27591.0,10733
10735,9192.0,27946.0,10734
10736,9192.0,29652.0,10735
10737,9192.0,30402.0,10736
10738,9192.0,30441.0,10737
10739,9192.0,29787.0,10738
10740,9192.0,30210.0,10739
10741,9192.0,30210.0,10740
10742,9192.0,30250.0,10741
10743,9192.0,30172.0,10742
10744,9192.0,31178.0,10743
10745,9192.0,31362.0,10744
10746,9192.0,31153.0,10745
10747,9192.0,30873.0,10746
10748,9192.0,30873.0,10747
10749,9192.0,31186.0,10748
10750,9192.0,31431.0,10749
10751,9192.0,31547.0,10750
10752,9192.0,30624.0,10751
10753,9192.0,30563.0,10752
10754,9192.0,29601.0,10753
10755,9192.0,29375.0,10754
10756,9192.0,29719.0,10755
10757,9192.0,29637.0,10756
10758,9192.0,29615.0,10757
10759,9192.0,29847.0,10758
10760,9192.0,29770.0,10759
10761,9192.0,29770.0,10760
10762,9192.0,30577.0,10761
10763,9192.0,30671.0,10762
10764,9192.0,30805.0,10763
10765,9192.0,31991.0,10764
10766,9192.0,32033.0,10765
10767,9192.0,31702.0,10766
10768,9192.0,31966.0,10767
10769,9192.0,31695.0,10768
10770,9192.0,31939.0,10769
10771,9192.0,32162.0,10770
10772,9192.0,33167.0,10771
10773,9192.0,31951.0,10772
10774,9192.0,31911.0,10773
10775,9192.0,31556.0,10774
10776,9192.0,31731.0,10775
10777,9192.0,31862.0,10776
10778,9192.0,31932.0,10777
10779,9192.0,31738.0,10778
10780,9192.0,31057.0,10779
10781,9192.0,31099.0,10780
10782,9192.0,31044.0,10781
10783,9192.0,30987.0,10782
10784,9192.0,31206.0,10783
10785,9192.0,31432.0,10784
10786,9192.0,31564.0,10785
10787,9192.0,31974.0,10786
10788,9192.0,31897.0,10787
10789,9192.0,32225.0,10788
10790,9192.0,32234.0,10789
10791,9192.0,32070.0,10790
10792,9192.0,32372.0,10791
10793,9192.0,32916.0,10792
10794,9192.0,32872.0,10793
10795,9192.0,32771.0,10794
10796,9192.0,32771.0,10795
10797,9192.0,32220.0,10796
10798,9192.0,32758.0,10797
10799,9192.0,32626.0,10798
10800,9192.0,31678.0,10799
10801,9192.0,31736.0,10800
10802,9192.0,31765.0,10801
10803,9192.0,31312.0,10802
10804,9192.0,31031.0,10803
10805,9192.0,30979.0,10804
10806,9192.0,31552.0,10805
10807,9192.0,31414.0,10806
10808,9192.0,31426.0,10807
10809,9192.0,31155.0,10808
10810,9192.0,31155.0,10809
10811,9192.0,31031.0,10810
10812,9192.0,31005.0,10811
10813,9192.0,30578.0,10812
10814,9192.0,30641.0,10813
10815,9192.0,30582.0,10814
10816,9192.0,30592.0,10815
10817,9192.0,30914.0,10816
10818,9192.0,30840.0,10817
10819,9192.0,30478.0,10818
10820,9192.0,30163.0,10819
10821,9192.0,30665.0,10820
10822,9192.0,30680.0,10821
10823,9192.0,30680.0,10822
10824,9192.0,30893.0,10823
10825,9192.0,30923.0,10824
10826,9192.0,31173.0,10825
10827,9192.0,31010.0,10826
10828,9192.0,31127.0,10827
10829,9192.0,31256.0,10828
10830,9192.0,31211.0,10829
10831,9192.0,31174.0,10830
10832,9192.0,31210.0,10831
10833,9192.0,30982.0,10832
10834,9192.0,30975.0,10833
10835,9192.0,30648.0,10834
10836,9192.0,30612.0,10835
10837,9192.0,30494.0,10836
10838,9192.0,30155.0,10837
10839,9192.0,30641.0,10838
10840,9192.0,30739.0,10839
10841,9192.0,30717.0,10840
10842,9192.0,30640.0,10841
10843,9192.0,30761.0,10842
10844,9192.0,31285.0,10843
10845,9192.0,30450.0,10844
10846,9192.0,30987.0,10845
10847,9192.0,30436.0,10846
10848,9192.0,29884.0,10847
10849,9192.0,29821.0,10848
10850,9192.0,29804.0,10849
10851,9192.0,28542.0,10850
10852,9192.0,27763.0,10851
10853,9192.0,27468.0,10852
10854,9192.0,27425.0,10853
10855,9192.0,27526.0,10854
10856,9192.0,27814.0,10855
10857,9192.0,27843.0,10856
10858,9192.0,27821.0,10857
10859,9192.0,27821.0,10858
10860,9192.0,27456.0,10859
10861,9192.0,27558.0,10860
10862,9192.0,27754.0,10861
10863,9192.0,27050.0,10862
10864,9192.0,27433.0,10863
10865,9192.0,27413.0,10864
10866,9192.0,27904.0,10865
10867,9192.0,27220.0,10866
10868,9192.0,27561.0,10867
10869,9192.0,27295.0,10868
10870,9192.0,27295.0,10869
10871,9192.0,27269.0,10870
10872,9192.0,27169.0,10871
10873,9192.0,27232.0,10872
10874,9192.0,26277.0,10873
10875,9192.0,26042.0,10874
10876,9192.0,26042.0,10875
10877,9192.0,26483.0,10876
10878,9192.0,26875.0,10877
10879,9192.0,26992.0,10878
10880,9192.0,27527.0,10879
10881,9192.0,27613.0,10880
10882,9192.0,27613.0,10881
10883,9192.0,27982.0,10882
10884,9192.0,27982.0,10883
10885,9192.0,27982.0,10884
10886,9192.0,28906.0,10885
10887,9192.0,28538.0,10886
10888,9192.0,28680.0,10887
10889,9192.0,29667.0,10888
10890,9192.0,29675.0,10889
10891,9192.0,28976.0,10890
10892,9192.0,28847.0,10891
10893,9192.0,27554.0,10892
10894,9192.0,27254.0,10893
10895,9192.0,28805.0,10894
10896,9192.0,28759.0,10895
10897,9192.0,29093.0,10896
10898,9192.0,29131.0,10897
10899,9192.0,29087.0,10898
10900,9192.0,28953.0,10899
10901,9192.0,28760.0,10900
10902,9192.0,28928.0,10901
10903,9192.0,28955.0,10902
10904,9192.0,29001.0,10903
10905,9192.0,28458.0,10904
10906,9192.0,29219.0,10905
10907,9192.0,29016.0,10906
10908,9192.0,29557.0,10907
10909,9192.0,29344.0,10908
10910,9192.0,29396.0,10909
10911,9192.0,29571.0,10910
10912,9192.0,28586.0,10911
10913,9192.0,29349.0,10912
10914,9192.0,29479.0,10913
10915,9192.0,28946.0,10914
10916,9192.0,28763.0,10915
10917,9192.0,28261.0,10916
10918,9192.0,28616.0,10917
10919,9192.0,28904.0,10918
10920,9192.0,29057.0,10919
10921,9192.0,29057.0,10920
10922,9192.0,29133.0,10921
10923,9192.0,29134.0,10922
10924,9192.0,28842.0,10923
10925,9192.0,28951.0,10924
10926,9192.0,28969.0,10925
10927,9192.0,29365.0,10926
10928,9192.0,29246.0,10927
10929,9192.0,29382.0,10928
10930,9192.0,29602.0,10929
10931,9192.0,29602.0,10930
10932,9192.0,29620.0,10931
10933,9192.0,29634.0,10932
10934,9192.0,29634.0,10933
10935,9192.0,28629.0,10934
10936,9192.0,28629.0,10935
10937,9192.0,28509.0,10936
10938,9192.0,28628.0,10937
10939,9192.0,28279.0,10938
10940,9192.0,28414.0,10939
10941,9192.0,28936.0,10940
10942,9192.0,28936.0,10941
10943,9192.0,28936.0,10942
10944,9192.0,28936.0,10943
10945,9192.0,28686.0,10944
10946,9192.0,29068.0,10945
10947,9192.0,29227.0,10946
10948,9192.0,29461.0,10947
10949,9192.0,29647.0,10948
10950,9192.0,29284.0,10949
10951,9192.0,29182.0,10950
10952,9192.0,28344.0,10951
10953,9192.0,28307.0,10952
10954,9192.0,28372.0,10953
10955,9192.0,28230.0,10954
10956,9192.0,28113.0,10955
10957,9192.0,27981.0,10956
10958,9192.0,27981.0,10957
10959,9192.0,28246.0,10958
10960,9192.0,28001.0,10959
10961,9192.0,28001.0,10960
10962,9192.0,27807.0,10961
10963,9192.0,27487.0,10962
10964,9192.0,27487.0,10963
10965,9192.0,27639.0,10964
10966,9192.0,27447.0,10965
10967,9192.0,27627.0,10966
10968,9192.0,26713.0,10967
10969,9192.0,26531.0,10968
10970,9192.0,26526.0,10969
10971,9192.0,26610.0,10970
10972,9192.0,26828.0,10971
10973,9192.0,27425.0,10972
10974,9192.0,27238.0,10973
10975,9192.0,27456.0,10974
10976,9192.0,27456.0,10975
10977,9192.0,27389.0,10976
10978,9192.0,27322.0,10977
10979,9192.0,27564.0,10978
10980,9192.0,27564.0,10979
10981,9192.0,27785.0,10980
10982,9192.0,28061.0,10981
10983,9192.0,28037.0,10982
10984,9192.0,28545.0,10983
10985,9192.0,29411.0,10984
10986,9192.0,29137.0,10985
10987,9192.0,28673.0,10986
10988,9192.0,28670.0,10987
10989,9192.0,28478.0,10988
10990,9192.0,29124.0,10989
10991,9192.0,29597.0,10990
10992,9192.0,29189.0,10991
10993,9192.0,29189.0,10992
10994,9192.0,29269.0,10993
10995,9192.0,28985.0,10994
10996,9192.0,30198.0,10995
10997,9192.0,29789.0,10996
10998,9192.0,30112.0,10997
10999,9192.0,31106.0,10998
11000,9192.0,30645.0,10999
11001,9192.0,30196.0,11000
11002,9192.0,29935.0,11001
11003,9192.0,30010.0,11002
11004,9192.0,29539.0,11003
11005,9192.0,30668.0,11004
11006,9192.0,30731.0,11005
11007,9192.0,29695.0,11006
11008,9192.0,29514.0,11007
11009,9192.0,29538.0,11008
11010,9192.0,29525.0,11009
11011,9192.0,29753.0,11010
11012,9192.0,28868.0,11011
11013,9192.0,28764.0,11012
11014,9192.0,29228.0,11013
11015,9192.0,29373.0,11014
11016,9192.0,29373.0,11015
11017,9192.0,29083.0,11016
11018,9192.0,29292.0,11017
11019,9192.0,29185.0,11018
11020,9192.0,29236.0,11019
11021,9192.0,29236.0,11020
11022,9192.0,29495.0,11021
11023,9192.0,29722.0,11022
11024,9192.0,29722.0,11023
11025,9192.0,29662.0,11024
11026,9192.0,29791.0,11025
11027,9192.0,29999.0,11026
11028,9192.0,29914.0,11027
11029,9192.0,29620.0,11028
11030,9192.0,28695.0,11029
11031,9192.0,28695.0,11030
11032,9192.0,28860.0,11031
11033,9192.0,29321.0,11032
11034,9192.0,29126.0,11033
11035,9192.0,29413.0,11034
11036,9192.0,29229.0,11035
11037,9192.0,30281.0,11036
11038,9192.0,31231.0,11037
11039,9192.0,31228.0,11038
11040,9192.0,31766.0,11039
11041,9192.0,31494.0,11040
11042,9192.0,31368.0,11041
11043,9192.0,31467.0,11042
11044,9192.0,30828.0,11043
11045,9192.0,31130.0,11044
11046,9192.0,31693.0,11045
11047,9192.0,31785.0,11046
11048,9192.0,31307.0,11047
11049,9192.0,31237.0,11048
11050,9192.0,31474.0,11049
11051,9192.0,31431.0,11050
11052,9192.0,31407.0,11051
11053,9192.0,30740.0,11052
11054,9192.0,30954.0,11053
11055,9192.0,31268.0,11054
11056,9192.0,30699.0,11055
11057,9192.0,30844.0,11056
11058,9192.0,31992.0,11057
11059,9192.0,31765.0,11058
11060,9192.0,31906.0,11059
11061,9192.0,31392.0,11060
11062,9192.0,31286.0,11061
11063,9192.0,31028.0,11062
11064,9192.0,30915.0,11063
11065,9192.0,30874.0,11064
11066,9192.0,30706.0,11065
11067,9192.0,31161.0,11066
11068,9192.0,31179.0,11067
11069,9192.0,31151.0,11068
11070,9192.0,31151.0,11069
11071,9192.0,31195.0,11070
11072,9192.0,31175.0,11071
11073,9192.0,30722.0,11072
11074,9192.0,29685.0,11073
11075,9192.0,30093.0,11074
11076,9192.0,29812.0,11075
11077,9192.0,29812.0,11076
11078,9192.0,29185.0,11077
11079,9192.0,29452.0,11078
11080,9192.0,30741.0,11079
11081,9192.0,30789.0,11080
11082,9192.0,30819.0,11081
11083,9192.0,30819.0,11082
11084,9192.0,31130.0,11083
11085,9192.0,31143.0,11084
11086,9192.0,31065.0,11085
11087,9192.0,30644.0,11086
11088,9192.0,30390.0,11087
11089,9192.0,30186.0,11088
11090,9192.0,30186.0,11089
11091,9192.0,30186.0,11090
11092,9192.0,29501.0,11091
11093,9192.0,30054.0,11092
11094,9192.0,29851.0,11093
11095,9192.0,29842.0,11094
11096,9192.0,29967.0,11095
11097,9192.0,30302.0,11096
11098,9192.0,30275.0,11097
11099,9192.0,30332.0,11098
11100,9192.0,30275.0,11099
11101,9192.0,29800.0,11100
11102,9192.0,29293.0,11101
11103,9192.0,29293.0,11102
11104,9192.0,29433.0,11103
11105,9192.0,29861.0,11104
11106,9192.0,29885.0,11105
11107,9192.0,29547.0,11106
11108,9192.0,29993.0,11107
11109,9192.0,30895.0,11108
11110,9192.0,30940.0,11109
11111,9192.0,30778.0,11110
11112,9192.0,30823.0,11111
11113,9192.0,30446.0,11112
11114,9192.0,30609.0,11113
11115,9192.0,29308.0,11114
11116,9192.0,29855.0,11115
11117,9192.0,29628.0,11116
11118,9192.0,31363.0,11117
11119,9192.0,31302.0,11118
11120,9192.0,30973.0,11119
11121,9192.0,30987.0,11120
11122,9192.0,31202.0,11121
11123,9192.0,30835.0,11122
11124,9192.0,30943.0,11123
11125,9192.0,30829.0,11124
11126,9192.0,30603.0,11125
11127,9192.0,30551.0,11126
11128,9192.0,30660.0,11127
11129,9192.0,30957.0,11128
11130,9192.0,30986.0,11129
11131,9192.0,31105.0,11130
11132,9192.0,32027.0,11131
11133,9192.0,31572.0,11132
11134,9192.0,29439.0,11133
11135,9192.0,29447.0,11134
11136,9192.0,29075.0,11135
11137,9192.0,29009.0,11136
11138,9192.0,29042.0,11137
11139,9192.0,29200.0,11138
11140,9192.0,29092.0,11139
11141,9192.0,28964.0,11140
11142,9192.0,29328.0,11141
11143,9192.0,28444.0,11142
11144,9192.0,28218.0,11143
11145,9192.0,28237.0,11144
11146,9192.0,28271.0,11145
11147,9192.0,28273.0,11146
11148,9192.0,28282.0,11147
11149,9192.0,28650.0,11148
11150,9192.0,27789.0,11149
11151,9192.0,27106.0,11150
11152,9192.0,27687.0,11151
11153,9192.0,27687.0,11152
11154,9192.0,27483.0,11153
11155,9192.0,27592.0,11154
11156,9192.0,27592.0,11155
11157,9192.0,28537.0,11156
11158,9192.0,28437.0,11157
11159,9192.0,28353.0,11158
11160,9192.0,28263.0,11159
11161,9192.0,28027.0,11160
11162,9192.0,28537.0,11161
11163,9192.0,28764.0,11162
11164,9192.0,28771.0,11163
11165,9192.0,28923.0,11164
11166,9192.0,29194.0,11165
11167,9192.0,29775.0,11166
11168,9192.0,30201.0,11167
11169,9192.0,31063.0,11168
11170,9192.0,30848.0,11169
11171,9192.0,30839.0,11170
11172,9192.0,29750.0,11171
11173,9192.0,29686.0,11172
11174,9192.0,29653.0,11173
11175,9192.0,29639.0,11174
11176,9192.0,29565.0,11175
11177,9192.0,29816.0,11176
11178,9192.0,29866.0,11177
11179,9192.0,29777.0,11178
11180,9192.0,29854.0,11179
11181,9192.0,28969.0,11180
11182,9192.0,28094.0,11181
11183,9192.0,28021.0,11182
11184,9192.0,27503.0,11183
11185,9192.0,28129.0,11184
11186,9192.0,28036.0,11185
11187,9192.0,28031.0,11186
11188,9192.0,28906.0,11187
11189,9192.0,28750.0,11188
11190,9192.0,28879.0,11189
11191,9192.0,28430.0,11190
11192,9192.0,28264.0,11191
11193,9192.0,28176.0,11192
11194,9192.0,28180.0,11193
11195,9192.0,28046.0,11194
11196,9192.0,28052.0,11195
11197,9192.0,27369.0,11196
11198,9192.0,27054.0,11197
11199,9192.0,27047.0,11198
11200,9192.0,27008.0,11199
11201,9192.0,26600.0,11200
11202,9192.0,28069.0,11201
11203,9192.0,29729.0,11202
11204,9192.0,29729.0,11203
11205,9192.0,29657.0,11204
11206,9192.0,29110.0,11205
11207,9192.0,29436.0,11206
11208,9192.0,29308.0,11207
11209,9192.0,29363.0,11208
11210,9192.0,30311.0,11209
11211,9192.0,30186.0,11210
11212,9192.0,30341.0,11211
11213,9192.0,30293.0,11212
11214,9192.0,30222.0,11213
11215,9192.0,30467.0,11214
11216,9192.0,30266.0,11215
11217,9192.0,30220.0,11216
11218,9192.0,30187.0,11217
11219,9192.0,29961.0,11218
11220,9192.0,29979.0,11219
11221,9192.0,29822.0,11220
11222,9192.0,29284.0,11221
11223,9192.0,28812.0,11222
11224,9192.0,28812.0,11223
11225,9192.0,28567.0,11224
11226,9192.0,28655.0,11225
11227,9192.0,28667.0,11226
11228,9192.0,28937.0,11227
11229,9192.0,29578.0,11228
11230,9192.0,28380.0,11229
11231,9192.0,28378.0,11230
11232,9192.0,28398.0,11231
11233,9192.0,28243.0,11232
11234,9192.0,28257.0,11233
11235,9192.0,27739.0,11234
11236,9192.0,28133.0,11235
11237,9192.0,28133.0,11236
11238,9192.0,27831.0,11237
11239,9192.0,28271.0,11238
11240,9192.0,28382.0,11239
11241,9192.0,28435.0,11240
11242,9192.0,28754.0,11241
11243,9192.0,28382.0,11242
11244,9192.0,28390.0,11243
11245,9192.0,28427.0,11244
11246,9192.0,28869.0,11245
11247,9192.0,28754.0,11246
11248,9192.0,28678.0,11247
11249,9192.0,28030.0,11248
11250,9192.0,28167.0,11249
11251,9192.0,28824.0,11250
11252,9192.0,29088.0,11251
11253,9192.0,29075.0,11252
11254,9192.0,28638.0,11253
11255,9192.0,29021.0,11254
11256,9192.0,29003.0,11255
11257,9192.0,29098.0,11256
11258,9192.0,29800.0,11257
11259,9192.0,29800.0,11258
11260,9192.0,29880.0,11259
11261,9192.0,29859.0,11260
11262,9192.0,30274.0,11261
11263,9192.0,30274.0,11262
11264,9192.0,30290.0,11263
11265,9192.0,30280.0,11264
11266,9192.0,30617.0,11265
11267,9192.0,30575.0,11266
11268,9192.0,30279.0,11267
11269,9192.0,30273.0,11268
11270,9192.0,30569.0,11269
11271,9192.0,31169.0,11270
11272,9192.0,31062.0,11271
11273,9192.0,31171.0,11272
11274,9192.0,31171.0,11273
11275,9192.0,29973.0,11274
11276,9192.0,29970.0,11275
11277,9192.0,30113.0,11276
11278,9192.0,31334.0,11277
11279,9192.0,31390.0,11278
11280,9192.0,30639.0,11279
11281,9192.0,30743.0,11280
11282,9192.0,30733.0,11281
11283,9192.0,30522.0,11282
11284,9192.0,31190.0,11283
11285,9192.0,31474.0,11284
11286,9192.0,31399.0,11285
11287,9192.0,31160.0,11286
11288,9192.0,30715.0,11287
11289,9192.0,30485.0,11288
11290,9192.0,30476.0,11289
11291,9192.0,29102.0,11290
11292,9192.0,29040.0,11291
11293,9192.0,28659.0,11292
11294,9192.0,28476.0,11293
11295,9192.0,28051.0,11294
11296,9192.0,28532.0,11295
11297,9192.0,27318.0,11296
11298,9192.0,26696.0,11297
11299,9192.0,26679.0,11298
11300,9192.0,27035.0,11299
11301,9192.0,27043.0,11300
11302,9192.0,27043.0,11301
11303,9192.0,27051.0,11302
11304,9192.0,27045.0,11303
11305,9192.0,27347.0,11304
11306,9192.0,27917.0,11305
11307,9192.0,27010.0,11306
11308,9192.0,27010.0,11307
11309,9192.0,26449.0,11308
11310,9192.0,26468.0,11309
11311,9192.0,26331.0,11310
11312,9192.0,26115.0,11311
11313,9192.0,26103.0,11312
11314,9192.0,26023.0,11313
11315,9192.0,26115.0,11314
11316,9192.0,25950.0,11315
11317,9192.0,26548.0,11316
11318,9192.0,27560.0,11317
11319,9192.0,28015.0,11318
11320,9192.0,28087.0,11319
11321,9192.0,28231.0,11320
11322,9192.0,26513.0,11321
11323,9192.0,28207.0,11322
11324,9192.0,28207.0,11323
11325,9192.0,27999.0,11324
11326,9192.0,27964.0,11325
11327,9192.0,28040.0,11326
11328,9192.0,28256.0,11327
11329,9192.0,28684.0,11328
11330,9192.0,28282.0,11329
11331,9192.0,28781.0,11330
11332,9192.0,28755.0,11331
11333,9192.0,28901.0,11332
11334,9192.0,29180.0,11333
11335,9192.0,29957.0,11334
11336,9192.0,29957.0,11335
11337,9192.0,29423.0,11336
11338,9192.0,29837.0,11337
11339,9192.0,30773.0,11338
11340,9192.0,31312.0,11339
11341,9192.0,32314.0,11340
11342,9192.0,32351.0,11341
11343,9192.0,32058.0,11342
11344,9192.0,31034.0,11343
11345,9192.0,31001.0,11344
11346,9192.0,30945.0,11345
11347,9192.0,30563.0,11346
11348,9192.0,30721.0,11347
11349,9192.0,30779.0,11348
11350,9192.0,30884.0,11349
11351,9192.0,29305.0,11350
11352,9192.0,28620.0,11351
11353,9192.0,29016.0,11352
11354,9192.0,29405.0,11353
11355,9192.0,29398.0,11354
11356,9192.0,30163.0,11355
11357,9192.0,30146.0,11356
11358,9192.0,30069.0,11357
11359,9192.0,30128.0,11358
11360,9192.0,29694.0,11359
11361,9192.0,29415.0,11360
11362,9192.0,30489.0,11361
11363,9192.0,30322.0,11362
11364,9192.0,29562.0,11363
11365,9192.0,29571.0,11364
11366,9192.0,30098.0,11365
11367,9192.0,30610.0,11366
11368,9192.0,30682.0,11367
11369,9192.0,30682.0,11368
11370,9192.0,30682.0,11369
11371,9192.0,30418.0,11370
11372,9192.0,30388.0,11371
11373,9192.0,30344.0,11372
11374,9192.0,30286.0,11373
11375,9192.0,29963.0,11374
11376,9192.0,29963.0,11375
11377,9192.0,29858.0,11376
11378,9192.0,29939.0,11377
11379,9192.0,29871.0,11378
11380,9192.0,29945.0,11379
11381,9192.0,30269.0,11380
11382,9192.0,30776.0,11381
11383,9192.0,30596.0,11382
11384,9192.0,30597.0,11383
11385,9192.0,30665.0,11384
11386,9192.0,30665.0,11385
11387,9192.0,30665.0,11386
11388,9192.0,29769.0,11387
11389,9192.0,29149.0,11388
11390,9192.0,29265.0,11389
11391,9192.0,29216.0,11390
11392,9192.0,29579.0,11391
11393,9192.0,29693.0,11392
11394,9192.0,29693.0,11393
11395,9192.0,29621.0,11394
11396,9192.0,29869.0,11395
11397,9192.0,30038.0,11396
11398,9192.0,29861.0,11397
11399,9192.0,30052.0,11398
11400,9192.0,30188.0,11399
11401,9192.0,30280.0,11400
11402,9192.0,30250.0,11401
11403,9192.0,29812.0,11402
11404,9192.0,29769.0,11403
11405,9192.0,30222.0,11404
11406,9192.0,30273.0,11405
11407,9192.0,30292.0,11406
11408,9192.0,30308.0,11407
11409,9192.0,31138.0,11408
11410,9192.0,31083.0,11409
11411,9192.0,31044.0,11410
11412,9192.0,31029.0,11411
11413,9192.0,31500.0,11412
11414,9192.0,29948.0,11413
11415,9192.0,30206.0,11414
11416,9192.0,30140.0,11415
11417,9192.0,29000.0,11416
11418,9192.0,29279.0,11417
11419,9192.0,29071.0,11418
11420,9192.0,29264.0,11419
11421,9192.0,28761.0,11420
11422,9192.0,28911.0,11421
11423,9192.0,29063.0,11422
11424,9192.0,29560.0,11423
11425,9192.0,29458.0,11424
11426,9192.0,29528.0,11425
11427,9192.0,29509.0,11426
11428,9192.0,30020.0,11427
11429,9192.0,29568.0,11428
11430,9192.0,29568.0,11429
11431,9192.0,29436.0,11430
11432,9192.0,29500.0,11431
11433,9192.0,29326.0,11432
11434,9192.0,30238.0,11433
11435,9192.0,30741.0,11434
11436,9192.0,30710.0,11435
11437,9192.0,31021.0,11436
11438,9192.0,31071.0,11437
11439,9192.0,31152.0,11438
11440,9192.0,31149.0,11439
11441,9192.0,31323.0,11440
11442,9192.0,30900.0,11441
11443,9192.0,30656.0,11442
11444,9192.0,30324.0,11443
11445,9192.0,30513.0,11444
11446,9192.0,29893.0,11445
11447,9192.0,30037.0,11446
11448,9192.0,29974.0,11447
11449,9192.0,30471.0,11448
11450,9192.0,29440.0,11449
11451,9192.0,29479.0,11450
11452,9192.0,29536.0,11451
11453,9192.0,29455.0,11452
11454,9192.0,29170.0,11453
11455,9192.0,28830.0,11454
11456,9192.0,28712.0,11455
11457,9192.0,28982.0,11456
11458,9192.0,27996.0,11457
11459,9192.0,28077.0,11458
11460,9192.0,27771.0,11459
11461,9192.0,27469.0,11460
11462,9192.0,28462.0,11461
11463,9192.0,28667.0,11462
11464,9192.0,28646.0,11463
11465,9192.0,29471.0,11464
11466,9192.0,29471.0,11465
11467,9192.0,29925.0,11466
11468,9192.0,29890.0,11467
11469,9192.0,31257.0,11468
11470,9192.0,29790.0,11469
11471,9192.0,28970.0,11470
11472,9192.0,29156.0,11471
11473,9192.0,29467.0,11472
11474,9192.0,29579.0,11473
11475,9192.0,29761.0,11474
11476,9192.0,28803.0,11475
11477,9192.0,28848.0,11476
11478,9192.0,27535.0,11477
11479,9192.0,27699.0,11478
11480,9192.0,28064.0,11479
11481,9192.0,29019.0,11480
11482,9192.0,29571.0,11481
11483,9192.0,29932.0,11482
11484,9192.0,29906.0,11483
11485,9192.0,29952.0,11484
11486,9192.0,29556.0,11485
11487,9192.0,29744.0,11486
11488,9192.0,29494.0,11487
11489,9192.0,29513.0,11488
11490,9192.0,29768.0,11489
11491,9192.0,29467.0,11490
11492,9192.0,29793.0,11491
11493,9192.0,29822.0,11492
11494,9192.0,30083.0,11493
11495,9192.0,29965.0,11494
11496,9192.0,29955.0,11495
11497,9192.0,29955.0,11496
11498,9192.0,31007.0,11497
11499,9192.0,30889.0,11498
11500,9192.0,30162.0,11499
11501,9192.0,31124.0,11500
11502,9192.0,31252.0,11501
11503,9192.0,32610.0,11502
11504,9192.0,32607.0,11503
11505,9192.0,32631.0,11504
11506,9192.0,32625.0,11505
11507,9192.0,31493.0,11506
11508,9192.0,31318.0,11507
11509,9192.0,31327.0,11508
11510,9192.0,31297.0,11509
11511,9192.0,31080.0,11510
11512,9192.0,31080.0,11511
11513,9192.0,31080.0,11512
11514,9192.0,30931.0,11513
11515,9192.0,30928.0,11514
11516,9192.0,30878.0,11515
11517,9192.0,30871.0,11516
11518,9192.0,30874.0,11517
11519,9192.0,30762.0,11518
11520,9192.0,30831.0,11519
11521,9192.0,30777.0,11520
11522,9192.0,30197.0,11521
11523,9192.0,30662.0,11522
11524,9192.0,31065.0,11523
11525,9192.0,31013.0,11524
11526,9192.0,30762.0,11525
11527,9192.0,30475.0,11526
11528,9192.0,31297.0,11527
11529,9192.0,31189.0,11528
11530,9192.0,30974.0,11529
11531,9192.0,30465.0,11530
11532,9192.0,30301.0,11531
11533,9192.0,30130.0,11532
11534,9192.0,31349.0,11533
11535,9192.0,31643.0,11534
11536,9192.0,31726.0,11535
11537,9192.0,32023.0,11536
11538,9192.0,32023.0,11537
11539,9192.0,31937.0,11538
11540,9192.0,31825.0,11539
11541,9192.0,30767.0,11540
11542,9192.0,30867.0,11541
11543,9192.0,31003.0,11542
11544,9192.0,31003.0,11543
11545,9192.0,31022.0,11544
11546,9192.0,30342.0,11545
11547,9192.0,31431.0,11546
11548,9192.0,31476.0,11547
11549,9192.0,29357.0,11548
11550,9192.0,28663.0,11549
11551,9192.0,28628.0,11550
11552,9192.0,28593.0,11551
11553,9192.0,28593.0,11552
11554,9192.0,28173.0,11553
11555,9192.0,27778.0,11554
11556,9192.0,27778.0,11555
11557,9192.0,27625.0,11556
11558,9192.0,27625.0,11557
11559,9192.0,29415.0,11558
11560,9192.0,29348.0,11559
11561,9192.0,29643.0,11560
11562,9192.0,29664.0,11561
11563,9192.0,29573.0,11562
11564,9192.0,29823.0,11563
11565,9192.0,30013.0,11564
11566,9192.0,30191.0,11565
11567,9192.0,30227.0,11566
11568,9192.0,30230.0,11567
11569,9192.0,30215.0,11568
11570,9192.0,30001.0,11569
11571,9192.0,30061.0,11570
11572,9192.0,30016.0,11571
11573,9192.0,30185.0,11572
11574,9192.0,30315.0,11573
11575,9192.0,29982.0,11574
11576,9192.0,30247.0,11575
11577,9192.0,30182.0,11576
11578,9192.0,30279.0,11577
11579,9192.0,30514.0,11578
11580,9192.0,30628.0,11579
11581,9192.0,31098.0,11580
11582,9192.0,31152.0,11581
11583,9192.0,31227.0,11582
11584,9192.0,31146.0,11583
11585,9192.0,30975.0,11584
11586,9192.0,31064.0,11585
11587,9192.0,30718.0,11586
11588,9192.0,30372.0,11587
11589,9192.0,30217.0,11588
11590,9192.0,30309.0,11589
11591,9192.0,30238.0,11590
11592,9192.0,30179.0,11591
11593,9192.0,30241.0,11592
11594,9192.0,30221.0,11593
11595,9192.0,30217.0,11594
11596,9192.0,30365.0,11595
11597,9192.0,31359.0,11596
11598,9192.0,31457.0,11597
11599,9192.0,31241.0,11598
11600,9192.0,31087.0,11599
11601,9192.0,31113.0,11600
11602,9192.0,31411.0,11601
11603,9192.0,30404.0,11602
11604,9192.0,30421.0,11603
11605,9192.0,30364.0,11604
11606,9192.0,30129.0,11605
11607,9192.0,30033.0,11606
11608,9192.0,30207.0,11607
11609,9192.0,30018.0,11608
11610,9192.0,29951.0,11609
11611,9192.0,29688.0,11610
11612,9192.0,29678.0,11611
11613,9192.0,30063.0,11612
11614,9192.0,30057.0,11613
11615,9192.0,29544.0,11614
11616,9192.0,29811.0,11615
11617,9192.0,29965.0,11616
11618,9192.0,29965.0,11617
11619,9192.0,30288.0,11618
11620,9192.0,30288.0,11619
11621,9192.0,30288.0,11620
11622,9192.0,31038.0,11621
11623,9192.0,30987.0,11622
11624,9192.0,30477.0,11623
11625,9192.0,30703.0,11624
11626,9192.0,30552.0,11625
11627,9192.0,30039.0,11626
11628,9192.0,30039.0,11627
11629,9192.0,29901.0,11628
11630,9192.0,30070.0,11629
11631,9192.0,30161.0,11630
11632,9192.0,29821.0,11631
11633,9192.0,29768.0,11632
11634,9192.0,30381.0,11633
11635,9192.0,30822.0,11634
11636,9192.0,30978.0,11635
11637,9192.0,31347.0,11636
11638,9192.0,31747.0,11637
11639,9192.0,31733.0,11638
11640,9192.0,31146.0,11639
11641,9192.0,30949.0,11640
11642,9192.0,30930.0,11641
11643,9192.0,31072.0,11642
11644,9192.0,28712.0,11643
11645,9192.0,28729.0,11644
11646,9192.0,29072.0,11645
11647,9192.0,28929.0,11646
11648,9192.0,28783.0,11647
11649,9192.0,28565.0,11648
11650,9192.0,28508.0,11649
11651,9192.0,29061.0,11650
11652,9192.0,29158.0,11651
11653,9192.0,28678.0,11652
11654,9192.0,28678.0,11653
11655,9192.0,28866.0,11654
11656,9192.0,28649.0,11655
11657,9192.0,28806.0,11656
11658,9192.0,28806.0,11657
11659,9192.0,28866.0,11658
11660,9192.0,28814.0,11659
11661,9192.0,28630.0,11660
11662,9192.0,28215.0,11661
11663,9192.0,27718.0,11662
11664,9192.0,27509.0,11663
11665,9192.0,27420.0,11664
11666,9192.0,27487.0,11665
11667,9192.0,27487.0,11666
11668,9192.0,26887.0,11667
11669,9192.0,26694.0,11668
11670,9192.0,27417.0,11669
11671,9192.0,27482.0,11670
11672,9192.0,26981.0,11671
11673,9192.0,26984.0,11672
11674,9192.0,26857.0,11673
11675,9192.0,26206.0,11674
11676,9192.0,26439.0,11675
11677,9192.0,25892.0,11676
11678,9192.0,26190.0,11677
11679,9192.0,26332.0,11678
11680,9192.0,26318.0,11679
11681,9192.0,27000.0,11680
11682,9192.0,26500.0,11681
11683,9192.0,27130.0,11682
11684,9192.0,27130.0,11683
11685,9192.0,26904.0,11684
11686,9192.0,26624.0,11685
11687,9192.0,26588.0,11686
11688,9192.0,27375.0,11687
11689,9192.0,27482.0,11688
11690,9192.0,27377.0,11689
11691,9192.0,26825.0,11690
11692,9192.0,26514.0,11691
11693,9192.0,26748.0,11692
11694,9192.0,26748.0,11693
11695,9192.0,26243.0,11694
11696,9192.0,26408.0,11695
11697,9192.0,26407.0,11696
11698,9192.0,26482.0,11697
11699,9192.0,26529.0,11698
11700,9192.0,26566.0,11699
11701,9192.0,26214.0,11700
11702,9192.0,26213.0,11701
11703,9192.0,26267.0,11702
11704,9192.0,26137.0,11703
11705,9192.0,26484.0,11704
11706,9192.0,25295.0,11705
11707,9192.0,25295.0,11706
11708,9192.0,25800.0,11707
11709,9192.0,25808.0,11708
11710,9192.0,25917.0,11709
11711,9192.0,25314.0,11710
11712,9192.0,26014.0,11711
11713,9192.0,25985.0,11712
11714,9192.0,26193.0,11713
11715,9192.0,26535.0,11714
11716,9192.0,26280.0,11715
11717,9192.0,26280.0,11716
11718,9192.0,26280.0,11717
11719,9192.0,26159.0,11718
11720,9192.0,25696.0,11719
11721,9192.0,25790.0,11720
11722,9192.0,25678.0,11721
11723,9192.0,25677.0,11722
11724,9192.0,25735.0,11723
11725,9192.0,25670.0,11724
11726,9192.0,26274.0,11725
11727,9192.0,27843.0,11726
11728,9192.0,27686.0,11727
11729,9192.0,27661.0,11728
11730,9192.0,27756.0,11729
11731,9192.0,27437.0,11730
11732,9192.0,27647.0,11731
11733,9192.0,27933.0,11732
11734,9192.0,28489.0,11733
11735,9192.0,28489.0,11734
11736,9192.0,28455.0,11735
11737,9192.0,29878.0,11736
11738,9192.0,30156.0,11737
11739,9192.0,30197.0,11738
11740,9192.0,30250.0,11739
11741,9192.0,30358.0,11740
11742,9192.0,28883.0,11741
11743,9192.0,28761.0,11742
11744,9192.0,27685.0,11743
11745,9192.0,27200.0,11744
11746,9192.0,27071.0,11745
11747,9192.0,27071.0,11746
11748,9192.0,27030.0,11747
11749,9192.0,26744.0,11748
11750,9192.0,27999.0,11749
11751,9192.0,27869.0,11750
11752,9192.0,26313.0,11751
11753,9192.0,26597.0,11752
11754,9192.0,28244.0,11753
11755,9192.0,28171.0,11754
11756,9192.0,29522.0,11755
11757,9192.0,29775.0,11756
11758,9192.0,29378.0,11757
11759,9192.0,29125.0,11758
11760,9192.0,28752.0,11759
11761,9192.0,28673.0,11760
11762,9192.0,28497.0,11761
11763,9192.0,28702.0,11762
11764,9192.0,28777.0,11763
11765,9192.0,29014.0,11764
11766,9192.0,29111.0,11765
11767,9192.0,30036.0,11766
11768,9192.0,29665.0,11767
11769,9192.0,29623.0,11768
11770,9192.0,29294.0,11769
11771,9192.0,29519.0,11770
11772,9192.0,29189.0,11771
11773,9192.0,29205.0,11772
11774,9192.0,28972.0,11773
11775,9192.0,28343.0,11774
11776,9192.0,28354.0,11775
11777,9192.0,28354.0,11776
11778,9192.0,28375.0,11777
11779,9192.0,28125.0,11778
11780,9192.0,28345.0,11779
11781,9192.0,28465.0,11780
11782,9192.0,28465.0,11781
11783,9192.0,28374.0,11782
11784,9192.0,28557.0,11783
11785,9192.0,27845.0,11784
11786,9192.0,27780.0,11785
11787,9192.0,27780.0,11786
11788,9192.0,27837.0,11787
11789,9192.0,27799.0,11788
11790,9192.0,27749.0,11789
11791,9192.0,27873.0,11790
11792,9192.0,28063.0,11791
11793,9192.0,28521.0,11792
11794,9192.0,28821.0,11793
11795,9192.0,28924.0,11794
11796,9192.0,28923.0,11795
11797,9192.0,28979.0,11796
11798,9192.0,28536.0,11797
11799,9192.0,29303.0,11798
11800,9192.0,29404.0,11799
11801,9192.0,29447.0,11800
11802,9192.0,29928.0,11801
11803,9192.0,30242.0,11802
11804,9192.0,29344.0,11803
11805,9192.0,29548.0,11804
11806,9192.0,29539.0,11805
11807,9192.0,29901.0,11806
11808,9192.0,29636.0,11807
11809,9192.0,30116.0,11808
11810,9192.0,30635.0,11809
11811,9192.0,30933.0,11810
11812,9192.0,31044.0,11811
11813,9192.0,31179.0,11812
11814,9192.0,31561.0,11813
11815,9192.0,30405.0,11814
11816,9192.0,30405.0,11815
11817,9192.0,30963.0,11816
11818,9192.0,30871.0,11817
11819,9192.0,30900.0,11818
11820,9192.0,31539.0,11819
11821,9192.0,31551.0,11820
11822,9192.0,31572.0,11821
11823,9192.0,31551.0,11822
11824,9192.0,31792.0,11823
11825,9192.0,31174.0,11824
11826,9192.0,31693.0,11825
11827,9192.0,31601.0,11826
11828,9192.0,31425.0,11827
11829,9192.0,31549.0,11828
11830,9192.0,31048.0,11829
11831,9192.0,31194.0,11830
11832,9192.0,31403.0,11831
11833,9192.0,31481.0,11832
11834,9192.0,31664.0,11833
11835,9192.0,31975.0,11834
11836,9192.0,32600.0,11835
11837,9192.0,31764.0,11836
11838,9192.0,30928.0,11837
11839,9192.0,31042.0,11838
11840,9192.0,30956.0,11839
11841,9192.0,30950.0,11840
11842,9192.0,30984.0,11841
11843,9192.0,30531.0,11842
11844,9192.0,30901.0,11843
11845,9192.0,30901.0,11844
11846,9192.0,31399.0,11845
11847,9192.0,31292.0,11846
11848,9192.0,31324.0,11847
11849,9192.0,31771.0,11848
11850,9192.0,31198.0,11849
11851,9192.0,31884.0,11850
11852,9192.0,32485.0,11851
11853,9192.0,32173.0,11852
11854,9192.0,32453.0,11853
11855,9192.0,31853.0,11854
11856,9192.0,31907.0,11855
11857,9192.0,31918.0,11856
11858,9192.0,32086.0,11857
11859,9192.0,31192.0,11858
11860,9192.0,31465.0,11859
11861,9192.0,30973.0,11860
11862,9192.0,30948.0,11861
11863,9192.0,30775.0,11862
11864,9192.0,30652.0,11863
11865,9192.0,31118.0,11864
11866,9192.0,31085.0,11865
11867,9192.0,31072.0,11866
11868,9192.0,31236.0,11867
11869,9192.0,30422.0,11868
11870,9192.0,29802.0,11869
11871,9192.0,29548.0,11870
11872,9192.0,29471.0,11871
11873,9192.0,29445.0,11872
11874,9192.0,29699.0,11873
11875,9192.0,29527.0,11874
11876,9192.0,29807.0,11875
11877,9192.0,29841.0,11876
11878,9192.0,29911.0,11877
11879,9192.0,29116.0,11878
11880,9192.0,28829.0,11879
11881,9192.0,29333.0,11880
11882,9192.0,29755.0,11881
11883,9192.0,29601.0,11882
11884,9192.0,29768.0,11883
11885,9192.0,30064.0,11884
11886,9192.0,30073.0,11885
11887,9192.0,29517.0,11886
11888,9192.0,29465.0,11887
11889,9192.0,29472.0,11888
11890,9192.0,29477.0,11889
11891,9192.0,29414.0,11890
11892,9192.0,28065.0,11891
11893,9192.0,28074.0,11892
11894,9192.0,28301.0,11893
11895,9192.0,28301.0,11894
11896,9192.0,28793.0,11895
11897,9192.0,29072.0,11896
11898,9192.0,29072.0,11897
11899,9192.0,29136.0,11898
11900,9192.0,29824.0,11899
11901,9192.0,29641.0,11900
11902,9192.0,29726.0,11901
11903,9192.0,29653.0,11902
11904,9192.0,30039.0,11903
11905,9192.0,30105.0,11904
11906,9192.0,30433.0,11905
11907,9192.0,30646.0,11906
11908,9192.0,30675.0,11907
11909,9192.0,29128.0,11908
11910,9192.0,28793.0,11909
11911,9192.0,28793.0,11910
11912,9192.0,29007.0,11911
11913,9192.0,28891.0,11912
11914,9192.0,29599.0,11913
11915,9192.0,29230.0,11914
11916,9192.0,28776.0,11915
11917,9192.0,29168.0,11916
11918,9192.0,29007.0,11917
11919,9192.0,28627.0,11918
11920,9192.0,28385.0,11919
11921,9192.0,28039.0,11920
11922,9192.0,28512.0,11921
11923,9192.0,28208.0,11922
11924,9192.0,28208.0,11923
11925,9192.0,28009.0,11924
11926,9192.0,27981.0,11925
11927,9192.0,28589.0,11926
11928,9192.0,28996.0,11927
11929,9192.0,28048.0,11928
11930,9192.0,27943.0,11929
11931,9192.0,27923.0,11930
11932,9192.0,27923.0,11931
11933,9192.0,27869.0,11932
11934,9192.0,27888.0,11933
11935,9192.0,27888.0,11934
11936,9192.0,28338.0,11935
11937,9192.0,28394.0,11936
11938,9192.0,28044.0,11937
11939,9192.0,28157.0,11938
11940,9192.0,28353.0,11939
11941,9192.0,27711.0,11940
11942,9192.0,28032.0,11941
11943,9192.0,27943.0,11942
11944,9192.0,28091.0,11943
11945,9192.0,27836.0,11944
11946,9192.0,27922.0,11945
11947,9192.0,28419.0,11946
11948,9192.0,28404.0,11947
11949,9192.0,28272.0,11948
11950,9192.0,28927.0,11949
11951,9192.0,28304.0,11950
11952,9192.0,27984.0,11951
11953,9192.0,28001.0,11952
11954,9192.0,28497.0,11953
11955,9192.0,28205.0,11954
11956,9192.0,28120.0,11955
11957,9192.0,28027.0,11956
11958,9192.0,27757.0,11957
11959,9192.0,27154.0,11958
11960,9192.0,27601.0,11959
11961,9192.0,27483.0,11960
11962,9192.0,27581.0,11961
11963,9192.0,27703.0,11962
11964,9192.0,28022.0,11963
11965,9192.0,28758.0,11964
11966,9192.0,28910.0,11965
11967,9192.0,29938.0,11966
11968,9192.0,30366.0,11967
11969,9192.0,30297.0,11968
11970,9192.0,29829.0,11969
11971,9192.0,29739.0,11970
11972,9192.0,30346.0,11971
11973,9192.0,30363.0,11972
11974,9192.0,30456.0,11973
11975,9192.0,30773.0,11974
11976,9192.0,30794.0,11975
11977,9192.0,30794.0,11976
11978,9192.0,30602.0,11977
11979,9192.0,30602.0,11978
11980,9192.0,30283.0,11979
11981,9192.0,30245.0,11980
11982,9192.0,28286.0,11981
11983,9192.0,28770.0,11982
11984,9192.0,29290.0,11983
11985,9192.0,28986.0,11984
11986,9192.0,29343.0,11985
11987,9192.0,30207.0,11986
11988,9192.0,30440.0,11987
11989,9192.0,30588.0,11988
11990,9192.0,30610.0,11989
11991,9192.0,30784.0,11990
11992,9192.0,30582.0,11991
11993,9192.0,30582.0,11992
11994,9192.0,30407.0,11993
11995,9192.0,30365.0,11994
11996,9192.0,30352.0,11995
11997,9192.0,30538.0,11996
11998,9192.0,30865.0,11997
11999,9192.0,30870.0,11998
12000,9192.0,30736.0,11999
12001,9192.0,30219.0,12000
12002,9192.0,30589.0,12001
12003,9192.0,30700.0,12002
12004,9192.0,30779.0,12003
12005,9192.0,31140.0,12004
12006,9192.0,30952.0,12005
12007,9192.0,30884.0,12006
12008,9192.0,30749.0,12007
12009,9192.0,30734.0,12008
12010,9192.0,30467.0,12009
12011,9192.0,29937.0,12010
12012,9192.0,30152.0,12011
12013,9192.0,30101.0,12012
12014,9192.0,29976.0,12013
12015,9192.0,30042.0,12014
12016,9192.0,29990.0,12015
12017,9192.0,30190.0,12016
12018,9192.0,30204.0,12017
12019,9192.0,29903.0,12018
12020,9192.0,29928.0,12019
12021,9192.0,29914.0,12020
12022,9192.0,29691.0,12021
12023,9192.0,30351.0,12022
12024,9192.0,30356.0,12023
12025,9192.0,30312.0,12024
12026,9192.0,30375.0,12025
12027,9192.0,30375.0,12026
12028,9192.0,30273.0,12027
12029,9192.0,30275.0,12028
12030,9192.0,30275.0,12029
12031,9192.0,31509.0,12030
12032,9192.0,30531.0,12031
12033,9192.0,30570.0,12032
12034,9192.0,30666.0,12033
12035,9192.0,30359.0,12034
12036,9192.0,30387.0,12035
12037,9192.0,30089.0,12036
12038,9192.0,30062.0,12037
12039,9192.0,29629.0,12038
12040,9192.0,29460.0,12039
12041,9192.0,29695.0,12040
12042,9192.0,29613.0,12041
12043,9192.0,29893.0,12042
12044,9192.0,30180.0,12043
12045,9192.0,30522.0,12044
12046,9192.0,30124.0,12045
12047,9192.0,30016.0,12046
12048,9192.0,30297.0,12047
12049,9192.0,30570.0,12048
12050,9192.0,30602.0,12049
12051,9192.0,30486.0,12050
12052,9192.0,31167.0,12051
12053,9192.0,31736.0,12052
12054,9192.0,31782.0,12053
12055,9192.0,32763.0,12054
12056,9192.0,32246.0,12055
12057,9192.0,32159.0,12056
12058,9192.0,32921.0,12057
12059,9192.0,32959.0,12058
12060,9192.0,32873.0,12059
12061,9192.0,33351.0,12060
12062,9192.0,33619.0,12061
12063,9192.0,32949.0,12062
12064,9192.0,32838.0,12063
12065,9192.0,33256.0,12064
12066,9192.0,33331.0,12065
12067,9192.0,33255.0,12066
12068,9192.0,33415.0,12067
12069,9192.0,32626.0,12068
12070,9192.0,33128.0,12069
12071,9192.0,33454.0,12070
12072,9192.0,33614.0,12071
12073,9192.0,33538.0,12072
12074,9192.0,32957.0,12073
12075,9192.0,32870.0,12074
12076,9192.0,32745.0,12075
12077,9192.0,32807.0,12076
12078,9192.0,33163.0,12077
12079,9192.0,31749.0,12078
12080,9192.0,31587.0,12079
12081,9192.0,31616.0,12080
12082,9192.0,30258.0,12081
12083,9192.0,30209.0,12082
12084,9192.0,30209.0,12083
12085,9192.0,29795.0,12084
12086,9192.0,29992.0,12085
12087,9192.0,30613.0,12086
12088,9192.0,29270.0,12087
12089,9192.0,28410.0,12088
12090,9192.0,28272.0,12089
12091,9192.0,28160.0,12090
12092,9192.0,27792.0,12091
12093,9192.0,27792.0,12092
12094,9192.0,27492.0,12093
12095,9192.0,27398.0,12094
12096,9192.0,27398.0,12095
12097,9192.0,27148.0,12096
12098,9192.0,28602.0,12097
12099,9192.0,28315.0,12098
12100,9192.0,28304.0,12099
12101,9192.0,28762.0,12100
12102,9192.0,27924.0,12101
12103,9192.0,28646.0,12102
12104,9192.0,28976.0,12103
12105,9192.0,28901.0,12104
12106,9192.0,28942.0,12105
12107,9192.0,28861.0,12106
12108,9192.0,29026.0,12107
12109,9192.0,28776.0,12108
12110,9192.0,28962.0,12109
12111,9192.0,28962.0,12110
12112,9192.0,28760.0,12111
12113,9192.0,28100.0,12112
12114,9192.0,28122.0,12113
12115,9192.0,28214.0,12114
12116,9192.0,28888.0,12115
12117,9192.0,28969.0,12116
12118,9192.0,28132.0,12117
12119,9192.0,28132.0,12118
12120,9192.0,27796.0,12119
12121,9192.0,27933.0,12120
12122,9192.0,27293.0,12121
12123,9192.0,27871.0,12122
12124,9192.0,27838.0,12123
12125,9192.0,28815.0,12124
12126,9192.0,29311.0,12125
12127,9192.0,29257.0,12126
12128,9192.0,29933.0,12127
12129,9192.0,29933.0,12128
12130,9192.0,29933.0,12129
12131,9192.0,29933.0,12130
12132,9192.0,30122.0,12131
12133,9192.0,30615.0,12132
12134,9192.0,30523.0,12133
12135,9192.0,30530.0,12134
12136,9192.0,29930.0,12135
12137,9192.0,29812.0,12136
12138,9192.0,29806.0,12137
12139,9192.0,30021.0,12138
12140,9192.0,30242.0,12139
12141,9192.0,29756.0,12140
12142,9192.0,29739.0,12141
12143,9192.0,29441.0,12142
12144,9192.0,29408.0,12143
12145,9192.0,30164.0,12144
12146,9192.0,29085.0,12145
12147,9192.0,29233.0,12146
12148,9192.0,29331.0,12147
12149,9192.0,30197.0,12148
12150,9192.0,30291.0,12149
12151,9192.0,29315.0,12150
12152,9192.0,29498.0,12151
12153,9192.0,29494.0,12152
12154,9192.0,29582.0,12153
12155,9192.0,29868.0,12154
12156,9192.0,30107.0,12155
12157,9192.0,30304.0,12156
12158,9192.0,30408.0,12157
12159,9192.0,30381.0,12158
12160,9192.0,30656.0,12159
12161,9192.0,30577.0,12160
12162,9192.0,30571.0,12161
12163,9192.0,30809.0,12162
12164,9192.0,30809.0,12163
12165,9192.0,30799.0,12164
12166,9192.0,30944.0,12165
12167,9192.0,31192.0,12166
12168,9192.0,31528.0,12167
12169,9192.0,31564.0,12168
12170,9192.0,30918.0,12169
12171,9192.0,30753.0,12170
12172,9192.0,30523.0,12171
12173,9192.0,30542.0,12172
12174,9192.0,30707.0,12173
12175,9192.0,30708.0,12174
12176,9192.0,30688.0,12175
12177,9192.0,30719.0,12176
12178,9192.0,30524.0,12177
12179,9192.0,30525.0,12178
12180,9192.0,31158.0,12179
12181,9192.0,30956.0,12180
12182,9192.0,30955.0,12181
12183,9192.0,30955.0,12182
12184,9192.0,30955.0,12183
12185,9192.0,31282.0,12184
12186,9192.0,30922.0,12185
12187,9192.0,30077.0,12186
12188,9192.0,29501.0,12187
12189,9192.0,29174.0,12188
12190,9192.0,29490.0,12189
12191,9192.0,29363.0,12190
12192,9192.0,29064.0,12191
12193,9192.0,29210.0,12192
12194,9192.0,29140.0,12193
12195,9192.0,29140.0,12194
12196,9192.0,29115.0,12195
12197,9192.0,28437.0,12196
12198,9192.0,28829.0,12197
12199,9192.0,28879.0,12198
12200,9192.0,28190.0,12199
12201,9192.0,28107.0,12200
12202,9192.0,28170.0,12201
12203,9192.0,28269.0,12202
12204,9192.0,28213.0,12203
12205,9192.0,28216.0,12204
12206,9192.0,27666.0,12205
12207,9192.0,27463.0,12206
12208,9192.0,27050.0,12207
12209,9192.0,27698.0,12208
12210,9192.0,27674.0,12209
12211,9192.0,27986.0,12210
12212,9192.0,27986.0,12211
12213,9192.0,28154.0,12212
12214,9192.0,28760.0,12213
12215,9192.0,28696.0,12214
12216,9192.0,28959.0,12215
12217,9192.0,29269.0,12216
12218,9192.0,29266.0,12217
12219,9192.0,29266.0,12218
12220,9192.0,30262.0,12219
12221,9192.0,30763.0,12220
12222,9192.0,30174.0,12221
12223,9192.0,30118.0,12222
12224,9192.0,29477.0,12223
12225,9192.0,29572.0,12224
12226,9192.0,29834.0,12225
12227,9192.0,30729.0,12226
12228,9192.0,30770.0,12227
12229,9192.0,30707.0,12228
12230,9192.0,30776.0,12229
12231,9192.0,29945.0,12230
12232,9192.0,29908.0,12231
12233,9192.0,30233.0,12232
12234,9192.0,30229.0,12233
12235,9192.0,30001.0,12234
12236,9192.0,30278.0,12235
12237,9192.0,30755.0,12236
12238,9192.0,31589.0,12237
12239,9192.0,31444.0,12238
12240,9192.0,30950.0,12239
12241,9192.0,32295.0,12240
12242,9192.0,32300.0,12241
12243,9192.0,31390.0,12242
12244,9192.0,31357.0,12243
12245,9192.0,31416.0,12244
12246,9192.0,30806.0,12245
12247,9192.0,31716.0,12246
12248,9192.0,31756.0,12247
12249,9192.0,31823.0,12248
12250,9192.0,31840.0,12249
12251,9192.0,31150.0,12250
12252,9192.0,30621.0,12251
12253,9192.0,30603.0,12252
12254,9192.0,30603.0,12253
12255,9192.0,31237.0,12254
12256,9192.0,31157.0,12255
12257,9192.0,30962.0,12256
12258,9192.0,30708.0,12257
12259,9192.0,30170.0,12258
12260,9192.0,29849.0,12259
12261,9192.0,29871.0,12260
12262,9192.0,28884.0,12261
12263,9192.0,28829.0,12262
12264,9192.0,28724.0,12263
12265,9192.0,29447.0,12264
12266,9192.0,29717.0,12265
12267,9192.0,30645.0,12266
12268,9192.0,29977.0,12267
12269,9192.0,30186.0,12268
12270,9192.0,30210.0,12269
12271,9192.0,29539.0,12270
12272,9192.0,27966.0,12271
12273,9192.0,28654.0,12272
12274,9192.0,28876.0,12273
12275,9192.0,29313.0,12274
12276,9192.0,29313.0,12275
12277,9192.0,28995.0,12276
12278,9192.0,29063.0,12277
12279,9192.0,30156.0,12278
12280,9192.0,29635.0,12279
12281,9192.0,29715.0,12280
12282,9192.0,29822.0,12281
12283,9192.0,29863.0,12282
12284,9192.0,29636.0,12283
12285,9192.0,29759.0,12284
12286,9192.0,30006.0,12285
12287,9192.0,30000.0,12286
12288,9192.0,30083.0,12287
12289,9192.0,30520.0,12288
12290,9192.0,30607.0,12289
12291,9192.0,30637.0,12290
12292,9192.0,30881.0,12291
12293,9192.0,30885.0,12292
12294,9192.0,31051.0,12293
12295,9192.0,30450.0,12294
12296,9192.0,30033.0,12295
12297,9192.0,29564.0,12296
12298,9192.0,29540.0,12297
12299,9192.0,29954.0,12298
12300,9192.0,29954.0,12299
12301,9192.0,30297.0,12300
12302,9192.0,30297.0,12301
12303,9192.0,29682.0,12302
12304,9192.0,29684.0,12303
12305,9192.0,28997.0,12304
12306,9192.0,29002.0,12305
12307,9192.0,29021.0,12306
12308,9192.0,29218.0,12307
12309,9192.0,29199.0,12308
12310,9192.0,29199.0,12309
12311,9192.0,28804.0,12310
12312,9192.0,28814.0,12311
12313,9192.0,30088.0,12312
12314,9192.0,30030.0,12313
12315,9192.0,30029.0,12314
12316,9192.0,29854.0,12315
12317,9192.0,29949.0,12316
12318,9192.0,29711.0,12317
12319,9192.0,30070.0,12318
12320,9192.0,30249.0,12319
12321,9192.0,30227.0,12320
12322,9192.0,29990.0,12321
12323,9192.0,29887.0,12322
12324,9192.0,30064.0,12323
12325,9192.0,29475.0,12324
12326,9192.0,29437.0,12325
12327,9192.0,28794.0,12326
12328,9192.0,28695.0,12327
12329,9192.0,29183.0,12328
12330,9192.0,29039.0,12329
12331,9192.0,29482.0,12330
12332,9192.0,29260.0,12331
12333,9192.0,28444.0,12332
12334,9192.0,28018.0,12333
12335,9192.0,27993.0,12334
12336,9192.0,28161.0,12335
12337,9192.0,28161.0,12336
12338,9192.0,28009.0,12337
12339,9192.0,28288.0,12338
12340,9192.0,28125.0,12339
12341,9192.0,26886.0,12340
12342,9192.0,27078.0,12341
12343,9192.0,26990.0,12342
12344,9192.0,26990.0,12343
12345,9192.0,27001.0,12344
12346,9192.0,27092.0,12345
12347,9192.0,27503.0,12346
12348,9192.0,27698.0,12347
12349,9192.0,27698.0,12348
12350,9192.0,28258.0,12349
12351,9192.0,28048.0,12350
12352,9192.0,28153.0,12351
12353,9192.0,27399.0,12352
12354,9192.0,26908.0,12353
12355,9192.0,26596.0,12354
12356,9192.0,26524.0,12355
12357,9192.0,26646.0,12356
12358,9192.0,26646.0,12357
12359,9192.0,26741.0,12358
12360,9192.0,26746.0,12359
12361,9192.0,27014.0,12360
12362,9192.0,27005.0,12361
12363,9192.0,26546.0,12362
12364,9192.0,26613.0,12363
12365,9192.0,26823.0,12364
12366,9192.0,26955.0,12365
12367,9192.0,26217.0,12366
12368,9192.0,26776.0,12367
12369,9192.0,26708.0,12368
12370,9192.0,26785.0,12369
12371,9192.0,28405.0,12370
12372,9192.0,28531.0,12371
12373,9192.0,28471.0,12372
12374,9192.0,28454.0,12373
12375,9192.0,28050.0,12374
12376,9192.0,28053.0,12375
12377,9192.0,28049.0,12376
12378,9192.0,27902.0,12377
12379,9192.0,28182.0,12378
12380,9192.0,28235.0,12379
12381,9192.0,28403.0,12380
12382,9192.0,28645.0,12381
12383,9192.0,29905.0,12382
12384,9192.0,29905.0,12383
12385,9192.0,29664.0,12384
12386,9192.0,29087.0,12385
12387,9192.0,29102.0,12386
12388,9192.0,30351.0,12387
12389,9192.0,30598.0,12388
12390,9192.0,30344.0,12389
12391,9192.0,30111.0,12390
12392,9192.0,30084.0,12391
12393,9192.0,29032.0,12392
12394,9192.0,29339.0,12393
12395,9192.0,29848.0,12394
12396,9192.0,27945.0,12395
12397,9192.0,26673.0,12396
12398,9192.0,27307.0,12397
12399,9192.0,27307.0,12398
12400,9192.0,27307.0,12399
12401,9192.0,27397.0,12400
12402,9192.0,27311.0,12401
12403,9192.0,27484.0,12402
12404,9192.0,27768.0,12403
12405,9192.0,27189.0,12404
12406,9192.0,27404.0,12405
12407,9192.0,27350.0,12406
12408,9192.0,27312.0,12407
12409,9192.0,27295.0,12408
12410,9192.0,27509.0,12409
12411,9192.0,27442.0,12410
12412,9192.0,27442.0,12411
12413,9192.0,27279.0,12412
12414,9192.0,28691.0,12413
12415,9192.0,28691.0,12414
12416,9192.0,29741.0,12415
12417,9192.0,29741.0,12416
12418,9192.0,29807.0,12417
12419,9192.0,29016.0,12418
12420,9192.0,29016.0,12419
12421,9192.0,28977.0,12420
12422,9192.0,28776.0,12421
12423,9192.0,28955.0,12422
12424,9192.0,29159.0,12423
12425,9192.0,28408.0,12424
12426,9192.0,28554.0,12425
12427,9192.0,28014.0,12426
12428,9192.0,28228.0,12427
12429,9192.0,27778.0,12428
12430,9192.0,28275.0,12429
12431,9192.0,28124.0,12430
12432,9192.0,27266.0,12431
12433,9192.0,27236.0,12432
12434,9192.0,26569.0,12433
12435,9192.0,26057.0,12434
12436,9192.0,25934.0,12435
12437,9192.0,26568.0,12436
12438,9192.0,26472.0,12437
12439,9192.0,26170.0,12438
12440,9192.0,25918.0,12439
12441,9192.0,26016.0,12440
12442,9192.0,26176.0,12441
12443,9192.0,25938.0,12442
12444,9192.0,26326.0,12443
12445,9192.0,26326.0,12444
12446,9192.0,26309.0,12445
12447,9192.0,26753.0,12446
12448,9192.0,27241.0,12447
12449,9192.0,26898.0,12448
12450,9192.0,26641.0,12449
12451,9192.0,26210.0,12450
12452,9192.0,26210.0,12451
12453,9192.0,25981.0,12452
12454,9192.0,26036.0,12453
12455,9192.0,26047.0,12454
12456,9192.0,26047.0,12455
12457,9192.0,24937.0,12456
12458,9192.0,24937.0,12457
12459,9192.0,24937.0,12458
12460,9192.0,24937.0,12459
12461,9192.0,24796.0,12460
12462,9192.0,26263.0,12461
12463,9192.0,25734.0,12462
12464,9192.0,25937.0,12463
12465,9192.0,25937.0,12464
12466,9192.0,25937.0,12465
12467,9192.0,25842.0,12466
12468,9192.0,26297.0,12467
12469,9192.0,26242.0,12468
12470,9192.0,26243.0,12469
12471,9192.0,26549.0,12470
12472,9192.0,26338.0,12471
12473,9192.0,26403.0,12472
12474,9192.0,26712.0,12473
12475,9192.0,26482.0,12474
12476,9192.0,25966.0,12475
12477,9192.0,26449.0,12476
12478,9192.0,26530.0,12477
12479,9192.0,28273.0,12478
12480,9192.0,28415.0,12479
12481,9192.0,28793.0,12480
12482,9192.0,28826.0,12481
12483,9192.0,28863.0,12482
12484,9192.0,28688.0,12483
12485,9192.0,28831.0,12484
12486,9192.0,29433.0,12485
12487,9192.0,29657.0,12486
12488,9192.0,29411.0,12487
12489,9192.0,29347.0,12488
12490,9192.0,29600.0,12489
12491,9192.0,29600.0,12490
12492,9192.0,29488.0,12491
12493,9192.0,29645.0,12492
12494,9192.0,30494.0,12493
12495,9192.0,30667.0,12494
12496,9192.0,30623.0,12495
12497,9192.0,29322.0,12496
12498,9192.0,28630.0,12497
12499,9192.0,29442.0,12498
12500,9192.0,29700.0,12499
12501,9192.0,29156.0,12500
12502,9192.0,29432.0,12501
12503,9192.0,29150.0,12502
12504,9192.0,29693.0,12503
12505,9192.0,29938.0,12504
12506,9192.0,29779.0,12505
12507,9192.0,29888.0,12506
12508,9192.0,29836.0,12507
12509,9192.0,29981.0,12508
12510,9192.0,30702.0,12509
12511,9192.0,30702.0,12510
12512,9192.0,30489.0,12511
12513,9192.0,30431.0,12512
12514,9192.0,31389.0,12513
12515,9192.0,30286.0,12514
12516,9192.0,30338.0,12515
12517,9192.0,29427.0,12516
12518,9192.0,29326.0,12517
12519,9192.0,28743.0,12518
12520,9192.0,28858.0,12519
12521,9192.0,29114.0,12520
12522,9192.0,29123.0,12521
12523,9192.0,28659.0,12522
12524,9192.0,28500.0,12523
12525,9192.0,28500.0,12524
12526,9192.0,28809.0,12525
12527,9192.0,28560.0,12526
12528,9192.0,28584.0,12527
12529,9192.0,28977.0,12528
12530,9192.0,29817.0,12529
12531,9192.0,29612.0,12530
12532,9192.0,29760.0,12531
12533,9192.0,29665.0,12532
12534,9192.0,29502.0,12533
12535,9192.0,30327.0,12534
12536,9192.0,30826.0,12535
12537,9192.0,29816.0,12536
12538,9192.0,29857.0,12537
12539,9192.0,29099.0,12538
12540,9192.0,28576.0,12539
12541,9192.0,28737.0,12540
12542,9192.0,28787.0,12541
12543,9192.0,28289.0,12542
12544,9192.0,28661.0,12543
12545,9192.0,27877.0,12544
12546,9192.0,27913.0,12545
12547,9192.0,27694.0,12546
12548,9192.0,27808.0,12547
12549,9192.0,27690.0,12548
12550,9192.0,28318.0,12549
12551,9192.0,28204.0,12550
12552,9192.0,28436.0,12551
12553,9192.0,28550.0,12552
12554,9192.0,28550.0,12553
12555,9192.0,28567.0,12554
12556,9192.0,28081.0,12555
12557,9192.0,28517.0,12556
12558,9192.0,26983.0,12557
12559,9192.0,26983.0,12558
12560,9192.0,26993.0,12559
12561,9192.0,27521.0,12560
12562,9192.0,27185.0,12561
12563,9192.0,26750.0,12562
12564,9192.0,27552.0,12563
12565,9192.0,27552.0,12564
12566,9192.0,27552.0,12565
12567,9192.0,27413.0,12566
12568,9192.0,28064.0,12567
12569,9192.0,27991.0,12568
12570,9192.0,28222.0,12569
12571,9192.0,27647.0,12570
12572,9192.0,27527.0,12571
12573,9192.0,27527.0,12572
12574,9192.0,27537.0,12573
12575,9192.0,27537.0,12574
12576,9192.0,27567.0,12575
12577,9192.0,27823.0,12576
12578,9192.0,28791.0,12577
12579,9192.0,29291.0,12578
12580,9192.0,29395.0,12579
12581,9192.0,29575.0,12580
12582,9192.0,30908.0,12581
12583,9192.0,30676.0,12582
12584,9192.0,30600.0,12583
12585,9192.0,30487.0,12584
12586,9192.0,30538.0,12585
12587,9192.0,30618.0,12586
12588,9192.0,30075.0,12587
12589,9192.0,30184.0,12588
12590,9192.0,30480.0,12589
12591,9192.0,30566.0,12590
12592,9192.0,30445.0,12591
12593,9192.0,29463.0,12592
12594,9192.0,29575.0,12593
12595,9192.0,29278.0,12594
12596,9192.0,28782.0,12595
12597,9192.0,29402.0,12596
12598,9192.0,29118.0,12597
12599,9192.0,28516.0,12598
12600,9192.0,28809.0,12599
12601,9192.0,28677.0,12600
12602,9192.0,28805.0,12601
12603,9192.0,28428.0,12602
12604,9192.0,28538.0,12603
12605,9192.0,28339.0,12604
12606,9192.0,28305.0,12605
12607,9192.0,28305.0,12606
12608,9192.0,28345.0,12607
12609,9192.0,28645.0,12608
12610,9192.0,28456.0,12609
12611,9192.0,28456.0,12610
12612,9192.0,28024.0,12611
12613,9192.0,27706.0,12612
12614,9192.0,27705.0,12613
12615,9192.0,27849.0,12614
12616,9192.0,27849.0,12615
12617,9192.0,27954.0,12616
12618,9192.0,27995.0,12617
12619,9192.0,28530.0,12618
12620,9192.0,28386.0,12619
12621,9192.0,28420.0,12620
12622,9192.0,28450.0,12621
12623,9192.0,29234.0,12622
12624,9192.0,29234.0,12623
12625,9192.0,28481.0,12624
12626,9192.0,28606.0,12625
12627,9192.0,27844.0,12626
12628,9192.0,28061.0,12627
12629,9192.0,28078.0,12628
12630,9192.0,28375.0,12629
12631,9192.0,28638.0,12630
12632,9192.0,29301.0,12631
12633,9192.0,28366.0,12632
12634,9192.0,28394.0,12633
12635,9192.0,27682.0,12634
12636,9192.0,27057.0,12635
12637,9192.0,27248.0,12636
12638,9192.0,27355.0,12637
12639,9192.0,27978.0,12638
12640,9192.0,29045.0,12639
12641,9192.0,28257.0,12640
12642,9192.0,28785.0,12641
12643,9192.0,29703.0,12642
12644,9192.0,28932.0,12643
12645,9192.0,29875.0,12644
12646,9192.0,29105.0,12645
12647,9192.0,28478.0,12646
12648,9192.0,28560.0,12647
12649,9192.0,28526.0,12648
12650,9192.0,28498.0,12649
12651,9192.0,28218.0,12650
12652,9192.0,28218.0,12651
12653,9192.0,28237.0,12652
12654,9192.0,28578.0,12653
12655,9192.0,28919.0,12654
12656,9192.0,28844.0,12655
12657,9192.0,28300.0,12656
12658,9192.0,28019.0,12657
12659,9192.0,27943.0,12658
12660,9192.0,27943.0,12659
12661,9192.0,29011.0,12660
12662,9192.0,29167.0,12661
12663,9192.0,29148.0,12662
12664,9192.0,28872.0,12663
12665,9192.0,29135.0,12664
12666,9192.0,29482.0,12665
12667,9192.0,28984.0,12666
12668,9192.0,29158.0,12667
12669,9192.0,29212.0,12668
12670,9192.0,29512.0,12669
12671,9192.0,29522.0,12670
12672,9192.0,29375.0,12671
12673,9192.0,29970.0,12672
12674,9192.0,29864.0,12673
12675,9192.0,30465.0,12674
12676,9192.0,30703.0,12675
12677,9192.0,30827.0,12676
12678,9192.0,30600.0,12677
12679,9192.0,30835.0,12678
12680,9192.0,30687.0,12679
12681,9192.0,30699.0,12680
12682,9192.0,30660.0,12681
12683,9192.0,30678.0,12682
12684,9192.0,31183.0,12683
12685,9192.0,30558.0,12684
12686,9192.0,30556.0,12685
12687,9192.0,30953.0,12686
12688,9192.0,31096.0,12687
12689,9192.0,31311.0,12688
12690,9192.0,31185.0,12689
12691,9192.0,31490.0,12690
12692,9192.0,30758.0,12691
12693,9192.0,31373.0,12692
12694,9192.0,30986.0,12693
12695,9192.0,30986.0,12694
12696,9192.0,30687.0,12695
12697,9192.0,30754.0,12696
12698,9192.0,30959.0,12697
12699,9192.0,31191.0,12698
12700,9192.0,31155.0,12699
12701,9192.0,31160.0,12700
12702,9192.0,29392.0,12701
12703,9192.0,29298.0,12702
12704,9192.0,29227.0,12703
12705,9192.0,29082.0,12704
12706,9192.0,29555.0,12705
12707,9192.0,29591.0,12706
12708,9192.0,29891.0,12707
12709,9192.0,29853.0,12708
12710,9192.0,29878.0,12709
12711,9192.0,29454.0,12710
12712,9192.0,29164.0,12711
12713,9192.0,29686.0,12712
12714,9192.0,29614.0,12713
12715,9192.0,29781.0,12714
12716,9192.0,29764.0,12715
12717,9192.0,29402.0,12716
12718,9192.0,30003.0,12717
12719,9192.0,29729.0,12718
12720,9192.0,30704.0,12719
12721,9192.0,30672.0,12720
12722,9192.0,30663.0,12721
12723,9192.0,30574.0,12722
12724,9192.0,28577.0,12723
12725,9192.0,30063.0,12724
12726,9192.0,28681.0,12725
12727,9192.0,27993.0,12726
12728,9192.0,28042.0,12727
12729,9192.0,28152.0,12728
12730,9192.0,28290.0,12729
12731,9192.0,29281.0,12730
12732,9192.0,29281.0,12731
12733,9192.0,28852.0,12732
12734,9192.0,28925.0,12733
12735,9192.0,29614.0,12734
12736,9192.0,29907.0,12735
12737,9192.0,29975.0,12736
12738,9192.0,29975.0,12737
12739,9192.0,30031.0,12738
12740,9192.0,30829.0,12739
12741,9192.0,30574.0,12740
12742,9192.0,30588.0,12741
12743,9192.0,30683.0,12742
12744,9192.0,30898.0,12743
12745,9192.0,30119.0,12744
12746,9192.0,30318.0,12745
12747,9192.0,30321.0,12746
12748,9192.0,30058.0,12747
12749,9192.0,30035.0,12748
12750,9192.0,30879.0,12749
12751,9192.0,30823.0,12750
12752,9192.0,30817.0,12751
12753,9192.0,30951.0,12752
12754,9192.0,30751.0,12753
12755,9192.0,31247.0,12754
12756,9192.0,31159.0,12755
12757,9192.0,29502.0,12756
12758,9192.0,29353.0,12757
12759,9192.0,29541.0,12758
12760,9192.0,29549.0,12759
12761,9192.0,29289.0,12760
12762,9192.0,31588.0,12761
12763,9192.0,31517.0,12762
12764,9192.0,32295.0,12763
12765,9192.0,31757.0,12764
12766,9192.0,31472.0,12765
12767,9192.0,31171.0,12766
12768,9192.0,31568.0,12767
12769,9192.0,30545.0,12768
12770,9192.0,30392.0,12769
12771,9192.0,29118.0,12770
12772,9192.0,28754.0,12771
12773,9192.0,28754.0,12772
12774,9192.0,28899.0,12773
12775,9192.0,28939.0,12774
12776,9192.0,28544.0,12775
12777,9192.0,28444.0,12776
12778,9192.0,28178.0,12777
12779,9192.0,28202.0,12778
12780,9192.0,28234.0,12779
12781,9192.0,28166.0,12780
12782,9192.0,28140.0,12781
12783,9192.0,28154.0,12782
12784,9192.0,28104.0,12783
12785,9192.0,27781.0,12784
12786,9192.0,27770.0,12785
12787,9192.0,27629.0,12786
12788,9192.0,26719.0,12787
12789,9192.0,26339.0,12788
12790,9192.0,26397.0,12789
12791,9192.0,26432.0,12790
12792,9192.0,26762.0,12791
12793,9192.0,28220.0,12792
12794,9192.0,28470.0,12793
12795,9192.0,28552.0,12794
12796,9192.0,28163.0,12795
12797,9192.0,28156.0,12796
12798,9192.0,28310.0,12797
12799,9192.0,28505.0,12798
12800,9192.0,28366.0,12799
12801,9192.0,28414.0,12800
12802,9192.0,28447.0,12801
12803,9192.0,28753.0,12802
12804,9192.0,28805.0,12803
12805,9192.0,28984.0,12804
12806,9192.0,29214.0,12805
12807,9192.0,29374.0,12806
12808,9192.0,29374.0,12807
12809,9192.0,29369.0,12808
12810,9192.0,29118.0,12809
12811,9192.0,29108.0,12810
12812,9192.0,28909.0,12811
12813,9192.0,29957.0,12812
12814,9192.0,30009.0,12813
12815,9192.0,29760.0,12814
12816,9192.0,29991.0,12815
12817,9192.0,28503.0,12816
12818,9192.0,28627.0,12817
12819,9192.0,28027.0,12818
12820,9192.0,28292.0,12819
12821,9192.0,27968.0,12820
12822,9192.0,27275.0,12821
12823,9192.0,27232.0,12822
12824,9192.0,27029.0,12823
12825,9192.0,26710.0,12824
12826,9192.0,26710.0,12825
12827,9192.0,26710.0,12826
12828,9192.0,26322.0,12827
12829,9192.0,26376.0,12828
12830,9192.0,26733.0,12829
12831,9192.0,26595.0,12830
12832,9192.0,26261.0,12831
12833,9192.0,26675.0,12832
12834,9192.0,26815.0,12833
12835,9192.0,28507.0,12834
12836,9192.0,28507.0,12835
12837,9192.0,28374.0,12836
12838,9192.0,27708.0,12837
12839,9192.0,25872.0,12838
12840,9192.0,25030.0,12839
12841,9192.0,25030.0,12840
12842,9192.0,25093.0,12841
12843,9192.0,25112.0,12842
12844,9192.0,25103.0,12843
12845,9192.0,24658.0,12844
12846,9192.0,25977.0,12845
12847,9192.0,27644.0,12846
12848,9192.0,28613.0,12847
12849,9192.0,28467.0,12848
12850,9192.0,28005.0,12849
12851,9192.0,27686.0,12850
12852,9192.0,28522.0,12851
12853,9192.0,28803.0,12852
12854,9192.0,29024.0,12853
12855,9192.0,29266.0,12854
12856,9192.0,28620.0,12855
12857,9192.0,29417.0,12856
12858,9192.0,29395.0,12857
12859,9192.0,29324.0,12858
12860,9192.0,29879.0,12859
12861,9192.0,29473.0,12860
12862,9192.0,29521.0,12861
12863,9192.0,29645.0,12862
12864,9192.0,29645.0,12863
12865,9192.0,29645.0,12864
12866,9192.0,29420.0,12865
12867,9192.0,29420.0,12866
12868,9192.0,29340.0,12867
12869,9192.0,30028.0,12868
12870,9192.0,30113.0,12869
12871,9192.0,29856.0,12870
12872,9192.0,29791.0,12871
12873,9192.0,29813.0,12872
12874,9192.0,29619.0,12873
12875,9192.0,29716.0,12874
12876,9192.0,29796.0,12875
12877,9192.0,30552.0,12876
12878,9192.0,31210.0,12877
12879,9192.0,31923.0,12878
12880,9192.0,31728.0,12879
12881,9192.0,31517.0,12880
12882,9192.0,30928.0,12881
12883,9192.0,30697.0,12882
12884,9192.0,30697.0,12883
12885,9192.0,30697.0,12884
12886,9192.0,31013.0,12885
12887,9192.0,30770.0,12886
12888,9192.0,30800.0,12887
12889,9192.0,30738.0,12888
12890,9192.0,30500.0,12889
12891,9192.0,30474.0,12890
12892,9192.0,30066.0,12891
12893,9192.0,29797.0,12892
12894,9192.0,29831.0,12893
12895,9192.0,29831.0,12894
12896,9192.0,29750.0,12895
12897,9192.0,29797.0,12896
12898,9192.0,29999.0,12897
12899,9192.0,30283.0,12898
12900,9192.0,30126.0,12899
12901,9192.0,29714.0,12900
12902,9192.0,28969.0,12901
12903,9192.0,28924.0,12902
12904,9192.0,29516.0,12903
12905,9192.0,29519.0,12904
12906,9192.0,29483.0,12905
12907,9192.0,29655.0,12906
12908,9192.0,30102.0,12907
12909,9192.0,29934.0,12908
12910,9192.0,29234.0,12909
12911,9192.0,29091.0,12910
12912,9192.0,29252.0,12911
12913,9192.0,29201.0,12912
12914,9192.0,29182.0,12913
12915,9192.0,28917.0,12914
12916,9192.0,28917.0,12915
12917,9192.0,28361.0,12916
12918,9192.0,28160.0,12917
12919,9192.0,28016.0,12918
12920,9192.0,27638.0,12919
12921,9192.0,27459.0,12920
12922,9192.0,27601.0,12921
12923,9192.0,28372.0,12922
12924,9192.0,28638.0,12923
12925,9192.0,28656.0,12924
12926,9192.0,29356.0,12925
12927,9192.0,29665.0,12926
12928,9192.0,29694.0,12927
12929,9192.0,29985.0,12928
12930,9192.0,30048.0,12929
12931,9192.0,30668.0,12930
12932,9192.0,30687.0,12931
12933,9192.0,29341.0,12932
12934,9192.0,29495.0,12933
12935,9192.0,29518.0,12934
12936,9192.0,29519.0,12935
12937,9192.0,29583.0,12936
12938,9192.0,29930.0,12937
12939,9192.0,29799.0,12938
12940,9192.0,29671.0,12939
12941,9192.0,29726.0,12940
12942,9192.0,29902.0,12941
12943,9192.0,29814.0,12942
12944,9192.0,29814.0,12943
12945,9192.0,29774.0,12944
12946,9192.0,29873.0,12945
12947,9192.0,30060.0,12946
12948,9192.0,29566.0,12947
12949,9192.0,29319.0,12948
12950,9192.0,28839.0,12949
12951,9192.0,28814.0,12950
12952,9192.0,28883.0,12951
12953,9192.0,28887.0,12952
12954,9192.0,29261.0,12953
12955,9192.0,29341.0,12954
12956,9192.0,29134.0,12955
12957,9192.0,29099.0,12956
12958,9192.0,28988.0,12957
12959,9192.0,28988.0,12958
12960,9192.0,28109.0,12959
12961,9192.0,28366.0,12960
12962,9192.0,28106.0,12961
12963,9192.0,28086.0,12962
12964,9192.0,28317.0,12963
12965,9192.0,27849.0,12964
12966,9192.0,27845.0,12965
12967,9192.0,28166.0,12966
12968,9192.0,28105.0,12967
12969,9192.0,28105.0,12968
12970,9192.0,28655.0,12969
12971,9192.0,28655.0,12970
12972,9192.0,28707.0,12971
12973,9192.0,29124.0,12972
12974,9192.0,28743.0,12973
12975,9192.0,28435.0,12974
12976,9192.0,28313.0,12975
12977,9192.0,28689.0,12976
12978,9192.0,28151.0,12977
12979,9192.0,28148.0,12978
12980,9192.0,28186.0,12979
12981,9192.0,28212.0,12980
12982,9192.0,28226.0,12981
12983,9192.0,28416.0,12982
12984,9192.0,28316.0,12983
12985,9192.0,28371.0,12984
12986,9192.0,29081.0,12985
12987,9192.0,29779.0,12986
12988,9192.0,30415.0,12987
12989,9192.0,30767.0,12988
12990,9192.0,30799.0,12989
12991,9192.0,30566.0,12990
12992,9192.0,30587.0,12991
12993,9192.0,30587.0,12992
12994,9192.0,30564.0,12993
12995,9192.0,30419.0,12994
12996,9192.0,30378.0,12995
12997,9192.0,30164.0,12996
12998,9192.0,30144.0,12997
12999,9192.0,31126.0,12998
13000,9192.0,31126.0,12999
13001,9192.0,31023.0,13000
13002,9192.0,31172.0,13001
13003,9192.0,31134.0,13002
13004,9192.0,30694.0,13003
13005,9192.0,30886.0,13004
13006,9192.0,31273.0,13005
13007,9192.0,31210.0,13006
13008,9192.0,30470.0,13007
13009,9192.0,30723.0,13008
13010,9192.0,30912.0,13009
13011,9192.0,29282.0,13010
13012,9192.0,29632.0,13011
13013,9192.0,29495.0,13012
13014,9192.0,28872.0,13013
13015,9192.0,28813.0,13014
13016,9192.0,28982.0,13015
13017,9192.0,28431.0,13016
13018,9192.0,28431.0,13017
13019,9192.0,28431.0,13018
13020,9192.0,28942.0,13019
13021,9192.0,29832.0,13020
13022,9192.0,29652.0,13021
13023,9192.0,29950.0,13022
13024,9192.0,29524.0,13023
13025,9192.0,29777.0,13024
13026,9192.0,29696.0,13025
13027,9192.0,29726.0,13026
13028,9192.0,30239.0,13027
13029,9192.0,30239.0,13028
13030,9192.0,30207.0,13029
13031,9192.0,30297.0,13030
13032,9192.0,30427.0,13031
13033,9192.0,30569.0,13032
13034,9192.0,30496.0,13033
13035,9192.0,31211.0,13034
13036,9192.0,31310.0,13035
13037,9192.0,31372.0,13036
13038,9192.0,32596.0,13037
13039,9192.0,32913.0,13038
13040,9192.0,32695.0,13039
13041,9192.0,32912.0,13040
13042,9192.0,33827.0,13041
13043,9192.0,33893.0,13042
13044,9192.0,33935.0,13043
13045,9192.0,33931.0,13044
13046,9192.0,34100.0,13045
13047,9192.0,33822.0,13046
13048,9192.0,33756.0,13047
13049,9192.0,33986.0,13048
13050,9192.0,33872.0,13049
13051,9192.0,33331.0,13050
13052,9192.0,33133.0,13051
13053,9192.0,32986.0,13052
13054,9192.0,32966.0,13053
13055,9192.0,32972.0,13054
13056,9192.0,32997.0,13055
13057,9192.0,32654.0,13056
13058,9192.0,31754.0,13057
13059,9192.0,31658.0,13058
13060,9192.0,31741.0,13059
13061,9192.0,32237.0,13060
13062,9192.0,32370.0,13061
13063,9192.0,32021.0,13062
13064,9192.0,32193.0,13063
13065,9192.0,32406.0,13064
13066,9192.0,32407.0,13065
13067,9192.0,32258.0,13066
13068,9192.0,31825.0,13067
13069,9192.0,30811.0,13068
13070,9192.0,31034.0,13069
13071,9192.0,31607.0,13070
13072,9192.0,30102.0,13071
13073,9192.0,29735.0,13072
13074,9192.0,28845.0,13073
13075,9192.0,28735.0,13074
13076,9192.0,28744.0,13075
13077,9192.0,28526.0,13076
13078,9192.0,27496.0,13077
13079,9192.0,28128.0,13078
13080,9192.0,28493.0,13079
13081,9192.0,28881.0,13080
13082,9192.0,29432.0,13081
13083,9192.0,29460.0,13082
13084,9192.0,30038.0,13083
13085,9192.0,29946.0,13084
13086,9192.0,29836.0,13085
13087,9192.0,29726.0,13086
13088,9192.0,29488.0,13087
13089,9192.0,29314.0,13088
13090,9192.0,29300.0,13089
13091,9192.0,28753.0,13090
13092,9192.0,28844.0,13091
13093,9192.0,29340.0,13092
13094,9192.0,30564.0,13093
13095,9192.0,30587.0,13094
13096,9192.0,30601.0,13095
13097,9192.0,31263.0,13096
13098,9192.0,30762.0,13097
13099,9192.0,30037.0,13098
13100,9192.0,30006.0,13099
13101,9192.0,29722.0,13100
13102,9192.0,29534.0,13101
13103,9192.0,28704.0,13102
13104,9192.0,28533.0,13103
13105,9192.0,29447.0,13104
13106,9192.0,29447.0,13105
13107,9192.0,30792.0,13106
13108,9192.0,30842.0,13107
13109,9192.0,30250.0,13108
13110,9192.0,30693.0,13109
13111,9192.0,30731.0,13110
13112,9192.0,30942.0,13111
13113,9192.0,30942.0,13112
13114,9192.0,30783.0,13113
13115,9192.0,31803.0,13114
13116,9192.0,32032.0,13115
13117,9192.0,32075.0,13116
13118,9192.0,31717.0,13117
13119,9192.0,31831.0,13118
13120,9192.0,32131.0,13119
13121,9192.0,32224.0,13120
13122,9192.0,32500.0,13121
13123,9192.0,32278.0,13122
13124,9192.0,32167.0,13123
13125,9192.0,32648.0,13124
13126,9192.0,32450.0,13125
13127,9192.0,32503.0,13126
13128,9192.0,32569.0,13127
13129,9192.0,32507.0,13128
13130,9192.0,32075.0,13129
13131,9192.0,32038.0,13130
13132,9192.0,30701.0,13131
13133,9192.0,31126.0,13132
13134,9192.0,31043.0,13133
13135,9192.0,30631.0,13134
13136,9192.0,29881.0,13135
13137,9192.0,29993.0,13136
13138,9192.0,30026.0,13137
13139,9192.0,29829.0,13138
13140,9192.0,30140.0,13139
13141,9192.0,29764.0,13140
13142,9192.0,29764.0,13141
13143,9192.0,29764.0,13142
13144,9192.0,29325.0,13143
13145,9192.0,29058.0,13144
13146,9192.0,29151.0,13145
13147,9192.0,29160.0,13146
13148,9192.0,28737.0,13147
13149,9192.0,28770.0,13148
13150,9192.0,28797.0,13149
13151,9192.0,28633.0,13150
13152,9192.0,28257.0,13151
13153,9192.0,29021.0,13152
13154,9192.0,29499.0,13153
13155,9192.0,29499.0,13154
13156,9192.0,29726.0,13155
13157,9192.0,29766.0,13156
13158,9192.0,29766.0,13157
13159,9192.0,29674.0,13158
13160,9192.0,29761.0,13159
13161,9192.0,29402.0,13160
13162,9192.0,29423.0,13161
13163,9192.0,29774.0,13162
13164,9192.0,29905.0,13163
13165,9192.0,29634.0,13164
13166,9192.0,28651.0,13165
13167,9192.0,28359.0,13166
13168,9192.0,27948.0,13167
13169,9192.0,28377.0,13168
13170,9192.0,28415.0,13169
13171,9192.0,28455.0,13170
13172,9192.0,28034.0,13171
13173,9192.0,27881.0,13172
13174,9192.0,27947.0,13173
13175,9192.0,27920.0,13174
13176,9192.0,27997.0,13175
13177,9192.0,28007.0,13176
13178,9192.0,27329.0,13177
13179,9192.0,27438.0,13178
13180,9192.0,27444.0,13179
13181,9192.0,27444.0,13180
13182,9192.0,27657.0,13181
13183,9192.0,29112.0,13182
13184,9192.0,29112.0,13183
13185,9192.0,28933.0,13184
13186,9192.0,29210.0,13185
13187,9192.0,29210.0,13186
13188,9192.0,29407.0,13187
13189,9192.0,29407.0,13188
13190,9192.0,29424.0,13189
13191,9192.0,29387.0,13190
13192,9192.0,29243.0,13191
13193,9192.0,29379.0,13192
13194,9192.0,29196.0,13193
13195,9192.0,29089.0,13194
13196,9192.0,28426.0,13195
13197,9192.0,28211.0,13196
13198,9192.0,28486.0,13197
13199,9192.0,28358.0,13198
13200,9192.0,28726.0,13199
13201,9192.0,29138.0,13200
13202,9192.0,29403.0,13201
13203,9192.0,29900.0,13202
13204,9192.0,29989.0,13203
13205,9192.0,30000.0,13204
13206,9192.0,29314.0,13205
13207,9192.0,29521.0,13206
13208,9192.0,29577.0,13207
13209,9192.0,30326.0,13208
13210,9192.0,30230.0,13209
13211,9192.0,30719.0,13210
13212,9192.0,30967.0,13211
13213,9192.0,30506.0,13212
13214,9192.0,30170.0,13213
13215,9192.0,30170.0,13214
13216,9192.0,29735.0,13215
13217,9192.0,30214.0,13216
13218,9192.0,30900.0,13217
13219,9192.0,31072.0,13218
13220,9192.0,30558.0,13219
13221,9192.0,29815.0,13220
13222,9192.0,29815.0,13221
13223,9192.0,29822.0,13222
13224,9192.0,29886.0,13223
13225,9192.0,29646.0,13224
13226,9192.0,29663.0,13225
13227,9192.0,29811.0,13226
13228,9192.0,30357.0,13227
13229,9192.0,30266.0,13228
13230,9192.0,30182.0,13229
13231,9192.0,29740.0,13230
13232,9192.0,29621.0,13231
13233,9192.0,29557.0,13232
13234,9192.0,29462.0,13233
13235,9192.0,29450.0,13234
13236,9192.0,29251.0,13235
13237,9192.0,29587.0,13236
13238,9192.0,28548.0,13237
13239,9192.0,29769.0,13238
13240,9192.0,29769.0,13239
13241,9192.0,29059.0,13240
13242,9192.0,29209.0,13241
13243,9192.0,29403.0,13242
13244,9192.0,28631.0,13243
13245,9192.0,28847.0,13244
13246,9192.0,28165.0,13245
13247,9192.0,27886.0,13246
13248,9192.0,28145.0,13247
13249,9192.0,28151.0,13248
13250,9192.0,28030.0,13249
13251,9192.0,28080.0,13250
13252,9192.0,28104.0,13251
13253,9192.0,28911.0,13252
13254,9192.0,28820.0,13253
13255,9192.0,29502.0,13254
13256,9192.0,29321.0,13255
13257,9192.0,29309.0,13256
13258,9192.0,28747.0,13257
13259,9192.0,28082.0,13258
13260,9192.0,27984.0,13259
13261,9192.0,27711.0,13260
13262,9192.0,28722.0,13261
13263,9192.0,28774.0,13262
13264,9192.0,28774.0,13263
13265,9192.0,29457.0,13264
13266,9192.0,29215.0,13265
13267,9192.0,29690.0,13266
13268,9192.0,29678.0,13267
13269,9192.0,29651.0,13268
13270,9192.0,29194.0,13269
13271,9192.0,29120.0,13270
13272,9192.0,28732.0,13271
13273,9192.0,28659.0,13272
13274,9192.0,28688.0,13273
13275,9192.0,29171.0,13274
13276,9192.0,27683.0,13275
13277,9192.0,26676.0,13276
13278,9192.0,25887.0,13277
13279,9192.0,25887.0,13278
13280,9192.0,25211.0,13279
13281,9192.0,24845.0,13280
13282,9192.0,24800.0,13281
13283,9192.0,24486.0,13282
13284,9192.0,25562.0,13283
13285,9192.0,25573.0,13284
13286,9192.0,25714.0,13285
13287,9192.0,25243.0,13286
13288,9192.0,25276.0,13287
13289,9192.0,25491.0,13288
13290,9192.0,25491.0,13289
13291,9192.0,25239.0,13290
13292,9192.0,25641.0,13291
13293,9192.0,25054.0,13292
13294,9192.0,24957.0,13293
13295,9192.0,24957.0,13294
13296,9192.0,24917.0,13295
13297,9192.0,25337.0,13296
13298,9192.0,25337.0,13297
13299,9192.0,25554.0,13298
13300,9192.0,26293.0,13299
13301,9192.0,26276.0,13300
13302,9192.0,26175.0,13301
13303,9192.0,26204.0,13302
13304,9192.0,26154.0,13303
13305,9192.0,26132.0,13304
13306,9192.0,26510.0,13305
13307,9192.0,26370.0,13306
13308,9192.0,26669.0,13307
13309,9192.0,26669.0,13308
13310,9192.0,27001.0,13309
13311,9192.0,26750.0,13310
13312,9192.0,27622.0,13311
13313,9192.0,29212.0,13312
13314,9192.0,29337.0,13313
13315,9192.0,29490.0,13314
13316,9192.0,29667.0,13315
13317,9192.0,29600.0,13316
13318,9192.0,29746.0,13317
13319,9192.0,30096.0,13318
13320,9192.0,30272.0,13319
13321,9192.0,29669.0,13320
13322,9192.0,29171.0,13321
13323,9192.0,29184.0,13322
13324,9192.0,29205.0,13323
13325,9192.0,28915.0,13324
13326,9192.0,28835.0,13325
13327,9192.0,28666.0,13326
13328,9192.0,28392.0,13327
13329,9192.0,28305.0,13328
13330,9192.0,28564.0,13329
13331,9192.0,28755.0,13330
13332,9192.0,28638.0,13331
13333,9192.0,28505.0,13332
13334,9192.0,28717.0,13333
13335,9192.0,29317.0,13334
13336,9192.0,30352.0,13335
13337,9192.0,30274.0,13336
13338,9192.0,30515.0,13337
13339,9192.0,30542.0,13338
13340,9192.0,30997.0,13339
13341,9192.0,30621.0,13340
13342,9192.0,31510.0,13341
13343,9192.0,31717.0,13342
13344,9192.0,31801.0,13343
13345,9192.0,31672.0,13344
13346,9192.0,31882.0,13345
13347,9192.0,31545.0,13346
13348,9192.0,31778.0,13347
13349,9192.0,31520.0,13348
13350,9192.0,31603.0,13349
13351,9192.0,31478.0,13350
13352,9192.0,31359.0,13351
13353,9192.0,31422.0,13352
13354,9192.0,31495.0,13353
13355,9192.0,30979.0,13354
13356,9192.0,30979.0,13355
13357,9192.0,30609.0,13356
13358,9192.0,30604.0,13357
13359,9192.0,30573.0,13358
13360,9192.0,30487.0,13359
13361,9192.0,30265.0,13360
13362,9192.0,31048.0,13361
13363,9192.0,31411.0,13362
13364,9192.0,31096.0,13363
13365,9192.0,32077.0,13364
13366,9192.0,30226.0,13365
13367,9192.0,30143.0,13366
13368,9192.0,30527.0,13367
13369,9192.0,30034.0,13368
13370,9192.0,29947.0,13369
13371,9192.0,29692.0,13370
13372,9192.0,29409.0,13371
13373,9192.0,29521.0,13372
13374,9192.0,29518.0,13373
13375,9192.0,30384.0,13374
13376,9192.0,30811.0,13375
13377,9192.0,31003.0,13376
13378,9192.0,31236.0,13377
13379,9192.0,31757.0,13378
13380,9192.0,31842.0,13379
13381,9192.0,31841.0,13380
13382,9192.0,31790.0,13381
13383,9192.0,32233.0,13382
13384,9192.0,32660.0,13383
13385,9192.0,33427.0,13384
13386,9192.0,34328.0,13385
13387,9192.0,34186.0,13386
13388,9192.0,33882.0,13387
13389,9192.0,33876.0,13388
13390,9192.0,33992.0,13389
13391,9192.0,33058.0,13390
13392,9192.0,32515.0,13391
13393,9192.0,32133.0,13392
13394,9192.0,31159.0,13393
13395,9192.0,30977.0,13394
13396,9192.0,31175.0,13395
13397,9192.0,31049.0,13396
13398,9192.0,31898.0,13397
13399,9192.0,31969.0,13398
13400,9192.0,32577.0,13399
13401,9192.0,32309.0,13400
13402,9192.0,31920.0,13401
13403,9192.0,31920.0,13402
13404,9192.0,31980.0,13403
13405,9192.0,31935.0,13404
13406,9192.0,31987.0,13405
13407,9192.0,30772.0,13406
13408,9192.0,30395.0,13407
13409,9192.0,30525.0,13408
13410,9192.0,30380.0,13409
13411,9192.0,31829.0,13410
13412,9192.0,31717.0,13411
13413,9192.0,31965.0,13412
13414,9192.0,31540.0,13413
13415,9192.0,31551.0,13414
13416,9192.0,31340.0,13415
13417,9192.0,31246.0,13416
13418,9192.0,32279.0,13417
13419,9192.0,32414.0,13418
13420,9192.0,32056.0,13419
13421,9192.0,32013.0,13420
13422,9192.0,32013.0,13421
13423,9192.0,31665.0,13422
13424,9192.0,31709.0,13423
13425,9192.0,30551.0,13424
13426,9192.0,31488.0,13425
13427,9192.0,31537.0,13426
13428,9192.0,31537.0,13427
13429,9192.0,31018.0,13428
13430,9192.0,31632.0,13429
13431,9192.0,31379.0,13430
13432,9192.0,31379.0,13431
13433,9192.0,30722.0,13432
13434,9192.0,29888.0,13433
13435,9192.0,30137.0,13434
13436,9192.0,29894.0,13435
13437,9192.0,29458.0,13436
13438,9192.0,29458.0,13437
13439,9192.0,29458.0,13438
13440,9192.0,29788.0,13439
13441,9192.0,29973.0,13440
13442,9192.0,28429.0,13441
13443,9192.0,28029.0,13442
13444,9192.0,28324.0,13443
13445,9192.0,28324.0,13444
13446,9192.0,28258.0,13445
13447,9192.0,28269.0,13446
13448,9192.0,28075.0,13447
13449,9192.0,27759.0,13448
13450,9192.0,27184.0,13449
13451,9192.0,26782.0,13450
13452,9192.0,26947.0,13451
13453,9192.0,27044.0,13452
13454,9192.0,27088.0,13453
13455,9192.0,26996.0,13454
13456,9192.0,26795.0,13455
13457,9192.0,26351.0,13456
13458,9192.0,26273.0,13457
13459,9192.0,26409.0,13458
13460,9192.0,26409.0,13459
13461,9192.0,26329.0,13460
13462,9192.0,26828.0,13461
13463,9192.0,26843.0,13462
13464,9192.0,26888.0,13463
13465,9192.0,26888.0,13464
13466,9192.0,26678.0,13465
13467,9192.0,26708.0,13466
13468,9192.0,26486.0,13467
13469,9192.0,26135.0,13468
13470,9192.0,26283.0,13469
13471,9192.0,26331.0,13470
13472,9192.0,26584.0,13471
13473,9192.0,26593.0,13472
13474,9192.0,26592.0,13473
13475,9192.0,26592.0,13474
13476,9192.0,26659.0,13475
13477,9192.0,26412.0,13476
13478,9192.0,27563.0,13477
13479,9192.0,27763.0,13478
13480,9192.0,27939.0,13479
13481,9192.0,28020.0,13480
13482,9192.0,28330.0,13481
13483,9192.0,28352.0,13482
13484,9192.0,28888.0,13483
13485,9192.0,29127.0,13484
13486,9192.0,28359.0,13485
13487,9192.0,28341.0,13486
13488,9192.0,28169.0,13487
13489,9192.0,27817.0,13488
13490,9192.0,27757.0,13489
13491,9192.0,27904.0,13490
13492,9192.0,27863.0,13491
13493,9192.0,27683.0,13492
13494,9192.0,27041.0,13493
13495,9192.0,26651.0,13494
13496,9192.0,26651.0,13495
13497,9192.0,26054.0,13496
13498,9192.0,25819.0,13497
13499,9192.0,25746.0,13498
13500,9192.0,26384.0,13499
13501,9192.0,28160.0,13500
13502,9192.0,28915.0,13501
13503,9192.0,28455.0,13502
13504,9192.0,28406.0,13503
13505,9192.0,27901.0,13504
13506,9192.0,28187.0,13505
13507,9192.0,28232.0,13506
13508,9192.0,28232.0,13507
13509,9192.0,28379.0,13508
13510,9192.0,28272.0,13509
13511,9192.0,28760.0,13510
13512,9192.0,28817.0,13511
13513,9192.0,28384.0,13512
13514,9192.0,28402.0,13513
13515,9192.0,28664.0,13514
13516,9192.0,29240.0,13515
13517,9192.0,29688.0,13516
13518,9192.0,30152.0,13517
13519,9192.0,30646.0,13518
13520,9192.0,30788.0,13519
13521,9192.0,30942.0,13520
13522,9192.0,30818.0,13521
13523,9192.0,30583.0,13522
13524,9192.0,30073.0,13523
13525,9192.0,30073.0,13524
13526,9192.0,30232.0,13525
13527,9192.0,30380.0,13526
13528,9192.0,30279.0,13527
13529,9192.0,30970.0,13528
13530,9192.0,30722.0,13529
13531,9192.0,30743.0,13530
13532,9192.0,30909.0,13531
13533,9192.0,30754.0,13532
13534,9192.0,30136.0,13533
13535,9192.0,30400.0,13534
13536,9192.0,31363.0,13535
13537,9192.0,31157.0,13536
13538,9192.0,30317.0,13537
13539,9192.0,30317.0,13538
13540,9192.0,30791.0,13539
13541,9192.0,30791.0,13540
13542,9192.0,30426.0,13541
13543,9192.0,30402.0,13542
13544,9192.0,29643.0,13543
13545,9192.0,29653.0,13544
13546,9192.0,29685.0,13545
13547,9192.0,29906.0,13546
13548,9192.0,29250.0,13547
13549,9192.0,29556.0,13548
13550,9192.0,30520.0,13549
13551,9192.0,29663.0,13550
13552,9192.0,29905.0,13551
13553,9192.0,29865.0,13552
13554,9192.0,30262.0,13553
13555,9192.0,30208.0,13554
13556,9192.0,30520.0,13555
13557,9192.0,30419.0,13556
13558,9192.0,30484.0,13557
13559,9192.0,30537.0,13558
13560,9192.0,30529.0,13559
13561,9192.0,30529.0,13560
13562,9192.0,29997.0,13561
13563,9192.0,29945.0,13562
13564,9192.0,30873.0,13563
13565,9192.0,29765.0,13564
13566,9192.0,29650.0,13565
13567,9192.0,29454.0,13566
13568,9192.0,29507.0,13567
13569,9192.0,29945.0,13568
13570,9192.0,29945.0,13569
13571,9192.0,29903.0,13570
13572,9192.0,29878.0,13571
13573,9192.0,30190.0,13572
13574,9192.0,30468.0,13573
13575,9192.0,30495.0,13574
13576,9192.0,30955.0,13575
13577,9192.0,31467.0,13576
13578,9192.0,31129.0,13577
13579,9192.0,31070.0,13578
13580,9192.0,31125.0,13579
13581,9192.0,31236.0,13580
13582,9192.0,31281.0,13581
13583,9192.0,31374.0,13582
13584,9192.0,31374.0,13583
13585,9192.0,31371.0,13584
13586,9192.0,31326.0,13585
13587,9192.0,31389.0,13586
13588,9192.0,31564.0,13587
13589,9192.0,30968.0,13588
13590,9192.0,31538.0,13589
13591,9192.0,30093.0,13590
13592,9192.0,29829.0,13591
13593,9192.0,30244.0,13592
13594,9192.0,30267.0,13593
13595,9192.0,30214.0,13594
13596,9192.0,30480.0,13595
13597,9192.0,30361.0,13596
13598,9192.0,30241.0,13597
13599,9192.0,30237.0,13598
13600,9192.0,30260.0,13599
13601,9192.0,29661.0,13600
13602,9192.0,29722.0,13601
13603,9192.0,29873.0,13602
13604,9192.0,30263.0,13603
13605,9192.0,30564.0,13604
13606,9192.0,30562.0,13605
13607,9192.0,30232.0,13606
13608,9192.0,29384.0,13607
13609,9192.0,28270.0,13608
13610,9192.0,28616.0,13609
13611,9192.0,29470.0,13610
13612,9192.0,29493.0,13611
13613,9192.0,29747.0,13612
13614,9192.0,30108.0,13613
13615,9192.0,30343.0,13614
13616,9192.0,30038.0,13615
13617,9192.0,30038.0,13616
13618,9192.0,29818.0,13617
13619,9192.0,29193.0,13618
13620,9192.0,29193.0,13619
13621,9192.0,29157.0,13620
13622,9192.0,29784.0,13621
13623,9192.0,29857.0,13622
13624,9192.0,29723.0,13623
13625,9192.0,29875.0,13624
13626,9192.0,30382.0,13625
13627,9192.0,30426.0,13626
13628,9192.0,29969.0,13627
13629,9192.0,29576.0,13628
13630,9192.0,29219.0,13629
13631,9192.0,29685.0,13630
13632,9192.0,29545.0,13631
13633,9192.0,29434.0,13632
13634,9192.0,29534.0,13633
13635,9192.0,29534.0,13634
13636,9192.0,29645.0,13635
13637,9192.0,29645.0,13636
13638,9192.0,29727.0,13637
13639,9192.0,29134.0,13638
13640,9192.0,30162.0,13639
13641,9192.0,30162.0,13640
13642,9192.0,30132.0,13641
13643,9192.0,30231.0,13642
13644,9192.0,30126.0,13643
13645,9192.0,30062.0,13644
13646,9192.0,30715.0,13645
13647,9192.0,30910.0,13646
13648,9192.0,30476.0,13647
13649,9192.0,30568.0,13648
13650,9192.0,30550.0,13649
13651,9192.0,30636.0,13650
13652,9192.0,30636.0,13651
13653,9192.0,31270.0,13652
13654,9192.0,31336.0,13653
13655,9192.0,29854.0,13654
13656,9192.0,29883.0,13655
13657,9192.0,29927.0,13656
13658,9192.0,29815.0,13657
13659,9192.0,29476.0,13658
13660,9192.0,29829.0,13659
13661,9192.0,29829.0,13660
13662,9192.0,29891.0,13661
13663,9192.0,30043.0,13662
13664,9192.0,29962.0,13663
13665,9192.0,29996.0,13664
13666,9192.0,30539.0,13665
13667,9192.0,30245.0,13666
13668,9192.0,30136.0,13667
13669,9192.0,29887.0,13668
13670,9192.0,30557.0,13669
13671,9192.0,30069.0,13670
13672,9192.0,30191.0,13671
13673,9192.0,30113.0,13672
13674,9192.0,30027.0,13673
13675,9192.0,29649.0,13674
13676,9192.0,29714.0,13675
13677,9192.0,30175.0,13676
13678,9192.0,30224.0,13677
13679,9192.0,30268.0,13678
13680,9192.0,30357.0,13679
13681,9192.0,29897.0,13680
13682,9192.0,30225.0,13681
13683,9192.0,30628.0,13682
13684,9192.0,30379.0,13683
13685,9192.0,30351.0,13684
13686,9192.0,30448.0,13685
13687,9192.0,30429.0,13686
13688,9192.0,30086.0,13687
13689,9192.0,30082.0,13688
13690,9192.0,29991.0,13689
13691,9192.0,30073.0,13690
13692,9192.0,30465.0,13691
13693,9192.0,30522.0,13692
13694,9192.0,30967.0,13693
13695,9192.0,30576.0,13694
13696,9192.0,30511.0,13695
13697,9192.0,29942.0,13696
13698,9192.0,29907.0,13697
13699,9192.0,30217.0,13698
13700,9192.0,29928.0,13699
13701,9192.0,30301.0,13700
13702,9192.0,30345.0,13701
13703,9192.0,30583.0,13702
13704,9192.0,30617.0,13703
13705,9192.0,30647.0,13704
13706,9192.0,30617.0,13705
13707,9192.0,30920.0,13706
13708,9192.0,31549.0,13707
13709,9192.0,31025.0,13708
13710,9192.0,31024.0,13709
13711,9192.0,31126.0,13710
13712,9192.0,29409.0,13711
13713,9192.0,29225.0,13712
13714,9192.0,29553.0,13713
13715,9192.0,30279.0,13714
13716,9192.0,30408.0,13715
13717,9192.0,29289.0,13716
13718,9192.0,29066.0,13717
13719,9192.0,27896.0,13718
13720,9192.0,27820.0,13719
13721,9192.0,27660.0,13720
13722,9192.0,28081.0,13721
13723,9192.0,28252.0,13722
13724,9192.0,28508.0,13723
13725,9192.0,28546.0,13724
13726,9192.0,28472.0,13725
13727,9192.0,28334.0,13726
13728,9192.0,28689.0,13727
13729,9192.0,28689.0,13728
13730,9192.0,30224.0,13729
13731,9192.0,29810.0,13730
13732,9192.0,29828.0,13731
13733,9192.0,29743.0,13732
13734,9192.0,29543.0,13733
13735,9192.0,28955.0,13734
13736,9192.0,28865.0,13735
13737,9192.0,28495.0,13736
13738,9192.0,27681.0,13737
13739,9192.0,29090.0,13738
13740,9192.0,29899.0,13739
13741,9192.0,29046.0,13740
13742,9192.0,28871.0,13741
13743,9192.0,28995.0,13742
13744,9192.0,29600.0,13743
13745,9192.0,29684.0,13744
13746,9192.0,29835.0,13745
13747,9192.0,29941.0,13746
13748,9192.0,29942.0,13747
13749,9192.0,29895.0,13748
13750,9192.0,29189.0,13749
13751,9192.0,29305.0,13750
13752,9192.0,29367.0,13751
13753,9192.0,29584.0,13752
13754,9192.0,29852.0,13753
13755,9192.0,30446.0,13754
13756,9192.0,30588.0,13755
13757,9192.0,31440.0,13756
13758,9192.0,31537.0,13757
13759,9192.0,31013.0,13758
13760,9192.0,31075.0,13759
13761,9192.0,31110.0,13760
13762,9192.0,31185.0,13761
13763,9192.0,29708.0,13762
13764,9192.0,29574.0,13763
13765,9192.0,29895.0,13764
13766,9192.0,30056.0,13765
13767,9192.0,29669.0,13766
13768,9192.0,29134.0,13767
13769,9192.0,29363.0,13768
13770,9192.0,30043.0,13769
13771,9192.0,30043.0,13770
13772,9192.0,29832.0,13771
13773,9192.0,29414.0,13772
13774,9192.0,29026.0,13773
13775,9192.0,29026.0,13774
13776,9192.0,29235.0,13775
13777,9192.0,29633.0,13776
13778,9192.0,29597.0,13777
13779,9192.0,30793.0,13778
13780,9192.0,30494.0,13779
13781,9192.0,29806.0,13780
13782,9192.0,30123.0,13781
13783,9192.0,30185.0,13782
13784,9192.0,29608.0,13783
13785,9192.0,29576.0,13784
13786,9192.0,29556.0,13785
13787,9192.0,29718.0,13786
13788,9192.0,29416.0,13787
13789,9192.0,30003.0,13788
13790,9192.0,30613.0,13789
13791,9192.0,31170.0,13790
13792,9192.0,31272.0,13791
13793,9192.0,31338.0,13792
13794,9192.0,31564.0,13793
13795,9192.0,31861.0,13794
13796,9192.0,30920.0,13795
13797,9192.0,30573.0,13796
13798,9192.0,30694.0,13797
13799,9192.0,30119.0,13798
13800,9192.0,30473.0,13799
13801,9192.0,30513.0,13800
13802,9192.0,30446.0,13801
13803,9192.0,30444.0,13802
13804,9192.0,30496.0,13803
13805,9192.0,30698.0,13804
13806,9192.0,31024.0,13805
13807,9192.0,31010.0,13806
13808,9192.0,31136.0,13807
13809,9192.0,31749.0,13808
13810,9192.0,31818.0,13809
13811,9192.0,32858.0,13810
13812,9192.0,32834.0,13811
13813,9192.0,32726.0,13812
13814,9192.0,32435.0,13813
13815,9192.0,32499.0,13814
13816,9192.0,32317.0,13815
13817,9192.0,32845.0,13816
13818,9192.0,32693.0,13817
13819,9192.0,32653.0,13818
13820,9192.0,32665.0,13819
13821,9192.0,31537.0,13820
13822,9192.0,31601.0,13821
13823,9192.0,31037.0,13822
13824,9192.0,31125.0,13823
13825,9192.0,31316.0,13824
13826,9192.0,30853.0,13825
13827,9192.0,31876.0,13826
13828,9192.0,31416.0,13827
13829,9192.0,31253.0,13828
13830,9192.0,31656.0,13829
13831,9192.0,31669.0,13830
13832,9192.0,31744.0,13831
13833,9192.0,31744.0,13832
13834,9192.0,31550.0,13833
13835,9192.0,31504.0,13834
13836,9192.0,31340.0,13835
13837,9192.0,31628.0,13836
13838,9192.0,31173.0,13837
13839,9192.0,30479.0,13838
13840,9192.0,29990.0,13839
13841,9192.0,30174.0,13840
13842,9192.0,30174.0,13841
13843,9192.0,29292.0,13842
13844,9192.0,29963.0,13843
13845,9192.0,30238.0,13844
13846,9192.0,29778.0,13845
13847,9192.0,30366.0,13846
13848,9192.0,30354.0,13847
13849,9192.0,30354.0,13848
13850,9192.0,29994.0,13849
13851,9192.0,29868.0,13850
13852,9192.0,30009.0,13851
13853,9192.0,30305.0,13852
13854,9192.0,30501.0,13853
13855,9192.0,30491.0,13854
13856,9192.0,30403.0,13855
13857,9192.0,30348.0,13856
13858,9192.0,30667.0,13857
13859,9192.0,30668.0,13858
13860,9192.0,31311.0,13859
13861,9192.0,31279.0,13860
13862,9192.0,31279.0,13861
13863,9192.0,31501.0,13862
13864,9192.0,31513.0,13863
13865,9192.0,31777.0,13864
13866,9192.0,31449.0,13865
13867,9192.0,31255.0,13866
13868,9192.0,31154.0,13867
13869,9192.0,31154.0,13868
13870,9192.0,31235.0,13869
13871,9192.0,31865.0,13870
13872,9192.0,31890.0,13871
13873,9192.0,31655.0,13872
13874,9192.0,30410.0,13873
13875,9192.0,30072.0,13874
13876,9192.0,31799.0,13875
13877,9192.0,31125.0,13876
13878,9192.0,30595.0,13877
13879,9192.0,29552.0,13878
13880,9192.0,30575.0,13879
13881,9192.0,30886.0,13880
13882,9192.0,31317.0,13881
13883,9192.0,31310.0,13882
13884,9192.0,31310.0,13883
13885,9192.0,31310.0,13884
13886,9192.0,30908.0,13885
13887,9192.0,30670.0,13886
13888,9192.0,30447.0,13887
13889,9192.0,30066.0,13888
13890,9192.0,30048.0,13889
13891,9192.0,30257.0,13890
13892,9192.0,30181.0,13891
13893,9192.0,28908.0,13892
13894,9192.0,28814.0,13893
13895,9192.0,29361.0,13894
13896,9192.0,27857.0,13895
13897,9192.0,28120.0,13896
13898,9192.0,27856.0,13897
13899,9192.0,28710.0,13898
13900,9192.0,27478.0,13899
13901,9192.0,27312.0,13900
13902,9192.0,27945.0,13901
13903,9192.0,27870.0,13902
13904,9192.0,26888.0,13903
13905,9192.0,26620.0,13904
13906,9192.0,26769.0,13905
13907,9192.0,26781.0,13906
13908,9192.0,26689.0,13907
13909,9192.0,26198.0,13908
13910,9192.0,26237.0,13909
13911,9192.0,26064.0,13910
13912,9192.0,26060.0,13911
13913,9192.0,26262.0,13912
13914,9192.0,26106.0,13913
13915,9192.0,26085.0,13914
13916,9192.0,26192.0,13915
13917,9192.0,26439.0,13916
13918,9192.0,26326.0,13917
13919,9192.0,26457.0,13918
13920,9192.0,27299.0,13919
13921,9192.0,27147.0,13920
13922,9192.0,27089.0,13921
13923,9192.0,26813.0,13922
13924,9192.0,26800.0,13923
13925,9192.0,26413.0,13924
13926,9192.0,26413.0,13925
13927,9192.0,27194.0,13926
13928,9192.0,27056.0,13927
13929,9192.0,27281.0,13928
13930,9192.0,27257.0,13929
13931,9192.0,27257.0,13930
13932,9192.0,27669.0,13931
13933,9192.0,28019.0,13932
13934,9192.0,28436.0,13933
13935,9192.0,28467.0,13934
13936,9192.0,28301.0,13935
13937,9192.0,28392.0,13936
13938,9192.0,28374.0,13937
13939,9192.0,28655.0,13938
13940,9192.0,28655.0,13939
13941,9192.0,28337.0,13940
13942,9192.0,27672.0,13941
13943,9192.0,29519.0,13942
13944,9192.0,28599.0,13943
13945,9192.0,28330.0,13944
13946,9192.0,28705.0,13945
13947,9192.0,28760.0,13946
13948,9192.0,28553.0,13947
13949,9192.0,28546.0,13948
13950,9192.0,28418.0,13949
13951,9192.0,28429.0,13950
13952,9192.0,28217.0,13951
13953,9192.0,28974.0,13952
13954,9192.0,28679.0,13953
13955,9192.0,29180.0,13954
13956,9192.0,29351.0,13955
13957,9192.0,29355.0,13956
13958,9192.0,28329.0,13957
13959,9192.0,28379.0,13958
13960,9192.0,28004.0,13959
13961,9192.0,28352.0,13960
13962,9192.0,28329.0,13961
13963,9192.0,28572.0,13962
13964,9192.0,27810.0,13963
13965,9192.0,27810.0,13964
13966,9192.0,28002.0,13965
13967,9192.0,28454.0,13966
13968,9192.0,28231.0,13967
13969,9192.0,28081.0,13968
13970,9192.0,28173.0,13969
13971,9192.0,28033.0,13970
13972,9192.0,28033.0,13971
13973,9192.0,28065.0,13972
13974,9192.0,28063.0,13973
13975,9192.0,28011.0,13974
13976,9192.0,28463.0,13975
13977,9192.0,27285.0,13976
13978,9192.0,27265.0,13977
13979,9192.0,26690.0,13978
13980,9192.0,26807.0,13979
13981,9192.0,26807.0,13980
13982,9192.0,26866.0,13981
13983,9192.0,27118.0,13982
13984,9192.0,27656.0,13983
13985,9192.0,28379.0,13984
13986,9192.0,28173.0,13985
13987,9192.0,28338.0,13986
13988,9192.0,28014.0,13987
13989,9192.0,27753.0,13988
13990,9192.0,28334.0,13989
13991,9192.0,28743.0,13990
13992,9192.0,28719.0,13991
13993,9192.0,28206.0,13992
13994,9192.0,28203.0,13993
13995,9192.0,28311.0,13994
13996,9192.0,28733.0,13995
13997,9192.0,29114.0,13996
13998,9192.0,29467.0,13997
13999,9192.0,29698.0,13998
14000,9192.0,29683.0,13999
14001,9192.0,30920.0,14000
14002,9192.0,30721.0,14001
14003,9192.0,30485.0,14002
14004,9192.0,30669.0,14003
14005,9192.0,31141.0,14004
14006,9192.0,30732.0,14005
14007,9192.0,30352.0,14006
14008,9192.0,30498.0,14007
14009,9192.0,30500.0,14008
14010,9192.0,30591.0,14009
14011,9192.0,29810.0,14010
14012,9192.0,29457.0,14011
14013,9192.0,28483.0,14012
14014,9192.0,28608.0,14013
14015,9192.0,29005.0,14014
14016,9192.0,28838.0,14015
14017,9192.0,29028.0,14016
14018,9192.0,28730.0,14017
14019,9192.0,28618.0,14018
14020,9192.0,27962.0,14019
14021,9192.0,27965.0,14020
14022,9192.0,27531.0,14021
14023,9192.0,26932.0,14022
14024,9192.0,27114.0,14023
14025,9192.0,26802.0,14024
14026,9192.0,26380.0,14025
14027,9192.0,26675.0,14026
14028,9192.0,26755.0,14027
14029,9192.0,26726.0,14028
14030,9192.0,27125.0,14029
14031,9192.0,27290.0,14030
14032,9192.0,27249.0,14031
14033,9192.0,27801.0,14032
14034,9192.0,27484.0,14033
14035,9192.0,27017.0,14034
14036,9192.0,27143.0,14035
14037,9192.0,27735.0,14036
14038,9192.0,27889.0,14037
14039,9192.0,27615.0,14038
14040,9192.0,27650.0,14039
14041,9192.0,28101.0,14040
14042,9192.0,28154.0,14041
14043,9192.0,28676.0,14042
14044,9192.0,27730.0,14043
14045,9192.0,28482.0,14044
14046,9192.0,28482.0,14045
14047,9192.0,28372.0,14046
14048,9192.0,28670.0,14047
14049,9192.0,28682.0,14048
14050,9192.0,28429.0,14049
14051,9192.0,28540.0,14050
14052,9192.0,28473.0,14051
14053,9192.0,28358.0,14052
14054,9192.0,28504.0,14053
14055,9192.0,29702.0,14054
14056,9192.0,29941.0,14055
14057,9192.0,29899.0,14056
14058,9192.0,29972.0,14057
14059,9192.0,29204.0,14058
14060,9192.0,29376.0,14059
14061,9192.0,29402.0,14060
14062,9192.0,29478.0,14061
14063,9192.0,28388.0,14062
14064,9192.0,28292.0,14063
14065,9192.0,28105.0,14064
14066,9192.0,28135.0,14065
14067,9192.0,26924.0,14066
14068,9192.0,26960.0,14067
14069,9192.0,26656.0,14068
14070,9192.0,26834.0,14069
14071,9192.0,26233.0,14070
14072,9192.0,26233.0,14071
14073,9192.0,27676.0,14072
14074,9192.0,27980.0,14073
14075,9192.0,27939.0,14074
14076,9192.0,28100.0,14075
14077,9192.0,27617.0,14076
14078,9192.0,27721.0,14077
14079,9192.0,27721.0,14078
14080,9192.0,26907.0,14079
14081,9192.0,27071.0,14080
14082,9192.0,27008.0,14081
14083,9192.0,25719.0,14082
14084,9192.0,25661.0,14083
14085,9192.0,26239.0,14084
14086,9192.0,26277.0,14085
14087,9192.0,26294.0,14086
14088,9192.0,27339.0,14087
14089,9192.0,27498.0,14088
14090,9192.0,28210.0,14089
14091,9192.0,28422.0,14090
14092,9192.0,28317.0,14091
14093,9192.0,28936.0,14092
14094,9192.0,28958.0,14093
14095,9192.0,28901.0,14094
14096,9192.0,28736.0,14095
14097,9192.0,28482.0,14096
14098,9192.0,28482.0,14097
14099,9192.0,28524.0,14098
14100,9192.0,28570.0,14099
14101,9192.0,28450.0,14100
14102,9192.0,27805.0,14101
14103,9192.0,27769.0,14102
14104,9192.0,27798.0,14103
14105,9192.0,27798.0,14104
14106,9192.0,27606.0,14105
14107,9192.0,27931.0,14106
14108,9192.0,28083.0,14107
14109,9192.0,27989.0,14108
14110,9192.0,29039.0,14109
14111,9192.0,28392.0,14110
14112,9192.0,28392.0,14111
14113,9192.0,28401.0,14112
14114,9192.0,28714.0,14113
14115,9192.0,28290.0,14114
14116,9192.0,28031.0,14115
14117,9192.0,28070.0,14116
14118,9192.0,28070.0,14117
14119,9192.0,27933.0,14118
14120,9192.0,28059.0,14119
14121,9192.0,27979.0,14120
14122,9192.0,28537.0,14121
14123,9192.0,28537.0,14122
14124,9192.0,28542.0,14123
14125,9192.0,28084.0,14124
14126,9192.0,27658.0,14125
14127,9192.0,27620.0,14126
14128,9192.0,27424.0,14127
14129,9192.0,27395.0,14128
14130,9192.0,27173.0,14129
14131,9192.0,27472.0,14130
14132,9192.0,27352.0,14131
14133,9192.0,26992.0,14132
14134,9192.0,27836.0,14133
14135,9192.0,28344.0,14134
14136,9192.0,28688.0,14135
14137,9192.0,28903.0,14136
14138,9192.0,29416.0,14137
14139,9192.0,29466.0,14138
14140,9192.0,29486.0,14139
14141,9192.0,29620.0,14140
14142,9192.0,29632.0,14141
14143,9192.0,29087.0,14142
14144,9192.0,29496.0,14143
14145,9192.0,29629.0,14144
14146,9192.0,29163.0,14145
14147,9192.0,29352.0,14146
14148,9192.0,29247.0,14147
14149,9192.0,29451.0,14148
14150,9192.0,30043.0,14149
14151,9192.0,30830.0,14150
14152,9192.0,30535.0,14151
14153,9192.0,30540.0,14152
14154,9192.0,29766.0,14153
14155,9192.0,29840.0,14154
14156,9192.0,29836.0,14155
14157,9192.0,29864.0,14156
14158,9192.0,29547.0,14157
14159,9192.0,29604.0,14158
14160,9192.0,29568.0,14159
14161,9192.0,29548.0,14160
14162,9192.0,29204.0,14161
14163,9192.0,28527.0,14162
14164,9192.0,28803.0,14163
14165,9192.0,29251.0,14164
14166,9192.0,29099.0,14165
14167,9192.0,29166.0,14166
14168,9192.0,29372.0,14167
14169,9192.0,29497.0,14168
14170,9192.0,29820.0,14169
14171,9192.0,29589.0,14170
14172,9192.0,29586.0,14171
14173,9192.0,29316.0,14172
14174,9192.0,29616.0,14173
14175,9192.0,29616.0,14174
14176,9192.0,30178.0,14175
14177,9192.0,30452.0,14176
14178,9192.0,30055.0,14177
14179,9192.0,31199.0,14178
14180,9192.0,31205.0,14179
14181,9192.0,31160.0,14180
14182,9192.0,31099.0,14181
14183,9192.0,30890.0,14182
14184,9192.0,30525.0,14183
14185,9192.0,30505.0,14184
14186,9192.0,30255.0,14185
14187,9192.0,30255.0,14186
14188,9192.0,30418.0,14187
14189,9192.0,30778.0,14188
14190,9192.0,30299.0,14189
14191,9192.0,30057.0,14190
14192,9192.0,30033.0,14191
14193,9192.0,30396.0,14192
14194,9192.0,30096.0,14193
14195,9192.0,29633.0,14194
14196,9192.0,29692.0,14195
14197,9192.0,29697.0,14196
14198,9192.0,29920.0,14197
14199,9192.0,29336.0,14198
14200,9192.0,29260.0,14199
14201,9192.0,30005.0,14200
14202,9192.0,29959.0,14201
14203,9192.0,30302.0,14202
14204,9192.0,30150.0,14203
14205,9192.0,30394.0,14204
14206,9192.0,30575.0,14205
14207,9192.0,30575.0,14206
14208,9192.0,30542.0,14207
14209,9192.0,30817.0,14208
14210,9192.0,30820.0,14209
14211,9192.0,30667.0,14210
14212,9192.0,30361.0,14211
14213,9192.0,29915.0,14212
14214,9192.0,30444.0,14213
14215,9192.0,30474.0,14214
14216,9192.0,30522.0,14215
14217,9192.0,30522.0,14216
14218,9192.0,30529.0,14217
14219,9192.0,29674.0,14218
14220,9192.0,29503.0,14219
14221,9192.0,29267.0,14220
14222,9192.0,28951.0,14221
14223,9192.0,29266.0,14222
14224,9192.0,29127.0,14223
14225,9192.0,29127.0,14224
14226,9192.0,28515.0,14225
14227,9192.0,29447.0,14226
14228,9192.0,29447.0,14227
14229,9192.0,29503.0,14228
14230,9192.0,29167.0,14229
14231,9192.0,28436.0,14230
14232,9192.0,28598.0,14231
14233,9192.0,28546.0,14232
14234,9192.0,29037.0,14233
14235,9192.0,28633.0,14234
14236,9192.0,28337.0,14235
14237,9192.0,29350.0,14236
14238,9192.0,29697.0,14237
14239,9192.0,29732.0,14238
14240,9192.0,29474.0,14239
14241,9192.0,29456.0,14240
14242,9192.0,29333.0,14241
14243,9192.0,29277.0,14242
14244,9192.0,29277.0,14243
14245,9192.0,29607.0,14244
14246,9192.0,29822.0,14245
14247,9192.0,29868.0,14246
14248,9192.0,30395.0,14247
14249,9192.0,31364.0,14248
14250,9192.0,31098.0,14249
14251,9192.0,30456.0,14250
14252,9192.0,31824.0,14251
14253,9192.0,31853.0,14252
14254,9192.0,31807.0,14253
14255,9192.0,31938.0,14254
14256,9192.0,31864.0,14255
14257,9192.0,31852.0,14256
14258,9192.0,31732.0,14257
14259,9192.0,31508.0,14258
14260,9192.0,31034.0,14259
14261,9192.0,29766.0,14260
14262,9192.0,29676.0,14261
14263,9192.0,30363.0,14262
14264,9192.0,30483.0,14263
14265,9192.0,30369.0,14264
14266,9192.0,30550.0,14265
14267,9192.0,30550.0,14266
14268,9192.0,30519.0,14267
14269,9192.0,30715.0,14268
14270,9192.0,30479.0,14269
14271,9192.0,31339.0,14270
14272,9192.0,30109.0,14271
14273,9192.0,30371.0,14272
14274,9192.0,29995.0,14273
14275,9192.0,30200.0,14274
14276,9192.0,30279.0,14275
14277,9192.0,30504.0,14276
14278,9192.0,30001.0,14277
14279,9192.0,30436.0,14278
14280,9192.0,29659.0,14279
14281,9192.0,29980.0,14280
14282,9192.0,29776.0,14281
14283,9192.0,29623.0,14282
14284,9192.0,29655.0,14283
14285,9192.0,29545.0,14284
14286,9192.0,29760.0,14285
14287,9192.0,29752.0,14286
14288,9192.0,30450.0,14287
14289,9192.0,29601.0,14288
14290,9192.0,29501.0,14289
14291,9192.0,29430.0,14290
14292,9192.0,29346.0,14291
14293,9192.0,29102.0,14292
14294,9192.0,28774.0,14293
14295,9192.0,27092.0,14294
14296,9192.0,26966.0,14295
14297,9192.0,26894.0,14296
14298,9192.0,27222.0,14297
14299,9192.0,27673.0,14298
14300,9192.0,27108.0,14299
14301,9192.0,28148.0,14300
14302,9192.0,28342.0,14301
14303,9192.0,29606.0,14302
14304,9192.0,29753.0,14303
14305,9192.0,30205.0,14304
14306,9192.0,29697.0,14305
14307,9192.0,29697.0,14306
14308,9192.0,29697.0,14307
14309,9192.0,29535.0,14308
14310,9192.0,30019.0,14309
14311,9192.0,29960.0,14310
14312,9192.0,29384.0,14311
14313,9192.0,29384.0,14312
14314,9192.0,29470.0,14313
14315,9192.0,29480.0,14314
14316,9192.0,29768.0,14315
14317,9192.0,30798.0,14316
14318,9192.0,31151.0,14317
14319,9192.0,31209.0,14318
14320,9192.0,30969.0,14319
14321,9192.0,31168.0,14320
14322,9192.0,31040.0,14321
14323,9192.0,31032.0,14322
14324,9192.0,30987.0,14323
14325,9192.0,29523.0,14324
14326,9192.0,29342.0,14325
14327,9192.0,29495.0,14326
14328,9192.0,29240.0,14327
14329,9192.0,28998.0,14328
14330,9192.0,27632.0,14329
14331,9192.0,27566.0,14330
14332,9192.0,27324.0,14331
14333,9192.0,28264.0,14332
14334,9192.0,28151.0,14333
14335,9192.0,28404.0,14334
14336,9192.0,28191.0,14335
14337,9192.0,28206.0,14336
14338,9192.0,28456.0,14337
14339,9192.0,29360.0,14338
14340,9192.0,30217.0,14339
14341,9192.0,30233.0,14340
14342,9192.0,30023.0,14341
14343,9192.0,29062.0,14342
14344,9192.0,30398.0,14343
14345,9192.0,30388.0,14344
14346,9192.0,30429.0,14345
14347,9192.0,30230.0,14346
14348,9192.0,30278.0,14347
14349,9192.0,30479.0,14348
14350,9192.0,30458.0,14349
14351,9192.0,30536.0,14350
14352,9192.0,31211.0,14351
14353,9192.0,30855.0,14352
14354,9192.0,30697.0,14353
14355,9192.0,30471.0,14354
14356,9192.0,30476.0,14355
14357,9192.0,31095.0,14356
14358,9192.0,30959.0,14357
14359,9192.0,30881.0,14358
14360,9192.0,31386.0,14359
14361,9192.0,31147.0,14360
14362,9192.0,30934.0,14361
14363,9192.0,32097.0,14362
14364,9192.0,32065.0,14363
14365,9192.0,32228.0,14364
14366,9192.0,30509.0,14365
14367,9192.0,30316.0,14366
14368,9192.0,30382.0,14367
14369,9192.0,30736.0,14368
14370,9192.0,31162.0,14369
14371,9192.0,29953.0,14370
14372,9192.0,29205.0,14371
14373,9192.0,29195.0,14372
14374,9192.0,29441.0,14373
14375,9192.0,28704.0,14374
14376,9192.0,28874.0,14375
14377,9192.0,28907.0,14376
14378,9192.0,30251.0,14377
14379,9192.0,29902.0,14378
14380,9192.0,29684.0,14379
14381,9192.0,29639.0,14380
14382,9192.0,29786.0,14381
14383,9192.0,29504.0,14382
14384,9192.0,29919.0,14383
14385,9192.0,30100.0,14384
14386,9192.0,28649.0,14385
14387,9192.0,28442.0,14386
14388,9192.0,28411.0,14387
14389,9192.0,28483.0,14388
14390,9192.0,29070.0,14389
14391,9192.0,28748.0,14390
14392,9192.0,28680.0,14391
14393,9192.0,28727.0,14392
14394,9192.0,29007.0,14393
14395,9192.0,29714.0,14394
14396,9192.0,30100.0,14395
14397,9192.0,29882.0,14396
14398,9192.0,29804.0,14397
14399,9192.0,29310.0,14398
14400,9192.0,29446.0,14399
14401,9192.0,30205.0,14400
14402,9192.0,30762.0,14401
14403,9192.0,30883.0,14402
14404,9192.0,30433.0,14403
14405,9192.0,30840.0,14404
14406,9192.0,30702.0,14405
14407,9192.0,30640.0,14406
14408,9192.0,31202.0,14407
14409,9192.0,30241.0,14408
14410,9192.0,29275.0,14409
14411,9192.0,29803.0,14410
14412,9192.0,29824.0,14411
14413,9192.0,29944.0,14412
14414,9192.0,30202.0,14413
14415,9192.0,30223.0,14414
14416,9192.0,30328.0,14415
14417,9192.0,30369.0,14416
14418,9192.0,30611.0,14417
14419,9192.0,30301.0,14418
14420,9192.0,30123.0,14419
14421,9192.0,30173.0,14420
14422,9192.0,29694.0,14421
14423,9192.0,29998.0,14422
14424,9192.0,30038.0,14423
14425,9192.0,29857.0,14424
14426,9192.0,28212.0,14425
14427,9192.0,27891.0,14426
14428,9192.0,28117.0,14427
14429,9192.0,28437.0,14428
14430,9192.0,28740.0,14429
14431,9192.0,28357.0,14430
14432,9192.0,28419.0,14431
14433,9192.0,28519.0,14432
14434,9192.0,28190.0,14433
14435,9192.0,28417.0,14434
14436,9192.0,28409.0,14435
14437,9192.0,28157.0,14436
14438,9192.0,28101.0,14437
14439,9192.0,28110.0,14438
14440,9192.0,29188.0,14439
14441,9192.0,28312.0,14440
14442,9192.0,28588.0,14441
14443,9192.0,28578.0,14442
14444,9192.0,28568.0,14443
14445,9192.0,28539.0,14444
14446,9192.0,28917.0,14445
14447,9192.0,29065.0,14446
14448,9192.0,29114.0,14447
14449,9192.0,28722.0,14448
14450,9192.0,28032.0,14449
14451,9192.0,28984.0,14450
14452,9192.0,29306.0,14451
14453,9192.0,28605.0,14452
14454,9192.0,28636.0,14453
14455,9192.0,27622.0,14454
14456,9192.0,27905.0,14455
14457,9192.0,27917.0,14456
14458,9192.0,28058.0,14457
14459,9192.0,28058.0,14458
14460,9192.0,27790.0,14459
14461,9192.0,27522.0,14460
14462,9192.0,27566.0,14461
14463,9192.0,27094.0,14462
14464,9192.0,27284.0,14463
14465,9192.0,27445.0,14464
14466,9192.0,27573.0,14465
14467,9192.0,27549.0,14466
14468,9192.0,27524.0,14467
14469,9192.0,27524.0,14468
14470,9192.0,27509.0,14469
14471,9192.0,27439.0,14470
14472,9192.0,27237.0,14471
14473,9192.0,27251.0,14472
14474,9192.0,27251.0,14473
14475,9192.0,27285.0,14474
14476,9192.0,27589.0,14475
14477,9192.0,27652.0,14476
14478,9192.0,27927.0,14477
14479,9192.0,27340.0,14478
14480,9192.0,27340.0,14479
14481,9192.0,26079.0,14480
14482,9192.0,25749.0,14481
14483,9192.0,26078.0,14482
14484,9192.0,26078.0,14483
14485,9192.0,27201.0,14484
14486,9192.0,27680.0,14485
14487,9192.0,27898.0,14486
14488,9192.0,27975.0,14487
14489,9192.0,28268.0,14488
14490,9192.0,27539.0,14489
14491,9192.0,26937.0,14490
14492,9192.0,26937.0,14491
14493,9192.0,26522.0,14492
14494,9192.0,27006.0,14493
14495,9192.0,26549.0,14494
14496,9192.0,26660.0,14495
14497,9192.0,26737.0,14496
14498,9192.0,26677.0,14497
14499,9192.0,26528.0,14498
14500,9192.0,26496.0,14499
14501,9192.0,26771.0,14500
14502,9192.0,28175.0,14501
14503,9192.0,28622.0,14502
14504,9192.0,28424.0,14503
14505,9192.0,27018.0,14504
14506,9192.0,27266.0,14505
14507,9192.0,28151.0,14506
14508,9192.0,28153.0,14507
14509,9192.0,27780.0,14508
14510,9192.0,28582.0,14509
14511,9192.0,28636.0,14510
14512,9192.0,28750.0,14511
14513,9192.0,28092.0,14512
14514,9192.0,28418.0,14513
14515,9192.0,28418.0,14514
14516,9192.0,28090.0,14515
14517,9192.0,28763.0,14516
14518,9192.0,28568.0,14517
14519,9192.0,28847.0,14518
14520,9192.0,29136.0,14519
14521,9192.0,29076.0,14520
14522,9192.0,29398.0,14521
14523,9192.0,30219.0,14522
14524,9192.0,30625.0,14523
14525,9192.0,31993.0,14524
14526,9192.0,32006.0,14525
14527,9192.0,32029.0,14526
14528,9192.0,30961.0,14527
14529,9192.0,30221.0,14528
14530,9192.0,30526.0,14529
14531,9192.0,30520.0,14530
14532,9192.0,30426.0,14531
14533,9192.0,29394.0,14532
14534,9192.0,28560.0,14533
14535,9192.0,28414.0,14534
14536,9192.0,28330.0,14535
14537,9192.0,28338.0,14536
14538,9192.0,28314.0,14537
14539,9192.0,27649.0,14538
14540,9192.0,27938.0,14539
14541,9192.0,27918.0,14540
14542,9192.0,27689.0,14541
14543,9192.0,27685.0,14542
14544,9192.0,28512.0,14543
14545,9192.0,28477.0,14544
14546,9192.0,28736.0,14545
14547,9192.0,28837.0,14546
14548,9192.0,28894.0,14547
14549,9192.0,28809.0,14548
14550,9192.0,29220.0,14549
14551,9192.0,28840.0,14550
14552,9192.0,27912.0,14551
14553,9192.0,28061.0,14552
14554,9192.0,28073.0,14553
14555,9192.0,28273.0,14554
14556,9192.0,28689.0,14555
14557,9192.0,28428.0,14556
14558,9192.0,28060.0,14557
14559,9192.0,27908.0,14558
14560,9192.0,28407.0,14559
14561,9192.0,28323.0,14560
14562,9192.0,28286.0,14561
14563,9192.0,28376.0,14562
14564,9192.0,28434.0,14563
14565,9192.0,28584.0,14564
14566,9192.0,28225.0,14565
14567,9192.0,28283.0,14566
14568,9192.0,29298.0,14567
14569,9192.0,29414.0,14568
14570,9192.0,28373.0,14569
14571,9192.0,28440.0,14570
14572,9192.0,29397.0,14571
14573,9192.0,29299.0,14572
14574,9192.0,29994.0,14573
14575,9192.0,29836.0,14574
14576,9192.0,29838.0,14575
14577,9192.0,29838.0,14576
14578,9192.0,30950.0,14577
14579,9192.0,31115.0,14578
14580,9192.0,30302.0,14579
14581,9192.0,30087.0,14580
14582,9192.0,29995.0,14581
14583,9192.0,29933.0,14582
14584,9192.0,29413.0,14583
14585,9192.0,29851.0,14584
14586,9192.0,30605.0,14585
14587,9192.0,30423.0,14586
14588,9192.0,30750.0,14587
14589,9192.0,31086.0,14588
14590,9192.0,30975.0,14589
14591,9192.0,31125.0,14590
14592,9192.0,30950.0,14591
14593,9192.0,31132.0,14592
14594,9192.0,31143.0,14593
14595,9192.0,31073.0,14594
14596,9192.0,30657.0,14595
14597,9192.0,30707.0,14596
14598,9192.0,30425.0,14597
14599,9192.0,30445.0,14598
14600,9192.0,30486.0,14599
14601,9192.0,30865.0,14600
14602,9192.0,30291.0,14601
14603,9192.0,30308.0,14602
14604,9192.0,30104.0,14603
14605,9192.0,30443.0,14604
14606,9192.0,30426.0,14605
14607,9192.0,30933.0,14606
14608,9192.0,30827.0,14607
14609,9192.0,30569.0,14608
14610,9192.0,30586.0,14609
14611,9192.0,30276.0,14610
14612,9192.0,29724.0,14611
14613,9192.0,29324.0,14612
14614,9192.0,29336.0,14613
14615,9192.0,30065.0,14614
14616,9192.0,30302.0,14615
14617,9192.0,30152.0,14616
14618,9192.0,30140.0,14617
14619,9192.0,30473.0,14618
14620,9192.0,30406.0,14619
14621,9192.0,29837.0,14620
14622,9192.0,29682.0,14621
14623,9192.0,29994.0,14622
14624,9192.0,29979.0,14623
14625,9192.0,29924.0,14624
14626,9192.0,30075.0,14625
14627,9192.0,30778.0,14626
14628,9192.0,30901.0,14627
14629,9192.0,30820.0,14628
14630,9192.0,30377.0,14629
14631,9192.0,30450.0,14630
14632,9192.0,30128.0,14631
14633,9192.0,30107.0,14632
14634,9192.0,30243.0,14633
14635,9192.0,30167.0,14634
14636,9192.0,30168.0,14635
14637,9192.0,30610.0,14636
14638,9192.0,31654.0,14637
14639,9192.0,30838.0,14638
14640,9192.0,30838.0,14639
14641,9192.0,31056.0,14640
14642,9192.0,31004.0,14641
14643,9192.0,31024.0,14642
14644,9192.0,30918.0,14643
14645,9192.0,30927.0,14644
14646,9192.0,30250.0,14645
14647,9192.0,30327.0,14646
14648,9192.0,30327.0,14647
14649,9192.0,30479.0,14648
14650,9192.0,30479.0,14649
14651,9192.0,29879.0,14650
14652,9192.0,29352.0,14651
14653,9192.0,28369.0,14652
14654,9192.0,28090.0,14653
14655,9192.0,28090.0,14654
14656,9192.0,28519.0,14655
14657,9192.0,28530.0,14656
14658,9192.0,28467.0,14657
14659,9192.0,28782.0,14658
14660,9192.0,29629.0,14659
14661,9192.0,29281.0,14660
14662,9192.0,29508.0,14661
14663,9192.0,29509.0,14662
14664,9192.0,29484.0,14663
14665,9192.0,29614.0,14664
14666,9192.0,29937.0,14665
14667,9192.0,29706.0,14666
14668,9192.0,28781.0,14667
14669,9192.0,29428.0,14668
14670,9192.0,29131.0,14669
14671,9192.0,29101.0,14670
14672,9192.0,28751.0,14671
14673,9192.0,28905.0,14672
14674,9192.0,28911.0,14673
14675,9192.0,27607.0,14674
14676,9192.0,27563.0,14675
14677,9192.0,25761.0,14676
14678,9192.0,25778.0,14677
14679,9192.0,25435.0,14678
14680,9192.0,25430.0,14679
14681,9192.0,25373.0,14680
14682,9192.0,25650.0,14681
14683,9192.0,25611.0,14682
14684,9192.0,25634.0,14683
14685,9192.0,25979.0,14684
14686,9192.0,25885.0,14685
14687,9192.0,25885.0,14686
14688,9192.0,25486.0,14687
14689,9192.0,25179.0,14688
14690,9192.0,25282.0,14689
14691,9192.0,25166.0,14690
14692,9192.0,27153.0,14691
14693,9192.0,27149.0,14692
14694,9192.0,27487.0,14693
14695,9192.0,27487.0,14694
14696,9192.0,27239.0,14695
14697,9192.0,28707.0,14696
14698,9192.0,28660.0,14697
14699,9192.0,28655.0,14698
14700,9192.0,28888.0,14699
14701,9192.0,28356.0,14700
14702,9192.0,28428.0,14701
14703,9192.0,28440.0,14702
14704,9192.0,28165.0,14703
14705,9192.0,28713.0,14704
14706,9192.0,30109.0,14705
14707,9192.0,30645.0,14706
14708,9192.0,30457.0,14707
14709,9192.0,29756.0,14708
14710,9192.0,29698.0,14709
14711,9192.0,29583.0,14710
14712,9192.0,28519.0,14711
14713,9192.0,28843.0,14712
14714,9192.0,29110.0,14713
14715,9192.0,28878.0,14714
14716,9192.0,28920.0,14715
14717,9192.0,28944.0,14716
14718,9192.0,28944.0,14717
14719,9192.0,28150.0,14718
14720,9192.0,28150.0,14719
14721,9192.0,28505.0,14720
14722,9192.0,28055.0,14721
14723,9192.0,28113.0,14722
14724,9192.0,27510.0,14723
14725,9192.0,27776.0,14724
14726,9192.0,28240.0,14725
14727,9192.0,27850.0,14726
14728,9192.0,27851.0,14727
14729,9192.0,28524.0,14728
14730,9192.0,28915.0,14729
14731,9192.0,27864.0,14730
14732,9192.0,27703.0,14731
14733,9192.0,27550.0,14732
14734,9192.0,28006.0,14733
14735,9192.0,28309.0,14734
14736,9192.0,28197.0,14735
14737,9192.0,28881.0,14736
14738,9192.0,29034.0,14737
14739,9192.0,29043.0,14738
14740,9192.0,28983.0,14739
14741,9192.0,29130.0,14740
14742,9192.0,29295.0,14741
14743,9192.0,29086.0,14742
14744,9192.0,29094.0,14743
14745,9192.0,29946.0,14744
14746,9192.0,31313.0,14745
14747,9192.0,31423.0,14746
14748,9192.0,31113.0,14747
14749,9192.0,31115.0,14748
14750,9192.0,30403.0,14749
14751,9192.0,30894.0,14750
14752,9192.0,31224.0,14751
14753,9192.0,31224.0,14752
14754,9192.0,31216.0,14753
14755,9192.0,31051.0,14754
14756,9192.0,30448.0,14755
14757,9192.0,30448.0,14756
14758,9192.0,30673.0,14757
14759,9192.0,30288.0,14758
14760,9192.0,30276.0,14759
14761,9192.0,30223.0,14760
14762,9192.0,30218.0,14761
14763,9192.0,30245.0,14762
14764,9192.0,29852.0,14763
14765,9192.0,30115.0,14764
14766,9192.0,30144.0,14765
14767,9192.0,30259.0,14766
14768,9192.0,29792.0,14767
14769,9192.0,30048.0,14768
14770,9192.0,29655.0,14769
14771,9192.0,29710.0,14770
14772,9192.0,30010.0,14771
14773,9192.0,29858.0,14772
14774,9192.0,29773.0,14773
14775,9192.0,29380.0,14774
14776,9192.0,29138.0,14775
14777,9192.0,29138.0,14776
14778,9192.0,29248.0,14777
14779,9192.0,29323.0,14778
14780,9192.0,29350.0,14779
14781,9192.0,29489.0,14780
14782,9192.0,29719.0,14781
14783,9192.0,29858.0,14782
14784,9192.0,30290.0,14783
14785,9192.0,29560.0,14784
14786,9192.0,29593.0,14785
14787,9192.0,29481.0,14786
14788,9192.0,28921.0,14787
14789,9192.0,29128.0,14788
14790,9192.0,29241.0,14789
14791,9192.0,29241.0,14790
14792,9192.0,29297.0,14791
14793,9192.0,29324.0,14792
14794,9192.0,29324.0,14793
14795,9192.0,29342.0,14794
14796,9192.0,29073.0,14795
14797,9192.0,29015.0,14796
14798,9192.0,29221.0,14797
14799,9192.0,28675.0,14798
14800,9192.0,29807.0,14799
14801,9192.0,30130.0,14800
14802,9192.0,29896.0,14801
14803,9192.0,30226.0,14802
14804,9192.0,29979.0,14803
14805,9192.0,30544.0,14804
14806,9192.0,30556.0,14805
14807,9192.0,30483.0,14806
14808,9192.0,30194.0,14807
14809,9192.0,30122.0,14808
14810,9192.0,30005.0,14809
14811,9192.0,29818.0,14810
14812,9192.0,30114.0,14811
14813,9192.0,30059.0,14812
14814,9192.0,30059.0,14813
14815,9192.0,29900.0,14814
14816,9192.0,29339.0,14815
14817,9192.0,29419.0,14816
14818,9192.0,28206.0,14817
14819,9192.0,29400.0,14818
14820,9192.0,29414.0,14819
14821,9192.0,29630.0,14820
14822,9192.0,29321.0,14821
14823,9192.0,29463.0,14822
14824,9192.0,28633.0,14823
14825,9192.0,28650.0,14824
14826,9192.0,28663.0,14825
14827,9192.0,27907.0,14826
14828,9192.0,27875.0,14827
14829,9192.0,27991.0,14828
14830,9192.0,27644.0,14829
14831,9192.0,27538.0,14830
14832,9192.0,26462.0,14831
14833,9192.0,26462.0,14832
14834,9192.0,26577.0,14833
14835,9192.0,26577.0,14834
14836,9192.0,27672.0,14835
14837,9192.0,27380.0,14836
14838,9192.0,27404.0,14837
14839,9192.0,27567.0,14838
14840,9192.0,27306.0,14839
14841,9192.0,27787.0,14840
14842,9192.0,27694.0,14841
14843,9192.0,28006.0,14842
14844,9192.0,28125.0,14843
14845,9192.0,28224.0,14844
14846,9192.0,28220.0,14845
14847,9192.0,28052.0,14846
14848,9192.0,28536.0,14847
14849,9192.0,28263.0,14848
14850,9192.0,28097.0,14849
14851,9192.0,27768.0,14850
14852,9192.0,27859.0,14851
14853,9192.0,27744.0,14852
14854,9192.0,27849.0,14853
14855,9192.0,26788.0,14854
14856,9192.0,27420.0,14855
14857,9192.0,27552.0,14856
14858,9192.0,28235.0,14857
14859,9192.0,28564.0,14858
14860,9192.0,28899.0,14859
14861,9192.0,28903.0,14860
14862,9192.0,28898.0,14861
14863,9192.0,28755.0,14862
14864,9192.0,28838.0,14863
14865,9192.0,28514.0,14864
14866,9192.0,29083.0,14865
14867,9192.0,29083.0,14866
14868,9192.0,28692.0,14867
14869,9192.0,28519.0,14868
14870,9192.0,28519.0,14869
14871,9192.0,28798.0,14870
14872,9192.0,28811.0,14871
14873,9192.0,29157.0,14872
14874,9192.0,29424.0,14873
14875,9192.0,29401.0,14874
14876,9192.0,29122.0,14875
14877,9192.0,29811.0,14876
14878,9192.0,29765.0,14877
14879,9192.0,29522.0,14878
14880,9192.0,29016.0,14879
14881,9192.0,29071.0,14880
14882,9192.0,29337.0,14881
14883,9192.0,29300.0,14882
14884,9192.0,29692.0,14883
14885,9192.0,29629.0,14884
14886,9192.0,29629.0,14885
14887,9192.0,29574.0,14886
14888,9192.0,30169.0,14887
14889,9192.0,31265.0,14888
14890,9192.0,31055.0,14889
14891,9192.0,30900.0,14890
14892,9192.0,30895.0,14891
14893,9192.0,31145.0,14892
14894,9192.0,31131.0,14893
14895,9192.0,31113.0,14894
14896,9192.0,30895.0,14895
14897,9192.0,30606.0,14896
14898,9192.0,30574.0,14897
14899,9192.0,30730.0,14898
14900,9192.0,31173.0,14899
14901,9192.0,29789.0,14900
14902,9192.0,29802.0,14901
14903,9192.0,29759.0,14902
14904,9192.0,29692.0,14903
14905,9192.0,29874.0,14904
14906,9192.0,31106.0,14905
14907,9192.0,31326.0,14906
14908,9192.0,31326.0,14907
14909,9192.0,30040.0,14908
14910,9192.0,27935.0,14909
14911,9192.0,27631.0,14910
14912,9192.0,27631.0,14911
14913,9192.0,27362.0,14912
14914,9192.0,27706.0,14913
14915,9192.0,27386.0,14914
14916,9192.0,27261.0,14915
14917,9192.0,27783.0,14916
14918,9192.0,27859.0,14917
14919,9192.0,27789.0,14918
14920,9192.0,27845.0,14919
14921,9192.0,28389.0,14920
14922,9192.0,28306.0,14921
14923,9192.0,28306.0,14922
14924,9192.0,28201.0,14923
14925,9192.0,28434.0,14924
14926,9192.0,27959.0,14925
14927,9192.0,28730.0,14926
14928,9192.0,27469.0,14927
14929,9192.0,28780.0,14928
14930,9192.0,28707.0,14929
14931,9192.0,29207.0,14930
14932,9192.0,29652.0,14931
14933,9192.0,29836.0,14932
14934,9192.0,29491.0,14933
14935,9192.0,29521.0,14934
14936,9192.0,29086.0,14935
14937,9192.0,29341.0,14936
14938,9192.0,29603.0,14937
14939,9192.0,29603.0,14938
14940,9192.0,29608.0,14939
14941,9192.0,29768.0,14940
14942,9192.0,29737.0,14941
14943,9192.0,29787.0,14942
14944,9192.0,29839.0,14943
14945,9192.0,29806.0,14944
14946,9192.0,29833.0,14945
14947,9192.0,29963.0,14946
14948,9192.0,30077.0,14947
14949,9192.0,30419.0,14948
14950,9192.0,30425.0,14949
14951,9192.0,30641.0,14950
14952,9192.0,30650.0,14951
14953,9192.0,30400.0,14952
14954,9192.0,30223.0,14953
14955,9192.0,31203.0,14954
14956,9192.0,31464.0,14955
14957,9192.0,30999.0,14956
14958,9192.0,31016.0,14957
14959,9192.0,31353.0,14958
14960,9192.0,30968.0,14959
14961,9192.0,31241.0,14960
14962,9192.0,31374.0,14961
14963,9192.0,31601.0,14962
14964,9192.0,31691.0,14963
14965,9192.0,31459.0,14964
14966,9192.0,31507.0,14965
14967,9192.0,31655.0,14966
14968,9192.0,31834.0,14967
14969,9192.0,31067.0,14968
14970,9192.0,30868.0,14969
14971,9192.0,31177.0,14970
14972,9192.0,30813.0,14971
14973,9192.0,30728.0,14972
14974,9192.0,29977.0,14973
14975,9192.0,29103.0,14974
14976,9192.0,28697.0,14975
14977,9192.0,28691.0,14976
14978,9192.0,28743.0,14977
14979,9192.0,29365.0,14978
14980,9192.0,29365.0,14979
14981,9192.0,29456.0,14980
14982,9192.0,29895.0,14981
14983,9192.0,30239.0,14982
14984,9192.0,30132.0,14983
14985,9192.0,30129.0,14984
14986,9192.0,31134.0,14985
14987,9192.0,31248.0,14986
14988,9192.0,30360.0,14987
14989,9192.0,30209.0,14988
14990,9192.0,29352.0,14989
14991,9192.0,28581.0,14990
14992,9192.0,28841.0,14991
14993,9192.0,28824.0,14992
14994,9192.0,28950.0,14993
14995,9192.0,29901.0,14994
14996,9192.0,29901.0,14995
14997,9192.0,30383.0,14996
14998,9192.0,30818.0,14997
14999,9192.0,30389.0,14998
15000,9192.0,30389.0,14999
15001,9192.0,30953.0,15000
15002,9192.0,30688.0,15001
15003,9192.0,30870.0,15002
15004,9192.0,30713.0,15003
15005,9192.0,30464.0,15004
15006,9192.0,29544.0,15005
15007,9192.0,29181.0,15006
15008,9192.0,29392.0,15007
15009,9192.0,29760.0,15008
15010,9192.0,30028.0,15009
15011,9192.0,28015.0,15010
15012,9192.0,27990.0,15011
15013,9192.0,28240.0,15012
15014,9192.0,29274.0,15013
15015,9192.0,28664.0,15014
15016,9192.0,28142.0,15015
15017,9192.0,27570.0,15016
15018,9192.0,26897.0,15017
15019,9192.0,26999.0,15018
15020,9192.0,27523.0,15019
15021,9192.0,28317.0,15020
15022,9192.0,28394.0,15021
15023,9192.0,28389.0,15022
15024,9192.0,28885.0,15023
15025,9192.0,28885.0,15024
15026,9192.0,28950.0,15025
15027,9192.0,28932.0,15026
15028,9192.0,28490.0,15027
15029,9192.0,29264.0,15028
15030,9192.0,29016.0,15029
15031,9192.0,28641.0,15030
15032,9192.0,28641.0,15031
15033,9192.0,28641.0,15032
15034,9192.0,28320.0,15033
15035,9192.0,28709.0,15034
15036,9192.0,28699.0,15035
15037,9192.0,28381.0,15036
15038,9192.0,28097.0,15037
15039,9192.0,28097.0,15038
15040,9192.0,29850.0,15039
15041,9192.0,29491.0,15040
15042,9192.0,28918.0,15041
15043,9192.0,29116.0,15042
15044,9192.0,29332.0,15043
15045,9192.0,29467.0,15044
15046,9192.0,29203.0,15045
15047,9192.0,29203.0,15046
15048,9192.0,28767.0,15047
15049,9192.0,28675.0,15048
15050,9192.0,28391.0,15049
15051,9192.0,28621.0,15050
15052,9192.0,28981.0,15051
15053,9192.0,28733.0,15052
15054,9192.0,28820.0,15053
15055,9192.0,29371.0,15054
15056,9192.0,29980.0,15055
15057,9192.0,30017.0,15056
15058,9192.0,30065.0,15057
15059,9192.0,30781.0,15058
15060,9192.0,30728.0,15059
15061,9192.0,30440.0,15060
15062,9192.0,29853.0,15061
15063,9192.0,30049.0,15062
15064,9192.0,30052.0,15063
15065,9192.0,30052.0,15064
15066,9192.0,29946.0,15065
15067,9192.0,29620.0,15066
15068,9192.0,29649.0,15067
15069,9192.0,29633.0,15068
15070,9192.0,31201.0,15069
15071,9192.0,30821.0,15070
15072,9192.0,30646.0,15071
15073,9192.0,30813.0,15072
15074,9192.0,31000.0,15073
15075,9192.0,31296.0,15074
15076,9192.0,31248.0,15075
15077,9192.0,30768.0,15076
15078,9192.0,29973.0,15077
15079,9192.0,29998.0,15078
15080,9192.0,30080.0,15079
15081,9192.0,30653.0,15080
15082,9192.0,30587.0,15081
15083,9192.0,31639.0,15082
15084,9192.0,31569.0,15083
15085,9192.0,32289.0,15084
15086,9192.0,30584.0,15085
15087,9192.0,30515.0,15086
15088,9192.0,30886.0,15087
15089,9192.0,30883.0,15088
15090,9192.0,30777.0,15089
15091,9192.0,31175.0,15090
15092,9192.0,30855.0,15091
15093,9192.0,30771.0,15092
15094,9192.0,30658.0,15093
15095,9192.0,31214.0,15094
15096,9192.0,31505.0,15095
15097,9192.0,31359.0,15096
15098,9192.0,31258.0,15097
15099,9192.0,32312.0,15098
15100,9192.0,32265.0,15099
15101,9192.0,32362.0,15100
15102,9192.0,32352.0,15101
15103,9192.0,31816.0,15102
15104,9192.0,31299.0,15103
15105,9192.0,31328.0,15104
15106,9192.0,31284.0,15105
15107,9192.0,31056.0,15106
15108,9192.0,31076.0,15107
15109,9192.0,31316.0,15108
15110,9192.0,31686.0,15109
15111,9192.0,31623.0,15110
15112,9192.0,31282.0,15111
15113,9192.0,31490.0,15112
15114,9192.0,31490.0,15113
15115,9192.0,30797.0,15114
15116,9192.0,30519.0,15115
15117,9192.0,30425.0,15116
15118,9192.0,30130.0,15117
15119,9192.0,29163.0,15118
15120,9192.0,29327.0,15119
15121,9192.0,29586.0,15120
15122,9192.0,29691.0,15121
15123,9192.0,29961.0,15122
15124,9192.0,29653.0,15123
15125,9192.0,29671.0,15124
15126,9192.0,29296.0,15125
15127,9192.0,29376.0,15126
15128,9192.0,29144.0,15127
15129,9192.0,29664.0,15128
15130,9192.0,29545.0,15129
15131,9192.0,29110.0,15130
15132,9192.0,29197.0,15131
15133,9192.0,28916.0,15132
15134,9192.0,28591.0,15133
15135,9192.0,27724.0,15134
15136,9192.0,27647.0,15135
15137,9192.0,27279.0,15136
15138,9192.0,27429.0,15137
15139,9192.0,27572.0,15138
15140,9192.0,27768.0,15139
15141,9192.0,27560.0,15140
15142,9192.0,27695.0,15141
15143,9192.0,28436.0,15142
15144,9192.0,28608.0,15143
15145,9192.0,28271.0,15144
15146,9192.0,28233.0,15145
15147,9192.0,28834.0,15146
15148,9192.0,28834.0,15147
15149,9192.0,28791.0,15148
15150,9192.0,30637.0,15149
15151,9192.0,30093.0,15150
15152,9192.0,30427.0,15151
15153,9192.0,30546.0,15152
15154,9192.0,30339.0,15153
15155,9192.0,30789.0,15154
15156,9192.0,30994.0,15155
15157,9192.0,32509.0,15156
15158,9192.0,32667.0,15157
15159,9192.0,33345.0,15158
15160,9192.0,33345.0,15159
15161,9192.0,33641.0,15160
15162,9192.0,33222.0,15161
15163,9192.0,32177.0,15162
15164,9192.0,32071.0,15163
15165,9192.0,32261.0,15164
15166,9192.0,30568.0,15165
15167,9192.0,30946.0,15166
15168,9192.0,32266.0,15167
15169,9192.0,32062.0,15168
15170,9192.0,31841.0,15169
15171,9192.0,31522.0,15170
15172,9192.0,30753.0,15171
15173,9192.0,31815.0,15172
15174,9192.0,31815.0,15173
15175,9192.0,31739.0,15174
15176,9192.0,31443.0,15175
15177,9192.0,31916.0,15176
15178,9192.0,31883.0,15177
15179,9192.0,31989.0,15178
15180,9192.0,31038.0,15179
15181,9192.0,29744.0,15180
15182,9192.0,29605.0,15181
15183,9192.0,29396.0,15182
15184,9192.0,28235.0,15183
15185,9192.0,28696.0,15184
15186,9192.0,28695.0,15185
15187,9192.0,27991.0,15186
15188,9192.0,28308.0,15187
15189,9192.0,28308.0,15188
15190,9192.0,28433.0,15189
15191,9192.0,28060.0,15190
15192,9192.0,28714.0,15191
15193,9192.0,27717.0,15192
15194,9192.0,26763.0,15193
15195,9192.0,27111.0,15194
15196,9192.0,27724.0,15195
15197,9192.0,27565.0,15196
15198,9192.0,27734.0,15197
15199,9192.0,27711.0,15198
15200,9192.0,28238.0,15199
15201,9192.0,28211.0,15200
15202,9192.0,28211.0,15201
15203,9192.0,28148.0,15202
15204,9192.0,29205.0,15203
15205,9192.0,29107.0,15204
15206,9192.0,29411.0,15205
15207,9192.0,28192.0,15206
15208,9192.0,28192.0,15207
15209,9192.0,28231.0,15208
15210,9192.0,29941.0,15209
15211,9192.0,29834.0,15210
15212,9192.0,29806.0,15211
15213,9192.0,29886.0,15212
15214,9192.0,29561.0,15213
15215,9192.0,29038.0,15214
15216,9192.0,29372.0,15215
15217,9192.0,29389.0,15216
15218,9192.0,29926.0,15217
15219,9192.0,29793.0,15218
15220,9192.0,29876.0,15219
15221,9192.0,29658.0,15220
15222,9192.0,29819.0,15221
15223,9192.0,29819.0,15222
15224,9192.0,30145.0,15223
15225,9192.0,31115.0,15224
15226,9192.0,31126.0,15225
15227,9192.0,30514.0,15226
15228,9192.0,30621.0,15227
15229,9192.0,31486.0,15228
15230,9192.0,31563.0,15229
15231,9192.0,31573.0,15230
15232,9192.0,31559.0,15231
15233,9192.0,31574.0,15232
15234,9192.0,31314.0,15233
15235,9192.0,30004.0,15234
15236,9192.0,29686.0,15235
15237,9192.0,29529.0,15236
15238,9192.0,29390.0,15237
15239,9192.0,29594.0,15238
15240,9192.0,29703.0,15239
15241,9192.0,29617.0,15240
15242,9192.0,29761.0,15241
15243,9192.0,29425.0,15242
15244,9192.0,28350.0,15243
15245,9192.0,28216.0,15244
15246,9192.0,28351.0,15245
15247,9192.0,28772.0,15246
15248,9192.0,29503.0,15247
15249,9192.0,30394.0,15248
15250,9192.0,30470.0,15249
15251,9192.0,31369.0,15250
15252,9192.0,30949.0,15251
15253,9192.0,30723.0,15252
15254,9192.0,30795.0,15253
15255,9192.0,31310.0,15254
15256,9192.0,30839.0,15255
15257,9192.0,30831.0,15256
15258,9192.0,30374.0,15257
15259,9192.0,30004.0,15258
15260,9192.0,29236.0,15259
15261,9192.0,29236.0,15260
15262,9192.0,29249.0,15261
15263,9192.0,29714.0,15262
15264,9192.0,29717.0,15263
15265,9192.0,29461.0,15264
15266,9192.0,29012.0,15265
15267,9192.0,29687.0,15266
15268,9192.0,29705.0,15267
15269,9192.0,29705.0,15268
15270,9192.0,29705.0,15269
15271,9192.0,29672.0,15270
15272,9192.0,30017.0,15271
15273,9192.0,30659.0,15272
15274,9192.0,30904.0,15273
15275,9192.0,30797.0,15274
15276,9192.0,30297.0,15275
15277,9192.0,30436.0,15276
15278,9192.0,30605.0,15277
15279,9192.0,30658.0,15278
15280,9192.0,30060.0,15279
15281,9192.0,29905.0,15280
15282,9192.0,30178.0,15281
15283,9192.0,30333.0,15282
15284,9192.0,30301.0,15283
15285,9192.0,29083.0,15284
15286,9192.0,28880.0,15285
15287,9192.0,29153.0,15286
15288,9192.0,28630.0,15287
15289,9192.0,28634.0,15288
15290,9192.0,28634.0,15289
15291,9192.0,28467.0,15290
15292,9192.0,28745.0,15291
15293,9192.0,28745.0,15292
15294,9192.0,30590.0,15293
15295,9192.0,30591.0,15294
15296,9192.0,30591.0,15295
15297,9192.0,30551.0,15296
15298,9192.0,31202.0,15297
15299,9192.0,30684.0,15298
15300,9192.0,30439.0,15299
15301,9192.0,30306.0,15300
15302,9192.0,30098.0,15301
15303,9192.0,30266.0,15302
15304,9192.0,29661.0,15303
15305,9192.0,30820.0,15304
15306,9192.0,30910.0,15305
15307,9192.0,30910.0,15306
15308,9192.0,30740.0,15307
15309,9192.0,30224.0,15308
15310,9192.0,30016.0,15309
15311,9192.0,30006.0,15310
15312,9192.0,29530.0,15311
15313,9192.0,29480.0,15312
15314,9192.0,29113.0,15313
15315,9192.0,29386.0,15314
15316,9192.0,29575.0,15315
15317,9192.0,29766.0,15316
15318,9192.0,30008.0,15317
15319,9192.0,29736.0,15318
15320,9192.0,29753.0,15319
15321,9192.0,29785.0,15320
15322,9192.0,29415.0,15321
15323,9192.0,29576.0,15322
15324,9192.0,28503.0,15323
15325,9192.0,28179.0,15324
15326,9192.0,29148.0,15325
15327,9192.0,29270.0,15326
15328,9192.0,29299.0,15327
15329,9192.0,29211.0,15328
15330,9192.0,28089.0,15329
15331,9192.0,27518.0,15330
15332,9192.0,27710.0,15331
15333,9192.0,28699.0,15332
15334,9192.0,28699.0,15333
15335,9192.0,27576.0,15334
15336,9192.0,28527.0,15335
15337,9192.0,27897.0,15336
15338,9192.0,27935.0,15337
15339,9192.0,27391.0,15338
15340,9192.0,27590.0,15339
15341,9192.0,27595.0,15340
15342,9192.0,28401.0,15341
15343,9192.0,29634.0,15342
15344,9192.0,29474.0,15343
15345,9192.0,29577.0,15344
15346,9192.0,30250.0,15345
15347,9192.0,30250.0,15346
15348,9192.0,29971.0,15347
15349,9192.0,29670.0,15348
15350,9192.0,29510.0,15349
15351,9192.0,29562.0,15350
15352,9192.0,29556.0,15351
15353,9192.0,29085.0,15352
15354,9192.0,28760.0,15353
15355,9192.0,29483.0,15354
15356,9192.0,29747.0,15355
15357,9192.0,30046.0,15356
15358,9192.0,29527.0,15357
15359,9192.0,29487.0,15358
15360,9192.0,29487.0,15359
15361,9192.0,28911.0,15360
15362,9192.0,29106.0,15361
15363,9192.0,28993.0,15362
15364,9192.0,28955.0,15363
15365,9192.0,28997.0,15364
15366,9192.0,28997.0,15365
15367,9192.0,27318.0,15366
15368,9192.0,27935.0,15367
15369,9192.0,28025.0,15368
15370,9192.0,28298.0,15369
15371,9192.0,28744.0,15370
15372,9192.0,28476.0,15371
15373,9192.0,27770.0,15372
15374,9192.0,27806.0,15373
15375,9192.0,27894.0,15374
15376,9192.0,28401.0,15375
15377,9192.0,28281.0,15376
15378,9192.0,28179.0,15377
15379,9192.0,29323.0,15378
15380,9192.0,28294.0,15379
15381,9192.0,28070.0,15380
15382,9192.0,28115.0,15381
15383,9192.0,28115.0,15382
15384,9192.0,28115.0,15383
15385,9192.0,28100.0,15384
15386,9192.0,28255.0,15385
15387,9192.0,28263.0,15386
15388,9192.0,28263.0,15387
15389,9192.0,28282.0,15388
15390,9192.0,28143.0,15389
15391,9192.0,27095.0,15390
15392,9192.0,28892.0,15391
15393,9192.0,28892.0,15392
15394,9192.0,28667.0,15393
15395,9192.0,28896.0,15394
15396,9192.0,28351.0,15395
15397,9192.0,27834.0,15396
15398,9192.0,26197.0,15397
15399,9192.0,26822.0,15398
15400,9192.0,26675.0,15399
15401,9192.0,27218.0,15400
15402,9192.0,26931.0,15401
15403,9192.0,27291.0,15402
15404,9192.0,27008.0,15403
15405,9192.0,27200.0,15404
15406,9192.0,27457.0,15405
15407,9192.0,27032.0,15406
15408,9192.0,27587.0,15407
15409,9192.0,27959.0,15408
15410,9192.0,28221.0,15409
15411,9192.0,28104.0,15410
15412,9192.0,28338.0,15411
15413,9192.0,28507.0,15412
15414,9192.0,29680.0,15413
15415,9192.0,29680.0,15414
15416,9192.0,29344.0,15415
15417,9192.0,28381.0,15416
15418,9192.0,29205.0,15417
15419,9192.0,28113.0,15418
15420,9192.0,28257.0,15419
15421,9192.0,28387.0,15420
15422,9192.0,29203.0,15421
15423,9192.0,29203.0,15422
15424,9192.0,29627.0,15423
15425,9192.0,29708.0,15424
15426,9192.0,29961.0,15425
15427,9192.0,29497.0,15426
15428,9192.0,29286.0,15427
15429,9192.0,29123.0,15428
15430,9192.0,29709.0,15429
15431,9192.0,28116.0,15430
15432,9192.0,28043.0,15431
15433,9192.0,28171.0,15432
15434,9192.0,28349.0,15433
15435,9192.0,27862.0,15434
15436,9192.0,27948.0,15435
15437,9192.0,27669.0,15436
15438,9192.0,28376.0,15437
15439,9192.0,27727.0,15438
15440,9192.0,28250.0,15439
15441,9192.0,28384.0,15440
15442,9192.0,28367.0,15441
15443,9192.0,28750.0,15442
15444,9192.0,29024.0,15443
15445,9192.0,29024.0,15444
15446,9192.0,29025.0,15445
15447,9192.0,28785.0,15446
15448,9192.0,28658.0,15447
15449,9192.0,28876.0,15448
15450,9192.0,28690.0,15449
15451,9192.0,28506.0,15450
15452,9192.0,28032.0,15451
15453,9192.0,27405.0,15452
15454,9192.0,27480.0,15453
15455,9192.0,27020.0,15454
15456,9192.0,27148.0,15455
15457,9192.0,27742.0,15456
15458,9192.0,27229.0,15457
15459,9192.0,27527.0,15458
15460,9192.0,26125.0,15459
15461,9192.0,26065.0,15460
15462,9192.0,25955.0,15461
15463,9192.0,25941.0,15462
15464,9192.0,26452.0,15463
15465,9192.0,26746.0,15464
15466,9192.0,26741.0,15465
15467,9192.0,28743.0,15466
15468,9192.0,29512.0,15467
15469,9192.0,29560.0,15468
15470,9192.0,29577.0,15469
15471,9192.0,29469.0,15470
15472,9192.0,29469.0,15471
15473,9192.0,29469.0,15472
15474,9192.0,29392.0,15473
15475,9192.0,28695.0,15474
15476,9192.0,27432.0,15475
15477,9192.0,27132.0,15476
15478,9192.0,27277.0,15477
15479,9192.0,26614.0,15478
15480,9192.0,26614.0,15479
15481,9192.0,26929.0,15480
15482,9192.0,26929.0,15481
15483,9192.0,26881.0,15482
15484,9192.0,27172.0,15483
15485,9192.0,27227.0,15484
15486,9192.0,27205.0,15485
15487,9192.0,27856.0,15486
15488,9192.0,28148.0,15487
15489,9192.0,27623.0,15488
15490,9192.0,27980.0,15489
15491,9192.0,27945.0,15490
15492,9192.0,27921.0,15491
15493,9192.0,27970.0,15492
15494,9192.0,28405.0,15493
15495,9192.0,28750.0,15494
15496,9192.0,28762.0,15495
15497,9192.0,28686.0,15496
15498,9192.0,28574.0,15497
15499,9192.0,28580.0,15498
15500,9192.0,28657.0,15499
15501,9192.0,28411.0,15500
15502,9192.0,28767.0,15501
15503,9192.0,28771.0,15502
15504,9192.0,28306.0,15503
15505,9192.0,28228.0,15504
15506,9192.0,28352.0,15505
15507,9192.0,27833.0,15506
15508,9192.0,28074.0,15507
15509,9192.0,28101.0,15508
15510,9192.0,27498.0,15509
15511,9192.0,27670.0,15510
15512,9192.0,27692.0,15511
15513,9192.0,27499.0,15512
15514,9192.0,27900.0,15513
15515,9192.0,27684.0,15514
15516,9192.0,27334.0,15515
15517,9192.0,27334.0,15516
15518,9192.0,27315.0,15517
15519,9192.0,27526.0,15518
15520,9192.0,27643.0,15519
15521,9192.0,28197.0,15520
15522,9192.0,28197.0,15521
15523,9192.0,28389.0,15522
15524,9192.0,28496.0,15523
15525,9192.0,27971.0,15524
15526,9192.0,28016.0,15525
15527,9192.0,27183.0,15526
15528,9192.0,27096.0,15527
15529,9192.0,26841.0,15528
15530,9192.0,27008.0,15529
15531,9192.0,27251.0,15530
15532,9192.0,27299.0,15531
15533,9192.0,27294.0,15532
15534,9192.0,27127.0,15533
15535,9192.0,27127.0,15534
15536,9192.0,28036.0,15535
15537,9192.0,28053.0,15536
15538,9192.0,28032.0,15537
15539,9192.0,27954.0,15538
15540,9192.0,27495.0,15539
15541,9192.0,27738.0,15540
15542,9192.0,27951.0,15541
15543,9192.0,28441.0,15542
15544,9192.0,28470.0,15543
15545,9192.0,27726.0,15544
15546,9192.0,27935.0,15545
15547,9192.0,27968.0,15546
15548,9192.0,27312.0,15547
15549,9192.0,27317.0,15548
15550,9192.0,28068.0,15549
15551,9192.0,28604.0,15550
15552,9192.0,27263.0,15551
15553,9192.0,27274.0,15552
15554,9192.0,27698.0,15553
15555,9192.0,27682.0,15554
15556,9192.0,27516.0,15555
15557,9192.0,27879.0,15556
15558,9192.0,27855.0,15557
15559,9192.0,27415.0,15558
15560,9192.0,27956.0,15559
15561,9192.0,27894.0,15560
15562,9192.0,28184.0,15561
15563,9192.0,28200.0,15562
15564,9192.0,28200.0,15563
15565,9192.0,29012.0,15564
15566,9192.0,29843.0,15565
15567,9192.0,30179.0,15566
15568,9192.0,29050.0,15567
15569,9192.0,29050.0,15568
15570,9192.0,28429.0,15569
15571,9192.0,27750.0,15570
15572,9192.0,27516.0,15571
15573,9192.0,28135.0,15572
15574,9192.0,28236.0,15573
15575,9192.0,29170.0,15574
15576,9192.0,28273.0,15575
15577,9192.0,29443.0,15576
15578,9192.0,29517.0,15577
15579,9192.0,29241.0,15578
15580,9192.0,29217.0,15579
15581,9192.0,29063.0,15580
15582,9192.0,29020.0,15581
15583,9192.0,29007.0,15582
15584,9192.0,29006.0,15583
15585,9192.0,29006.0,15584
15586,9192.0,28738.0,15585
15587,9192.0,28613.0,15586
15588,9192.0,28590.0,15587
15589,9192.0,28674.0,15588
15590,9192.0,28674.0,15589
15591,9192.0,28323.0,15590
15592,9192.0,28106.0,15591
15593,9192.0,27857.0,15592
15594,9192.0,28407.0,15593
15595,9192.0,28608.0,15594
15596,9192.0,28202.0,15595
15597,9192.0,28203.0,15596
15598,9192.0,27935.0,15597
15599,9192.0,27898.0,15598
15600,9192.0,27898.0,15599
15601,9192.0,28658.0,15600
15602,9192.0,27973.0,15601
15603,9192.0,28986.0,15602
15604,9192.0,28633.0,15603
15605,9192.0,28746.0,15604
15606,9192.0,28737.0,15605
15607,9192.0,28726.0,15606
15608,9192.0,29411.0,15607
15609,9192.0,29931.0,15608
15610,9192.0,29754.0,15609
15611,9192.0,29813.0,15610
15612,9192.0,30254.0,15611
15613,9192.0,30829.0,15612
15614,9192.0,31039.0,15613
15615,9192.0,30765.0,15614
15616,9192.0,30605.0,15615
15617,9192.0,31020.0,15616
15618,9192.0,30766.0,15617
15619,9192.0,30963.0,15618
15620,9192.0,30947.0,15619
15621,9192.0,30895.0,15620
15622,9192.0,30569.0,15621
15623,9192.0,29974.0,15622
15624,9192.0,29977.0,15623
15625,9192.0,30254.0,15624
15626,9192.0,30563.0,15625
15627,9192.0,30266.0,15626
15628,9192.0,30436.0,15627
15629,9192.0,30364.0,15628
15630,9192.0,30088.0,15629
15631,9192.0,29653.0,15630
15632,9192.0,29336.0,15631
15633,9192.0,29322.0,15632
15634,9192.0,29794.0,15633
15635,9192.0,30120.0,15634
15636,9192.0,30286.0,15635
15637,9192.0,30443.0,15636
15638,9192.0,29824.0,15637
15639,9192.0,29709.0,15638
15640,9192.0,29714.0,15639
15641,9192.0,30187.0,15640
15642,9192.0,29820.0,15641
15643,9192.0,29758.0,15642
15644,9192.0,29185.0,15643
15645,9192.0,28939.0,15644
15646,9192.0,28939.0,15645
15647,9192.0,28945.0,15646
15648,9192.0,29123.0,15647
15649,9192.0,28327.0,15648
15650,9192.0,29149.0,15649
15651,9192.0,28719.0,15650
15652,9192.0,28712.0,15651
15653,9192.0,29256.0,15652
15654,9192.0,28938.0,15653
15655,9192.0,28948.0,15654
15656,9192.0,28839.0,15655
15657,9192.0,28200.0,15656
15658,9192.0,28178.0,15657
15659,9192.0,27550.0,15658
15660,9192.0,27830.0,15659
15661,9192.0,28923.0,15660
15662,9192.0,28918.0,15661
15663,9192.0,28249.0,15662
15664,9192.0,28322.0,15663
15665,9192.0,28026.0,15664
15666,9192.0,27524.0,15665
15667,9192.0,27578.0,15666
15668,9192.0,27609.0,15667
15669,9192.0,28272.0,15668
15670,9192.0,28641.0,15669
15671,9192.0,29253.0,15670
15672,9192.0,29256.0,15671
15673,9192.0,29182.0,15672
15674,9192.0,28073.0,15673
15675,9192.0,27789.0,15674
15676,9192.0,28321.0,15675
15677,9192.0,29019.0,15676
15678,9192.0,29019.0,15677
15679,9192.0,28757.0,15678
15680,9192.0,28817.0,15679
15681,9192.0,28436.0,15680
15682,9192.0,30004.0,15681
15683,9192.0,30004.0,15682
15684,9192.0,30100.0,15683
15685,9192.0,30203.0,15684
15686,9192.0,30294.0,15685
15687,9192.0,30093.0,15686
15688,9192.0,30429.0,15687
15689,9192.0,30404.0,15688
15690,9192.0,30248.0,15689
15691,9192.0,30383.0,15690
15692,9192.0,30729.0,15691
15693,9192.0,30940.0,15692
15694,9192.0,30903.0,15693
15695,9192.0,32493.0,15694
15696,9192.0,32521.0,15695
15697,9192.0,32521.0,15696
15698,9192.0,30531.0,15697
15699,9192.0,30350.0,15698
15700,9192.0,30230.0,15699
15701,9192.0,30035.0,15700
15702,9192.0,29857.0,15701
15703,9192.0,29857.0,15702
15704,9192.0,29621.0,15703
15705,9192.0,29621.0,15704
15706,9192.0,29581.0,15705
15707,9192.0,28533.0,15706
15708,9192.0,28576.0,15707
15709,9192.0,28479.0,15708
15710,9192.0,28206.0,15709
15711,9192.0,27737.0,15710
15712,9192.0,27450.0,15711
15713,9192.0,26045.0,15712
15714,9192.0,26051.0,15713
15715,9192.0,25564.0,15714
15716,9192.0,23621.0,15715
15717,9192.0,23621.0,15716
15718,9192.0,23621.0,15717
15719,9192.0,23420.0,15718
15720,9192.0,23420.0,15719
15721,9192.0,23162.0,15720
15722,9192.0,24084.0,15721
15723,9192.0,24084.0,15722
15724,9192.0,24084.0,15723
15725,9192.0,23916.0,15724
15726,9192.0,23621.0,15725
15727,9192.0,24073.0,15726
15728,9192.0,24320.0,15727
15729,9192.0,24703.0,15728
15730,9192.0,24939.0,15729
15731,9192.0,24729.0,15730
15732,9192.0,24270.0,15731
15733,9192.0,24687.0,15732
15734,9192.0,24996.0,15733
15735,9192.0,25123.0,15734
15736,9192.0,25134.0,15735
15737,9192.0,26347.0,15736
15738,9192.0,26347.0,15737
15739,9192.0,27035.0,15738
15740,9192.0,27034.0,15739
15741,9192.0,27034.0,15740
15742,9192.0,26935.0,15741
15743,9192.0,27749.0,15742
15744,9192.0,28089.0,15743
15745,9192.0,28329.0,15744
15746,9192.0,28291.0,15745
15747,9192.0,28016.0,15746
15748,9192.0,28234.0,15747
15749,9192.0,28272.0,15748
15750,9192.0,28062.0,15749
15751,9192.0,27627.0,15750
15752,9192.0,27534.0,15751
15753,9192.0,27534.0,15752
15754,9192.0,27519.0,15753
15755,9192.0,26456.0,15754
15756,9192.0,27025.0,15755
15757,9192.0,26559.0,15756
15758,9192.0,26951.0,15757
15759,9192.0,26386.0,15758
15760,9192.0,26393.0,15759
15761,9192.0,26748.0,15760
15762,9192.0,26759.0,15761
15763,9192.0,26782.0,15762
15764,9192.0,26782.0,15763
15765,9192.0,26210.0,15764
15766,9192.0,26083.0,15765
15767,9192.0,25777.0,15766
15768,9192.0,26205.0,15767
15769,9192.0,25896.0,15768
15770,9192.0,26171.0,15769
15771,9192.0,26347.0,15770
15772,9192.0,26051.0,15771
15773,9192.0,25843.0,15772
15774,9192.0,26085.0,15773
15775,9192.0,26394.0,15774
15776,9192.0,26394.0,15775
15777,9192.0,26509.0,15776
15778,9192.0,26342.0,15777
15779,9192.0,26253.0,15778
15780,9192.0,26253.0,15779
15781,9192.0,26253.0,15780
15782,9192.0,26339.0,15781
15783,9192.0,26260.0,15782
15784,9192.0,26190.0,15783
15785,9192.0,25368.0,15784
15786,9192.0,27454.0,15785
15787,9192.0,27659.0,15786
15788,9192.0,27737.0,15787
15789,9192.0,26897.0,15788
15790,9192.0,26925.0,15789
15791,9192.0,27771.0,15790
15792,9192.0,27758.0,15791
15793,9192.0,26276.0,15792
15794,9192.0,26427.0,15793
15795,9192.0,26771.0,15794
15796,9192.0,26782.0,15795
15797,9192.0,26760.0,15796
15798,9192.0,25775.0,15797
15799,9192.0,25780.0,15798
15800,9192.0,25823.0,15799
15801,9192.0,25506.0,15800
15802,9192.0,25568.0,15801
15803,9192.0,25568.0,15802
15804,9192.0,25618.0,15803
15805,9192.0,24950.0,15804
15806,9192.0,24950.0,15805
15807,9192.0,24950.0,15806
15808,9192.0,25635.0,15807
15809,9192.0,26157.0,15808
15810,9192.0,26060.0,15809
15811,9192.0,26112.0,15810
15812,9192.0,26620.0,15811
15813,9192.0,26710.0,15812
15814,9192.0,26467.0,15813
15815,9192.0,26571.0,15814
15816,9192.0,26564.0,15815
15817,9192.0,27288.0,15816
15818,9192.0,26916.0,15817
15819,9192.0,26916.0,15818
15820,9192.0,27946.0,15819
15821,9192.0,27981.0,15820
15822,9192.0,28030.0,15821
15823,9192.0,28030.0,15822
15824,9192.0,27653.0,15823
15825,9192.0,27527.0,15824
15826,9192.0,28219.0,15825
15827,9192.0,28219.0,15826
15828,9192.0,28541.0,15827
15829,9192.0,28380.0,15828
15830,9192.0,28262.0,15829
15831,9192.0,29440.0,15830
15832,9192.0,29131.0,15831
15833,9192.0,29128.0,15832
15834,9192.0,28930.0,15833
15835,9192.0,28921.0,15834
15836,9192.0,28411.0,15835
15837,9192.0,28275.0,15836
15838,9192.0,28137.0,15837
15839,9192.0,27677.0,15838
15840,9192.0,27686.0,15839
15841,9192.0,27811.0,15840
15842,9192.0,27797.0,15841
15843,9192.0,27560.0,15842
15844,9192.0,27545.0,15843
15845,9192.0,27550.0,15844
15846,9192.0,27477.0,15845
15847,9192.0,27709.0,15846
15848,9192.0,27442.0,15847
15849,9192.0,26864.0,15848
15850,9192.0,26809.0,15849
15851,9192.0,26909.0,15850
15852,9192.0,27229.0,15851
15853,9192.0,27183.0,15852
15854,9192.0,27231.0,15853
15855,9192.0,27236.0,15854
15856,9192.0,27473.0,15855
15857,9192.0,27519.0,15856
15858,9192.0,27490.0,15857
15859,9192.0,27490.0,15858
15860,9192.0,28198.0,15859
15861,9192.0,28173.0,15860
15862,9192.0,28783.0,15861
15863,9192.0,28806.0,15862
15864,9192.0,27766.0,15863
15865,9192.0,27722.0,15864
15866,9192.0,27825.0,15865
15867,9192.0,28488.0,15866
15868,9192.0,28576.0,15867
15869,9192.0,29112.0,15868
15870,9192.0,29627.0,15869
15871,9192.0,29582.0,15870
15872,9192.0,29737.0,15871
15873,9192.0,29738.0,15872
15874,9192.0,30109.0,15873
15875,9192.0,29982.0,15874
15876,9192.0,30015.0,15875
15877,9192.0,30313.0,15876
15878,9192.0,30404.0,15877
15879,9192.0,30379.0,15878
15880,9192.0,31398.0,15879
15881,9192.0,31379.0,15880
15882,9192.0,31408.0,15881
15883,9192.0,31451.0,15882
15884,9192.0,30995.0,15883
15885,9192.0,31083.0,15884
15886,9192.0,31235.0,15885
15887,9192.0,30435.0,15886
15888,9192.0,30436.0,15887
15889,9192.0,30696.0,15888
15890,9192.0,31472.0,15889
15891,9192.0,31747.0,15890
15892,9192.0,31661.0,15891
15893,9192.0,31134.0,15892
15894,9192.0,31059.0,15893
15895,9192.0,30920.0,15894
15896,9192.0,31004.0,15895
15897,9192.0,31054.0,15896
15898,9192.0,31184.0,15897
15899,9192.0,30992.0,15898
15900,9192.0,30730.0,15899
15901,9192.0,30562.0,15900
15902,9192.0,30461.0,15901
15903,9192.0,30461.0,15902
15904,9192.0,30485.0,15903
15905,9192.0,29292.0,15904
15906,9192.0,28959.0,15905
15907,9192.0,28649.0,15906
15908,9192.0,28650.0,15907
15909,9192.0,28574.0,15908
15910,9192.0,28596.0,15909
15911,9192.0,28596.0,15910
15912,9192.0,28445.0,15911
15913,9192.0,28712.0,15912
15914,9192.0,28826.0,15913
15915,9192.0,29671.0,15914
15916,9192.0,30016.0,15915
15917,9192.0,30109.0,15916
15918,9192.0,29311.0,15917
15919,9192.0,29208.0,15918
15920,9192.0,29303.0,15919
15921,9192.0,28769.0,15920
15922,9192.0,28653.0,15921
15923,9192.0,26852.0,15922
15924,9192.0,26917.0,15923
15925,9192.0,26623.0,15924
15926,9192.0,26623.0,15925
15927,9192.0,26825.0,15926
15928,9192.0,26392.0,15927
15929,9192.0,26632.0,15928
15930,9192.0,26418.0,15929
15931,9192.0,26481.0,15930
15932,9192.0,26481.0,15931
15933,9192.0,26040.0,15932
15934,9192.0,26659.0,15933
15935,9192.0,27274.0,15934
15936,9192.0,27660.0,15935
15937,9192.0,27923.0,15936
15938,9192.0,27673.0,15937
15939,9192.0,27591.0,15938
15940,9192.0,28629.0,15939
15941,9192.0,28633.0,15940
15942,9192.0,27890.0,15941
15943,9192.0,27890.0,15942
15944,9192.0,27827.0,15943
15945,9192.0,27484.0,15944
15946,9192.0,27411.0,15945
15947,9192.0,27852.0,15946
15948,9192.0,28203.0,15947
15949,9192.0,27658.0,15948
15950,9192.0,27506.0,15949
15951,9192.0,27502.0,15950
15952,9192.0,27591.0,15951
15953,9192.0,27625.0,15952
15954,9192.0,27190.0,15953
15955,9192.0,27150.0,15954
15956,9192.0,27404.0,15955
15957,9192.0,27413.0,15956
15958,9192.0,27817.0,15957
15959,9192.0,27946.0,15958
15960,9192.0,27952.0,15959
15961,9192.0,28313.0,15960
15962,9192.0,28029.0,15961
15963,9192.0,28002.0,15962
15964,9192.0,27681.0,15963
15965,9192.0,27789.0,15964
15966,9192.0,27716.0,15965
15967,9192.0,27634.0,15966
15968,9192.0,28007.0,15967
15969,9192.0,28102.0,15968
15970,9192.0,28249.0,15969
15971,9192.0,28359.0,15970
15972,9192.0,28385.0,15971
15973,9192.0,29224.0,15972
15974,9192.0,29260.0,15973
15975,9192.0,29258.0,15974
15976,9192.0,29348.0,15975
15977,9192.0,29523.0,15976
15978,9192.0,29918.0,15977
15979,9192.0,29705.0,15978
15980,9192.0,29297.0,15979
15981,9192.0,30422.0,15980
15982,9192.0,30624.0,15981
15983,9192.0,30636.0,15982
15984,9192.0,30905.0,15983
15985,9192.0,30578.0,15984
15986,9192.0,30628.0,15985
15987,9192.0,30898.0,15986
15988,9192.0,30720.0,15987
15989,9192.0,30422.0,15988
15990,9192.0,30960.0,15989
15991,9192.0,30998.0,15990
15992,9192.0,30591.0,15991
15993,9192.0,30221.0,15992
15994,9192.0,30253.0,15993
15995,9192.0,30386.0,15994
15996,9192.0,30243.0,15995
15997,9192.0,30554.0,15996
15998,9192.0,30620.0,15997
15999,9192.0,30589.0,15998
16000,9192.0,30590.0,15999
16001,9192.0,30687.0,16000
16002,9192.0,30523.0,16001
16003,9192.0,30852.0,16002
16004,9192.0,30876.0,16003
16005,9192.0,30400.0,16004
16006,9192.0,30135.0,16005
16007,9192.0,30173.0,16006
16008,9192.0,30187.0,16007
16009,9192.0,30092.0,16008
16010,9192.0,30404.0,16009
16011,9192.0,29612.0,16010
16012,9192.0,29612.0,16011
16013,9192.0,29612.0,16012
16014,9192.0,29374.0,16013
16015,9192.0,29343.0,16014
16016,9192.0,28620.0,16015
16017,9192.0,28514.0,16016
16018,9192.0,27925.0,16017
16019,9192.0,27590.0,16018
16020,9192.0,27809.0,16019
16021,9192.0,27464.0,16020
16022,9192.0,27483.0,16021
16023,9192.0,27726.0,16022
16024,9192.0,27923.0,16023
16025,9192.0,29749.0,16024
16026,9192.0,29545.0,16025
16027,9192.0,29545.0,16026
16028,9192.0,29732.0,16027
16029,9192.0,29251.0,16028
16030,9192.0,29251.0,16029
16031,9192.0,29380.0,16030
16032,9192.0,29029.0,16031
16033,9192.0,29035.0,16032
16034,9192.0,29035.0,16033
16035,9192.0,29278.0,16034
16036,9192.0,29065.0,16035
16037,9192.0,29206.0,16036
16038,9192.0,29226.0,16037
16039,9192.0,29226.0,16038
16040,9192.0,29720.0,16039
16041,9192.0,29720.0,16040
16042,9192.0,29880.0,16041
16043,9192.0,29890.0,16042
16044,9192.0,29691.0,16043
16045,9192.0,29758.0,16044
16046,9192.0,29631.0,16045
16047,9192.0,29548.0,16046
16048,9192.0,29805.0,16047
16049,9192.0,30009.0,16048
16050,9192.0,30078.0,16049
16051,9192.0,29846.0,16050
16052,9192.0,28646.0,16051
16053,9192.0,28578.0,16052
16054,9192.0,27634.0,16053
16055,9192.0,29003.0,16054
16056,9192.0,28719.0,16055
16057,9192.0,28775.0,16056
16058,9192.0,27066.0,16057
16059,9192.0,27066.0,16058
16060,9192.0,26413.0,16059
16061,9192.0,26602.0,16060
16062,9192.0,26602.0,16061
16063,9192.0,26324.0,16062
16064,9192.0,26325.0,16063
16065,9192.0,26368.0,16064
16066,9192.0,25755.0,16065
16067,9192.0,25755.0,16066
16068,9192.0,26595.0,16067
16069,9192.0,26595.0,16068
16070,9192.0,26758.0,16069
16071,9192.0,26592.0,16070
16072,9192.0,27155.0,16071
16073,9192.0,27260.0,16072
16074,9192.0,27012.0,16073
16075,9192.0,27168.0,16074
16076,9192.0,27904.0,16075
16077,9192.0,28011.0,16076
16078,9192.0,28484.0,16077
16079,9192.0,28237.0,16078
16080,9192.0,29047.0,16079
16081,9192.0,29283.0,16080
16082,9192.0,29291.0,16081
16083,9192.0,29279.0,16082
16084,9192.0,29485.0,16083
16085,9192.0,29444.0,16084
16086,9192.0,29822.0,16085
16087,9192.0,30172.0,16086
16088,9192.0,30228.0,16087
16089,9192.0,30345.0,16088
16090,9192.0,30345.0,16089
16091,9192.0,29537.0,16090
16092,9192.0,29249.0,16091
16093,9192.0,30001.0,16092
16094,9192.0,29983.0,16093
16095,9192.0,29314.0,16094
16096,9192.0,29523.0,16095
16097,9192.0,29126.0,16096
16098,9192.0,29466.0,16097
16099,9192.0,28860.0,16098
16100,9192.0,28904.0,16099
16101,9192.0,28916.0,16100
16102,9192.0,29380.0,16101
16103,9192.0,29951.0,16102
16104,9192.0,29811.0,16103
16105,9192.0,29775.0,16104
16106,9192.0,29816.0,16105
16107,9192.0,29828.0,16106
16108,9192.0,29076.0,16107
16109,9192.0,29482.0,16108
16110,9192.0,28739.0,16109
16111,9192.0,29414.0,16110
16112,9192.0,29418.0,16111
16113,9192.0,29186.0,16112
16114,9192.0,29186.0,16113
16115,9192.0,29118.0,16114
16116,9192.0,29558.0,16115
16117,9192.0,30056.0,16116
16118,9192.0,29342.0,16117
16119,9192.0,29044.0,16118
16120,9192.0,28979.0,16119
16121,9192.0,28953.0,16120
16122,9192.0,28272.0,16121
16123,9192.0,27131.0,16122
16124,9192.0,26758.0,16123
16125,9192.0,26823.0,16124
16126,9192.0,26341.0,16125
16127,9192.0,26270.0,16126
16128,9192.0,26529.0,16127
16129,9192.0,26177.0,16128
16130,9192.0,25749.0,16129
16131,9192.0,26170.0,16130
16132,9192.0,26816.0,16131
16133,9192.0,26498.0,16132
16134,9192.0,27216.0,16133
16135,9192.0,27316.0,16134
16136,9192.0,27176.0,16135
16137,9192.0,26799.0,16136
16138,9192.0,26887.0,16137
16139,9192.0,27440.0,16138
16140,9192.0,28092.0,16139
16141,9192.0,28237.0,16140
16142,9192.0,28237.0,16141
16143,9192.0,28197.0,16142
16144,9192.0,27292.0,16143
16145,9192.0,27075.0,16144
16146,9192.0,28469.0,16145
16147,9192.0,28376.0,16146
16148,9192.0,28376.0,16147
16149,9192.0,28331.0,16148
16150,9192.0,28526.0,16149
16151,9192.0,28896.0,16150
16152,9192.0,29824.0,16151
16153,9192.0,29993.0,16152
16154,9192.0,30227.0,16153
16155,9192.0,30030.0,16154
16156,9192.0,30229.0,16155
16157,9192.0,30117.0,16156
16158,9192.0,30194.0,16157
16159,9192.0,30194.0,16158
16160,9192.0,30052.0,16159
16161,9192.0,30052.0,16160
16162,9192.0,30033.0,16161
16163,9192.0,30477.0,16162
16164,9192.0,30400.0,16163
16165,9192.0,30770.0,16164
16166,9192.0,30948.0,16165
16167,9192.0,31059.0,16166
16168,9192.0,31086.0,16167
16169,9192.0,30157.0,16168
16170,9192.0,30354.0,16169
16171,9192.0,30438.0,16170
16172,9192.0,30669.0,16171
16173,9192.0,30759.0,16172
16174,9192.0,30683.0,16173
16175,9192.0,30822.0,16174
16176,9192.0,30541.0,16175
16177,9192.0,30690.0,16176
16178,9192.0,30713.0,16177
16179,9192.0,30484.0,16178
16180,9192.0,30353.0,16179
16181,9192.0,30218.0,16180
16182,9192.0,30218.0,16181
16183,9192.0,30158.0,16182
16184,9192.0,30199.0,16183
16185,9192.0,30141.0,16184
16186,9192.0,29894.0,16185
16187,9192.0,29799.0,16186
16188,9192.0,29681.0,16187
16189,9192.0,29317.0,16188
16190,9192.0,29369.0,16189
16191,9192.0,29506.0,16190
16192,9192.0,29637.0,16191
16193,9192.0,30072.0,16192
16194,9192.0,30072.0,16193
16195,9192.0,29993.0,16194
16196,9192.0,29943.0,16195
16197,9192.0,29799.0,16196
16198,9192.0,28284.0,16197
16199,9192.0,28284.0,16198
16200,9192.0,27933.0,16199
16201,9192.0,27725.0,16200
16202,9192.0,27720.0,16201
16203,9192.0,27822.0,16202
16204,9192.0,26841.0,16203
16205,9192.0,27036.0,16204
16206,9192.0,26970.0,16205
16207,9192.0,27266.0,16206
16208,9192.0,27150.0,16207
16209,9192.0,27196.0,16208
16210,9192.0,27196.0,16209
16211,9192.0,27039.0,16210
16212,9192.0,27122.0,16211
16213,9192.0,27481.0,16212
16214,9192.0,27825.0,16213
16215,9192.0,28048.0,16214
16216,9192.0,27849.0,16215
16217,9192.0,28004.0,16216
16218,9192.0,27206.0,16217
16219,9192.0,27531.0,16218
16220,9192.0,27531.0,16219
16221,9192.0,27512.0,16220
16222,9192.0,28171.0,16221
16223,9192.0,27778.0,16222
16224,9192.0,27753.0,16223
16225,9192.0,27461.0,16224
16226,9192.0,28177.0,16225
16227,9192.0,28716.0,16226
16228,9192.0,28895.0,16227
16229,9192.0,28709.0,16228
16230,9192.0,28966.0,16229
16231,9192.0,29048.0,16230
16232,9192.0,28792.0,16231
16233,9192.0,28007.0,16232
16234,9192.0,28007.0,16233
16235,9192.0,28718.0,16234
16236,9192.0,29751.0,16235
16237,9192.0,28584.0,16236
16238,9192.0,28584.0,16237
16239,9192.0,29372.0,16238
16240,9192.0,29436.0,16239
16241,9192.0,29425.0,16240
16242,9192.0,29425.0,16241
16243,9192.0,29510.0,16242
16244,9192.0,29509.0,16243
16245,9192.0,30114.0,16244
16246,9192.0,30278.0,16245
16247,9192.0,29678.0,16246
16248,9192.0,29708.0,16247
16249,9192.0,30053.0,16248
16250,9192.0,30155.0,16249
16251,9192.0,30098.0,16250
16252,9192.0,29571.0,16251
16253,9192.0,29542.0,16252
16254,9192.0,29380.0,16253
16255,9192.0,29400.0,16254
16256,9192.0,29463.0,16255
16257,9192.0,28849.0,16256
16258,9192.0,28842.0,16257
16259,9192.0,30649.0,16258
16260,9192.0,30651.0,16259
16261,9192.0,30559.0,16260
16262,9192.0,30223.0,16261
16263,9192.0,29119.0,16262
16264,9192.0,29028.0,16263
16265,9192.0,29751.0,16264
16266,9192.0,29927.0,16265
16267,9192.0,30084.0,16266
16268,9192.0,29870.0,16267
16269,9192.0,28838.0,16268
16270,9192.0,30205.0,16269
16271,9192.0,31237.0,16270
16272,9192.0,30564.0,16271
16273,9192.0,30589.0,16272
16274,9192.0,29846.0,16273
16275,9192.0,29843.0,16274
16276,9192.0,28580.0,16275
16277,9192.0,28570.0,16276
16278,9192.0,28718.0,16277
16279,9192.0,28654.0,16278
16280,9192.0,28631.0,16279
16281,9192.0,29284.0,16280
16282,9192.0,29284.0,16281
16283,9192.0,29150.0,16282
16284,9192.0,29187.0,16283
16285,9192.0,29259.0,16284
16286,9192.0,29259.0,16285
16287,9192.0,28627.0,16286
16288,9192.0,28588.0,16287
16289,9192.0,29402.0,16288
16290,9192.0,27838.0,16289
16291,9192.0,27672.0,16290
16292,9192.0,28275.0,16291
16293,9192.0,29169.0,16292
16294,9192.0,29375.0,16293
16295,9192.0,27234.0,16294
16296,9192.0,26981.0,16295
16297,9192.0,26502.0,16296
16298,9192.0,26354.0,16297
16299,9192.0,26323.0,16298
16300,9192.0,26239.0,16299
16301,9192.0,26172.0,16300
16302,9192.0,25990.0,16301
16303,9192.0,25805.0,16302
16304,9192.0,26654.0,16303
16305,9192.0,26579.0,16304
16306,9192.0,26601.0,16305
16307,9192.0,26693.0,16306
16308,9192.0,26931.0,16307
16309,9192.0,25853.0,16308
16310,9192.0,25815.0,16309
16311,9192.0,25857.0,16310
16312,9192.0,25764.0,16311
16313,9192.0,25800.0,16312
16314,9192.0,25800.0,16313
16315,9192.0,26150.0,16314
16316,9192.0,26755.0,16315
16317,9192.0,27024.0,16316
16318,9192.0,27179.0,16317
16319,9192.0,27158.0,16318
16320,9192.0,27370.0,16319
16321,9192.0,27255.0,16320
16322,9192.0,27821.0,16321
16323,9192.0,28530.0,16322
16324,9192.0,29107.0,16323
16325,9192.0,28060.0,16324
16326,9192.0,28060.0,16325
16327,9192.0,27878.0,16326
16328,9192.0,27616.0,16327
16329,9192.0,28369.0,16328
16330,9192.0,28304.0,16329
16331,9192.0,28553.0,16330
16332,9192.0,28224.0,16331
16333,9192.0,28526.0,16332
16334,9192.0,29341.0,16333
16335,9192.0,30098.0,16334
16336,9192.0,29940.0,16335
16337,9192.0,30157.0,16336
16338,9192.0,30007.0,16337
16339,9192.0,30237.0,16338
16340,9192.0,30279.0,16339
16341,9192.0,30409.0,16340
16342,9192.0,30399.0,16341
16343,9192.0,29882.0,16342
16344,9192.0,29871.0,16343
16345,9192.0,29343.0,16344
16346,9192.0,29332.0,16345
16347,9192.0,29308.0,16346
16348,9192.0,29261.0,16347
16349,9192.0,29006.0,16348
16350,9192.0,28968.0,16349
16351,9192.0,28679.0,16350
16352,9192.0,28781.0,16351
16353,9192.0,28275.0,16352
16354,9192.0,28655.0,16353
16355,9192.0,27974.0,16354
16356,9192.0,28097.0,16355
16357,9192.0,28936.0,16356
16358,9192.0,28732.0,16357
16359,9192.0,28703.0,16358
16360,9192.0,28930.0,16359
16361,9192.0,26457.0,16360
16362,9192.0,26766.0,16361
16363,9192.0,26761.0,16362
16364,9192.0,26761.0,16363
16365,9192.0,26761.0,16364
16366,9192.0,27076.0,16365
16367,9192.0,26918.0,16366
16368,9192.0,27029.0,16367
16369,9192.0,26864.0,16368
16370,9192.0,26864.0,16369
16371,9192.0,27519.0,16370
16372,9192.0,27276.0,16371
16373,9192.0,28413.0,16372
16374,9192.0,28418.0,16373
16375,9192.0,28640.0,16374
16376,9192.0,28867.0,16375
16377,9192.0,28703.0,16376
16378,9192.0,29363.0,16377
16379,9192.0,30889.0,16378
16380,9192.0,30889.0,16379
16381,9192.0,29930.0,16380
16382,9192.0,30420.0,16381
16383,9192.0,30468.0,16382
16384,9192.0,30386.0,16383
16385,9192.0,31032.0,16384
16386,9192.0,31326.0,16385
16387,9192.0,31454.0,16386
16388,9192.0,31402.0,16387
16389,9192.0,31336.0,16388
16390,9192.0,31394.0,16389
16391,9192.0,31760.0,16390
16392,9192.0,31667.0,16391
16393,9192.0,32039.0,16392
16394,9192.0,32062.0,16393
16395,9192.0,31709.0,16394
16396,9192.0,32223.0,16395
16397,9192.0,31895.0,16396
16398,9192.0,31784.0,16397
16399,9192.0,31848.0,16398
16400,9192.0,32708.0,16399
16401,9192.0,33166.0,16400
16402,9192.0,33542.0,16401
16403,9192.0,33670.0,16402
16404,9192.0,33456.0,16403
16405,9192.0,33900.0,16404
16406,9192.0,33887.0,16405
16407,9192.0,33568.0,16406
16408,9192.0,33404.0,16407
16409,9192.0,32787.0,16408
16410,9192.0,32918.0,16409
16411,9192.0,32975.0,16410
16412,9192.0,32907.0,16411
16413,9192.0,33040.0,16412
16414,9192.0,33067.0,16413
16415,9192.0,32819.0,16414
16416,9192.0,32763.0,16415
16417,9192.0,32641.0,16416
16418,9192.0,32640.0,16417
16419,9192.0,32521.0,16418
16420,9192.0,32731.0,16419
16421,9192.0,32696.0,16420
16422,9192.0,32760.0,16421
16423,9192.0,32057.0,16422
16424,9192.0,31993.0,16423
16425,9192.0,32043.0,16424
16426,9192.0,32592.0,16425
16427,9192.0,32563.0,16426
16428,9192.0,32126.0,16427
16429,9192.0,32562.0,16428
16430,9192.0,32172.0,16429
16431,9192.0,31649.0,16430
16432,9192.0,31422.0,16431
16433,9192.0,31388.0,16432
16434,9192.0,32048.0,16433
16435,9192.0,31943.0,16434
16436,9192.0,31967.0,16435
16437,9192.0,32210.0,16436
16438,9192.0,32434.0,16437
16439,9192.0,32371.0,16438
16440,9192.0,31822.0,16439
16441,9192.0,31850.0,16440
16442,9192.0,31849.0,16441
16443,9192.0,32518.0,16442
16444,9192.0,32835.0,16443
16445,9192.0,31948.0,16444
16446,9192.0,31948.0,16445
16447,9192.0,31930.0,16446
16448,9192.0,32052.0,16447
16449,9192.0,32063.0,16448
16450,9192.0,32367.0,16449
16451,9192.0,32219.0,16450
16452,9192.0,32017.0,16451
16453,9192.0,31415.0,16452
16454,9192.0,30214.0,16453
16455,9192.0,31075.0,16454
16456,9192.0,31523.0,16455
16457,9192.0,31602.0,16456
16458,9192.0,31668.0,16457
16459,9192.0,31343.0,16458
16460,9192.0,29367.0,16459
16461,9192.0,29235.0,16460
16462,9192.0,29677.0,16461
16463,9192.0,29408.0,16462
16464,9192.0,29356.0,16463
16465,9192.0,28764.0,16464
16466,9192.0,28645.0,16465
16467,9192.0,28970.0,16466
16468,9192.0,28842.0,16467
16469,9192.0,28989.0,16468
16470,9192.0,28710.0,16469
16471,9192.0,29264.0,16470
16472,9192.0,29407.0,16471
16473,9192.0,29407.0,16472
16474,9192.0,29666.0,16473
16475,9192.0,30114.0,16474
16476,9192.0,30191.0,16475
16477,9192.0,30157.0,16476
16478,9192.0,29593.0,16477
16479,9192.0,29480.0,16478
16480,9192.0,29480.0,16479
16481,9192.0,29795.0,16480
16482,9192.0,29597.0,16481
16483,9192.0,28940.0,16482
16484,9192.0,29077.0,16483
16485,9192.0,29156.0,16484
16486,9192.0,30319.0,16485
16487,9192.0,28763.0,16486
16488,9192.0,28755.0,16487
16489,9192.0,28339.0,16488
16490,9192.0,27374.0,16489
16491,9192.0,27374.0,16490
16492,9192.0,27987.0,16491
16493,9192.0,26706.0,16492
16494,9192.0,26782.0,16493
16495,9192.0,27371.0,16494
16496,9192.0,27371.0,16495
16497,9192.0,27881.0,16496
16498,9192.0,28450.0,16497
16499,9192.0,28147.0,16498
16500,9192.0,28156.0,16499
16501,9192.0,28772.0,16500
16502,9192.0,28758.0,16501
16503,9192.0,28746.0,16502
16504,9192.0,28343.0,16503
16505,9192.0,28309.0,16504
16506,9192.0,28352.0,16505
16507,9192.0,28343.0,16506
16508,9192.0,28085.0,16507
16509,9192.0,27990.0,16508
16510,9192.0,27391.0,16509
16511,9192.0,27546.0,16510
16512,9192.0,27148.0,16511
16513,9192.0,27281.0,16512
16514,9192.0,27318.0,16513
16515,9192.0,27701.0,16514
16516,9192.0,27833.0,16515
16517,9192.0,27371.0,16516
16518,9192.0,27365.0,16517
16519,9192.0,28164.0,16518
16520,9192.0,27920.0,16519
16521,9192.0,27839.0,16520
16522,9192.0,27934.0,16521
16523,9192.0,27704.0,16522
16524,9192.0,27760.0,16523
16525,9192.0,27760.0,16524
16526,9192.0,26685.0,16525
16527,9192.0,26140.0,16526
16528,9192.0,26730.0,16527
16529,9192.0,25945.0,16528
16530,9192.0,26420.0,16529
16531,9192.0,26556.0,16530
16532,9192.0,26626.0,16531
16533,9192.0,27132.0,16532
16534,9192.0,26996.0,16533
16535,9192.0,27452.0,16534
16536,9192.0,28075.0,16535
16537,9192.0,28145.0,16536
16538,9192.0,28315.0,16537
16539,9192.0,28196.0,16538
16540,9192.0,28034.0,16539
16541,9192.0,27642.0,16540
16542,9192.0,27695.0,16541
16543,9192.0,28135.0,16542
16544,9192.0,28150.0,16543
16545,9192.0,28101.0,16544
16546,9192.0,27622.0,16545
16547,9192.0,27543.0,16546
16548,9192.0,27818.0,16547
16549,9192.0,26472.0,16548
16550,9192.0,26472.0,16549
16551,9192.0,26428.0,16550
16552,9192.0,26671.0,16551
16553,9192.0,26111.0,16552
16554,9192.0,26692.0,16553
16555,9192.0,26678.0,16554
16556,9192.0,27439.0,16555
16557,9192.0,27536.0,16556
16558,9192.0,27536.0,16557
16559,9192.0,27536.0,16558
16560,9192.0,27546.0,16559
16561,9192.0,27234.0,16560
16562,9192.0,27265.0,16561
16563,9192.0,27115.0,16562
16564,9192.0,26955.0,16563
16565,9192.0,28213.0,16564
16566,9192.0,28065.0,16565
16567,9192.0,28483.0,16566
16568,9192.0,27656.0,16567
16569,9192.0,27817.0,16568
16570,9192.0,28875.0,16569
16571,9192.0,30256.0,16570
16572,9192.0,30293.0,16571
16573,9192.0,29472.0,16572
16574,9192.0,29746.0,16573
16575,9192.0,29188.0,16574
16576,9192.0,28924.0,16575
16577,9192.0,28894.0,16576
16578,9192.0,28934.0,16577
16579,9192.0,29571.0,16578
16580,9192.0,30058.0,16579
16581,9192.0,30207.0,16580
16582,9192.0,29665.0,16581
16583,9192.0,29958.0,16582
16584,9192.0,29900.0,16583
16585,9192.0,29224.0,16584
16586,9192.0,31053.0,16585
16587,9192.0,30490.0,16586
16588,9192.0,30486.0,16587
16589,9192.0,29542.0,16588
16590,9192.0,29522.0,16589
16591,9192.0,29306.0,16590
16592,9192.0,29306.0,16591
16593,9192.0,29456.0,16592
16594,9192.0,29213.0,16593
16595,9192.0,29187.0,16594
16596,9192.0,29492.0,16595
16597,9192.0,29489.0,16596
16598,9192.0,30810.0,16597
16599,9192.0,30810.0,16598
16600,9192.0,30195.0,16599
16601,9192.0,31073.0,16600
16602,9192.0,30452.0,16601
16603,9192.0,30629.0,16602
16604,9192.0,30741.0,16603
16605,9192.0,30501.0,16604
16606,9192.0,31015.0,16605
16607,9192.0,30900.0,16606
16608,9192.0,31204.0,16607
16609,9192.0,31592.0,16608
16610,9192.0,32115.0,16609
16611,9192.0,32523.0,16610
16612,9192.0,32213.0,16611
16613,9192.0,31713.0,16612
16614,9192.0,31457.0,16613
16615,9192.0,31457.0,16614
16616,9192.0,31507.0,16615
16617,9192.0,30922.0,16616
16618,9192.0,30240.0,16617
16619,9192.0,30416.0,16618
16620,9192.0,30844.0,16619
16621,9192.0,30751.0,16620
16622,9192.0,30749.0,16621
16623,9192.0,30759.0,16622
16624,9192.0,31110.0,16623
16625,9192.0,31113.0,16624
16626,9192.0,31925.0,16625
16627,9192.0,32093.0,16626
16628,9192.0,32093.0,16627
16629,9192.0,32081.0,16628
16630,9192.0,31789.0,16629
16631,9192.0,31739.0,16630
16632,9192.0,31370.0,16631
16633,9192.0,31399.0,16632
16634,9192.0,31333.0,16633
16635,9192.0,30935.0,16634
16636,9192.0,31168.0,16635
16637,9192.0,31082.0,16636
16638,9192.0,29944.0,16637
16639,9192.0,30644.0,16638
16640,9192.0,30494.0,16639
16641,9192.0,30206.0,16640
16642,9192.0,29956.0,16641
16643,9192.0,28716.0,16642
16644,9192.0,28608.0,16643
16645,9192.0,28308.0,16644
16646,9192.0,28707.0,16645
16647,9192.0,28707.0,16646
16648,9192.0,28707.0,16647
16649,9192.0,28598.0,16648
16650,9192.0,28157.0,16649
16651,9192.0,28432.0,16650
16652,9192.0,28470.0,16651
16653,9192.0,28470.0,16652
16654,9192.0,28257.0,16653
16655,9192.0,28158.0,16654
16656,9192.0,28208.0,16655
16657,9192.0,27928.0,16656
16658,9192.0,28227.0,16657
16659,9192.0,26905.0,16658
16660,9192.0,26499.0,16659
16661,9192.0,25628.0,16660
16662,9192.0,25416.0,16661
16663,9192.0,25543.0,16662
16664,9192.0,25543.0,16663
16665,9192.0,25521.0,16664
16666,9192.0,24777.0,16665
16667,9192.0,25130.0,16666
16668,9192.0,25146.0,16667
16669,9192.0,25146.0,16668
16670,9192.0,25194.0,16669
16671,9192.0,25367.0,16670
16672,9192.0,26690.0,16671
16673,9192.0,26522.0,16672
16674,9192.0,25893.0,16673
16675,9192.0,26144.0,16674
16676,9192.0,26437.0,16675
16677,9192.0,26718.0,16676
16678,9192.0,26929.0,16677
16679,9192.0,26883.0,16678
16680,9192.0,26918.0,16679
16681,9192.0,26966.0,16680
16682,9192.0,26966.0,16681
16683,9192.0,27003.0,16682
16684,9192.0,27003.0,16683
16685,9192.0,26973.0,16684
16686,9192.0,26999.0,16685
16687,9192.0,26924.0,16686
16688,9192.0,26924.0,16687
16689,9192.0,26959.0,16688
16690,9192.0,26919.0,16689
16691,9192.0,29271.0,16690
16692,9192.0,30086.0,16691
16693,9192.0,29966.0,16692
16694,9192.0,29966.0,16693
16695,9192.0,29673.0,16694
16696,9192.0,29673.0,16695
16697,9192.0,28842.0,16696
16698,9192.0,28869.0,16697
16699,9192.0,28910.0,16698
16700,9192.0,28693.0,16699
16701,9192.0,28634.0,16700
16702,9192.0,29751.0,16701
16703,9192.0,29742.0,16702
16704,9192.0,30431.0,16703
16705,9192.0,30617.0,16704
16706,9192.0,31190.0,16705
16707,9192.0,31130.0,16706
16708,9192.0,29998.0,16707
16709,9192.0,31204.0,16708
16710,9192.0,31251.0,16709
16711,9192.0,30797.0,16710
16712,9192.0,30242.0,16711
16713,9192.0,30413.0,16712
16714,9192.0,30472.0,16713
16715,9192.0,31045.0,16714
16716,9192.0,31035.0,16715
16717,9192.0,30713.0,16716
16718,9192.0,30346.0,16717
16719,9192.0,30237.0,16718
16720,9192.0,30649.0,16719
16721,9192.0,30649.0,16720
16722,9192.0,28969.0,16721
16723,9192.0,28955.0,16722
16724,9192.0,29180.0,16723
16725,9192.0,29208.0,16724
16726,9192.0,29224.0,16725
16727,9192.0,29021.0,16726
16728,9192.0,28732.0,16727
16729,9192.0,28647.0,16728
16730,9192.0,28879.0,16729
16731,9192.0,29220.0,16730
16732,9192.0,29245.0,16731
16733,9192.0,29461.0,16732
16734,9192.0,29855.0,16733
16735,9192.0,29521.0,16734
16736,9192.0,29692.0,16735
16737,9192.0,29629.0,16736
16738,9192.0,29803.0,16737
16739,9192.0,29781.0,16738
16740,9192.0,29680.0,16739
16741,9192.0,29839.0,16740
16742,9192.0,29240.0,16741
16743,9192.0,29240.0,16742
16744,9192.0,28066.0,16743
16745,9192.0,27624.0,16744
16746,9192.0,27388.0,16745
16747,9192.0,27365.0,16746
16748,9192.0,27531.0,16747
16749,9192.0,27531.0,16748
16750,9192.0,25746.0,16749
16751,9192.0,25718.0,16750
16752,9192.0,25224.0,16751
16753,9192.0,25213.0,16752
16754,9192.0,25389.0,16753
16755,9192.0,24779.0,16754
16756,9192.0,24779.0,16755
16757,9192.0,24643.0,16756
16758,9192.0,23996.0,16757
16759,9192.0,24179.0,16758
16760,9192.0,25608.0,16759
16761,9192.0,25854.0,16760
16762,9192.0,24971.0,16761
16763,9192.0,26199.0,16762
16764,9192.0,26032.0,16763
16765,9192.0,26032.0,16764
16766,9192.0,26673.0,16765
16767,9192.0,26673.0,16766
16768,9192.0,26673.0,16767
16769,9192.0,26859.0,16768
16770,9192.0,26737.0,16769
16771,9192.0,26758.0,16770
16772,9192.0,26656.0,16771
16773,9192.0,26623.0,16772
16774,9192.0,26564.0,16773
16775,9192.0,26543.0,16774
16776,9192.0,26543.0,16775
16777,9192.0,26712.0,16776
16778,9192.0,26785.0,16777
16779,9192.0,27097.0,16778
16780,9192.0,26943.0,16779
16781,9192.0,26122.0,16780
16782,9192.0,26409.0,16781
16783,9192.0,26806.0,16782
16784,9192.0,26867.0,16783
16785,9192.0,28123.0,16784
16786,9192.0,28160.0,16785
16787,9192.0,28377.0,16786
16788,9192.0,27731.0,16787
16789,9192.0,27731.0,16788
16790,9192.0,27774.0,16789
16791,9192.0,27774.0,16790
16792,9192.0,27692.0,16791
16793,9192.0,27091.0,16792
16794,9192.0,27393.0,16793
16795,9192.0,27586.0,16794
16796,9192.0,27650.0,16795
16797,9192.0,27841.0,16796
16798,9192.0,27890.0,16797
16799,9192.0,26433.0,16798
16800,9192.0,26041.0,16799
16801,9192.0,26041.0,16800
16802,9192.0,25647.0,16801
16803,9192.0,25567.0,16802
16804,9192.0,25495.0,16803
16805,9192.0,25429.0,16804
16806,9192.0,27147.0,16805
16807,9192.0,27235.0,16806
16808,9192.0,27471.0,16807
16809,9192.0,27235.0,16808
16810,9192.0,27235.0,16809
16811,9192.0,27235.0,16810
16812,9192.0,27235.0,16811
16813,9192.0,27085.0,16812
16814,9192.0,28746.0,16813
16815,9192.0,28655.0,16814
16816,9192.0,28032.0,16815
16817,9192.0,28599.0,16816
16818,9192.0,28667.0,16817
16819,9192.0,30555.0,16818
16820,9192.0,30584.0,16819
16821,9192.0,31160.0,16820
16822,9192.0,30069.0,16821
16823,9192.0,29941.0,16822
16824,9192.0,30051.0,16823
16825,9192.0,30501.0,16824
16826,9192.0,30350.0,16825
16827,9192.0,30617.0,16826
16828,9192.0,30303.0,16827
16829,9192.0,30086.0,16828
16830,9192.0,31309.0,16829
16831,9192.0,31548.0,16830
16832,9192.0,31472.0,16831
16833,9192.0,30877.0,16832
16834,9192.0,30950.0,16833
16835,9192.0,31419.0,16834
16836,9192.0,31629.0,16835
16837,9192.0,31549.0,16836
16838,9192.0,31578.0,16837
16839,9192.0,31652.0,16838
16840,9192.0,31635.0,16839
16841,9192.0,31808.0,16840
16842,9192.0,31870.0,16841
16843,9192.0,31543.0,16842
16844,9192.0,30323.0,16843
16845,9192.0,30591.0,16844
16846,9192.0,30105.0,16845
16847,9192.0,29394.0,16846
16848,9192.0,28438.0,16847
16849,9192.0,28637.0,16848
16850,9192.0,28637.0,16849
16851,9192.0,28618.0,16850
16852,9192.0,28361.0,16851
16853,9192.0,28065.0,16852
16854,9192.0,28071.0,16853
16855,9192.0,27319.0,16854
16856,9192.0,27318.0,16855
16857,9192.0,27940.0,16856
16858,9192.0,28732.0,16857
16859,9192.0,28691.0,16858
16860,9192.0,27908.0,16859
16861,9192.0,28335.0,16860
16862,9192.0,27748.0,16861
16863,9192.0,28189.0,16862
16864,9192.0,27658.0,16863
16865,9192.0,28579.0,16864
16866,9192.0,30068.0,16865
16867,9192.0,29637.0,16866
16868,9192.0,29603.0,16867
16869,9192.0,29499.0,16868
16870,9192.0,29870.0,16869
16871,9192.0,31020.0,16870
16872,9192.0,30621.0,16871
16873,9192.0,30795.0,16872
16874,9192.0,30403.0,16873
16875,9192.0,30431.0,16874
16876,9192.0,30539.0,16875
16877,9192.0,30518.0,16876
16878,9192.0,30347.0,16877
16879,9192.0,30244.0,16878
16880,9192.0,30550.0,16879
16881,9192.0,31185.0,16880
16882,9192.0,30984.0,16881
16883,9192.0,31008.0,16882
16884,9192.0,30220.0,16883
16885,9192.0,30220.0,16884
16886,9192.0,29835.0,16885
16887,9192.0,30509.0,16886
16888,9192.0,31010.0,16887
16889,9192.0,30512.0,16888
16890,9192.0,30512.0,16889
16891,9192.0,30812.0,16890
16892,9192.0,30833.0,16891
16893,9192.0,30865.0,16892
16894,9192.0,30886.0,16893
16895,9192.0,31271.0,16894
16896,9192.0,31272.0,16895
16897,9192.0,30826.0,16896
16898,9192.0,30886.0,16897
16899,9192.0,30797.0,16898
16900,9192.0,30598.0,16899
16901,9192.0,30963.0,16900
16902,9192.0,30387.0,16901
16903,9192.0,30415.0,16902
16904,9192.0,29287.0,16903
16905,9192.0,29500.0,16904
16906,9192.0,29512.0,16905
16907,9192.0,29460.0,16906
16908,9192.0,29212.0,16907
16909,9192.0,29206.0,16908
16910,9192.0,29475.0,16909
16911,9192.0,29921.0,16910
16912,9192.0,30206.0,16911
16913,9192.0,30448.0,16912
16914,9192.0,30448.0,16913
16915,9192.0,30390.0,16914
16916,9192.0,30452.0,16915
16917,9192.0,30647.0,16916
16918,9192.0,30516.0,16917
16919,9192.0,30387.0,16918
16920,9192.0,30804.0,16919
16921,9192.0,29971.0,16920
16922,9192.0,30998.0,16921
16923,9192.0,31001.0,16922
16924,9192.0,31242.0,16923
16925,9192.0,30808.0,16924
16926,9192.0,30682.0,16925
16927,9192.0,30710.0,16926
16928,9192.0,31096.0,16927
16929,9192.0,29104.0,16928
16930,9192.0,29163.0,16929
16931,9192.0,29685.0,16930
16932,9192.0,29548.0,16931
16933,9192.0,29160.0,16932
16934,9192.0,29453.0,16933
16935,9192.0,29396.0,16934
16936,9192.0,29521.0,16935
16937,9192.0,29529.0,16936
16938,9192.0,29688.0,16937
16939,9192.0,29867.0,16938
16940,9192.0,29553.0,16939
16941,9192.0,29785.0,16940
16942,9192.0,30062.0,16941
16943,9192.0,30401.0,16942
16944,9192.0,29891.0,16943
16945,9192.0,30709.0,16944
16946,9192.0,30950.0,16945
16947,9192.0,30993.0,16946
16948,9192.0,30802.0,16947
16949,9192.0,30802.0,16948
16950,9192.0,30721.0,16949
16951,9192.0,30587.0,16950
16952,9192.0,30795.0,16951
16953,9192.0,29139.0,16952
16954,9192.0,29401.0,16953
16955,9192.0,28564.0,16954
16956,9192.0,27749.0,16955
16957,9192.0,28732.0,16956
16958,9192.0,28629.0,16957
16959,9192.0,28629.0,16958
16960,9192.0,28325.0,16959
16961,9192.0,28364.0,16960
16962,9192.0,28723.0,16961
16963,9192.0,29126.0,16962
16964,9192.0,28356.0,16963
16965,9192.0,27547.0,16964
16966,9192.0,27717.0,16965
16967,9192.0,27356.0,16966
16968,9192.0,27889.0,16967
16969,9192.0,28191.0,16968
16970,9192.0,28593.0,16969
16971,9192.0,28663.0,16970
16972,9192.0,28663.0,16971
16973,9192.0,28188.0,16972
16974,9192.0,27926.0,16973
16975,9192.0,26955.0,16974
16976,9192.0,26694.0,16975
16977,9192.0,26736.0,16976
16978,9192.0,27008.0,16977
16979,9192.0,27108.0,16978
16980,9192.0,27191.0,16979
16981,9192.0,26407.0,16980
16982,9192.0,27095.0,16981
16983,9192.0,27479.0,16982
16984,9192.0,27221.0,16983
16985,9192.0,27221.0,16984
16986,9192.0,26603.0,16985
16987,9192.0,26652.0,16986
16988,9192.0,26652.0,16987
16989,9192.0,26721.0,16988
16990,9192.0,26764.0,16989
16991,9192.0,26844.0,16990
16992,9192.0,26601.0,16991
16993,9192.0,26532.0,16992
16994,9192.0,26532.0,16993
16995,9192.0,26776.0,16994
16996,9192.0,26577.0,16995
16997,9192.0,26737.0,16996
16998,9192.0,28167.0,16997
16999,9192.0,28170.0,16998
17000,9192.0,28258.0,16999
17001,9192.0,28434.0,17000
17002,9192.0,28197.0,17001
17003,9192.0,28162.0,17002
17004,9192.0,28266.0,17003
17005,9192.0,28434.0,17004
17006,9192.0,28462.0,17005
17007,9192.0,28216.0,17006
17008,9192.0,28873.0,17007
17009,9192.0,28758.0,17008
17010,9192.0,28261.0,17009
17011,9192.0,28007.0,17010
17012,9192.0,28136.0,17011
17013,9192.0,28253.0,17012
17014,9192.0,28280.0,17013
17015,9192.0,28339.0,17014
17016,9192.0,28328.0,17015
17017,9192.0,29083.0,17016
17018,9192.0,29426.0,17017
17019,9192.0,29889.0,17018
17020,9192.0,29786.0,17019
17021,9192.0,30029.0,17020
17022,9192.0,29836.0,17021
17023,9192.0,30274.0,17022
17024,9192.0,30894.0,17023
17025,9192.0,30475.0,17024
17026,9192.0,30448.0,17025
17027,9192.0,30667.0,17026
17028,9192.0,31104.0,17027
17029,9192.0,31049.0,17028
17030,9192.0,31055.0,17029
17031,9192.0,30692.0,17030
17032,9192.0,30279.0,17031
17033,9192.0,30535.0,17032
17034,9192.0,30514.0,17033
17035,9192.0,30186.0,17034
17036,9192.0,29949.0,17035
17037,9192.0,30147.0,17036
17038,9192.0,28455.0,17037
17039,9192.0,28198.0,17038
17040,9192.0,28826.0,17039
17041,9192.0,28826.0,17040
17042,9192.0,28706.0,17041
17043,9192.0,28664.0,17042
17044,9192.0,29044.0,17043
17045,9192.0,29340.0,17044
17046,9192.0,30928.0,17045
17047,9192.0,31688.0,17046
17048,9192.0,31682.0,17047
17049,9192.0,31748.0,17048
17050,9192.0,31628.0,17049
17051,9192.0,31883.0,17050
17052,9192.0,31475.0,17051
17053,9192.0,31089.0,17052
17054,9192.0,31075.0,17053
17055,9192.0,30984.0,17054
17056,9192.0,31251.0,17055
17057,9192.0,31164.0,17056
17058,9192.0,31161.0,17057
17059,9192.0,29762.0,17058
17060,9192.0,29762.0,17059
17061,9192.0,29256.0,17060
17062,9192.0,29099.0,17061
17063,9192.0,29214.0,17062
17064,9192.0,28536.0,17063
17065,9192.0,28364.0,17064
17066,9192.0,28406.0,17065
17067,9192.0,28687.0,17066
17068,9192.0,28522.0,17067
17069,9192.0,27170.0,17068
17070,9192.0,27463.0,17069
17071,9192.0,26886.0,17070
17072,9192.0,27085.0,17071
17073,9192.0,27670.0,17072
17074,9192.0,27918.0,17073
17075,9192.0,27295.0,17074
17076,9192.0,27294.0,17075
17077,9192.0,28889.0,17076
17078,9192.0,30741.0,17077
17079,9192.0,30719.0,17078
17080,9192.0,30538.0,17079
17081,9192.0,30333.0,17080
17082,9192.0,31568.0,17081
17083,9192.0,31330.0,17082
17084,9192.0,31330.0,17083
17085,9192.0,31353.0,17084
17086,9192.0,31585.0,17085
17087,9192.0,31342.0,17086
17088,9192.0,31207.0,17087
17089,9192.0,29393.0,17088
17090,9192.0,30006.0,17089
17091,9192.0,31099.0,17090
17092,9192.0,31367.0,17091
17093,9192.0,31331.0,17092
17094,9192.0,31255.0,17093
17095,9192.0,31233.0,17094
17096,9192.0,31122.0,17095
17097,9192.0,31122.0,17096
17098,9192.0,31508.0,17097
17099,9192.0,31504.0,17098
17100,9192.0,31530.0,17099
17101,9192.0,31942.0,17100
17102,9192.0,31857.0,17101
17103,9192.0,32250.0,17102
17104,9192.0,31950.0,17103
17105,9192.0,30819.0,17104
17106,9192.0,30195.0,17105
17107,9192.0,29630.0,17106
17108,9192.0,29630.0,17107
17109,9192.0,29630.0,17108
17110,9192.0,29308.0,17109
17111,9192.0,29456.0,17110
17112,9192.0,29456.0,17111
17113,9192.0,28631.0,17112
17114,9192.0,28631.0,17113
17115,9192.0,28931.0,17114
17116,9192.0,29017.0,17115
17117,9192.0,28906.0,17116
17118,9192.0,28837.0,17117
17119,9192.0,28810.0,17118
17120,9192.0,28677.0,17119
17121,9192.0,29698.0,17120
17122,9192.0,29794.0,17121
17123,9192.0,30361.0,17122
17124,9192.0,29988.0,17123
17125,9192.0,30114.0,17124
17126,9192.0,29839.0,17125
17127,9192.0,29738.0,17126
17128,9192.0,30813.0,17127
17129,9192.0,32003.0,17128
17130,9192.0,31591.0,17129
17131,9192.0,31455.0,17130
17132,9192.0,31474.0,17131
17133,9192.0,31521.0,17132
17134,9192.0,31607.0,17133
17135,9192.0,32236.0,17134
17136,9192.0,32240.0,17135
17137,9192.0,32028.0,17136
17138,9192.0,32885.0,17137
17139,9192.0,32649.0,17138
17140,9192.0,32750.0,17139
17141,9192.0,32851.0,17140
17142,9192.0,32869.0,17141
17143,9192.0,31782.0,17142
17144,9192.0,32422.0,17143
17145,9192.0,32638.0,17144
17146,9192.0,32492.0,17145
17147,9192.0,32149.0,17146
17148,9192.0,31531.0,17147
17149,9192.0,31464.0,17148
17150,9192.0,30835.0,17149
17151,9192.0,30841.0,17150
17152,9192.0,30575.0,17151
17153,9192.0,29931.0,17152
17154,9192.0,29931.0,17153
17155,9192.0,30314.0,17154
17156,9192.0,31513.0,17155
17157,9192.0,30928.0,17156
17158,9192.0,30454.0,17157
17159,9192.0,29659.0,17158
17160,9192.0,30538.0,17159
17161,9192.0,30475.0,17160
17162,9192.0,30272.0,17161
17163,9192.0,30806.0,17162
17164,9192.0,31483.0,17163
17165,9192.0,31519.0,17164
17166,9192.0,31403.0,17165
17167,9192.0,30882.0,17166
17168,9192.0,30247.0,17167
17169,9192.0,28837.0,17168
17170,9192.0,28799.0,17169
17171,9192.0,28405.0,17170
17172,9192.0,28405.0,17171
17173,9192.0,28389.0,17172
17174,9192.0,28235.0,17173
17175,9192.0,28231.0,17174
17176,9192.0,28428.0,17175
17177,9192.0,28404.0,17176
17178,9192.0,28937.0,17177
17179,9192.0,29200.0,17178
17180,9192.0,29333.0,17179
17181,9192.0,29728.0,17180
17182,9192.0,30109.0,17181
17183,9192.0,30463.0,17182
17184,9192.0,30221.0,17183
17185,9192.0,30982.0,17184
17186,9192.0,31805.0,17185
17187,9192.0,31689.0,17186
17188,9192.0,31975.0,17187
17189,9192.0,32052.0,17188
17190,9192.0,31842.0,17189
17191,9192.0,31643.0,17190
17192,9192.0,31669.0,17191
17193,9192.0,30683.0,17192
17194,9192.0,30766.0,17193
17195,9192.0,30822.0,17194
17196,9192.0,30587.0,17195
17197,9192.0,30292.0,17196
17198,9192.0,30214.0,17197
17199,9192.0,30214.0,17198
17200,9192.0,30489.0,17199
17201,9192.0,30022.0,17200
17202,9192.0,30026.0,17201
17203,9192.0,29949.0,17202
17204,9192.0,29936.0,17203
17205,9192.0,30050.0,17204
17206,9192.0,28570.0,17205
17207,9192.0,28216.0,17206
17208,9192.0,28214.0,17207
17209,9192.0,27881.0,17208
17210,9192.0,28307.0,17209
17211,9192.0,27905.0,17210
17212,9192.0,27753.0,17211
17213,9192.0,27501.0,17212
17214,9192.0,27512.0,17213
17215,9192.0,27570.0,17214
17216,9192.0,27494.0,17215
17217,9192.0,27741.0,17216
17218,9192.0,27628.0,17217
17219,9192.0,27928.0,17218
17220,9192.0,27409.0,17219
17221,9192.0,27409.0,17220
17222,9192.0,27409.0,17221
17223,9192.0,27015.0,17222
17224,9192.0,26929.0,17223
17225,9192.0,27328.0,17224
17226,9192.0,27328.0,17225
17227,9192.0,28068.0,17226
17228,9192.0,28301.0,17227
17229,9192.0,29690.0,17228
17230,9192.0,29720.0,17229
17231,9192.0,30041.0,17230
17232,9192.0,29923.0,17231
17233,9192.0,29092.0,17232
17234,9192.0,28947.0,17233
17235,9192.0,28976.0,17234
17236,9192.0,29004.0,17235
17237,9192.0,29004.0,17236
17238,9192.0,29442.0,17237
17239,9192.0,29258.0,17238
17240,9192.0,29225.0,17239
17241,9192.0,29350.0,17240
17242,9192.0,29385.0,17241
17243,9192.0,28750.0,17242
17244,9192.0,28719.0,17243
17245,9192.0,28649.0,17244
17246,9192.0,27675.0,17245
17247,9192.0,27675.0,17246
17248,9192.0,27740.0,17247
17249,9192.0,27793.0,17248
17250,9192.0,27628.0,17249
17251,9192.0,27705.0,17250
17252,9192.0,27541.0,17251
17253,9192.0,27372.0,17252
17254,9192.0,27775.0,17253
17255,9192.0,27653.0,17254
17256,9192.0,27528.0,17255
17257,9192.0,27440.0,17256
17258,9192.0,27892.0,17257
17259,9192.0,28037.0,17258
17260,9192.0,27493.0,17259
17261,9192.0,26506.0,17260
17262,9192.0,26428.0,17261
17263,9192.0,26416.0,17262
17264,9192.0,26603.0,17263
17265,9192.0,26720.0,17264
17266,9192.0,26734.0,17265
17267,9192.0,26909.0,17266
17268,9192.0,26909.0,17267
17269,9192.0,26871.0,17268
17270,9192.0,26900.0,17269
17271,9192.0,26907.0,17270
17272,9192.0,26907.0,17271
17273,9192.0,26907.0,17272
17274,9192.0,27102.0,17273
17275,9192.0,27102.0,17274
17276,9192.0,27102.0,17275
17277,9192.0,27306.0,17276
17278,9192.0,27296.0,17277
17279,9192.0,27245.0,17278
17280,9192.0,27122.0,17279
17281,9192.0,27122.0,17280
17282,9192.0,27346.0,17281
17283,9192.0,28286.0,17282
17284,9192.0,28502.0,17283
17285,9192.0,28525.0,17284
17286,9192.0,28866.0,17285
17287,9192.0,28947.0,17286
17288,9192.0,28992.0,17287
17289,9192.0,28954.0,17288
17290,9192.0,28488.0,17289
17291,9192.0,28100.0,17290
17292,9192.0,29221.0,17291
17293,9192.0,28686.0,17292
17294,9192.0,28733.0,17293
17295,9192.0,28507.0,17294
17296,9192.0,28671.0,17295
17297,9192.0,28105.0,17296
17298,9192.0,28106.0,17297
17299,9192.0,27108.0,17298
17300,9192.0,28437.0,17299
17301,9192.0,26622.0,17300
17302,9192.0,26956.0,17301
17303,9192.0,25229.0,17302
17304,9192.0,25469.0,17303
17305,9192.0,25679.0,17304
17306,9192.0,25679.0,17305
17307,9192.0,25418.0,17306
17308,9192.0,25676.0,17307
17309,9192.0,25716.0,17308
17310,9192.0,25938.0,17309
17311,9192.0,25938.0,17310
17312,9192.0,25961.0,17311
17313,9192.0,26434.0,17312
17314,9192.0,26301.0,17313
17315,9192.0,26301.0,17314
17316,9192.0,26025.0,17315
17317,9192.0,26378.0,17316
17318,9192.0,26788.0,17317
17319,9192.0,27892.0,17318
17320,9192.0,27892.0,17319
17321,9192.0,28344.0,17320
17322,9192.0,28252.0,17321
17323,9192.0,28366.0,17322
17324,9192.0,28330.0,17323
17325,9192.0,27605.0,17324
17326,9192.0,27592.0,17325
17327,9192.0,27666.0,17326
17328,9192.0,27587.0,17327
17329,9192.0,27587.0,17328
17330,9192.0,27327.0,17329
17331,9192.0,27293.0,17330
17332,9192.0,27480.0,17331
17333,9192.0,26892.0,17332
17334,9192.0,26892.0,17333
17335,9192.0,26899.0,17334
17336,9192.0,27037.0,17335
17337,9192.0,26811.0,17336
17338,9192.0,26245.0,17337
17339,9192.0,27062.0,17338
17340,9192.0,28302.0,17339
17341,9192.0,28077.0,17340
17342,9192.0,27055.0,17341
17343,9192.0,27228.0,17342
17344,9192.0,26936.0,17343
17345,9192.0,27024.0,17344
17346,9192.0,26970.0,17345
17347,9192.0,26897.0,17346
17348,9192.0,26478.0,17347
17349,9192.0,26518.0,17348
17350,9192.0,26555.0,17349
17351,9192.0,26572.0,17350
17352,9192.0,26262.0,17351
17353,9192.0,26093.0,17352
17354,9192.0,25871.0,17353
17355,9192.0,25507.0,17354
17356,9192.0,25695.0,17355
17357,9192.0,25969.0,17356
17358,9192.0,26019.0,17357
17359,9192.0,25868.0,17358
17360,9192.0,25548.0,17359
17361,9192.0,25776.0,17360
17362,9192.0,25768.0,17361
17363,9192.0,25882.0,17362
17364,9192.0,27257.0,17363
17365,9192.0,27445.0,17364
17366,9192.0,27444.0,17365
17367,9192.0,27809.0,17366
17368,9192.0,27659.0,17367
17369,9192.0,27673.0,17368
17370,9192.0,27673.0,17369
17371,9192.0,27761.0,17370
17372,9192.0,27812.0,17371
17373,9192.0,27815.0,17372
17374,9192.0,28125.0,17373
17375,9192.0,28115.0,17374
17376,9192.0,27838.0,17375
17377,9192.0,27692.0,17376
17378,9192.0,27691.0,17377
17379,9192.0,27335.0,17378
17380,9192.0,27041.0,17379
17381,9192.0,27152.0,17380
17382,9192.0,27477.0,17381
17383,9192.0,29392.0,17382
17384,9192.0,29568.0,17383
17385,9192.0,28658.0,17384
17386,9192.0,29611.0,17385
17387,9192.0,29498.0,17386
17388,9192.0,28487.0,17387
17389,9192.0,28501.0,17388
17390,9192.0,28798.0,17389
17391,9192.0,28826.0,17390
17392,9192.0,28863.0,17391
17393,9192.0,29390.0,17392
17394,9192.0,29345.0,17393
17395,9192.0,29738.0,17394
17396,9192.0,30556.0,17395
17397,9192.0,30749.0,17396
17398,9192.0,30842.0,17397
17399,9192.0,30978.0,17398
17400,9192.0,31079.0,17399
17401,9192.0,31073.0,17400
17402,9192.0,31678.0,17401
17403,9192.0,31678.0,17402
17404,9192.0,31545.0,17403
17405,9192.0,31693.0,17404
17406,9192.0,31160.0,17405
17407,9192.0,31086.0,17406
17408,9192.0,31062.0,17407
17409,9192.0,30131.0,17408
17410,9192.0,30131.0,17409
17411,9192.0,30839.0,17410
17412,9192.0,31006.0,17411
17413,9192.0,30732.0,17412
17414,9192.0,32095.0,17413
17415,9192.0,31961.0,17414
17416,9192.0,32299.0,17415
17417,9192.0,31809.0,17416
17418,9192.0,31577.0,17417
17419,9192.0,31011.0,17418
17420,9192.0,30911.0,17419
17421,9192.0,30736.0,17420
17422,9192.0,30347.0,17421
17423,9192.0,30332.0,17422
17424,9192.0,30132.0,17423
17425,9192.0,30125.0,17424
17426,9192.0,30136.0,17425
17427,9192.0,30079.0,17426
17428,9192.0,30270.0,17427
17429,9192.0,30165.0,17428
17430,9192.0,30182.0,17429
17431,9192.0,31221.0,17430
17432,9192.0,31195.0,17431
17433,9192.0,31224.0,17432
17434,9192.0,30954.0,17433
17435,9192.0,30128.0,17434
17436,9192.0,30279.0,17435
17437,9192.0,30212.0,17436
17438,9192.0,30195.0,17437
17439,9192.0,30127.0,17438
17440,9192.0,29811.0,17439
17441,9192.0,30138.0,17440
17442,9192.0,30075.0,17441
17443,9192.0,29631.0,17442
17444,9192.0,29624.0,17443
17445,9192.0,29743.0,17444
17446,9192.0,30252.0,17445
17447,9192.0,29975.0,17446
17448,9192.0,30475.0,17447
17449,9192.0,30540.0,17448
17450,9192.0,30013.0,17449
17451,9192.0,29976.0,17450
17452,9192.0,30678.0,17451
17453,9192.0,29976.0,17452
17454,9192.0,30578.0,17453
17455,9192.0,29943.0,17454
17456,9192.0,30595.0,17455
17457,9192.0,30428.0,17456
17458,9192.0,30552.0,17457
17459,9192.0,29951.0,17458
17460,9192.0,29952.0,17459
17461,9192.0,30255.0,17460
17462,9192.0,29819.0,17461
17463,9192.0,29819.0,17462
17464,9192.0,29849.0,17463
17465,9192.0,29897.0,17464
17466,9192.0,28612.0,17465
17467,9192.0,27719.0,17466
17468,9192.0,27559.0,17467
17469,9192.0,27892.0,17468
17470,9192.0,27877.0,17469
17471,9192.0,28859.0,17470
17472,9192.0,29865.0,17471
17473,9192.0,29768.0,17472
17474,9192.0,30697.0,17473
17475,9192.0,30059.0,17474
17476,9192.0,29873.0,17475
17477,9192.0,30017.0,17476
17478,9192.0,30154.0,17477
17479,9192.0,30306.0,17478
17480,9192.0,30091.0,17479
17481,9192.0,30847.0,17480
17482,9192.0,29511.0,17481
17483,9192.0,29724.0,17482
17484,9192.0,29930.0,17483
17485,9192.0,30145.0,17484
17486,9192.0,30350.0,17485
17487,9192.0,31055.0,17486
17488,9192.0,30909.0,17487
17489,9192.0,30505.0,17488
17490,9192.0,29952.0,17489
17491,9192.0,29766.0,17490
17492,9192.0,29435.0,17491
17493,9192.0,29569.0,17492
17494,9192.0,29569.0,17493
17495,9192.0,29042.0,17494
17496,9192.0,28285.0,17495
17497,9192.0,28547.0,17496
17498,9192.0,28497.0,17497
17499,9192.0,28753.0,17498
17500,9192.0,30912.0,17499
17501,9192.0,30908.0,17500
17502,9192.0,31109.0,17501
17503,9192.0,30945.0,17502
17504,9192.0,30926.0,17503
17505,9192.0,31546.0,17504
17506,9192.0,31956.0,17505
17507,9192.0,31049.0,17506
17508,9192.0,31136.0,17507
17509,9192.0,31177.0,17508
17510,9192.0,31199.0,17509
17511,9192.0,31007.0,17510
17512,9192.0,30769.0,17511
17513,9192.0,30628.0,17512
17514,9192.0,30628.0,17513
17515,9192.0,30504.0,17514
17516,9192.0,30607.0,17515
17517,9192.0,30607.0,17516
17518,9192.0,30607.0,17517
17519,9192.0,30578.0,17518
17520,9192.0,30581.0,17519
17521,9192.0,30679.0,17520
17522,9192.0,30299.0,17521
17523,9192.0,30730.0,17522
17524,9192.0,30540.0,17523
17525,9192.0,29538.0,17524
17526,9192.0,28904.0,17525
17527,9192.0,29180.0,17526
17528,9192.0,28808.0,17527
17529,9192.0,28551.0,17528
17530,9192.0,27372.0,17529
17531,9192.0,27061.0,17530
17532,9192.0,27642.0,17531
17533,9192.0,27147.0,17532
17534,9192.0,27068.0,17533
17535,9192.0,27611.0,17534
17536,9192.0,27520.0,17535
17537,9192.0,26922.0,17536
17538,9192.0,28278.0,17537
17539,9192.0,28040.0,17538
17540,9192.0,28287.0,17539
17541,9192.0,28287.0,17540
17542,9192.0,28547.0,17541
17543,9192.0,28554.0,17542
17544,9192.0,28554.0,17543
17545,9192.0,28611.0,17544
17546,9192.0,28444.0,17545
17547,9192.0,28575.0,17546
17548,9192.0,28653.0,17547
17549,9192.0,28329.0,17548
17550,9192.0,28804.0,17549
17551,9192.0,28437.0,17550
17552,9192.0,28162.0,17551
17553,9192.0,29388.0,17552
17554,9192.0,29308.0,17553
17555,9192.0,29351.0,17554
17556,9192.0,29767.0,17555
17557,9192.0,30112.0,17556
17558,9192.0,30054.0,17557
17559,9192.0,30013.0,17558
17560,9192.0,28982.0,17559
17561,9192.0,28957.0,17560
17562,9192.0,27249.0,17561
17563,9192.0,27169.0,17562
17564,9192.0,27435.0,17563
17565,9192.0,27174.0,17564
17566,9192.0,27007.0,17565
17567,9192.0,27001.0,17566
17568,9192.0,27000.0,17567
17569,9192.0,27000.0,17568
17570,9192.0,27225.0,17569
17571,9192.0,27690.0,17570
17572,9192.0,27690.0,17571
17573,9192.0,27934.0,17572
17574,9192.0,27934.0,17573
17575,9192.0,28094.0,17574
17576,9192.0,27906.0,17575
17577,9192.0,27792.0,17576
17578,9192.0,27801.0,17577
17579,9192.0,27767.0,17578
17580,9192.0,28526.0,17579
17581,9192.0,28261.0,17580
17582,9192.0,28745.0,17581
17583,9192.0,28433.0,17582
17584,9192.0,28187.0,17583
17585,9192.0,28360.0,17584
17586,9192.0,27601.0,17585
17587,9192.0,29213.0,17586
17588,9192.0,29075.0,17587
17589,9192.0,30003.0,17588
17590,9192.0,30003.0,17589
17591,9192.0,30174.0,17590
17592,9192.0,29874.0,17591
17593,9192.0,30052.0,17592
17594,9192.0,30049.0,17593
17595,9192.0,30036.0,17594
17596,9192.0,29965.0,17595
17597,9192.0,30151.0,17596
17598,9192.0,30151.0,17597
17599,9192.0,29323.0,17598
17600,9192.0,30108.0,17599
17601,9192.0,31260.0,17600
17602,9192.0,31758.0,17601
17603,9192.0,31586.0,17602
17604,9192.0,31516.0,17603
17605,9192.0,31403.0,17604
17606,9192.0,31790.0,17605
17607,9192.0,31790.0,17606
17608,9192.0,30775.0,17607
17609,9192.0,30775.0,17608
17610,9192.0,30558.0,17609
17611,9192.0,30071.0,17610
17612,9192.0,30071.0,17611
17613,9192.0,29427.0,17612
17614,9192.0,29495.0,17613
17615,9192.0,30352.0,17614
17616,9192.0,29339.0,17615
17617,9192.0,29674.0,17616
17618,9192.0,29592.0,17617
17619,9192.0,29686.0,17618
17620,9192.0,30514.0,17619
17621,9192.0,30150.0,17620
17622,9192.0,29171.0,17621
17623,9192.0,28729.0,17622
17624,9192.0,28661.0,17623
17625,9192.0,28097.0,17624
17626,9192.0,27563.0,17625
17627,9192.0,28813.0,17626
17628,9192.0,28766.0,17627
17629,9192.0,28068.0,17628
17630,9192.0,28068.0,17629
17631,9192.0,27925.0,17630
17632,9192.0,26821.0,17631
17633,9192.0,27124.0,17632
17634,9192.0,27124.0,17633
17635,9192.0,26526.0,17634
17636,9192.0,25757.0,17635
17637,9192.0,25934.0,17636
17638,9192.0,25826.0,17637
17639,9192.0,25826.0,17638
17640,9192.0,25809.0,17639
17641,9192.0,26104.0,17640
17642,9192.0,26104.0,17641
17643,9192.0,26153.0,17642
17644,9192.0,26082.0,17643
17645,9192.0,25470.0,17644
17646,9192.0,24505.0,17645
17647,9192.0,25127.0,17646
17648,9192.0,25137.0,17647
17649,9192.0,26024.0,17648
17650,9192.0,25774.0,17649
17651,9192.0,25779.0,17650
17652,9192.0,26055.0,17651
17653,9192.0,26055.0,17652
17654,9192.0,25975.0,17653
17655,9192.0,26496.0,17654
17656,9192.0,26713.0,17655
17657,9192.0,27300.0,17656
17658,9192.0,27380.0,17657
17659,9192.0,27319.0,17658
17660,9192.0,27132.0,17659
17661,9192.0,26773.0,17660
17662,9192.0,26708.0,17661
17663,9192.0,26681.0,17662
17664,9192.0,27119.0,17663
17665,9192.0,27082.0,17664
17666,9192.0,26286.0,17665
17667,9192.0,25719.0,17666
17668,9192.0,25746.0,17667
17669,9192.0,25631.0,17668
17670,9192.0,25232.0,17669
17671,9192.0,25482.0,17670
17672,9192.0,25245.0,17671
17673,9192.0,25451.0,17672
17674,9192.0,26658.0,17673
17675,9192.0,26099.0,17674
17676,9192.0,26099.0,17675
17677,9192.0,26099.0,17676
17678,9192.0,26099.0,17677
17679,9192.0,26185.0,17678
17680,9192.0,26179.0,17679
17681,9192.0,25916.0,17680
17682,9192.0,25894.0,17681
17683,9192.0,26101.0,17682
17684,9192.0,29099.0,17683
17685,9192.0,29088.0,17684
17686,9192.0,28314.0,17685
17687,9192.0,28272.0,17686
17688,9192.0,28136.0,17687
17689,9192.0,26995.0,17688
17690,9192.0,27488.0,17689
17691,9192.0,27895.0,17690
17692,9192.0,28015.0,17691
17693,9192.0,28358.0,17692
17694,9192.0,28588.0,17693
17695,9192.0,28588.0,17694
17696,9192.0,28588.0,17695
17697,9192.0,27921.0,17696
17698,9192.0,29164.0,17697
17699,9192.0,29433.0,17698
17700,9192.0,29410.0,17699
17701,9192.0,29438.0,17700
17702,9192.0,29667.0,17701
17703,9192.0,29537.0,17702
17704,9192.0,29700.0,17703
17705,9192.0,29318.0,17704
17706,9192.0,29629.0,17705
17707,9192.0,29391.0,17706
17708,9192.0,29384.0,17707
17709,9192.0,29239.0,17708
17710,9192.0,29277.0,17709
17711,9192.0,29283.0,17710
17712,9192.0,29447.0,17711
17713,9192.0,27915.0,17712
17714,9192.0,27928.0,17713
17715,9192.0,27273.0,17714
17716,9192.0,27146.0,17715
17717,9192.0,27349.0,17716
17718,9192.0,27714.0,17717
17719,9192.0,28025.0,17718
17720,9192.0,27324.0,17719
17721,9192.0,27917.0,17720
17722,9192.0,27795.0,17721
17723,9192.0,27630.0,17722
17724,9192.0,27629.0,17723
17725,9192.0,27752.0,17724
17726,9192.0,27690.0,17725
17727,9192.0,27729.0,17726
17728,9192.0,27681.0,17727
17729,9192.0,27757.0,17728
17730,9192.0,27393.0,17729
17731,9192.0,27393.0,17730
17732,9192.0,28033.0,17731
17733,9192.0,28011.0,17732
17734,9192.0,27963.0,17733
17735,9192.0,27888.0,17734
17736,9192.0,27916.0,17735
17737,9192.0,28090.0,17736
17738,9192.0,28172.0,17737
17739,9192.0,28203.0,17738
17740,9192.0,28135.0,17739
17741,9192.0,28246.0,17740
17742,9192.0,28246.0,17741
17743,9192.0,28244.0,17742
17744,9192.0,28264.0,17743
17745,9192.0,27536.0,17744
17746,9192.0,27135.0,17745
17747,9192.0,28607.0,17746
17748,9192.0,27862.0,17747
17749,9192.0,28563.0,17748
17750,9192.0,28821.0,17749
17751,9192.0,29590.0,17750
17752,9192.0,29847.0,17751
17753,9192.0,27751.0,17752
17754,9192.0,27768.0,17753
17755,9192.0,29032.0,17754
17756,9192.0,29032.0,17755
17757,9192.0,29240.0,17756
17758,9192.0,28644.0,17757
17759,9192.0,28765.0,17758
17760,9192.0,28813.0,17759
17761,9192.0,28782.0,17760
17762,9192.0,29216.0,17761
17763,9192.0,30303.0,17762
17764,9192.0,31026.0,17763
17765,9192.0,30865.0,17764
17766,9192.0,30787.0,17765
17767,9192.0,30575.0,17766
17768,9192.0,31299.0,17767
17769,9192.0,31485.0,17768
17770,9192.0,31306.0,17769
17771,9192.0,30280.0,17770
17772,9192.0,30019.0,17771
17773,9192.0,30832.0,17772
17774,9192.0,30799.0,17773
17775,9192.0,30940.0,17774
17776,9192.0,30993.0,17775
17777,9192.0,30982.0,17776
17778,9192.0,31044.0,17777
17779,9192.0,29945.0,17778
17780,9192.0,29980.0,17779
17781,9192.0,30063.0,17780
17782,9192.0,29998.0,17781
17783,9192.0,29940.0,17782
17784,9192.0,30099.0,17783
17785,9192.0,29967.0,17784
17786,9192.0,31636.0,17785
17787,9192.0,29561.0,17786
17788,9192.0,29553.0,17787
17789,9192.0,28996.0,17788
17790,9192.0,28947.0,17789
17791,9192.0,28542.0,17790
17792,9192.0,28687.0,17791
17793,9192.0,28687.0,17792
17794,9192.0,28845.0,17793
17795,9192.0,29382.0,17794
17796,9192.0,29382.0,17795
17797,9192.0,29594.0,17796
17798,9192.0,29439.0,17797
17799,9192.0,29439.0,17798
17800,9192.0,29354.0,17799
17801,9192.0,28195.0,17800
17802,9192.0,28050.0,17801
17803,9192.0,28154.0,17802
17804,9192.0,28344.0,17803
17805,9192.0,28057.0,17804
17806,9192.0,27992.0,17805
17807,9192.0,29140.0,17806
17808,9192.0,29688.0,17807
17809,9192.0,30831.0,17808
17810,9192.0,30892.0,17809
17811,9192.0,30869.0,17810
17812,9192.0,30292.0,17811
17813,9192.0,29901.0,17812
17814,9192.0,30550.0,17813
17815,9192.0,29565.0,17814
17816,9192.0,28940.0,17815
17817,9192.0,29543.0,17816
17818,9192.0,29635.0,17817
17819,9192.0,29732.0,17818
17820,9192.0,29789.0,17819
17821,9192.0,29786.0,17820
17822,9192.0,29952.0,17821
17823,9192.0,29539.0,17822
17824,9192.0,29393.0,17823
17825,9192.0,29388.0,17824
17826,9192.0,29745.0,17825
17827,9192.0,29926.0,17826
17828,9192.0,29395.0,17827
17829,9192.0,29502.0,17828
17830,9192.0,29918.0,17829
17831,9192.0,29889.0,17830
17832,9192.0,31029.0,17831
17833,9192.0,29670.0,17832
17834,9192.0,31146.0,17833
17835,9192.0,31487.0,17834
17836,9192.0,31017.0,17835
17837,9192.0,30306.0,17836
17838,9192.0,29997.0,17837
17839,9192.0,28972.0,17838
17840,9192.0,28769.0,17839
17841,9192.0,29121.0,17840
17842,9192.0,29116.0,17841
17843,9192.0,29247.0,17842
17844,9192.0,29280.0,17843
17845,9192.0,29477.0,17844
17846,9192.0,30010.0,17845
17847,9192.0,29872.0,17846
17848,9192.0,29861.0,17847
17849,9192.0,29646.0,17848
17850,9192.0,27258.0,17849
17851,9192.0,27258.0,17850
17852,9192.0,27527.0,17851
17853,9192.0,28252.0,17852
17854,9192.0,27489.0,17853
17855,9192.0,27489.0,17854
17856,9192.0,27640.0,17855
17857,9192.0,28452.0,17856
17858,9192.0,28452.0,17857
17859,9192.0,27760.0,17858
17860,9192.0,27876.0,17859
17861,9192.0,27599.0,17860
17862,9192.0,26916.0,17861
17863,9192.0,26726.0,17862
17864,9192.0,26726.0,17863
17865,9192.0,26963.0,17864
17866,9192.0,27103.0,17865
17867,9192.0,28897.0,17866
17868,9192.0,27471.0,17867
17869,9192.0,27453.0,17868
17870,9192.0,27467.0,17869
17871,9192.0,27967.0,17870
17872,9192.0,28494.0,17871
17873,9192.0,28681.0,17872
17874,9192.0,28538.0,17873
17875,9192.0,28563.0,17874
17876,9192.0,28505.0,17875
17877,9192.0,28149.0,17876
17878,9192.0,28110.0,17877
17879,9192.0,27914.0,17878
17880,9192.0,27683.0,17879
17881,9192.0,27906.0,17880
17882,9192.0,27681.0,17881
17883,9192.0,27692.0,17882
17884,9192.0,27948.0,17883
17885,9192.0,28131.0,17884
17886,9192.0,28098.0,17885
17887,9192.0,28098.0,17886
17888,9192.0,28143.0,17887
17889,9192.0,28605.0,17888
17890,9192.0,28605.0,17889
17891,9192.0,29332.0,17890
17892,9192.0,28985.0,17891
17893,9192.0,28650.0,17892
17894,9192.0,28220.0,17893
17895,9192.0,27562.0,17894
17896,9192.0,27710.0,17895
17897,9192.0,27574.0,17896
17898,9192.0,27912.0,17897
17899,9192.0,27461.0,17898
17900,9192.0,27353.0,17899
17901,9192.0,27209.0,17900
17902,9192.0,27136.0,17901
17903,9192.0,26532.0,17902
17904,9192.0,26534.0,17903
17905,9192.0,26323.0,17904
17906,9192.0,26544.0,17905
17907,9192.0,27380.0,17906
17908,9192.0,26737.0,17907
17909,9192.0,26692.0,17908
17910,9192.0,26695.0,17909
17911,9192.0,26448.0,17910
17912,9192.0,26544.0,17911
17913,9192.0,26116.0,17912
17914,9192.0,26889.0,17913
17915,9192.0,26889.0,17914
17916,9192.0,26889.0,17915
17917,9192.0,26875.0,17916
17918,9192.0,26185.0,17917
17919,9192.0,27390.0,17918
17920,9192.0,26282.0,17919
17921,9192.0,26516.0,17920
17922,9192.0,25888.0,17921
17923,9192.0,26713.0,17922
17924,9192.0,28307.0,17923
17925,9192.0,28319.0,17924
17926,9192.0,28504.0,17925
17927,9192.0,28758.0,17926
17928,9192.0,29978.0,17927
17929,9192.0,29154.0,17928
17930,9192.0,29591.0,17929
17931,9192.0,29405.0,17930
17932,9192.0,29405.0,17931
17933,9192.0,29853.0,17932
17934,9192.0,29874.0,17933
17935,9192.0,29556.0,17934
17936,9192.0,30282.0,17935
17937,9192.0,29412.0,17936
17938,9192.0,29649.0,17937
17939,9192.0,28956.0,17938
17940,9192.0,28956.0,17939
17941,9192.0,28689.0,17940
17942,9192.0,28960.0,17941
17943,9192.0,28500.0,17942
17944,9192.0,28129.0,17943
17945,9192.0,28680.0,17944
17946,9192.0,28556.0,17945
17947,9192.0,28477.0,17946
17948,9192.0,28688.0,17947
17949,9192.0,28698.0,17948
17950,9192.0,28719.0,17949
17951,9192.0,28719.0,17950
17952,9192.0,29347.0,17951
17953,9192.0,29180.0,17952
17954,9192.0,28988.0,17953
17955,9192.0,28988.0,17954
17956,9192.0,29561.0,17955
17957,9192.0,29509.0,17956
17958,9192.0,29553.0,17957
17959,9192.0,29557.0,17958
17960,9192.0,29560.0,17959
17961,9192.0,29595.0,17960
17962,9192.0,29788.0,17961
17963,9192.0,29681.0,17962
17964,9192.0,30054.0,17963
17965,9192.0,30047.0,17964
17966,9192.0,30095.0,17965
17967,9192.0,30295.0,17966
17968,9192.0,30151.0,17967
17969,9192.0,29398.0,17968
17970,9192.0,29318.0,17969
17971,9192.0,28978.0,17970
17972,9192.0,29066.0,17971
17973,9192.0,29211.0,17972
17974,9192.0,29211.0,17973
17975,9192.0,29012.0,17974
17976,9192.0,29079.0,17975
17977,9192.0,28836.0,17976
17978,9192.0,30342.0,17977
17979,9192.0,30262.0,17978
17980,9192.0,30291.0,17979
17981,9192.0,29901.0,17980
17982,9192.0,29783.0,17981
17983,9192.0,29565.0,17982
17984,9192.0,29309.0,17983
17985,9192.0,29317.0,17984
17986,9192.0,29203.0,17985
17987,9192.0,29365.0,17986
17988,9192.0,29758.0,17987
17989,9192.0,29947.0,17988
17990,9192.0,30837.0,17989
17991,9192.0,31445.0,17990
17992,9192.0,31753.0,17991
17993,9192.0,31753.0,17992
17994,9192.0,31616.0,17993
17995,9192.0,31840.0,17994
17996,9192.0,31663.0,17995
17997,9192.0,31132.0,17996
17998,9192.0,30408.0,17997
17999,9192.0,30604.0,17998
18000,9192.0,30763.0,17999
18001,9192.0,29993.0,18000
18002,9192.0,29993.0,18001
18003,9192.0,29871.0,18002
18004,9192.0,29774.0,18003
18005,9192.0,29859.0,18004
18006,9192.0,29924.0,18005
18007,9192.0,29748.0,18006
18008,9192.0,30049.0,18007
18009,9192.0,30151.0,18008
18010,9192.0,30059.0,18009
18011,9192.0,30176.0,18010
18012,9192.0,29935.0,18011
18013,9192.0,29939.0,18012
18014,9192.0,29898.0,18013
18015,9192.0,29831.0,18014
18016,9192.0,29912.0,18015
18017,9192.0,29918.0,18016
18018,9192.0,29120.0,18017
18019,9192.0,29441.0,18018
18020,9192.0,29557.0,18019
18021,9192.0,29728.0,18020
18022,9192.0,29454.0,18021
18023,9192.0,26998.0,18022
18024,9192.0,27240.0,18023
18025,9192.0,26879.0,18024
18026,9192.0,26666.0,18025
18027,9192.0,26595.0,18026
18028,9192.0,26762.0,18027
18029,9192.0,26112.0,18028
18030,9192.0,26007.0,18029
18031,9192.0,25984.0,18030
18032,9192.0,25958.0,18031
18033,9192.0,26405.0,18032
18034,9192.0,25888.0,18033
18035,9192.0,26111.0,18034
18036,9192.0,27058.0,18035
18037,9192.0,26403.0,18036
18038,9192.0,25668.0,18037
18039,9192.0,25957.0,18038
18040,9192.0,26737.0,18039
18041,9192.0,26589.0,18040
18042,9192.0,26738.0,18041
18043,9192.0,26725.0,18042
18044,9192.0,26730.0,18043
18045,9192.0,27855.0,18044
18046,9192.0,28481.0,18045
18047,9192.0,28359.0,18046
18048,9192.0,28902.0,18047
18049,9192.0,29042.0,18048
18050,9192.0,28891.0,18049
18051,9192.0,28891.0,18050
18052,9192.0,28457.0,18051
18053,9192.0,29402.0,18052
18054,9192.0,29645.0,18053
18055,9192.0,29773.0,18054
18056,9192.0,29828.0,18055
18057,9192.0,29577.0,18056
18058,9192.0,29885.0,18057
18059,9192.0,29954.0,18058
18060,9192.0,29947.0,18059
18061,9192.0,30375.0,18060
18062,9192.0,30405.0,18061
18063,9192.0,29646.0,18062
18064,9192.0,29932.0,18063
18065,9192.0,29932.0,18064
18066,9192.0,29637.0,18065
18067,9192.0,30037.0,18066
18068,9192.0,30249.0,18067
18069,9192.0,30868.0,18068
18070,9192.0,30893.0,18069
18071,9192.0,30893.0,18070
18072,9192.0,31398.0,18071
18073,9192.0,31586.0,18072
18074,9192.0,31096.0,18073
18075,9192.0,31440.0,18074
18076,9192.0,31619.0,18075
18077,9192.0,31906.0,18076
18078,9192.0,31938.0,18077
18079,9192.0,31945.0,18078
18080,9192.0,32606.0,18079
18081,9192.0,32277.0,18080
18082,9192.0,32817.0,18081
18083,9192.0,32515.0,18082
18084,9192.0,31946.0,18083
18085,9192.0,31964.0,18084
18086,9192.0,31109.0,18085
18087,9192.0,31588.0,18086
18088,9192.0,31640.0,18087
18089,9192.0,31569.0,18088
18090,9192.0,30936.0,18089
18091,9192.0,30628.0,18090
18092,9192.0,31033.0,18091
18093,9192.0,31033.0,18092
18094,9192.0,30618.0,18093
18095,9192.0,31193.0,18094
18096,9192.0,30872.0,18095
18097,9192.0,30949.0,18096
18098,9192.0,30823.0,18097
18099,9192.0,30832.0,18098
18100,9192.0,30935.0,18099
18101,9192.0,30698.0,18100
18102,9192.0,30819.0,18101
18103,9192.0,31151.0,18102
18104,9192.0,31057.0,18103
18105,9192.0,31276.0,18104
18106,9192.0,31373.0,18105
18107,9192.0,31390.0,18106
18108,9192.0,31170.0,18107
18109,9192.0,31229.0,18108
18110,9192.0,31086.0,18109
18111,9192.0,29927.0,18110
18112,9192.0,29723.0,18111
18113,9192.0,29201.0,18112
18114,9192.0,28642.0,18113
18115,9192.0,28636.0,18114
18116,9192.0,29278.0,18115
18117,9192.0,29228.0,18116
18118,9192.0,29648.0,18117
18119,9192.0,28954.0,18118
18120,9192.0,28906.0,18119
18121,9192.0,28906.0,18120
18122,9192.0,30092.0,18121
18123,9192.0,29403.0,18122
18124,9192.0,29438.0,18123
18125,9192.0,28504.0,18124
18126,9192.0,28209.0,18125
18127,9192.0,28685.0,18126
18128,9192.0,28655.0,18127
18129,9192.0,28173.0,18128
18130,9192.0,28104.0,18129
18131,9192.0,27833.0,18130
18132,9192.0,27954.0,18131
18133,9192.0,28124.0,18132
18134,9192.0,28120.0,18133
18135,9192.0,29465.0,18134
18136,9192.0,29590.0,18135
18137,9192.0,29135.0,18136
18138,9192.0,29045.0,18137
18139,9192.0,29567.0,18138
18140,9192.0,29567.0,18139
18141,9192.0,29567.0,18140
18142,9192.0,29448.0,18141
18143,9192.0,30447.0,18142
18144,9192.0,30549.0,18143
18145,9192.0,30475.0,18144
18146,9192.0,30388.0,18145
18147,9192.0,30536.0,18146
18148,9192.0,30570.0,18147
18149,9192.0,31265.0,18148
18150,9192.0,31236.0,18149
18151,9192.0,30507.0,18150
18152,9192.0,30613.0,18151
18153,9192.0,30547.0,18152
18154,9192.0,30666.0,18153
18155,9192.0,30418.0,18154
18156,9192.0,29916.0,18155
18157,9192.0,29248.0,18156
18158,9192.0,28459.0,18157
18159,9192.0,28459.0,18158
18160,9192.0,28459.0,18159
18161,9192.0,28901.0,18160
18162,9192.0,27961.0,18161
18163,9192.0,28340.0,18162
18164,9192.0,28315.0,18163
18165,9192.0,29048.0,18164
18166,9192.0,29035.0,18165
18167,9192.0,28998.0,18166
18168,9192.0,29247.0,18167
18169,9192.0,28790.0,18168
18170,9192.0,28345.0,18169
18171,9192.0,27967.0,18170
18172,9192.0,28822.0,18171
18173,9192.0,29194.0,18172
18174,9192.0,28818.0,18173
18175,9192.0,28720.0,18174
18176,9192.0,28781.0,18175
18177,9192.0,28494.0,18176
18178,9192.0,28518.0,18177
18179,9192.0,28564.0,18178
18180,9192.0,28740.0,18179
18181,9192.0,29572.0,18180
18182,9192.0,29855.0,18181
18183,9192.0,29969.0,18182
18184,9192.0,29944.0,18183
18185,9192.0,29832.0,18184
18186,9192.0,28864.0,18185
18187,9192.0,28698.0,18186
18188,9192.0,28835.0,18187
18189,9192.0,27662.0,18188
18190,9192.0,27653.0,18189
18191,9192.0,28354.0,18190
18192,9192.0,29635.0,18191
18193,9192.0,29964.0,18192
18194,9192.0,29946.0,18193
18195,9192.0,29633.0,18194
18196,9192.0,28261.0,18195
18197,9192.0,28498.0,18196
18198,9192.0,28062.0,18197
18199,9192.0,28111.0,18198
18200,9192.0,28254.0,18199
18201,9192.0,28363.0,18200
18202,9192.0,28201.0,18201
18203,9192.0,28201.0,18202
18204,9192.0,28993.0,18203
18205,9192.0,28956.0,18204
18206,9192.0,29027.0,18205
18207,9192.0,28836.0,18206
18208,9192.0,28836.0,18207
18209,9192.0,28729.0,18208
18210,9192.0,28457.0,18209
18211,9192.0,27898.0,18210
18212,9192.0,27954.0,18211
18213,9192.0,28532.0,18212
18214,9192.0,28424.0,18213
18215,9192.0,28415.0,18214
18216,9192.0,28223.0,18215
18217,9192.0,28108.0,18216
18218,9192.0,27927.0,18217
18219,9192.0,27563.0,18218
18220,9192.0,28217.0,18219
18221,9192.0,28032.0,18220
18222,9192.0,27838.0,18221
18223,9192.0,27877.0,18222
18224,9192.0,27798.0,18223
18225,9192.0,26927.0,18224
18226,9192.0,26153.0,18225
18227,9192.0,26181.0,18226
18228,9192.0,25774.0,18227
18229,9192.0,26620.0,18228
18230,9192.0,26730.0,18229
18231,9192.0,26900.0,18230
18232,9192.0,27275.0,18231
18233,9192.0,27279.0,18232
18234,9192.0,27221.0,18233
18235,9192.0,27122.0,18234
18236,9192.0,27208.0,18235
18237,9192.0,27222.0,18236
18238,9192.0,27274.0,18237
18239,9192.0,27169.0,18238
18240,9192.0,26344.0,18239
18241,9192.0,26332.0,18240
18242,9192.0,26332.0,18241
18243,9192.0,26873.0,18242
18244,9192.0,27541.0,18243
18245,9192.0,27460.0,18244
18246,9192.0,28925.0,18245
18247,9192.0,28996.0,18246
18248,9192.0,28996.0,18247
18249,9192.0,28753.0,18248
18250,9192.0,28818.0,18249
18251,9192.0,27997.0,18250
18252,9192.0,27641.0,18251
18253,9192.0,27641.0,18252
18254,9192.0,27598.0,18253
18255,9192.0,27378.0,18254
18256,9192.0,27746.0,18255
18257,9192.0,27746.0,18256
18258,9192.0,28029.0,18257
18259,9192.0,28049.0,18258
18260,9192.0,28236.0,18259
18261,9192.0,29019.0,18260
18262,9192.0,28889.0,18261
18263,9192.0,28858.0,18262
18264,9192.0,29052.0,18263
18265,9192.0,29052.0,18264
18266,9192.0,28850.0,18265
18267,9192.0,29162.0,18266
18268,9192.0,29097.0,18267
18269,9192.0,29070.0,18268
18270,9192.0,29306.0,18269
18271,9192.0,29614.0,18270
18272,9192.0,28878.0,18271
18273,9192.0,29291.0,18272
18274,9192.0,29538.0,18273
18275,9192.0,29728.0,18274
18276,9192.0,29448.0,18275
18277,9192.0,30409.0,18276
18278,9192.0,30603.0,18277
18279,9192.0,30450.0,18278
18280,9192.0,30346.0,18279
18281,9192.0,30337.0,18280
18282,9192.0,30337.0,18281
18283,9192.0,29979.0,18282
18284,9192.0,29904.0,18283
18285,9192.0,30224.0,18284
18286,9192.0,30255.0,18285
18287,9192.0,30041.0,18286
18288,9192.0,30041.0,18287
18289,9192.0,30471.0,18288
18290,9192.0,30138.0,18289
18291,9192.0,30138.0,18290
18292,9192.0,30045.0,18291
18293,9192.0,30110.0,18292
18294,9192.0,30196.0,18293
18295,9192.0,29275.0,18294
18296,9192.0,29471.0,18295
18297,9192.0,29378.0,18296
18298,9192.0,29210.0,18297
18299,9192.0,28960.0,18298
18300,9192.0,28938.0,18299
18301,9192.0,29016.0,18300
18302,9192.0,29103.0,18301
18303,9192.0,28889.0,18302
18304,9192.0,28839.0,18303
18305,9192.0,28523.0,18304
18306,9192.0,28707.0,18305
18307,9192.0,29453.0,18306
18308,9192.0,30489.0,18307
18309,9192.0,29093.0,18308
18310,9192.0,29432.0,18309
18311,9192.0,29465.0,18310
18312,9192.0,30646.0,18311
18313,9192.0,30557.0,18312
18314,9192.0,31038.0,18313
18315,9192.0,31038.0,18314
18316,9192.0,30731.0,18315
18317,9192.0,30822.0,18316
18318,9192.0,31123.0,18317
18319,9192.0,30934.0,18318
18320,9192.0,31115.0,18319
18321,9192.0,31855.0,18320
18322,9192.0,31700.0,18321
18323,9192.0,31755.0,18322
18324,9192.0,31670.0,18323
18325,9192.0,31533.0,18324
18326,9192.0,31763.0,18325
18327,9192.0,31622.0,18326
18328,9192.0,31575.0,18327
18329,9192.0,32376.0,18328
18330,9192.0,32390.0,18329
18331,9192.0,32291.0,18330
18332,9192.0,32279.0,18331
18333,9192.0,32287.0,18332
18334,9192.0,32546.0,18333
18335,9192.0,32599.0,18334
18336,9192.0,32582.0,18335
18337,9192.0,31987.0,18336
18338,9192.0,31705.0,18337
18339,9192.0,31588.0,18338
18340,9192.0,31588.0,18339
18341,9192.0,31713.0,18340
18342,9192.0,31932.0,18341
18343,9192.0,32033.0,18342
18344,9192.0,32547.0,18343
18345,9192.0,32682.0,18344
18346,9192.0,32583.0,18345
18347,9192.0,32938.0,18346
18348,9192.0,32985.0,18347
18349,9192.0,33226.0,18348
18350,9192.0,32226.0,18349
18351,9192.0,31920.0,18350
18352,9192.0,31663.0,18351
18353,9192.0,31660.0,18352
18354,9192.0,31128.0,18353
18355,9192.0,31058.0,18354
18356,9192.0,31008.0,18355
18357,9192.0,31061.0,18356
18358,9192.0,30583.0,18357
18359,9192.0,30216.0,18358
18360,9192.0,30216.0,18359
18361,9192.0,29082.0,18360
18362,9192.0,29057.0,18361
18363,9192.0,28949.0,18362
18364,9192.0,29044.0,18363
18365,9192.0,28682.0,18364
18366,9192.0,29273.0,18365
18367,9192.0,29270.0,18366
18368,9192.0,28780.0,18367
18369,9192.0,29236.0,18368
18370,9192.0,27956.0,18369
18371,9192.0,28130.0,18370
18372,9192.0,28484.0,18371
18373,9192.0,28879.0,18372
18374,9192.0,28792.0,18373
18375,9192.0,28801.0,18374
18376,9192.0,29399.0,18375
18377,9192.0,28752.0,18376
18378,9192.0,28710.0,18377
18379,9192.0,28662.0,18378
18380,9192.0,28950.0,18379
18381,9192.0,28152.0,18380
18382,9192.0,28152.0,18381
18383,9192.0,28155.0,18382
18384,9192.0,27835.0,18383
18385,9192.0,27837.0,18384
18386,9192.0,27698.0,18385
18387,9192.0,27980.0,18386
18388,9192.0,28185.0,18387
18389,9192.0,29521.0,18388
18390,9192.0,28646.0,18389
18391,9192.0,28766.0,18390
18392,9192.0,28755.0,18391
18393,9192.0,28475.0,18392
18394,9192.0,27986.0,18393
18395,9192.0,29226.0,18394
18396,9192.0,29212.0,18395
18397,9192.0,29213.0,18396
18398,9192.0,29213.0,18397
18399,9192.0,28995.0,18398
18400,9192.0,28651.0,18399
18401,9192.0,28524.0,18400
18402,9192.0,27870.0,18401
18403,9192.0,27207.0,18402
18404,9192.0,26918.0,18403
18405,9192.0,27154.0,18404
18406,9192.0,27003.0,18405
18407,9192.0,27178.0,18406
18408,9192.0,27668.0,18407
18409,9192.0,27208.0,18408
18410,9192.0,26268.0,18409
18411,9192.0,25990.0,18410
18412,9192.0,26597.0,18411
18413,9192.0,25889.0,18412
18414,9192.0,26018.0,18413
18415,9192.0,26018.0,18414
18416,9192.0,26387.0,18415
18417,9192.0,25834.0,18416
18418,9192.0,25834.0,18417
18419,9192.0,25732.0,18418
18420,9192.0,25715.0,18419
18421,9192.0,25820.0,18420
18422,9192.0,26583.0,18421
18423,9192.0,26611.0,18422
18424,9192.0,26935.0,18423
18425,9192.0,26943.0,18424
18426,9192.0,26714.0,18425
18427,9192.0,27706.0,18426
18428,9192.0,27784.0,18427
18429,9192.0,27933.0,18428
18430,9192.0,27774.0,18429
18431,9192.0,27790.0,18430
18432,9192.0,27805.0,18431
18433,9192.0,28191.0,18432
18434,9192.0,27658.0,18433
18435,9192.0,27773.0,18434
18436,9192.0,27941.0,18435
18437,9192.0,28094.0,18436
18438,9192.0,28612.0,18437
18439,9192.0,29670.0,18438
18440,9192.0,29976.0,18439
18441,9192.0,30019.0,18440
18442,9192.0,30589.0,18441
18443,9192.0,30663.0,18442
18444,9192.0,30661.0,18443
18445,9192.0,30661.0,18444
18446,9192.0,30238.0,18445
18447,9192.0,30670.0,18446
18448,9192.0,30811.0,18447
18449,9192.0,30796.0,18448
18450,9192.0,30866.0,18449
18451,9192.0,31237.0,18450
18452,9192.0,31306.0,18451
18453,9192.0,31169.0,18452
18454,9192.0,31004.0,18453
18455,9192.0,31574.0,18454
18456,9192.0,31444.0,18455
18457,9192.0,31591.0,18456
18458,9192.0,31285.0,18457
18459,9192.0,30918.0,18458
18460,9192.0,31142.0,18459
18461,9192.0,31137.0,18460
18462,9192.0,28804.0,18461
18463,9192.0,29055.0,18462
18464,9192.0,28956.0,18463
18465,9192.0,28975.0,18464
18466,9192.0,29584.0,18465
18467,9192.0,30652.0,18466
18468,9192.0,30872.0,18467
18469,9192.0,30317.0,18468
18470,9192.0,29905.0,18469
18471,9192.0,28992.0,18470
18472,9192.0,28992.0,18471
18473,9192.0,28632.0,18472
18474,9192.0,28935.0,18473
18475,9192.0,28994.0,18474
18476,9192.0,28889.0,18475
18477,9192.0,28893.0,18476
18478,9192.0,28869.0,18477
18479,9192.0,29119.0,18478
18480,9192.0,29105.0,18479
18481,9192.0,29016.0,18480
18482,9192.0,29309.0,18481
18483,9192.0,28044.0,18482
18484,9192.0,28021.0,18483
18485,9192.0,28134.0,18484
18486,9192.0,28129.0,18485
18487,9192.0,28684.0,18486
18488,9192.0,28795.0,18487
18489,9192.0,28808.0,18488
18490,9192.0,28801.0,18489
18491,9192.0,28801.0,18490
18492,9192.0,28384.0,18491
18493,9192.0,27787.0,18492
18494,9192.0,26955.0,18493
18495,9192.0,26816.0,18494
18496,9192.0,27253.0,18495
18497,9192.0,26950.0,18496
18498,9192.0,26950.0,18497
18499,9192.0,27026.0,18498
18500,9192.0,27025.0,18499
18501,9192.0,27124.0,18500
18502,9192.0,27625.0,18501
18503,9192.0,28990.0,18502
18504,9192.0,28973.0,18503
18505,9192.0,28062.0,18504
18506,9192.0,28062.0,18505
18507,9192.0,28023.0,18506
18508,9192.0,28023.0,18507
18509,9192.0,27779.0,18508
18510,9192.0,27029.0,18509
18511,9192.0,27144.0,18510
18512,9192.0,26978.0,18511
18513,9192.0,27625.0,18512
18514,9192.0,27886.0,18513
18515,9192.0,28367.0,18514
18516,9192.0,28867.0,18515
18517,9192.0,29376.0,18516
18518,9192.0,28959.0,18517
18519,9192.0,28895.0,18518
18520,9192.0,29122.0,18519
18521,9192.0,28687.0,18520
18522,9192.0,29138.0,18521
18523,9192.0,29105.0,18522
18524,9192.0,29101.0,18523
18525,9192.0,28999.0,18524
18526,9192.0,28886.0,18525
18527,9192.0,28905.0,18526
18528,9192.0,28885.0,18527
18529,9192.0,29483.0,18528
18530,9192.0,29218.0,18529
18531,9192.0,29183.0,18530
18532,9192.0,29535.0,18531
18533,9192.0,29791.0,18532
18534,9192.0,29779.0,18533
18535,9192.0,29318.0,18534
18536,9192.0,28732.0,18535
18537,9192.0,28679.0,18536
18538,9192.0,28749.0,18537
18539,9192.0,28702.0,18538
18540,9192.0,29640.0,18539
18541,9192.0,29692.0,18540
18542,9192.0,30466.0,18541
18543,9192.0,30584.0,18542
18544,9192.0,30574.0,18543
18545,9192.0,30510.0,18544
18546,9192.0,30107.0,18545
18547,9192.0,30155.0,18546
18548,9192.0,30976.0,18547
18549,9192.0,31405.0,18548
18550,9192.0,31818.0,18549
18551,9192.0,31571.0,18550
18552,9192.0,31637.0,18551
18553,9192.0,31514.0,18552
18554,9192.0,31388.0,18553
18555,9192.0,31601.0,18554
18556,9192.0,31693.0,18555
18557,9192.0,31507.0,18556
18558,9192.0,31326.0,18557
18559,9192.0,30802.0,18558
18560,9192.0,30902.0,18559
18561,9192.0,29858.0,18560
18562,9192.0,29829.0,18561
18563,9192.0,29973.0,18562
18564,9192.0,29676.0,18563
18565,9192.0,29312.0,18564
18566,9192.0,29169.0,18565
18567,9192.0,29248.0,18566
18568,9192.0,29496.0,18567
18569,9192.0,29496.0,18568
18570,9192.0,28083.0,18569
18571,9192.0,27063.0,18570
18572,9192.0,27599.0,18571
18573,9192.0,27036.0,18572
18574,9192.0,27026.0,18573
18575,9192.0,27026.0,18574
18576,9192.0,26840.0,18575
18577,9192.0,27400.0,18576
18578,9192.0,28073.0,18577
18579,9192.0,28146.0,18578
18580,9192.0,27970.0,18579
18581,9192.0,28478.0,18580
18582,9192.0,28452.0,18581
18583,9192.0,28789.0,18582
18584,9192.0,28927.0,18583
18585,9192.0,28719.0,18584
18586,9192.0,28697.0,18585
18587,9192.0,27788.0,18586
18588,9192.0,27757.0,18587
18589,9192.0,27865.0,18588
18590,9192.0,27418.0,18589
18591,9192.0,27884.0,18590
18592,9192.0,27958.0,18591
18593,9192.0,29964.0,18592
18594,9192.0,29988.0,18593
18595,9192.0,29985.0,18594
18596,9192.0,29300.0,18595
18597,9192.0,29230.0,18596
18598,9192.0,29230.0,18597
18599,9192.0,29312.0,18598
18600,9192.0,29411.0,18599
18601,9192.0,28913.0,18600
18602,9192.0,28890.0,18601
18603,9192.0,28890.0,18602
18604,9192.0,29375.0,18603
18605,9192.0,30105.0,18604
18606,9192.0,29616.0,18605
18607,9192.0,29616.0,18606
18608,9192.0,28888.0,18607
18609,9192.0,28824.0,18608
18610,9192.0,28821.0,18609
18611,9192.0,28527.0,18610
18612,9192.0,28454.0,18611
18613,9192.0,28877.0,18612
18614,9192.0,28842.0,18613
18615,9192.0,28842.0,18614
18616,9192.0,28548.0,18615
18617,9192.0,28598.0,18616
18618,9192.0,28734.0,18617
18619,9192.0,28734.0,18618
18620,9192.0,29018.0,18619
18621,9192.0,29365.0,18620
18622,9192.0,30296.0,18621
18623,9192.0,29883.0,18622
18624,9192.0,29886.0,18623
18625,9192.0,29638.0,18624
18626,9192.0,29855.0,18625
18627,9192.0,29851.0,18626
18628,9192.0,29961.0,18627
18629,9192.0,30152.0,18628
18630,9192.0,29950.0,18629
18631,9192.0,30095.0,18630
18632,9192.0,30095.0,18631
18633,9192.0,29070.0,18632
18634,9192.0,28858.0,18633
18635,9192.0,28978.0,18634
18636,9192.0,30059.0,18635
18637,9192.0,30347.0,18636
18638,9192.0,30905.0,18637
18639,9192.0,30905.0,18638
18640,9192.0,31371.0,18639
18641,9192.0,30201.0,18640
18642,9192.0,30215.0,18641
18643,9192.0,30426.0,18642
18644,9192.0,30505.0,18643
18645,9192.0,30796.0,18644
18646,9192.0,30693.0,18645
18647,9192.0,30685.0,18646
18648,9192.0,30816.0,18647
18649,9192.0,30154.0,18648
18650,9192.0,30325.0,18649
18651,9192.0,28220.0,18650
18652,9192.0,27950.0,18651
18653,9192.0,27879.0,18652
18654,9192.0,27784.0,18653
18655,9192.0,27651.0,18654
18656,9192.0,27585.0,18655
18657,9192.0,27585.0,18656
18658,9192.0,28488.0,18657
18659,9192.0,28605.0,18658
18660,9192.0,28720.0,18659
18661,9192.0,28328.0,18660
18662,9192.0,27492.0,18661
18663,9192.0,27169.0,18662
18664,9192.0,27169.0,18663
18665,9192.0,27566.0,18664
18666,9192.0,28459.0,18665
18667,9192.0,28437.0,18666
18668,9192.0,28437.0,18667
18669,9192.0,28973.0,18668
18670,9192.0,28904.0,18669
18671,9192.0,28949.0,18670
18672,9192.0,28504.0,18671
18673,9192.0,28471.0,18672
18674,9192.0,28471.0,18673
18675,9192.0,28315.0,18674
18676,9192.0,28521.0,18675
18677,9192.0,28601.0,18676
18678,9192.0,28667.0,18677
18679,9192.0,29159.0,18678
18680,9192.0,29463.0,18679
18681,9192.0,29345.0,18680
18682,9192.0,29930.0,18681
18683,9192.0,29017.0,18682
18684,9192.0,28891.0,18683
18685,9192.0,29041.0,18684
18686,9192.0,29217.0,18685
18687,9192.0,29485.0,18686
18688,9192.0,29673.0,18687
18689,9192.0,29795.0,18688
18690,9192.0,29602.0,18689
18691,9192.0,30875.0,18690
18692,9192.0,30855.0,18691
18693,9192.0,31320.0,18692
18694,9192.0,30801.0,18693
18695,9192.0,30301.0,18694
18696,9192.0,31114.0,18695
18697,9192.0,31570.0,18696
18698,9192.0,31453.0,18697
18699,9192.0,31687.0,18698
18700,9192.0,31133.0,18699
18701,9192.0,31144.0,18700
18702,9192.0,31297.0,18701
18703,9192.0,31210.0,18702
18704,9192.0,30108.0,18703
18705,9192.0,30162.0,18704
18706,9192.0,30107.0,18705
18707,9192.0,29900.0,18706
18708,9192.0,29378.0,18707
18709,9192.0,29336.0,18708
18710,9192.0,29056.0,18709
18711,9192.0,29439.0,18710
18712,9192.0,29334.0,18711
18713,9192.0,29321.0,18712
18714,9192.0,29307.0,18713
18715,9192.0,29372.0,18714
18716,9192.0,29900.0,18715
18717,9192.0,30094.0,18716
18718,9192.0,29872.0,18717
18719,9192.0,29904.0,18718
18720,9192.0,29902.0,18719
18721,9192.0,29878.0,18720
18722,9192.0,29128.0,18721
18723,9192.0,29163.0,18722
18724,9192.0,28425.0,18723
18725,9192.0,28222.0,18724
18726,9192.0,28405.0,18725
18727,9192.0,28274.0,18726
18728,9192.0,28661.0,18727
18729,9192.0,28595.0,18728
18730,9192.0,28995.0,18729
18731,9192.0,28938.0,18730
18732,9192.0,28791.0,18731
18733,9192.0,29100.0,18732
18734,9192.0,29163.0,18733
18735,9192.0,29140.0,18734
18736,9192.0,29180.0,18735
18737,9192.0,30359.0,18736
18738,9192.0,30610.0,18737
18739,9192.0,30461.0,18738
18740,9192.0,30363.0,18739
18741,9192.0,30330.0,18740
18742,9192.0,30876.0,18741
18743,9192.0,30583.0,18742
18744,9192.0,31202.0,18743
18745,9192.0,31000.0,18744
18746,9192.0,31351.0,18745
18747,9192.0,32374.0,18746
18748,9192.0,32224.0,18747
18749,9192.0,32620.0,18748
18750,9192.0,32443.0,18749
18751,9192.0,32217.0,18750
18752,9192.0,31956.0,18751
18753,9192.0,32026.0,18752
18754,9192.0,32104.0,18753
18755,9192.0,32523.0,18754
18756,9192.0,32225.0,18755
18757,9192.0,31545.0,18756
18758,9192.0,31514.0,18757
18759,9192.0,31514.0,18758
18760,9192.0,31507.0,18759
18761,9192.0,31507.0,18760
18762,9192.0,31507.0,18761
18763,9192.0,31707.0,18762
18764,9192.0,31722.0,18763
18765,9192.0,31585.0,18764
18766,9192.0,31474.0,18765
18767,9192.0,31521.0,18766
18768,9192.0,31116.0,18767
18769,9192.0,31713.0,18768
18770,9192.0,31861.0,18769
18771,9192.0,31090.0,18770
18772,9192.0,30825.0,18771
18773,9192.0,30042.0,18772
18774,9192.0,31051.0,18773
18775,9192.0,30900.0,18774
18776,9192.0,30998.0,18775
18777,9192.0,30803.0,18776
18778,9192.0,30703.0,18777
18779,9192.0,31387.0,18778
18780,9192.0,32537.0,18779
18781,9192.0,32537.0,18780
18782,9192.0,32772.0,18781
18783,9192.0,32435.0,18782
18784,9192.0,32442.0,18783
18785,9192.0,32282.0,18784
18786,9192.0,32088.0,18785
18787,9192.0,31959.0,18786
18788,9192.0,31743.0,18787
18789,9192.0,31592.0,18788
18790,9192.0,31475.0,18789
18791,9192.0,32226.0,18790
18792,9192.0,31514.0,18791
18793,9192.0,31927.0,18792
18794,9192.0,31524.0,18793
18795,9192.0,31475.0,18794
18796,9192.0,31565.0,18795
18797,9192.0,31682.0,18796
18798,9192.0,31957.0,18797
18799,9192.0,31952.0,18798
18800,9192.0,31899.0,18799
18801,9192.0,31997.0,18800
18802,9192.0,30001.0,18801
18803,9192.0,30126.0,18802
18804,9192.0,30190.0,18803
18805,9192.0,30571.0,18804
18806,9192.0,30431.0,18805
18807,9192.0,30416.0,18806
18808,9192.0,31091.0,18807
18809,9192.0,31091.0,18808
18810,9192.0,31099.0,18809
18811,9192.0,32141.0,18810
18812,9192.0,32141.0,18811
18813,9192.0,31994.0,18812
18814,9192.0,31688.0,18813
18815,9192.0,31857.0,18814
18816,9192.0,32120.0,18815
18817,9192.0,32545.0,18816
18818,9192.0,32444.0,18817
18819,9192.0,32313.0,18818
18820,9192.0,32114.0,18819
18821,9192.0,32121.0,18820
18822,9192.0,32330.0,18821
18823,9192.0,31992.0,18822
18824,9192.0,31908.0,18823
18825,9192.0,31570.0,18824
18826,9192.0,30748.0,18825
18827,9192.0,30982.0,18826
18828,9192.0,31168.0,18827
18829,9192.0,31367.0,18828
18830,9192.0,31376.0,18829
18831,9192.0,31420.0,18830
18832,9192.0,30890.0,18831
18833,9192.0,30879.0,18832
18834,9192.0,30328.0,18833
18835,9192.0,30379.0,18834
18836,9192.0,30311.0,18835
18837,9192.0,30160.0,18836
18838,9192.0,30433.0,18837
18839,9192.0,30585.0,18838
18840,9192.0,30635.0,18839
18841,9192.0,31043.0,18840
18842,9192.0,31014.0,18841
18843,9192.0,30642.0,18842
18844,9192.0,30612.0,18843
18845,9192.0,30572.0,18844
18846,9192.0,30553.0,18845
18847,9192.0,30943.0,18846
18848,9192.0,31058.0,18847
18849,9192.0,31055.0,18848
18850,9192.0,30947.0,18849
18851,9192.0,31488.0,18850
18852,9192.0,29656.0,18851
18853,9192.0,29938.0,18852
18854,9192.0,29938.0,18853
18855,9192.0,29889.0,18854
18856,9192.0,29681.0,18855
18857,9192.0,29860.0,18856
18858,9192.0,29874.0,18857
18859,9192.0,29863.0,18858
18860,9192.0,28818.0,18859
18861,9192.0,28809.0,18860
18862,9192.0,28823.0,18861
18863,9192.0,28882.0,18862
18864,9192.0,29938.0,18863
18865,9192.0,29560.0,18864
18866,9192.0,29661.0,18865
18867,9192.0,29492.0,18866
18868,9192.0,29492.0,18867
18869,9192.0,28300.0,18868
18870,9192.0,27126.0,18869
18871,9192.0,27417.0,18870
18872,9192.0,27438.0,18871
18873,9192.0,27438.0,18872
18874,9192.0,28050.0,18873
18875,9192.0,27879.0,18874
18876,9192.0,27879.0,18875
18877,9192.0,27879.0,18876
18878,9192.0,27883.0,18877
18879,9192.0,27883.0,18878
18880,9192.0,28091.0,18879
18881,9192.0,28812.0,18880
18882,9192.0,29762.0,18881
18883,9192.0,29666.0,18882
18884,9192.0,29814.0,18883
18885,9192.0,29766.0,18884
18886,9192.0,29721.0,18885
18887,9192.0,28930.0,18886
18888,9192.0,28817.0,18887
18889,9192.0,28418.0,18888
18890,9192.0,28561.0,18889
18891,9192.0,28544.0,18890
18892,9192.0,28550.0,18891
18893,9192.0,28550.0,18892
18894,9192.0,28540.0,18893
18895,9192.0,28835.0,18894
18896,9192.0,28443.0,18895
18897,9192.0,28743.0,18896
18898,9192.0,27776.0,18897
18899,9192.0,27785.0,18898
18900,9192.0,27654.0,18899
18901,9192.0,26813.0,18900
18902,9192.0,27132.0,18901
18903,9192.0,26548.0,18902
18904,9192.0,26537.0,18903
18905,9192.0,26437.0,18904
18906,9192.0,26587.0,18905
18907,9192.0,26354.0,18906
18908,9192.0,26709.0,18907
18909,9192.0,26860.0,18908
18910,9192.0,26402.0,18909
18911,9192.0,26791.0,18910
18912,9192.0,27365.0,18911
18913,9192.0,27341.0,18912
18914,9192.0,26700.0,18913
18915,9192.0,28055.0,18914
18916,9192.0,28081.0,18915
18917,9192.0,27432.0,18916
18918,9192.0,27719.0,18917
18919,9192.0,27371.0,18918
18920,9192.0,27147.0,18919
18921,9192.0,27147.0,18920
18922,9192.0,27352.0,18921
18923,9192.0,26041.0,18922
18924,9192.0,25632.0,18923
18925,9192.0,25859.0,18924
18926,9192.0,27292.0,18925
18927,9192.0,28401.0,18926
18928,9192.0,28651.0,18927
18929,9192.0,29010.0,18928
18930,9192.0,29214.0,18929
18931,9192.0,29749.0,18930
18932,9192.0,31016.0,18931
18933,9192.0,31139.0,18932
18934,9192.0,30553.0,18933
18935,9192.0,30891.0,18934
18936,9192.0,31402.0,18935
18937,9192.0,31507.0,18936
18938,9192.0,31892.0,18937
18939,9192.0,31865.0,18938
18940,9192.0,32313.0,18939
18941,9192.0,32308.0,18940
18942,9192.0,32574.0,18941
18943,9192.0,32574.0,18942
18944,9192.0,32100.0,18943
18945,9192.0,32077.0,18944
18946,9192.0,31924.0,18945
18947,9192.0,31577.0,18946
18948,9192.0,31660.0,18947
18949,9192.0,31523.0,18948
18950,9192.0,30658.0,18949
18951,9192.0,30492.0,18950
18952,9192.0,30585.0,18951
18953,9192.0,30455.0,18952
18954,9192.0,29604.0,18953
18955,9192.0,29555.0,18954
18956,9192.0,29493.0,18955
18957,9192.0,29337.0,18956
18958,9192.0,29420.0,18957
18959,9192.0,28721.0,18958
18960,9192.0,28599.0,18959
18961,9192.0,29339.0,18960
18962,9192.0,29337.0,18961
18963,9192.0,28770.0,18962
18964,9192.0,28818.0,18963
18965,9192.0,28838.0,18964
18966,9192.0,28873.0,18965
18967,9192.0,28570.0,18966
18968,9192.0,28576.0,18967
18969,9192.0,29097.0,18968
18970,9192.0,29153.0,18969
18971,9192.0,28953.0,18970
18972,9192.0,28956.0,18971
18973,9192.0,29906.0,18972
18974,9192.0,30032.0,18973
18975,9192.0,30563.0,18974
18976,9192.0,30823.0,18975
18977,9192.0,29468.0,18976
18978,9192.0,30041.0,18977
18979,9192.0,30041.0,18978
18980,9192.0,31419.0,18979
18981,9192.0,31419.0,18980
18982,9192.0,31302.0,18981
18983,9192.0,31349.0,18982
18984,9192.0,31085.0,18983
18985,9192.0,31205.0,18984
18986,9192.0,31441.0,18985
18987,9192.0,31552.0,18986
18988,9192.0,31547.0,18987
18989,9192.0,31401.0,18988
18990,9192.0,31426.0,18989
18991,9192.0,31294.0,18990
18992,9192.0,31294.0,18991
18993,9192.0,31129.0,18992
18994,9192.0,31126.0,18993
18995,9192.0,31126.0,18994
18996,9192.0,30086.0,18995
18997,9192.0,30086.0,18996
18998,9192.0,29767.0,18997
18999,9192.0,29767.0,18998
19000,9192.0,31174.0,18999
19001,9192.0,30880.0,19000
19002,9192.0,31012.0,19001
19003,9192.0,31012.0,19002
19004,9192.0,31043.0,19003
19005,9192.0,31451.0,19004
19006,9192.0,31401.0,19005
19007,9192.0,31095.0,19006
19008,9192.0,30614.0,19007
19009,9192.0,30561.0,19008
19010,9192.0,29954.0,19009
19011,9192.0,29071.0,19010
19012,9192.0,29944.0,19011
19013,9192.0,30273.0,19012
19014,9192.0,30189.0,19013
19015,9192.0,30024.0,19014
19016,9192.0,29962.0,19015
19017,9192.0,29976.0,19016
19018,9192.0,29963.0,19017
19019,9192.0,29653.0,19018
19020,9192.0,29200.0,19019
19021,9192.0,29382.0,19020
19022,9192.0,29382.0,19021
19023,9192.0,29426.0,19022
19024,9192.0,28550.0,19023
19025,9192.0,28977.0,19024
19026,9192.0,29169.0,19025
19027,9192.0,28766.0,19026
19028,9192.0,28588.0,19027
19029,9192.0,28021.0,19028
19030,9192.0,28119.0,19029
19031,9192.0,26901.0,19030
19032,9192.0,26982.0,19031
19033,9192.0,26326.0,19032
19034,9192.0,26574.0,19033
19035,9192.0,26456.0,19034
19036,9192.0,26384.0,19035
19037,9192.0,25865.0,19036
19038,9192.0,25882.0,19037
19039,9192.0,26040.0,19038
19040,9192.0,26051.0,19039
19041,9192.0,25982.0,19040
19042,9192.0,25889.0,19041
19043,9192.0,26580.0,19042
19044,9192.0,26757.0,19043
19045,9192.0,26785.0,19044
19046,9192.0,26785.0,19045
19047,9192.0,26633.0,19046
19048,9192.0,26633.0,19047
19049,9192.0,26246.0,19048
19050,9192.0,26200.0,19049
19051,9192.0,26049.0,19050
19052,9192.0,26554.0,19051
19053,9192.0,26471.0,19052
19054,9192.0,25876.0,19053
19055,9192.0,26089.0,19054
19056,9192.0,26114.0,19055
19057,9192.0,26257.0,19056
19058,9192.0,26849.0,19057
19059,9192.0,28320.0,19058
19060,9192.0,28539.0,19059
19061,9192.0,28716.0,19060
19062,9192.0,29358.0,19061
19063,9192.0,29505.0,19062
19064,9192.0,30233.0,19063
19065,9192.0,30768.0,19064
19066,9192.0,30302.0,19065
19067,9192.0,30299.0,19066
19068,9192.0,30254.0,19067
19069,9192.0,30500.0,19068
19070,9192.0,30469.0,19069
19071,9192.0,29919.0,19070
19072,9192.0,29666.0,19071
19073,9192.0,29260.0,19072
19074,9192.0,28856.0,19073
19075,9192.0,28386.0,19074
19076,9192.0,29144.0,19075
19077,9192.0,29132.0,19076
19078,9192.0,29130.0,19077
19079,9192.0,28709.0,19078
19080,9192.0,28758.0,19079
19081,9192.0,29006.0,19080
19082,9192.0,28818.0,19081
19083,9192.0,28945.0,19082
19084,9192.0,29292.0,19083
19085,9192.0,29595.0,19084
19086,9192.0,29595.0,19085
19087,9192.0,29490.0,19086
19088,9192.0,29006.0,19087
19089,9192.0,27501.0,19088
19090,9192.0,27670.0,19089
19091,9192.0,27276.0,19090
19092,9192.0,27276.0,19091
19093,9192.0,27400.0,19092
19094,9192.0,27613.0,19093
19095,9192.0,27613.0,19094
19096,9192.0,28020.0,19095
19097,9192.0,28175.0,19096
19098,9192.0,28026.0,19097
19099,9192.0,28086.0,19098
19100,9192.0,28086.0,19099
19101,9192.0,28146.0,19100
19102,9192.0,28172.0,19101
19103,9192.0,28176.0,19102
19104,9192.0,28631.0,19103
19105,9192.0,28690.0,19104
19106,9192.0,26447.0,19105
19107,9192.0,26800.0,19106
19108,9192.0,26988.0,19107
19109,9192.0,26966.0,19108
19110,9192.0,26966.0,19109
19111,9192.0,27369.0,19110
19112,9192.0,27436.0,19111
19113,9192.0,27431.0,19112
19114,9192.0,27304.0,19113
19115,9192.0,27570.0,19114
19116,9192.0,28422.0,19115
19117,9192.0,28929.0,19116
19118,9192.0,27838.0,19117
19119,9192.0,27816.0,19118
19120,9192.0,27742.0,19119
19121,9192.0,29707.0,19120
19122,9192.0,29677.0,19121
19123,9192.0,29273.0,19122
19124,9192.0,29470.0,19123
19125,9192.0,29799.0,19124
19126,9192.0,29708.0,19125
19127,9192.0,29672.0,19126
19128,9192.0,29588.0,19127
19129,9192.0,29439.0,19128
19130,9192.0,29485.0,19129
19131,9192.0,30343.0,19130
19132,9192.0,30902.0,19131
19133,9192.0,30343.0,19132
19134,9192.0,30355.0,19133
19135,9192.0,30355.0,19134
19136,9192.0,30211.0,19135
19137,9192.0,30208.0,19136
19138,9192.0,30414.0,19137
19139,9192.0,30255.0,19138
19140,9192.0,31422.0,19139
19141,9192.0,31423.0,19140
19142,9192.0,30703.0,19141
19143,9192.0,30223.0,19142
19144,9192.0,29497.0,19143
19145,9192.0,29373.0,19144
19146,9192.0,29735.0,19145
19147,9192.0,30249.0,19146
19148,9192.0,29817.0,19147
19149,9192.0,30478.0,19148
19150,9192.0,30467.0,19149
19151,9192.0,30172.0,19150
19152,9192.0,30132.0,19151
19153,9192.0,31060.0,19152
19154,9192.0,30700.0,19153
19155,9192.0,31265.0,19154
19156,9192.0,31265.0,19155
19157,9192.0,30723.0,19156
19158,9192.0,30566.0,19157
19159,9192.0,30764.0,19158
19160,9192.0,30710.0,19159
19161,9192.0,30555.0,19160
19162,9192.0,31174.0,19161
19163,9192.0,30910.0,19162
19164,9192.0,30211.0,19163
19165,9192.0,29971.0,19164
19166,9192.0,30020.0,19165
19167,9192.0,29876.0,19166
19168,9192.0,30176.0,19167
19169,9192.0,30174.0,19168
19170,9192.0,30325.0,19169
19171,9192.0,30303.0,19170
19172,9192.0,30325.0,19171
19173,9192.0,30481.0,19172
19174,9192.0,30366.0,19173
19175,9192.0,30343.0,19174
19176,9192.0,30343.0,19175
19177,9192.0,30041.0,19176
19178,9192.0,28627.0,19177
19179,9192.0,28476.0,19178
19180,9192.0,28429.0,19179
19181,9192.0,28360.0,19180
19182,9192.0,28373.0,19181
19183,9192.0,28581.0,19182
19184,9192.0,28310.0,19183
19185,9192.0,28218.0,19184
19186,9192.0,28503.0,19185
19187,9192.0,28467.0,19186
19188,9192.0,28109.0,19187
19189,9192.0,28252.0,19188
19190,9192.0,28025.0,19189
19191,9192.0,27949.0,19190
19192,9192.0,27861.0,19191
19193,9192.0,27200.0,19192
19194,9192.0,26997.0,19193
19195,9192.0,27001.0,19194
19196,9192.0,27001.0,19195
19197,9192.0,27439.0,19196
19198,9192.0,27292.0,19197
19199,9192.0,27720.0,19198
19200,9192.0,27814.0,19199
19201,9192.0,27814.0,19200
19202,9192.0,27946.0,19201
19203,9192.0,26588.0,19202
19204,9192.0,26387.0,19203
19205,9192.0,26103.0,19204
19206,9192.0,25761.0,19205
19207,9192.0,26126.0,19206
19208,9192.0,26870.0,19207
19209,9192.0,26859.0,19208
19210,9192.0,26885.0,19209
19211,9192.0,26824.0,19210
19212,9192.0,26953.0,19211
19213,9192.0,27110.0,19212
19214,9192.0,27722.0,19213
19215,9192.0,27059.0,19214
19216,9192.0,27274.0,19215
19217,9192.0,27241.0,19216
19218,9192.0,27977.0,19217
19219,9192.0,28760.0,19218
19220,9192.0,29227.0,19219
19221,9192.0,29391.0,19220
19222,9192.0,28418.0,19221
19223,9192.0,28213.0,19222
19224,9192.0,28661.0,19223
19225,9192.0,28816.0,19224
19226,9192.0,27920.0,19225
19227,9192.0,27899.0,19226
19228,9192.0,28185.0,19227
19229,9192.0,28185.0,19228
19230,9192.0,28185.0,19229
19231,9192.0,28113.0,19230
19232,9192.0,28113.0,19231
19233,9192.0,28107.0,19232
19234,9192.0,28093.0,19233
19235,9192.0,28680.0,19234
19236,9192.0,28829.0,19235
19237,9192.0,29273.0,19236
19238,9192.0,29390.0,19237
19239,9192.0,29514.0,19238
19240,9192.0,29332.0,19239
19241,9192.0,29308.0,19240
19242,9192.0,29649.0,19241
19243,9192.0,29731.0,19242
19244,9192.0,30059.0,19243
19245,9192.0,29340.0,19244
19246,9192.0,29347.0,19245
19247,9192.0,29824.0,19246
19248,9192.0,29092.0,19247
19249,9192.0,28979.0,19248
19250,9192.0,28491.0,19249
19251,9192.0,28432.0,19250
19252,9192.0,28351.0,19251
19253,9192.0,28354.0,19252
19254,9192.0,28354.0,19253
19255,9192.0,29229.0,19254
19256,9192.0,29861.0,19255
19257,9192.0,30996.0,19256
19258,9192.0,31319.0,19257
19259,9192.0,31552.0,19258
19260,9192.0,31762.0,19259
19261,9192.0,31541.0,19260
19262,9192.0,31515.0,19261
19263,9192.0,31563.0,19262
19264,9192.0,32046.0,19263
19265,9192.0,32314.0,19264
19266,9192.0,32142.0,19265
19267,9192.0,31668.0,19266
19268,9192.0,30885.0,19267
19269,9192.0,30885.0,19268
19270,9192.0,30575.0,19269
19271,9192.0,29721.0,19270
19272,9192.0,30342.0,19271
19273,9192.0,31240.0,19272
19274,9192.0,31305.0,19273
19275,9192.0,30961.0,19274
19276,9192.0,31166.0,19275
19277,9192.0,30314.0,19276
19278,9192.0,30287.0,19277
19279,9192.0,30287.0,19278
19280,9192.0,30266.0,19279
19281,9192.0,29744.0,19280
19282,9192.0,29063.0,19281
19283,9192.0,29141.0,19282
19284,9192.0,29294.0,19283
19285,9192.0,29232.0,19284
19286,9192.0,28657.0,19285
19287,9192.0,28563.0,19286
19288,9192.0,28563.0,19287
19289,9192.0,28563.0,19288
19290,9192.0,28099.0,19289
19291,9192.0,27932.0,19290
19292,9192.0,28307.0,19291
19293,9192.0,28307.0,19292
19294,9192.0,28731.0,19293
19295,9192.0,28919.0,19294
19296,9192.0,29019.0,19295
19297,9192.0,29021.0,19296
19298,9192.0,29168.0,19297
19299,9192.0,29331.0,19298
19300,9192.0,28628.0,19299
19301,9192.0,28577.0,19300
19302,9192.0,29008.0,19301
19303,9192.0,29126.0,19302
19304,9192.0,28946.0,19303
19305,9192.0,29157.0,19304
19306,9192.0,29064.0,19305
19307,9192.0,29045.0,19306
19308,9192.0,28785.0,19307
19309,9192.0,28785.0,19308
19310,9192.0,28480.0,19309
19311,9192.0,28490.0,19310
19312,9192.0,28541.0,19311
19313,9192.0,28782.0,19312
19314,9192.0,29234.0,19313
19315,9192.0,27049.0,19314
19316,9192.0,27418.0,19315
19317,9192.0,26552.0,19316
19318,9192.0,27133.0,19317
19319,9192.0,27785.0,19318
19320,9192.0,28832.0,19319
19321,9192.0,29182.0,19320
19322,9192.0,29025.0,19321
19323,9192.0,28939.0,19322
19324,9192.0,29760.0,19323
19325,9192.0,29865.0,19324
19326,9192.0,29896.0,19325
19327,9192.0,29819.0,19326
19328,9192.0,29149.0,19327
19329,9192.0,29265.0,19328
19330,9192.0,29643.0,19329
19331,9192.0,30230.0,19330
19332,9192.0,30273.0,19331
19333,9192.0,30164.0,19332
19334,9192.0,30171.0,19333
19335,9192.0,28859.0,19334
19336,9192.0,28815.0,19335
19337,9192.0,29107.0,19336
19338,9192.0,29127.0,19337
19339,9192.0,30575.0,19338
19340,9192.0,29377.0,19339
19341,9192.0,29341.0,19340
19342,9192.0,29341.0,19341
19343,9192.0,29322.0,19342
19344,9192.0,29515.0,19343
19345,9192.0,29641.0,19344
19346,9192.0,29871.0,19345
19347,9192.0,29491.0,19346
19348,9192.0,28663.0,19347
19349,9192.0,29122.0,19348
19350,9192.0,30278.0,19349
19351,9192.0,30941.0,19350
19352,9192.0,30771.0,19351
19353,9192.0,30946.0,19352
19354,9192.0,30964.0,19353
19355,9192.0,30811.0,19354
19356,9192.0,31796.0,19355
19357,9192.0,31953.0,19356
19358,9192.0,30935.0,19357
19359,9192.0,30727.0,19358
19360,9192.0,30561.0,19359
19361,9192.0,30343.0,19360
19362,9192.0,30349.0,19361
19363,9192.0,30336.0,19362
19364,9192.0,29763.0,19363
19365,9192.0,29740.0,19364
19366,9192.0,29965.0,19365
19367,9192.0,30130.0,19366
19368,9192.0,29408.0,19367
19369,9192.0,28459.0,19368
19370,9192.0,28103.0,19369
19371,9192.0,27964.0,19370
19372,9192.0,28105.0,19371
19373,9192.0,28143.0,19372
19374,9192.0,27279.0,19373
19375,9192.0,27300.0,19374
19376,9192.0,27622.0,19375
19377,9192.0,27350.0,19376
19378,9192.0,27352.0,19377
19379,9192.0,26643.0,19378
19380,9192.0,26828.0,19379
19381,9192.0,26754.0,19380
19382,9192.0,26531.0,19381
19383,9192.0,26568.0,19382
19384,9192.0,26492.0,19383
19385,9192.0,26502.0,19384
19386,9192.0,27691.0,19385
19387,9192.0,27937.0,19386
19388,9192.0,27937.0,19387
19389,9192.0,27937.0,19388
19390,9192.0,27937.0,19389
19391,9192.0,27937.0,19390
19392,9192.0,28045.0,19391
19393,9192.0,29336.0,19392
19394,9192.0,29655.0,19393
19395,9192.0,29655.0,19394
19396,9192.0,31109.0,19395
19397,9192.0,29598.0,19396
19398,9192.0,29338.0,19397
19399,9192.0,29270.0,19398
19400,9192.0,29426.0,19399
19401,9192.0,29426.0,19400
19402,9192.0,29278.0,19401
19403,9192.0,29003.0,19402
19404,9192.0,29243.0,19403
19405,9192.0,29707.0,19404
19406,9192.0,28739.0,19405
19407,9192.0,28653.0,19406
19408,9192.0,28439.0,19407
19409,9192.0,29789.0,19408
19410,9192.0,30149.0,19409
19411,9192.0,30149.0,19410
19412,9192.0,30112.0,19411
19413,9192.0,29942.0,19412
19414,9192.0,30222.0,19413
19415,9192.0,30930.0,19414
19416,9192.0,30978.0,19415
19417,9192.0,30572.0,19416
19418,9192.0,29999.0,19417
19419,9192.0,29931.0,19418
19420,9192.0,29522.0,19419
19421,9192.0,29597.0,19420
19422,9192.0,29443.0,19421
19423,9192.0,29494.0,19422
19424,9192.0,29188.0,19423
19425,9192.0,29278.0,19424
19426,9192.0,29365.0,19425
19427,9192.0,30303.0,19426
19428,9192.0,30323.0,19427
19429,9192.0,30507.0,19428
19430,9192.0,30161.0,19429
19431,9192.0,29981.0,19430
19432,9192.0,29508.0,19431
19433,9192.0,29508.0,19432
19434,9192.0,29709.0,19433
19435,9192.0,30045.0,19434
19436,9192.0,30571.0,19435
19437,9192.0,29771.0,19436
19438,9192.0,29775.0,19437
19439,9192.0,29452.0,19438
19440,9192.0,29234.0,19439
19441,9192.0,29359.0,19440
19442,9192.0,29428.0,19441
19443,9192.0,29868.0,19442
19444,9192.0,29804.0,19443
19445,9192.0,29842.0,19444
19446,9192.0,29803.0,19445
19447,9192.0,29740.0,19446
19448,9192.0,29548.0,19447
19449,9192.0,29244.0,19448
19450,9192.0,29626.0,19449
19451,9192.0,29692.0,19450
19452,9192.0,29692.0,19451
19453,9192.0,29695.0,19452
19454,9192.0,29986.0,19453
19455,9192.0,29834.0,19454
19456,9192.0,29528.0,19455
19457,9192.0,30023.0,19456
19458,9192.0,30131.0,19457
19459,9192.0,30753.0,19458
19460,9192.0,30753.0,19459
19461,9192.0,30782.0,19460
19462,9192.0,31024.0,19461
19463,9192.0,31098.0,19462
19464,9192.0,30929.0,19463
19465,9192.0,31687.0,19464
19466,9192.0,31197.0,19465
19467,9192.0,30833.0,19466
19468,9192.0,30734.0,19467
19469,9192.0,30733.0,19468
19470,9192.0,30075.0,19469
19471,9192.0,29931.0,19470
19472,9192.0,30023.0,19471
19473,9192.0,29541.0,19472
19474,9192.0,28520.0,19473
19475,9192.0,28395.0,19474
19476,9192.0,28990.0,19475
19477,9192.0,28990.0,19476
19478,9192.0,28552.0,19477
19479,9192.0,29164.0,19478
19480,9192.0,29432.0,19479
19481,9192.0,29195.0,19480
19482,9192.0,29220.0,19481
19483,9192.0,28886.0,19482
19484,9192.0,27052.0,19483
19485,9192.0,26884.0,19484
19486,9192.0,26710.0,19485
19487,9192.0,26710.0,19486
19488,9192.0,27026.0,19487
19489,9192.0,27459.0,19488
19490,9192.0,27465.0,19489
19491,9192.0,27060.0,19490
19492,9192.0,26911.0,19491
19493,9192.0,26911.0,19492
19494,9192.0,27041.0,19493
19495,9192.0,27023.0,19494
19496,9192.0,28046.0,19495
19497,9192.0,28445.0,19496
19498,9192.0,28754.0,19497
19499,9192.0,28626.0,19498
19500,9192.0,28787.0,19499
19501,9192.0,29366.0,19500
19502,9192.0,29196.0,19501
19503,9192.0,29364.0,19502
19504,9192.0,29380.0,19503
19505,9192.0,29177.0,19504
19506,9192.0,29356.0,19505
19507,9192.0,29123.0,19506
19508,9192.0,29147.0,19507
19509,9192.0,29118.0,19508
19510,9192.0,28983.0,19509
19511,9192.0,29183.0,19510
19512,9192.0,29183.0,19511
19513,9192.0,29338.0,19512
19514,9192.0,29412.0,19513
19515,9192.0,29352.0,19514
19516,9192.0,30368.0,19515
19517,9192.0,30208.0,19516
19518,9192.0,29866.0,19517
19519,9192.0,30142.0,19518
19520,9192.0,30463.0,19519
19521,9192.0,31037.0,19520
19522,9192.0,31047.0,19521
19523,9192.0,30134.0,19522
19524,9192.0,30190.0,19523
19525,9192.0,29191.0,19524
19526,9192.0,29312.0,19525
19527,9192.0,28544.0,19526
19528,9192.0,28518.0,19527
19529,9192.0,28131.0,19528
19530,9192.0,28094.0,19529
19531,9192.0,28859.0,19530
19532,9192.0,28830.0,19531
19533,9192.0,28863.0,19532
19534,9192.0,29717.0,19533
19535,9192.0,29981.0,19534
19536,9192.0,29958.0,19535
19537,9192.0,30005.0,19536
19538,9192.0,30005.0,19537
19539,9192.0,29914.0,19538
19540,9192.0,29767.0,19539
19541,9192.0,29590.0,19540
19542,9192.0,29671.0,19541
19543,9192.0,29673.0,19542
19544,9192.0,29673.0,19543
19545,9192.0,29745.0,19544
19546,9192.0,29745.0,19545
19547,9192.0,29828.0,19546
19548,9192.0,29826.0,19547
19549,9192.0,29825.0,19548
19550,9192.0,29488.0,19549
19551,9192.0,29396.0,19550
19552,9192.0,29549.0,19551
19553,9192.0,29484.0,19552
19554,9192.0,29373.0,19553
19555,9192.0,29491.0,19554
19556,9192.0,29053.0,19555
19557,9192.0,29003.0,19556
19558,9192.0,30186.0,19557
19559,9192.0,30150.0,19558
19560,9192.0,29989.0,19559
19561,9192.0,29989.0,19560
19562,9192.0,29999.0,19561
19563,9192.0,30485.0,19562
19564,9192.0,30212.0,19563
19565,9192.0,30212.0,19564
19566,9192.0,30332.0,19565
19567,9192.0,30104.0,19566
19568,9192.0,29868.0,19567
19569,9192.0,29361.0,19568
19570,9192.0,29242.0,19569
19571,9192.0,29902.0,19570
19572,9192.0,29672.0,19571
19573,9192.0,29735.0,19572
19574,9192.0,29376.0,19573
19575,9192.0,29329.0,19574
19576,9192.0,29041.0,19575
19577,9192.0,28986.0,19576
19578,9192.0,28886.0,19577
19579,9192.0,29039.0,19578
19580,9192.0,29039.0,19579
19581,9192.0,29406.0,19580
19582,9192.0,29408.0,19581
19583,9192.0,29639.0,19582
19584,9192.0,29358.0,19583
19585,9192.0,29381.0,19584
19586,9192.0,28889.0,19585
19587,9192.0,28992.0,19586
19588,9192.0,28940.0,19587
19589,9192.0,28236.0,19588
19590,9192.0,27878.0,19589
19591,9192.0,28488.0,19590
19592,9192.0,29027.0,19591
19593,9192.0,29027.0,19592
19594,9192.0,29872.0,19593
19595,9192.0,29666.0,19594
19596,9192.0,29958.0,19595
19597,9192.0,30207.0,19596
19598,9192.0,30061.0,19597
19599,9192.0,29969.0,19598
19600,9192.0,29941.0,19599
19601,9192.0,29901.0,19600
19602,9192.0,29769.0,19601
19603,9192.0,30029.0,19602
19604,9192.0,30096.0,19603
19605,9192.0,29616.0,19604
19606,9192.0,29812.0,19605
19607,9192.0,30467.0,19606
19608,9192.0,30523.0,19607
19609,9192.0,31017.0,19608
19610,9192.0,30863.0,19609
19611,9192.0,30281.0,19610
19612,9192.0,29292.0,19611
19613,9192.0,29641.0,19612
19614,9192.0,29531.0,19613
19615,9192.0,29915.0,19614
19616,9192.0,30247.0,19615
19617,9192.0,30664.0,19616
19618,9192.0,30170.0,19617
19619,9192.0,30498.0,19618
19620,9192.0,29592.0,19619
19621,9192.0,29607.0,19620
19622,9192.0,28871.0,19621
19623,9192.0,29411.0,19622
19624,9192.0,29178.0,19623
19625,9192.0,28917.0,19624
19626,9192.0,28897.0,19625
19627,9192.0,27986.0,19626
19628,9192.0,27780.0,19627
19629,9192.0,28357.0,19628
19630,9192.0,28574.0,19629
19631,9192.0,27837.0,19630
19632,9192.0,27815.0,19631
19633,9192.0,27507.0,19632
19634,9192.0,27732.0,19633
19635,9192.0,27773.0,19634
19636,9192.0,27950.0,19635
19637,9192.0,27880.0,19636
19638,9192.0,28471.0,19637
19639,9192.0,28477.0,19638
19640,9192.0,28544.0,19639
19641,9192.0,28671.0,19640
19642,9192.0,28605.0,19641
19643,9192.0,28912.0,19642
19644,9192.0,28674.0,19643
19645,9192.0,28743.0,19644
19646,9192.0,29316.0,19645
19647,9192.0,29267.0,19646
19648,9192.0,29746.0,19647
19649,9192.0,29495.0,19648
19650,9192.0,29495.0,19649
19651,9192.0,29713.0,19650
19652,9192.0,27983.0,19651
19653,9192.0,27706.0,19652
19654,9192.0,27873.0,19653
19655,9192.0,29549.0,19654
19656,9192.0,29170.0,19655
19657,9192.0,29016.0,19656
19658,9192.0,29310.0,19657
19659,9192.0,29818.0,19658
19660,9192.0,30244.0,19659
19661,9192.0,29509.0,19660
19662,9192.0,29958.0,19661
19663,9192.0,29973.0,19662
19664,9192.0,29973.0,19663
19665,9192.0,30694.0,19664
19666,9192.0,30769.0,19665
19667,9192.0,30366.0,19666
19668,9192.0,30686.0,19667
19669,9192.0,30978.0,19668
19670,9192.0,30943.0,19669
19671,9192.0,30943.0,19670
19672,9192.0,30669.0,19671
19673,9192.0,30905.0,19672
19674,9192.0,31190.0,19673
19675,9192.0,31234.0,19674
19676,9192.0,31385.0,19675
19677,9192.0,31266.0,19676
19678,9192.0,31266.0,19677
19679,9192.0,31024.0,19678
19680,9192.0,30930.0,19679
19681,9192.0,30877.0,19680
19682,9192.0,30883.0,19681
19683,9192.0,31054.0,19682
19684,9192.0,31112.0,19683
19685,9192.0,30656.0,19684
19686,9192.0,30844.0,19685
19687,9192.0,30587.0,19686
19688,9192.0,30800.0,19687
19689,9192.0,30780.0,19688
19690,9192.0,30728.0,19689
19691,9192.0,30282.0,19690
19692,9192.0,30228.0,19691
19693,9192.0,30342.0,19692
19694,9192.0,30329.0,19693
19695,9192.0,29087.0,19694
19696,9192.0,28933.0,19695
19697,9192.0,27690.0,19696
19698,9192.0,27553.0,19697
19699,9192.0,27080.0,19698
19700,9192.0,26859.0,19699
19701,9192.0,26604.0,19700
19702,9192.0,26277.0,19701
19703,9192.0,26602.0,19702
19704,9192.0,26875.0,19703
19705,9192.0,27737.0,19704
19706,9192.0,26934.0,19705
19707,9192.0,27145.0,19706
19708,9192.0,27208.0,19707
19709,9192.0,27226.0,19708
19710,9192.0,26491.0,19709
19711,9192.0,26468.0,19710
19712,9192.0,26700.0,19711
19713,9192.0,26700.0,19712
19714,9192.0,26665.0,19713
19715,9192.0,26665.0,19714
19716,9192.0,26672.0,19715
19717,9192.0,26665.0,19716
19718,9192.0,26872.0,19717
19719,9192.0,27439.0,19718
19720,9192.0,27361.0,19719
19721,9192.0,28158.0,19720
19722,9192.0,28252.0,19721
19723,9192.0,27757.0,19722
19724,9192.0,27029.0,19723
19725,9192.0,27807.0,19724
19726,9192.0,27807.0,19725
19727,9192.0,28214.0,19726
19728,9192.0,28488.0,19727
19729,9192.0,28401.0,19728
19730,9192.0,28676.0,19729
19731,9192.0,28676.0,19730
19732,9192.0,27712.0,19731
19733,9192.0,26910.0,19732
19734,9192.0,26910.0,19733
19735,9192.0,26881.0,19734
19736,9192.0,26974.0,19735
19737,9192.0,28844.0,19736
19738,9192.0,28891.0,19737
19739,9192.0,28897.0,19738
19740,9192.0,27470.0,19739
19741,9192.0,28488.0,19740
19742,9192.0,28140.0,19741
19743,9192.0,28618.0,19742
19744,9192.0,28618.0,19743
19745,9192.0,28846.0,19744
19746,9192.0,30238.0,19745
19747,9192.0,30238.0,19746
19748,9192.0,29884.0,19747
19749,9192.0,29585.0,19748
19750,9192.0,29452.0,19749
19751,9192.0,29233.0,19750
19752,9192.0,29137.0,19751
19753,9192.0,28873.0,19752
19754,9192.0,29039.0,19753
19755,9192.0,29039.0,19754
19756,9192.0,28656.0,19755
19757,9192.0,28271.0,19756
19758,9192.0,28031.0,19757
19759,9192.0,28245.0,19758
19760,9192.0,28269.0,19759
19761,9192.0,28132.0,19760
19762,9192.0,29047.0,19761
19763,9192.0,30300.0,19762
19764,9192.0,29096.0,19763
19765,9192.0,29165.0,19764
19766,9192.0,29074.0,19765
19767,9192.0,29189.0,19766
19768,9192.0,29588.0,19767
19769,9192.0,29633.0,19768
19770,9192.0,29566.0,19769
19771,9192.0,29309.0,19770
19772,9192.0,29309.0,19771
19773,9192.0,29330.0,19772
19774,9192.0,29330.0,19773
19775,9192.0,29643.0,19774
19776,9192.0,29553.0,19775
19777,9192.0,29551.0,19776
19778,9192.0,29551.0,19777
19779,9192.0,29560.0,19778
19780,9192.0,29901.0,19779
19781,9192.0,31199.0,19780
19782,9192.0,31516.0,19781
19783,9192.0,31218.0,19782
19784,9192.0,30049.0,19783
19785,9192.0,30045.0,19784
19786,9192.0,30175.0,19785
19787,9192.0,30283.0,19786
19788,9192.0,30277.0,19787
19789,9192.0,30692.0,19788
19790,9192.0,30769.0,19789
19791,9192.0,30686.0,19790
19792,9192.0,30845.0,19791
19793,9192.0,30864.0,19792
19794,9192.0,30552.0,19793
19795,9192.0,30552.0,19794
19796,9192.0,30552.0,19795
19797,9192.0,31819.0,19796
19798,9192.0,30433.0,19797
19799,9192.0,30512.0,19798
19800,9192.0,31167.0,19799
19801,9192.0,31123.0,19800
19802,9192.0,32008.0,19801
19803,9192.0,32903.0,19802
19804,9192.0,32641.0,19803
19805,9192.0,32682.0,19804
19806,9192.0,32812.0,19805
19807,9192.0,33101.0,19806
19808,9192.0,32897.0,19807
19809,9192.0,31731.0,19808
19810,9192.0,31640.0,19809
19811,9192.0,31640.0,19810
19812,9192.0,32395.0,19811
19813,9192.0,31756.0,19812
19814,9192.0,31596.0,19813
19815,9192.0,31157.0,19814
19816,9192.0,31027.0,19815
19817,9192.0,30978.0,19816
19818,9192.0,30769.0,19817
19819,9192.0,30771.0,19818
19820,9192.0,30437.0,19819
19821,9192.0,30437.0,19820
19822,9192.0,30811.0,19821
19823,9192.0,30799.0,19822
19824,9192.0,30625.0,19823
19825,9192.0,31286.0,19824
19826,9192.0,31171.0,19825
19827,9192.0,30970.0,19826
19828,9192.0,30501.0,19827
19829,9192.0,30740.0,19828
19830,9192.0,30203.0,19829
19831,9192.0,30275.0,19830
19832,9192.0,29749.0,19831
19833,9192.0,29751.0,19832
19834,9192.0,29909.0,19833
19835,9192.0,29909.0,19834
19836,9192.0,29918.0,19835
19837,9192.0,29943.0,19836
19838,9192.0,29597.0,19837
19839,9192.0,29360.0,19838
19840,9192.0,29342.0,19839
19841,9192.0,28979.0,19840
19842,9192.0,29232.0,19841
19843,9192.0,28617.0,19842
19844,9192.0,27700.0,19843
19845,9192.0,27039.0,19844
19846,9192.0,27101.0,19845
19847,9192.0,27000.0,19846
19848,9192.0,27000.0,19847
19849,9192.0,27805.0,19848
19850,9192.0,27888.0,19849
19851,9192.0,28515.0,19850
19852,9192.0,28583.0,19851
19853,9192.0,28558.0,19852
19854,9192.0,28775.0,19853
19855,9192.0,29617.0,19854
19856,9192.0,29147.0,19855
19857,9192.0,29714.0,19856
19858,9192.0,29443.0,19857
19859,9192.0,28953.0,19858
19860,9192.0,28762.0,19859
19861,9192.0,27844.0,19860
19862,9192.0,28624.0,19861
19863,9192.0,28854.0,19862
19864,9192.0,29215.0,19863
19865,9192.0,29192.0,19864
19866,9192.0,29115.0,19865
19867,9192.0,29116.0,19866
19868,9192.0,27676.0,19867
19869,9192.0,27536.0,19868
19870,9192.0,27903.0,19869
19871,9192.0,28168.0,19870
19872,9192.0,28400.0,19871
19873,9192.0,29209.0,19872
19874,9192.0,29068.0,19873
19875,9192.0,28851.0,19874
19876,9192.0,28476.0,19875
19877,9192.0,28058.0,19876
19878,9192.0,28093.0,19877
19879,9192.0,27921.0,19878
19880,9192.0,27852.0,19879
19881,9192.0,27633.0,19880
19882,9192.0,27590.0,19881
19883,9192.0,27198.0,19882
19884,9192.0,27198.0,19883
19885,9192.0,27639.0,19884
19886,9192.0,27145.0,19885
19887,9192.0,26048.0,19886
19888,9192.0,26691.0,19887
19889,9192.0,26346.0,19888
19890,9192.0,26102.0,19889
19891,9192.0,26219.0,19890
19892,9192.0,26219.0,19891
19893,9192.0,28305.0,19892
19894,9192.0,28876.0,19893
19895,9192.0,28371.0,19894
19896,9192.0,28456.0,19895
19897,9192.0,28616.0,19896
19898,9192.0,28573.0,19897
19899,9192.0,28643.0,19898
19900,9192.0,28650.0,19899
19901,9192.0,28661.0,19900
19902,9192.0,28681.0,19901
19903,9192.0,28683.0,19902
19904,9192.0,28844.0,19903
19905,9192.0,29135.0,19904
19906,9192.0,28990.0,19905
19907,9192.0,29076.0,19906
19908,9192.0,29740.0,19907
19909,9192.0,29617.0,19908
19910,9192.0,29852.0,19909
19911,9192.0,29479.0,19910
19912,9192.0,28190.0,19911
19913,9192.0,28121.0,19912
19914,9192.0,27857.0,19913
19915,9192.0,27640.0,19914
19916,9192.0,27780.0,19915
19917,9192.0,27434.0,19916
19918,9192.0,28652.0,19917
19919,9192.0,28537.0,19918
19920,9192.0,28574.0,19919
19921,9192.0,28926.0,19920
19922,9192.0,29211.0,19921
19923,9192.0,30195.0,19922
19924,9192.0,30093.0,19923
19925,9192.0,30038.0,19924
19926,9192.0,29487.0,19925
19927,9192.0,29512.0,19926
19928,9192.0,29512.0,19927
19929,9192.0,29328.0,19928
19930,9192.0,29440.0,19929
19931,9192.0,29440.0,19930
19932,9192.0,29320.0,19931
19933,9192.0,29215.0,19932
19934,9192.0,29215.0,19933
19935,9192.0,29098.0,19934
19936,9192.0,29072.0,19935
19937,9192.0,28523.0,19936
19938,9192.0,28351.0,19937
19939,9192.0,28426.0,19938
19940,9192.0,28291.0,19939
19941,9192.0,27569.0,19940
19942,9192.0,27387.0,19941
19943,9192.0,27944.0,19942
19944,9192.0,27629.0,19943
19945,9192.0,27813.0,19944
19946,9192.0,26876.0,19945
19947,9192.0,27658.0,19946
19948,9192.0,27077.0,19947
19949,9192.0,27889.0,19948
19950,9192.0,27725.0,19949
19951,9192.0,27948.0,19950
19952,9192.0,27838.0,19951
19953,9192.0,27838.0,19952
19954,9192.0,28091.0,19953
19955,9192.0,28278.0,19954
19956,9192.0,28593.0,19955
19957,9192.0,28665.0,19956
19958,9192.0,28775.0,19957
19959,9192.0,29172.0,19958
19960,9192.0,28843.0,19959
19961,9192.0,28604.0,19960
19962,9192.0,28335.0,19961
19963,9192.0,28336.0,19962
19964,9192.0,28336.0,19963
19965,9192.0,27578.0,19964
19966,9192.0,27578.0,19965
19967,9192.0,26207.0,19966
19968,9192.0,26025.0,19967
19969,9192.0,25960.0,19968
19970,9192.0,26173.0,19969
19971,9192.0,26373.0,19970
19972,9192.0,26939.0,19971
19973,9192.0,26958.0,19972
19974,9192.0,26680.0,19973
19975,9192.0,26840.0,19974
19976,9192.0,25501.0,19975
19977,9192.0,26052.0,19976
19978,9192.0,24749.0,19977
19979,9192.0,24886.0,19978
19980,9192.0,24947.0,19979
19981,9192.0,24947.0,19980
19982,9192.0,24997.0,19981
19983,9192.0,25229.0,19982
19984,9192.0,24495.0,19983
19985,9192.0,26332.0,19984
19986,9192.0,26413.0,19985
19987,9192.0,27312.0,19986
19988,9192.0,27219.0,19987
19989,9192.0,27406.0,19988
19990,9192.0,27426.0,19989
19991,9192.0,28088.0,19990
19992,9192.0,28328.0,19991
19993,9192.0,29224.0,19992
19994,9192.0,28780.0,19993
19995,9192.0,29078.0,19994
19996,9192.0,29115.0,19995
19997,9192.0,28766.0,19996
19998,9192.0,29124.0,19997
19999,9192.0,28216.0,19998
20000,9192.0,28306.0,19999
20001,9192.0,28428.0,20000
20002,9192.0,28426.0,20001
20003,9192.0,28376.0,20002
20004,9192.0,27713.0,20003
20005,9192.0,27573.0,20004
20006,9192.0,27619.0,20005
20007,9192.0,27798.0,20006
20008,9192.0,27721.0,20007
20009,9192.0,27642.0,20008
20010,9192.0,26967.0,20009
20011,9192.0,27079.0,20010
20012,9192.0,27056.0,20011
20013,9192.0,26457.0,20012
20014,9192.0,27571.0,20013
20015,9192.0,27571.0,20014
20016,9192.0,27455.0,20015
20017,9192.0,27501.0,20016
20018,9192.0,27877.0,20017
20019,9192.0,27877.0,20018
20020,9192.0,27229.0,20019
20021,9192.0,27229.0,20020
20022,9192.0,28322.0,20021
20023,9192.0,28166.0,20022
20024,9192.0,27979.0,20023
20025,9192.0,28045.0,20024
20026,9192.0,28291.0,20025
20027,9192.0,28097.0,20026
20028,9192.0,28119.0,20027
20029,9192.0,28167.0,20028
20030,9192.0,28277.0,20029
20031,9192.0,28482.0,20030
20032,9192.0,29091.0,20031
20033,9192.0,28971.0,20032
20034,9192.0,28971.0,20033
20035,9192.0,28681.0,20034
20036,9192.0,28950.0,20035
20037,9192.0,28856.0,20036
20038,9192.0,28856.0,20037
20039,9192.0,28542.0,20038
20040,9192.0,28326.0,20039
20041,9192.0,29192.0,20040
20042,9192.0,29143.0,20041
20043,9192.0,29799.0,20042
20044,9192.0,29799.0,20043
20045,9192.0,30596.0,20044
20046,9192.0,31053.0,20045
20047,9192.0,30835.0,20046
20048,9192.0,30652.0,20047
20049,9192.0,30863.0,20048
20050,9192.0,30863.0,20049
20051,9192.0,30390.0,20050
20052,9192.0,30106.0,20051
20053,9192.0,30284.0,20052
20054,9192.0,30332.0,20053
20055,9192.0,30565.0,20054
20056,9192.0,30426.0,20055
20057,9192.0,30529.0,20056
20058,9192.0,30551.0,20057
20059,9192.0,30977.0,20058
20060,9192.0,31017.0,20059
20061,9192.0,31051.0,20060
20062,9192.0,31002.0,20061
20063,9192.0,30684.0,20062
20064,9192.0,30401.0,20063
20065,9192.0,30405.0,20064
20066,9192.0,29738.0,20065
20067,9192.0,29933.0,20066
20068,9192.0,29933.0,20067
20069,9192.0,29450.0,20068
20070,9192.0,29215.0,20069
20071,9192.0,29687.0,20070
20072,9192.0,29680.0,20071
20073,9192.0,30336.0,20072
20074,9192.0,29342.0,20073
20075,9192.0,30238.0,20074
20076,9192.0,29902.0,20075
20077,9192.0,28739.0,20076
20078,9192.0,28844.0,20077
20079,9192.0,27939.0,20078
20080,9192.0,28172.0,20079
20081,9192.0,27962.0,20080
20082,9192.0,27975.0,20081
20083,9192.0,28034.0,20082
20084,9192.0,28033.0,20083
20085,9192.0,27883.0,20084
20086,9192.0,28088.0,20085
20087,9192.0,28377.0,20086
20088,9192.0,27072.0,20087
20089,9192.0,28421.0,20088
20090,9192.0,27956.0,20089
20091,9192.0,28729.0,20090
20092,9192.0,28656.0,20091
20093,9192.0,28668.0,20092
20094,9192.0,27852.0,20093
20095,9192.0,27552.0,20094
20096,9192.0,27164.0,20095
20097,9192.0,28256.0,20096
20098,9192.0,27786.0,20097
20099,9192.0,27874.0,20098
20100,9192.0,27772.0,20099
20101,9192.0,29168.0,20100
20102,9192.0,29187.0,20101
20103,9192.0,29664.0,20102
20104,9192.0,29764.0,20103
20105,9192.0,29744.0,20104
20106,9192.0,29744.0,20105
20107,9192.0,29785.0,20106
20108,9192.0,29785.0,20107
20109,9192.0,30334.0,20108
20110,9192.0,30363.0,20109
20111,9192.0,30023.0,20110
20112,9192.0,30023.0,20111
20113,9192.0,29487.0,20112
20114,9192.0,29586.0,20113
20115,9192.0,29539.0,20114
20116,9192.0,29663.0,20115
20117,9192.0,29699.0,20116
20118,9192.0,29793.0,20117
20119,9192.0,29766.0,20118
20120,9192.0,28176.0,20119
20121,9192.0,27903.0,20120
20122,9192.0,27709.0,20121
20123,9192.0,28549.0,20122
20124,9192.0,28598.0,20123
20125,9192.0,29078.0,20124
20126,9192.0,28016.0,20125
20127,9192.0,28174.0,20126
20128,9192.0,28174.0,20127
20129,9192.0,28900.0,20128
20130,9192.0,29317.0,20129
20131,9192.0,29453.0,20130
20132,9192.0,29255.0,20131
20133,9192.0,29327.0,20132
20134,9192.0,29193.0,20133
20135,9192.0,29126.0,20134
20136,9192.0,28965.0,20135
20137,9192.0,28548.0,20136
20138,9192.0,27516.0,20137
20139,9192.0,27859.0,20138
20140,9192.0,28012.0,20139
20141,9192.0,27434.0,20140
20142,9192.0,27426.0,20141
20143,9192.0,27872.0,20142
20144,9192.0,27880.0,20143
20145,9192.0,27908.0,20144
20146,9192.0,27908.0,20145
20147,9192.0,28243.0,20146
20148,9192.0,28144.0,20147
20149,9192.0,28451.0,20148
20150,9192.0,28151.0,20149
20151,9192.0,29560.0,20150
20152,9192.0,29876.0,20151
20153,9192.0,30576.0,20152
20154,9192.0,29529.0,20153
20155,9192.0,28684.0,20154
20156,9192.0,28636.0,20155
20157,9192.0,28859.0,20156
20158,9192.0,28470.0,20157
20159,9192.0,28468.0,20158
20160,9192.0,28461.0,20159
20161,9192.0,28160.0,20160
20162,9192.0,28883.0,20161
20163,9192.0,28438.0,20162
20164,9192.0,28391.0,20163
20165,9192.0,28745.0,20164
20166,9192.0,28787.0,20165
20167,9192.0,29503.0,20166
20168,9192.0,30203.0,20167
20169,9192.0,30689.0,20168
20170,9192.0,30687.0,20169
20171,9192.0,30675.0,20170
20172,9192.0,29982.0,20171
20173,9192.0,30068.0,20172
20174,9192.0,30745.0,20173
20175,9192.0,30745.0,20174
20176,9192.0,30910.0,20175
20177,9192.0,30768.0,20176
20178,9192.0,30755.0,20177
20179,9192.0,31245.0,20178
20180,9192.0,31245.0,20179
20181,9192.0,30829.0,20180
20182,9192.0,30794.0,20181
20183,9192.0,30514.0,20182
20184,9192.0,30494.0,20183
20185,9192.0,31665.0,20184
20186,9192.0,31775.0,20185
20187,9192.0,31533.0,20186
20188,9192.0,30952.0,20187
20189,9192.0,31081.0,20188
20190,9192.0,30917.0,20189
20191,9192.0,30499.0,20190
20192,9192.0,30519.0,20191
20193,9192.0,30577.0,20192
20194,9192.0,30508.0,20193
20195,9192.0,30665.0,20194
20196,9192.0,30871.0,20195
20197,9192.0,30905.0,20196
20198,9192.0,30496.0,20197
20199,9192.0,29920.0,20198
20200,9192.0,29908.0,20199
20201,9192.0,30014.0,20200
20202,9192.0,29935.0,20201
20203,9192.0,30235.0,20202
20204,9192.0,30496.0,20203
20205,9192.0,30304.0,20204
20206,9192.0,30296.0,20205
20207,9192.0,30299.0,20206
20208,9192.0,30060.0,20207
20209,9192.0,29708.0,20208
20210,9192.0,29369.0,20209
20211,9192.0,29387.0,20210
20212,9192.0,29562.0,20211
20213,9192.0,28598.0,20212
20214,9192.0,28598.0,20213
20215,9192.0,28598.0,20214
20216,9192.0,29723.0,20215
20217,9192.0,29903.0,20216
20218,9192.0,29861.0,20217
20219,9192.0,29857.0,20218
20220,9192.0,29024.0,20219
20221,9192.0,29039.0,20220
20222,9192.0,29030.0,20221
20223,9192.0,29441.0,20222
20224,9192.0,29335.0,20223
20225,9192.0,29570.0,20224
20226,9192.0,29261.0,20225
20227,9192.0,29812.0,20226
20228,9192.0,30148.0,20227
20229,9192.0,30405.0,20228
20230,9192.0,30362.0,20229
20231,9192.0,30174.0,20230
20232,9192.0,30244.0,20231
20233,9192.0,30528.0,20232
20234,9192.0,30744.0,20233
20235,9192.0,30951.0,20234
20236,9192.0,30758.0,20235
20237,9192.0,31206.0,20236
20238,9192.0,31283.0,20237
20239,9192.0,31280.0,20238
20240,9192.0,31680.0,20239
20241,9192.0,31095.0,20240
20242,9192.0,31095.0,20241
20243,9192.0,31308.0,20242
20244,9192.0,30944.0,20243
20245,9192.0,30885.0,20244
20246,9192.0,30878.0,20245
20247,9192.0,30938.0,20246
20248,9192.0,30676.0,20247
20249,9192.0,30676.0,20248
20250,9192.0,31165.0,20249
20251,9192.0,31652.0,20250
20252,9192.0,30687.0,20251
20253,9192.0,30486.0,20252
20254,9192.0,30486.0,20253
20255,9192.0,30483.0,20254
20256,9192.0,31150.0,20255
20257,9192.0,31481.0,20256
20258,9192.0,31207.0,20257
20259,9192.0,30936.0,20258
20260,9192.0,30964.0,20259
20261,9192.0,30994.0,20260
20262,9192.0,30956.0,20261
20263,9192.0,31037.0,20262
20264,9192.0,31019.0,20263
20265,9192.0,30208.0,20264
20266,9192.0,30027.0,20265
20267,9192.0,29746.0,20266
20268,9192.0,30113.0,20267
20269,9192.0,30248.0,20268
20270,9192.0,29853.0,20269
20271,9192.0,29944.0,20270
20272,9192.0,29944.0,20271
20273,9192.0,29703.0,20272
20274,9192.0,29853.0,20273
20275,9192.0,29529.0,20274
20276,9192.0,29947.0,20275
20277,9192.0,30496.0,20276
20278,9192.0,30496.0,20277
20279,9192.0,30850.0,20278
20280,9192.0,31364.0,20279
20281,9192.0,30104.0,20280
20282,9192.0,29394.0,20281
20283,9192.0,29921.0,20282
20284,9192.0,29129.0,20283
20285,9192.0,28582.0,20284
20286,9192.0,28984.0,20285
20287,9192.0,28644.0,20286
20288,9192.0,29220.0,20287
20289,9192.0,28619.0,20288
20290,9192.0,28619.0,20289
20291,9192.0,28463.0,20290
20292,9192.0,28263.0,20291
20293,9192.0,28600.0,20292
20294,9192.0,28909.0,20293
20295,9192.0,28842.0,20294
20296,9192.0,29052.0,20295
20297,9192.0,28885.0,20296
20298,9192.0,30380.0,20297
20299,9192.0,30380.0,20298
20300,9192.0,30386.0,20299
20301,9192.0,29800.0,20300
20302,9192.0,30260.0,20301
20303,9192.0,30193.0,20302
20304,9192.0,30558.0,20303
20305,9192.0,30076.0,20304
20306,9192.0,28646.0,20305
20307,9192.0,28280.0,20306
20308,9192.0,28280.0,20307
20309,9192.0,28741.0,20308
20310,9192.0,28549.0,20309
20311,9192.0,28606.0,20310
20312,9192.0,30021.0,20311
20313,9192.0,29701.0,20312
20314,9192.0,29580.0,20313
20315,9192.0,29440.0,20314
20316,9192.0,30121.0,20315
20317,9192.0,30176.0,20316
20318,9192.0,30176.0,20317
20319,9192.0,29958.0,20318
20320,9192.0,30054.0,20319
20321,9192.0,30100.0,20320
20322,9192.0,29543.0,20321
20323,9192.0,29516.0,20322
20324,9192.0,29466.0,20323
20325,9192.0,27620.0,20324
20326,9192.0,27692.0,20325
20327,9192.0,27591.0,20326
20328,9192.0,27567.0,20327
20329,9192.0,27886.0,20328
20330,9192.0,27986.0,20329
20331,9192.0,28011.0,20330
20332,9192.0,28094.0,20331
20333,9192.0,28386.0,20332
20334,9192.0,28563.0,20333
20335,9192.0,28502.0,20334
20336,9192.0,28318.0,20335
20337,9192.0,28308.0,20336
20338,9192.0,28763.0,20337
20339,9192.0,30441.0,20338
20340,9192.0,30478.0,20339
20341,9192.0,30501.0,20340
20342,9192.0,30205.0,20341
20343,9192.0,30159.0,20342
20344,9192.0,30406.0,20343
20345,9192.0,30361.0,20344
20346,9192.0,30286.0,20345
20347,9192.0,30286.0,20346
20348,9192.0,30689.0,20347
20349,9192.0,30605.0,20348
20350,9192.0,31078.0,20349
20351,9192.0,30624.0,20350
20352,9192.0,29439.0,20351
20353,9192.0,30202.0,20352
20354,9192.0,30273.0,20353
20355,9192.0,30570.0,20354
20356,9192.0,29918.0,20355
20357,9192.0,29810.0,20356
20358,9192.0,29810.0,20357
20359,9192.0,29783.0,20358
20360,9192.0,29741.0,20359
20361,9192.0,29023.0,20360
20362,9192.0,29023.0,20361
20363,9192.0,28799.0,20362
20364,9192.0,28739.0,20363
20365,9192.0,28016.0,20364
20366,9192.0,27775.0,20365
20367,9192.0,27905.0,20366
20368,9192.0,28371.0,20367
20369,9192.0,26541.0,20368
20370,9192.0,27097.0,20369
20371,9192.0,27024.0,20370
20372,9192.0,27024.0,20371
20373,9192.0,26793.0,20372
20374,9192.0,26531.0,20373
20375,9192.0,26533.0,20374
20376,9192.0,26757.0,20375
20377,9192.0,27422.0,20376
20378,9192.0,25527.0,20377
20379,9192.0,25516.0,20378
20380,9192.0,25516.0,20379
20381,9192.0,25444.0,20380
20382,9192.0,25444.0,20381
20383,9192.0,26779.0,20382
20384,9192.0,26759.0,20383
20385,9192.0,27083.0,20384
20386,9192.0,27119.0,20385
20387,9192.0,27179.0,20386
20388,9192.0,27305.0,20387
20389,9192.0,28604.0,20388
20390,9192.0,28373.0,20389
20391,9192.0,28216.0,20390
20392,9192.0,27267.0,20391
20393,9192.0,27285.0,20392
20394,9192.0,28003.0,20393
20395,9192.0,27998.0,20394
20396,9192.0,28377.0,20395
20397,9192.0,29049.0,20396
20398,9192.0,28959.0,20397
20399,9192.0,28930.0,20398
20400,9192.0,28625.0,20399
20401,9192.0,30339.0,20400
20402,9192.0,30381.0,20401
20403,9192.0,30407.0,20402
20404,9192.0,30400.0,20403
20405,9192.0,30263.0,20404
20406,9192.0,30242.0,20405
20407,9192.0,30172.0,20406
20408,9192.0,29926.0,20407
20409,9192.0,30416.0,20408
20410,9192.0,30407.0,20409
20411,9192.0,30293.0,20410
20412,9192.0,30314.0,20411
20413,9192.0,30614.0,20412
20414,9192.0,30468.0,20413
20415,9192.0,30170.0,20414
20416,9192.0,30256.0,20415
20417,9192.0,29753.0,20416
20418,9192.0,28973.0,20417
20419,9192.0,28848.0,20418
20420,9192.0,30112.0,20419
20421,9192.0,30572.0,20420
20422,9192.0,30368.0,20421
20423,9192.0,30097.0,20422
20424,9192.0,31030.0,20423
20425,9192.0,31525.0,20424
20426,9192.0,31412.0,20425
20427,9192.0,31074.0,20426
20428,9192.0,30438.0,20427
20429,9192.0,30782.0,20428
20430,9192.0,30493.0,20429
20431,9192.0,31378.0,20430
20432,9192.0,31378.0,20431
20433,9192.0,31034.0,20432
20434,9192.0,30001.0,20433
20435,9192.0,30195.0,20434
20436,9192.0,30189.0,20435
20437,9192.0,31021.0,20436
20438,9192.0,31021.0,20437
20439,9192.0,31183.0,20438
20440,9192.0,30806.0,20439
20441,9192.0,30785.0,20440
20442,9192.0,30943.0,20441
20443,9192.0,30882.0,20442
20444,9192.0,31039.0,20443
20445,9192.0,30355.0,20444
20446,9192.0,29381.0,20445
20447,9192.0,28518.0,20446
20448,9192.0,28276.0,20447
20449,9192.0,28485.0,20448
20450,9192.0,28315.0,20449
20451,9192.0,28412.0,20450
20452,9192.0,28412.0,20451
20453,9192.0,28706.0,20452
20454,9192.0,29117.0,20453
20455,9192.0,30375.0,20454
20456,9192.0,29820.0,20455
20457,9192.0,29586.0,20456
20458,9192.0,29371.0,20457
20459,9192.0,28810.0,20458
20460,9192.0,28810.0,20459
20461,9192.0,28741.0,20460
20462,9192.0,28505.0,20461
20463,9192.0,28525.0,20462
20464,9192.0,27454.0,20463
20465,9192.0,27525.0,20464
20466,9192.0,27940.0,20465
20467,9192.0,27934.0,20466
20468,9192.0,27829.0,20467
20469,9192.0,27058.0,20468
20470,9192.0,27649.0,20469
20471,9192.0,27649.0,20470
20472,9192.0,27613.0,20471
20473,9192.0,27191.0,20472
20474,9192.0,27782.0,20473
20475,9192.0,27356.0,20474
20476,9192.0,28057.0,20475
20477,9192.0,27965.0,20476
20478,9192.0,27925.0,20477
20479,9192.0,27913.0,20478
20480,9192.0,27441.0,20479
20481,9192.0,27626.0,20480
20482,9192.0,28518.0,20481
20483,9192.0,27262.0,20482
20484,9192.0,26844.0,20483
20485,9192.0,26960.0,20484
20486,9192.0,26535.0,20485
20487,9192.0,26642.0,20486
20488,9192.0,26500.0,20487
20489,9192.0,26500.0,20488
20490,9192.0,26488.0,20489
20491,9192.0,27030.0,20490
20492,9192.0,26982.0,20491
20493,9192.0,27300.0,20492
20494,9192.0,27179.0,20493
20495,9192.0,26812.0,20494
20496,9192.0,26636.0,20495
20497,9192.0,26838.0,20496
20498,9192.0,26840.0,20497
20499,9192.0,26779.0,20498
20500,9192.0,26134.0,20499
20501,9192.0,26048.0,20500
20502,9192.0,26046.0,20501
20503,9192.0,25977.0,20502
20504,9192.0,26654.0,20503
20505,9192.0,27473.0,20504
20506,9192.0,27630.0,20505
20507,9192.0,28032.0,20506
20508,9192.0,28234.0,20507
20509,9192.0,28103.0,20508
20510,9192.0,28151.0,20509
20511,9192.0,28291.0,20510
20512,9192.0,28791.0,20511
20513,9192.0,28349.0,20512
20514,9192.0,28629.0,20513
20515,9192.0,28592.0,20514
20516,9192.0,28398.0,20515
20517,9192.0,28622.0,20516
20518,9192.0,28644.0,20517
20519,9192.0,28881.0,20518
20520,9192.0,28868.0,20519
20521,9192.0,28868.0,20520
20522,9192.0,29020.0,20521
20523,9192.0,29057.0,20522
20524,9192.0,28365.0,20523
20525,9192.0,28392.0,20524
20526,9192.0,28295.0,20525
20527,9192.0,28146.0,20526
20528,9192.0,28146.0,20527
20529,9192.0,28143.0,20528
20530,9192.0,28274.0,20529
20531,9192.0,27699.0,20530
20532,9192.0,27830.0,20531
20533,9192.0,27827.0,20532
20534,9192.0,27918.0,20533
20535,9192.0,28121.0,20534
20536,9192.0,28408.0,20535
20537,9192.0,28399.0,20536
20538,9192.0,29464.0,20537
20539,9192.0,28867.0,20538
20540,9192.0,28889.0,20539
20541,9192.0,29043.0,20540
20542,9192.0,28428.0,20541
20543,9192.0,28231.0,20542
20544,9192.0,29538.0,20543
20545,9192.0,29585.0,20544
20546,9192.0,29341.0,20545
20547,9192.0,28998.0,20546
20548,9192.0,27551.0,20547
20549,9192.0,27734.0,20548
20550,9192.0,27716.0,20549
20551,9192.0,27927.0,20550
20552,9192.0,28376.0,20551
20553,9192.0,28458.0,20552
20554,9192.0,28665.0,20553
20555,9192.0,28175.0,20554
20556,9192.0,28480.0,20555
20557,9192.0,28548.0,20556
20558,9192.0,28058.0,20557
20559,9192.0,28063.0,20558
20560,9192.0,28113.0,20559
20561,9192.0,27986.0,20560
20562,9192.0,27057.0,20561
20563,9192.0,27824.0,20562
20564,9192.0,28003.0,20563
20565,9192.0,27897.0,20564
20566,9192.0,28162.0,20565
20567,9192.0,28230.0,20566
20568,9192.0,27496.0,20567
20569,9192.0,27467.0,20568
20570,9192.0,27467.0,20569
20571,9192.0,27934.0,20570
20572,9192.0,28507.0,20571
20573,9192.0,27805.0,20572
20574,9192.0,28396.0,20573
20575,9192.0,28466.0,20574
20576,9192.0,28049.0,20575
20577,9192.0,28089.0,20576
20578,9192.0,28854.0,20577
20579,9192.0,28443.0,20578
20580,9192.0,27327.0,20579
20581,9192.0,27373.0,20580
20582,9192.0,27373.0,20581
20583,9192.0,27546.0,20582
20584,9192.0,27546.0,20583
20585,9192.0,28109.0,20584
20586,9192.0,27420.0,20585
20587,9192.0,27365.0,20586
20588,9192.0,27549.0,20587
20589,9192.0,27332.0,20588
20590,9192.0,27085.0,20589
20591,9192.0,26228.0,20590
20592,9192.0,26282.0,20591
20593,9192.0,26228.0,20592
20594,9192.0,26723.0,20593
20595,9192.0,28419.0,20594
20596,9192.0,28633.0,20595
20597,9192.0,28249.0,20596
20598,9192.0,28569.0,20597
20599,9192.0,29080.0,20598
20600,9192.0,28845.0,20599
20601,9192.0,28827.0,20600
20602,9192.0,28827.0,20601
20603,9192.0,28098.0,20602
20604,9192.0,28274.0,20603
20605,9192.0,28705.0,20604
20606,9192.0,28973.0,20605
20607,9192.0,28523.0,20606
20608,9192.0,28933.0,20607
20609,9192.0,28884.0,20608
20610,9192.0,28884.0,20609
20611,9192.0,28870.0,20610
20612,9192.0,28569.0,20611
20613,9192.0,28338.0,20612
20614,9192.0,28254.0,20613
20615,9192.0,27558.0,20614
20616,9192.0,27558.0,20615
20617,9192.0,27562.0,20616
20618,9192.0,28801.0,20617
20619,9192.0,29037.0,20618
20620,9192.0,29796.0,20619
20621,9192.0,29714.0,20620
20622,9192.0,29747.0,20621
20623,9192.0,29842.0,20622
20624,9192.0,29471.0,20623
20625,9192.0,29449.0,20624
20626,9192.0,29465.0,20625
20627,9192.0,29298.0,20626
20628,9192.0,29298.0,20627
20629,9192.0,28846.0,20628
20630,9192.0,29275.0,20629
20631,9192.0,29815.0,20630
20632,9192.0,29821.0,20631
20633,9192.0,29830.0,20632
20634,9192.0,30022.0,20633
20635,9192.0,30328.0,20634
20636,9192.0,30433.0,20635
20637,9192.0,30252.0,20636
20638,9192.0,29952.0,20637
20639,9192.0,29922.0,20638
20640,9192.0,29620.0,20639
20641,9192.0,28760.0,20640
20642,9192.0,27850.0,20641
20643,9192.0,28301.0,20642
20644,9192.0,28358.0,20643
20645,9192.0,28240.0,20644
20646,9192.0,28487.0,20645
20647,9192.0,28174.0,20646
20648,9192.0,27909.0,20647
20649,9192.0,26891.0,20648
20650,9192.0,27250.0,20649
20651,9192.0,28060.0,20650
20652,9192.0,28170.0,20651
20653,9192.0,28112.0,20652
20654,9192.0,28020.0,20653
20655,9192.0,28425.0,20654
20656,9192.0,28513.0,20655
20657,9192.0,28595.0,20656
20658,9192.0,28535.0,20657
20659,9192.0,28217.0,20658
20660,9192.0,28235.0,20659
20661,9192.0,27467.0,20660
20662,9192.0,26938.0,20661
20663,9192.0,26777.0,20662
20664,9192.0,26572.0,20663
20665,9192.0,26909.0,20664
20666,9192.0,26859.0,20665
20667,9192.0,26939.0,20666
20668,9192.0,27695.0,20667
20669,9192.0,27793.0,20668
20670,9192.0,27511.0,20669
20671,9192.0,27511.0,20670
20672,9192.0,27159.0,20671
20673,9192.0,27262.0,20672
20674,9192.0,27025.0,20673
20675,9192.0,28117.0,20674
20676,9192.0,28062.0,20675
20677,9192.0,28253.0,20676
20678,9192.0,28057.0,20677
20679,9192.0,27900.0,20678
20680,9192.0,28152.0,20679
20681,9192.0,28181.0,20680
20682,9192.0,28002.0,20681
20683,9192.0,27673.0,20682
20684,9192.0,29497.0,20683
20685,9192.0,29578.0,20684
20686,9192.0,30241.0,20685
20687,9192.0,30336.0,20686
20688,9192.0,30363.0,20687
20689,9192.0,30243.0,20688
20690,9192.0,30498.0,20689
20691,9192.0,30653.0,20690
20692,9192.0,30653.0,20691
20693,9192.0,30720.0,20692
20694,9192.0,30647.0,20693
20695,9192.0,30634.0,20694
20696,9192.0,30531.0,20695
20697,9192.0,30531.0,20696
20698,9192.0,30729.0,20697
20699,9192.0,30762.0,20698
20700,9192.0,30885.0,20699
20701,9192.0,31137.0,20700
20702,9192.0,31108.0,20701
20703,9192.0,31101.0,20702
20704,9192.0,30451.0,20703
20705,9192.0,30295.0,20704
20706,9192.0,30620.0,20705
20707,9192.0,30806.0,20706
20708,9192.0,30466.0,20707
20709,9192.0,30398.0,20708
20710,9192.0,30122.0,20709
20711,9192.0,29599.0,20710
20712,9192.0,29788.0,20711
20713,9192.0,30095.0,20712
20714,9192.0,29410.0,20713
20715,9192.0,29733.0,20714
20716,9192.0,29645.0,20715
20717,9192.0,29574.0,20716
20718,9192.0,29997.0,20717
20719,9192.0,30136.0,20718
20720,9192.0,31217.0,20719
20721,9192.0,31217.0,20720
20722,9192.0,31299.0,20721
20723,9192.0,31375.0,20722
20724,9192.0,31608.0,20723
20725,9192.0,31602.0,20724
20726,9192.0,31376.0,20725
20727,9192.0,31141.0,20726
20728,9192.0,31075.0,20727
20729,9192.0,31199.0,20728
20730,9192.0,31137.0,20729
20731,9192.0,30929.0,20730
20732,9192.0,30566.0,20731
20733,9192.0,30764.0,20732
20734,9192.0,30764.0,20733
20735,9192.0,31106.0,20734
20736,9192.0,31089.0,20735
20737,9192.0,30717.0,20736
20738,9192.0,28948.0,20737
20739,9192.0,28837.0,20738
20740,9192.0,27335.0,20739
20741,9192.0,27311.0,20740
20742,9192.0,27422.0,20741
20743,9192.0,27422.0,20742
20744,9192.0,27455.0,20743
20745,9192.0,26994.0,20744
20746,9192.0,27198.0,20745
20747,9192.0,27355.0,20746
20748,9192.0,27435.0,20747
20749,9192.0,27498.0,20748
20750,9192.0,27217.0,20749
20751,9192.0,27058.0,20750
20752,9192.0,26977.0,20751
20753,9192.0,27022.0,20752
20754,9192.0,26740.0,20753
20755,9192.0,27115.0,20754
20756,9192.0,27445.0,20755
20757,9192.0,26395.0,20756
20758,9192.0,27048.0,20757
20759,9192.0,26293.0,20758
20760,9192.0,26537.0,20759
20761,9192.0,26555.0,20760
20762,9192.0,27003.0,20761
20763,9192.0,25935.0,20762
20764,9192.0,26057.0,20763
20765,9192.0,26397.0,20764
20766,9192.0,27480.0,20765
20767,9192.0,28710.0,20766
20768,9192.0,29088.0,20767
20769,9192.0,29099.0,20768
20770,9192.0,29468.0,20769
20771,9192.0,28872.0,20770
20772,9192.0,28871.0,20771
20773,9192.0,28789.0,20772
20774,9192.0,29119.0,20773
20775,9192.0,30317.0,20774
20776,9192.0,30273.0,20775
20777,9192.0,30279.0,20776
20778,9192.0,30279.0,20777
20779,9192.0,30285.0,20778
20780,9192.0,30285.0,20779
20781,9192.0,32595.0,20780
20782,9192.0,32774.0,20781
20783,9192.0,32820.0,20782
20784,9192.0,33357.0,20783
20785,9192.0,33361.0,20784
20786,9192.0,33419.0,20785
20787,9192.0,33913.0,20786
20788,9192.0,33819.0,20787
20789,9192.0,33698.0,20788
20790,9192.0,33843.0,20789
20791,9192.0,34027.0,20790
20792,9192.0,33928.0,20791
20793,9192.0,33793.0,20792
20794,9192.0,33409.0,20793
20795,9192.0,34018.0,20794
20796,9192.0,34018.0,20795
20797,9192.0,33018.0,20796
20798,9192.0,32357.0,20797
20799,9192.0,32335.0,20798
20800,9192.0,31281.0,20799
20801,9192.0,31202.0,20800
20802,9192.0,30966.0,20801
20803,9192.0,31240.0,20802
20804,9192.0,31240.0,20803
20805,9192.0,30934.0,20804
20806,9192.0,30530.0,20805
20807,9192.0,30460.0,20806
20808,9192.0,30341.0,20807
20809,9192.0,30129.0,20808
20810,9192.0,30119.0,20809
20811,9192.0,29303.0,20810
20812,9192.0,28969.0,20811
20813,9192.0,29115.0,20812
20814,9192.0,29553.0,20813
20815,9192.0,29892.0,20814
20816,9192.0,30056.0,20815
20817,9192.0,29985.0,20816
20818,9192.0,29884.0,20817
20819,9192.0,28527.0,20818
20820,9192.0,28695.0,20819
20821,9192.0,28695.0,20820
20822,9192.0,28609.0,20821
20823,9192.0,28554.0,20822
20824,9192.0,28652.0,20823
20825,9192.0,28775.0,20824
20826,9192.0,29147.0,20825
20827,9192.0,28272.0,20826
20828,9192.0,28272.0,20827
20829,9192.0,28472.0,20828
20830,9192.0,28387.0,20829
20831,9192.0,28240.0,20830
20832,9192.0,28271.0,20831
20833,9192.0,28575.0,20832
20834,9192.0,29086.0,20833
20835,9192.0,29271.0,20834
20836,9192.0,29873.0,20835
20837,9192.0,31069.0,20836
20838,9192.0,30842.0,20837
20839,9192.0,30631.0,20838
20840,9192.0,30664.0,20839
20841,9192.0,30943.0,20840
20842,9192.0,30658.0,20841
20843,9192.0,29462.0,20842
20844,9192.0,29274.0,20843
20845,9192.0,28454.0,20844
20846,9192.0,28710.0,20845
20847,9192.0,28464.0,20846
20848,9192.0,28503.0,20847
20849,9192.0,28460.0,20848
20850,9192.0,27972.0,20849
20851,9192.0,28007.0,20850
20852,9192.0,28364.0,20851
20853,9192.0,28563.0,20852
20854,9192.0,28730.0,20853
20855,9192.0,28905.0,20854
20856,9192.0,29502.0,20855
20857,9192.0,29936.0,20856
20858,9192.0,29597.0,20857
20859,9192.0,29147.0,20858
20860,9192.0,28962.0,20859
20861,9192.0,29410.0,20860
20862,9192.0,29410.0,20861
20863,9192.0,29388.0,20862
20864,9192.0,30601.0,20863
20865,9192.0,30792.0,20864
20866,9192.0,30791.0,20865
20867,9192.0,30010.0,20866
20868,9192.0,30498.0,20867
20869,9192.0,30498.0,20868
20870,9192.0,30112.0,20869
20871,9192.0,29942.0,20870
20872,9192.0,29958.0,20871
20873,9192.0,29381.0,20872
20874,9192.0,28631.0,20873
20875,9192.0,27564.0,20874
20876,9192.0,27600.0,20875
20877,9192.0,27588.0,20876
20878,9192.0,27988.0,20877
20879,9192.0,28239.0,20878
20880,9192.0,28184.0,20879
20881,9192.0,29361.0,20880
20882,9192.0,28977.0,20881
20883,9192.0,29015.0,20882
20884,9192.0,28833.0,20883
20885,9192.0,28724.0,20884
20886,9192.0,29224.0,20885
20887,9192.0,29557.0,20886
20888,9192.0,31129.0,20887
20889,9192.0,31129.0,20888
20890,9192.0,32156.0,20889
20891,9192.0,32691.0,20890
20892,9192.0,32691.0,20891
20893,9192.0,31101.0,20892
20894,9192.0,30778.0,20893
20895,9192.0,30178.0,20894
20896,9192.0,31027.0,20895
20897,9192.0,31098.0,20896
20898,9192.0,30711.0,20897
20899,9192.0,30659.0,20898
20900,9192.0,31319.0,20899
20901,9192.0,31392.0,20900
20902,9192.0,31538.0,20901
20903,9192.0,31389.0,20902
20904,9192.0,31180.0,20903
20905,9192.0,32015.0,20904
20906,9192.0,31682.0,20905
20907,9192.0,31017.0,20906
20908,9192.0,30904.0,20907
20909,9192.0,30914.0,20908
20910,9192.0,29960.0,20909
20911,9192.0,29715.0,20910
20912,9192.0,29322.0,20911
20913,9192.0,29614.0,20912
20914,9192.0,29614.0,20913
20915,9192.0,29481.0,20914
20916,9192.0,29838.0,20915
20917,9192.0,29843.0,20916
20918,9192.0,29726.0,20917
20919,9192.0,29726.0,20918
20920,9192.0,28360.0,20919
20921,9192.0,28321.0,20920
20922,9192.0,28404.0,20921
20923,9192.0,27930.0,20922
20924,9192.0,27950.0,20923
20925,9192.0,27961.0,20924
20926,9192.0,27765.0,20925
20927,9192.0,28335.0,20926
20928,9192.0,28157.0,20927
20929,9192.0,27883.0,20928
20930,9192.0,27923.0,20929
20931,9192.0,27472.0,20930
20932,9192.0,27472.0,20931
20933,9192.0,27702.0,20932
20934,9192.0,27814.0,20933
20935,9192.0,26971.0,20934
20936,9192.0,27288.0,20935
20937,9192.0,27288.0,20936
20938,9192.0,27842.0,20937
20939,9192.0,27570.0,20938
20940,9192.0,26698.0,20939
20941,9192.0,27028.0,20940
20942,9192.0,26792.0,20941
20943,9192.0,26898.0,20942
20944,9192.0,26898.0,20943
20945,9192.0,26960.0,20944
20946,9192.0,26410.0,20945
20947,9192.0,26559.0,20946
20948,9192.0,26559.0,20947
20949,9192.0,28483.0,20948
20950,9192.0,28219.0,20949
20951,9192.0,27755.0,20950
20952,9192.0,26155.0,20951
20953,9192.0,26914.0,20952
20954,9192.0,26900.0,20953
20955,9192.0,27307.0,20954
20956,9192.0,27676.0,20955
20957,9192.0,27970.0,20956
20958,9192.0,27972.0,20957
20959,9192.0,27972.0,20958
20960,9192.0,28493.0,20959
20961,9192.0,27734.0,20960
20962,9192.0,27450.0,20961
20963,9192.0,27425.0,20962
20964,9192.0,27414.0,20963
20965,9192.0,27413.0,20964
20966,9192.0,27413.0,20965
20967,9192.0,28801.0,20966
20968,9192.0,30052.0,20967
20969,9192.0,30363.0,20968
20970,9192.0,30437.0,20969
20971,9192.0,31465.0,20970
20972,9192.0,29335.0,20971
20973,9192.0,29247.0,20972
20974,9192.0,29217.0,20973
20975,9192.0,27633.0,20974
20976,9192.0,27922.0,20975
20977,9192.0,27997.0,20976
20978,9192.0,28744.0,20977
20979,9192.0,29020.0,20978
20980,9192.0,28966.0,20979
20981,9192.0,28286.0,20980
20982,9192.0,28006.0,20981
20983,9192.0,28367.0,20982
20984,9192.0,28444.0,20983
20985,9192.0,28003.0,20984
20986,9192.0,27813.0,20985
20987,9192.0,27312.0,20986
20988,9192.0,27568.0,20987
20989,9192.0,27773.0,20988
20990,9192.0,28405.0,20989
20991,9192.0,27983.0,20990
20992,9192.0,28052.0,20991
20993,9192.0,28568.0,20992
20994,9192.0,28841.0,20993
20995,9192.0,29310.0,20994
20996,9192.0,29984.0,20995
20997,9192.0,29162.0,20996
20998,9192.0,29375.0,20997
20999,9192.0,29379.0,20998
21000,9192.0,30086.0,20999
21001,9192.0,30086.0,21000
21002,9192.0,30100.0,21001
21003,9192.0,29522.0,21002
21004,9192.0,28891.0,21003
21005,9192.0,29063.0,21004
21006,9192.0,28419.0,21005
21007,9192.0,27327.0,21006
21008,9192.0,27327.0,21007
21009,9192.0,26963.0,21008
21010,9192.0,27356.0,21009
21011,9192.0,27356.0,21010
21012,9192.0,26680.0,21011
21013,9192.0,26956.0,21012
21014,9192.0,26699.0,21013
21015,9192.0,26699.0,21014
21016,9192.0,27109.0,21015
21017,9192.0,27109.0,21016
21018,9192.0,27109.0,21017
21019,9192.0,26857.0,21018
21020,9192.0,26492.0,21019
21021,9192.0,27072.0,21020
21022,9192.0,26719.0,21021
21023,9192.0,26973.0,21022
21024,9192.0,27287.0,21023
21025,9192.0,28130.0,21024
21026,9192.0,27919.0,21025
21027,9192.0,27791.0,21026
21028,9192.0,28371.0,21027
21029,9192.0,28181.0,21028
21030,9192.0,27298.0,21029
21031,9192.0,27461.0,21030
21032,9192.0,26411.0,21031
21033,9192.0,25770.0,21032
21034,9192.0,25830.0,21033
21035,9192.0,25833.0,21034
21036,9192.0,26695.0,21035
21037,9192.0,26548.0,21036
21038,9192.0,26637.0,21037
21039,9192.0,26824.0,21038
21040,9192.0,26873.0,21039
21041,9192.0,26763.0,21040
21042,9192.0,26669.0,21041
21043,9192.0,26669.0,21042
21044,9192.0,26826.0,21043
21045,9192.0,26338.0,21044
21046,9192.0,26471.0,21045
21047,9192.0,26224.0,21046
21048,9192.0,26289.0,21047
21049,9192.0,26299.0,21048
21050,9192.0,26204.0,21049
21051,9192.0,26248.0,21050
21052,9192.0,27581.0,21051
21053,9192.0,27349.0,21052
21054,9192.0,27697.0,21053
21055,9192.0,27131.0,21054
21056,9192.0,27198.0,21055
21057,9192.0,27101.0,21056
21058,9192.0,26949.0,21057
21059,9192.0,26891.0,21058
21060,9192.0,27118.0,21059
21061,9192.0,26789.0,21060
21062,9192.0,27366.0,21061
21063,9192.0,27345.0,21062
21064,9192.0,27345.0,21063
21065,9192.0,27504.0,21064
21066,9192.0,27504.0,21065
21067,9192.0,28160.0,21066
21068,9192.0,28213.0,21067
21069,9192.0,28073.0,21068
21070,9192.0,27700.0,21069
21071,9192.0,27861.0,21070
21072,9192.0,27861.0,21071
21073,9192.0,27885.0,21072
21074,9192.0,27884.0,21073
21075,9192.0,27760.0,21074
21076,9192.0,27652.0,21075
21077,9192.0,27522.0,21076
21078,9192.0,27597.0,21077
21079,9192.0,27857.0,21078
21080,9192.0,27506.0,21079
21081,9192.0,27428.0,21080
21082,9192.0,27428.0,21081
21083,9192.0,27543.0,21082
21084,9192.0,27543.0,21083
21085,9192.0,27168.0,21084
21086,9192.0,26690.0,21085
21087,9192.0,26497.0,21086
21088,9192.0,26497.0,21087
21089,9192.0,26483.0,21088
21090,9192.0,26524.0,21089
21091,9192.0,26793.0,21090
21092,9192.0,27789.0,21091
21093,9192.0,28557.0,21092
21094,9192.0,28624.0,21093
21095,9192.0,29740.0,21094
21096,9192.0,31153.0,21095
21097,9192.0,31328.0,21096
21098,9192.0,30790.0,21097
21099,9192.0,30646.0,21098
21100,9192.0,31158.0,21099
21101,9192.0,31322.0,21100
21102,9192.0,31214.0,21101
21103,9192.0,31042.0,21102
21104,9192.0,30995.0,21103
21105,9192.0,30795.0,21104
21106,9192.0,30752.0,21105
21107,9192.0,30773.0,21106
21108,9192.0,30816.0,21107
21109,9192.0,30896.0,21108
21110,9192.0,30410.0,21109
21111,9192.0,30351.0,21110
21112,9192.0,30409.0,21111
21113,9192.0,30418.0,21112
21114,9192.0,30635.0,21113
21115,9192.0,30737.0,21114
21116,9192.0,29485.0,21115
21117,9192.0,29500.0,21116
21118,9192.0,29331.0,21117
21119,9192.0,29162.0,21118
21120,9192.0,29229.0,21119
21121,9192.0,28690.0,21120
21122,9192.0,28659.0,21121
21123,9192.0,28699.0,21122
21124,9192.0,28705.0,21123
21125,9192.0,28640.0,21124
21126,9192.0,28413.0,21125
21127,9192.0,28472.0,21126
21128,9192.0,28864.0,21127
21129,9192.0,28078.0,21128
21130,9192.0,28236.0,21129
21131,9192.0,28212.0,21130
21132,9192.0,28212.0,21131
21133,9192.0,28850.0,21132
21134,9192.0,28994.0,21133
21135,9192.0,28997.0,21134
21136,9192.0,29115.0,21135
21137,9192.0,30134.0,21136
21138,9192.0,29935.0,21137
21139,9192.0,29988.0,21138
21140,9192.0,30082.0,21139
21141,9192.0,30007.0,21140
21142,9192.0,29631.0,21141
21143,9192.0,29981.0,21142
21144,9192.0,29823.0,21143
21145,9192.0,29880.0,21144
21146,9192.0,29794.0,21145
21147,9192.0,28956.0,21146
21148,9192.0,28949.0,21147
21149,9192.0,29307.0,21148
21150,9192.0,29612.0,21149
21151,9192.0,28586.0,21150
21152,9192.0,28522.0,21151
21153,9192.0,28522.0,21152
21154,9192.0,28690.0,21153
21155,9192.0,28642.0,21154
21156,9192.0,29135.0,21155
21157,9192.0,30136.0,21156
21158,9192.0,29731.0,21157
21159,9192.0,30676.0,21158
21160,9192.0,30556.0,21159
21161,9192.0,30882.0,21160
21162,9192.0,30456.0,21161
21163,9192.0,29038.0,21162
21164,9192.0,29884.0,21163
21165,9192.0,29869.0,21164
21166,9192.0,27897.0,21165
21167,9192.0,27731.0,21166
21168,9192.0,28752.0,21167
21169,9192.0,27668.0,21168
21170,9192.0,27658.0,21169
21171,9192.0,28466.0,21170
21172,9192.0,29027.0,21171
21173,9192.0,29027.0,21172
21174,9192.0,29047.0,21173
21175,9192.0,29602.0,21174
21176,9192.0,29470.0,21175
21177,9192.0,30261.0,21176
21178,9192.0,30261.0,21177
21179,9192.0,30109.0,21178
21180,9192.0,30313.0,21179
21181,9192.0,30324.0,21180
21182,9192.0,30324.0,21181
21183,9192.0,30304.0,21182
21184,9192.0,30918.0,21183
21185,9192.0,31100.0,21184
21186,9192.0,30947.0,21185
21187,9192.0,30268.0,21186
21188,9192.0,30399.0,21187
21189,9192.0,30258.0,21188
21190,9192.0,30825.0,21189
21191,9192.0,30790.0,21190
21192,9192.0,30017.0,21191
21193,9192.0,30015.0,21192
21194,9192.0,30187.0,21193
21195,9192.0,30205.0,21194
21196,9192.0,30556.0,21195
21197,9192.0,30680.0,21196
21198,9192.0,31058.0,21197
21199,9192.0,30881.0,21198
21200,9192.0,30377.0,21199
21201,9192.0,30145.0,21200
21202,9192.0,30185.0,21201
21203,9192.0,30319.0,21202
21204,9192.0,30027.0,21203
21205,9192.0,30311.0,21204
21206,9192.0,29865.0,21205
21207,9192.0,29880.0,21206
21208,9192.0,29814.0,21207
21209,9192.0,29528.0,21208
21210,9192.0,29528.0,21209
21211,9192.0,28595.0,21210
21212,9192.0,28471.0,21211
21213,9192.0,28379.0,21212
21214,9192.0,28237.0,21213
21215,9192.0,28579.0,21214
21216,9192.0,29028.0,21215
21217,9192.0,28642.0,21216
21218,9192.0,28995.0,21217
21219,9192.0,29442.0,21218
21220,9192.0,29285.0,21219
21221,9192.0,29423.0,21220
21222,9192.0,29489.0,21221
21223,9192.0,30612.0,21222
21224,9192.0,30612.0,21223
21225,9192.0,30612.0,21224
21226,9192.0,30795.0,21225
21227,9192.0,30643.0,21226
21228,9192.0,30546.0,21227
21229,9192.0,30090.0,21228
21230,9192.0,29442.0,21229
21231,9192.0,29600.0,21230
21232,9192.0,29299.0,21231
21233,9192.0,29340.0,21232
21234,9192.0,29617.0,21233
21235,9192.0,27520.0,21234
21236,9192.0,27558.0,21235
21237,9192.0,27580.0,21236
21238,9192.0,27563.0,21237
21239,9192.0,26768.0,21238
21240,9192.0,26683.0,21239
21241,9192.0,26757.0,21240
21242,9192.0,27144.0,21241
21243,9192.0,27196.0,21242
21244,9192.0,27546.0,21243
21245,9192.0,27546.0,21244
21246,9192.0,27546.0,21245
21247,9192.0,27499.0,21246
21248,9192.0,27705.0,21247
21249,9192.0,26815.0,21248
21250,9192.0,26640.0,21249
21251,9192.0,26921.0,21250
21252,9192.0,27078.0,21251
21253,9192.0,27631.0,21252
21254,9192.0,27592.0,21253
21255,9192.0,27592.0,21254
21256,9192.0,28848.0,21255
21257,9192.0,28479.0,21256
21258,9192.0,28276.0,21257
21259,9192.0,28699.0,21258
21260,9192.0,28787.0,21259
21261,9192.0,28245.0,21260
21262,9192.0,27506.0,21261
21263,9192.0,27349.0,21262
21264,9192.0,27275.0,21263
21265,9192.0,27541.0,21264
21266,9192.0,27272.0,21265
21267,9192.0,27403.0,21266
21268,9192.0,26916.0,21267
21269,9192.0,26916.0,21268
21270,9192.0,26659.0,21269
21271,9192.0,27341.0,21270
21272,9192.0,29173.0,21271
21273,9192.0,29613.0,21272
21274,9192.0,30885.0,21273
21275,9192.0,30956.0,21274
21276,9192.0,30887.0,21275
21277,9192.0,30790.0,21276
21278,9192.0,30790.0,21277
21279,9192.0,31130.0,21278
21280,9192.0,31052.0,21279
21281,9192.0,31436.0,21280
21282,9192.0,31546.0,21281
21283,9192.0,31989.0,21282
21284,9192.0,31824.0,21283
21285,9192.0,31807.0,21284
21286,9192.0,31638.0,21285
21287,9192.0,30932.0,21286
21288,9192.0,31528.0,21287
21289,9192.0,30189.0,21288
21290,9192.0,30389.0,21289
21291,9192.0,29467.0,21290
21292,9192.0,28364.0,21291
21293,9192.0,28208.0,21292
21294,9192.0,27134.0,21293
21295,9192.0,27122.0,21294
21296,9192.0,28207.0,21295
21297,9192.0,28358.0,21296
21298,9192.0,28151.0,21297
21299,9192.0,28398.0,21298
21300,9192.0,28255.0,21299
21301,9192.0,27772.0,21300
21302,9192.0,27574.0,21301
21303,9192.0,26993.0,21302
21304,9192.0,27276.0,21303
21305,9192.0,27251.0,21304
21306,9192.0,27726.0,21305
21307,9192.0,27981.0,21306
21308,9192.0,27961.0,21307
21309,9192.0,27803.0,21308
21310,9192.0,29126.0,21309
21311,9192.0,28751.0,21310
21312,9192.0,29927.0,21311
21313,9192.0,29795.0,21312
21314,9192.0,29914.0,21313
21315,9192.0,31186.0,21314
21316,9192.0,30449.0,21315
21317,9192.0,30057.0,21316
21318,9192.0,29761.0,21317
21319,9192.0,30192.0,21318
21320,9192.0,30456.0,21319
21321,9192.0,30882.0,21320
21322,9192.0,30790.0,21321
21323,9192.0,30784.0,21322
21324,9192.0,30819.0,21323
21325,9192.0,31361.0,21324
21326,9192.0,31785.0,21325
21327,9192.0,32241.0,21326
21328,9192.0,32241.0,21327
21329,9192.0,31879.0,21328
21330,9192.0,31572.0,21329
21331,9192.0,31885.0,21330
21332,9192.0,32136.0,21331
21333,9192.0,32240.0,21332
21334,9192.0,31736.0,21333
21335,9192.0,32087.0,21334
21336,9192.0,31994.0,21335
21337,9192.0,30994.0,21336
21338,9192.0,30750.0,21337
21339,9192.0,30649.0,21338
21340,9192.0,30655.0,21339
21341,9192.0,30717.0,21340
21342,9192.0,30354.0,21341
21343,9192.0,30386.0,21342
21344,9192.0,30406.0,21343
21345,9192.0,30674.0,21344
21346,9192.0,30682.0,21345
21347,9192.0,30126.0,21346
21348,9192.0,30211.0,21347
21349,9192.0,30642.0,21348
21350,9192.0,29852.0,21349
21351,9192.0,30429.0,21350
21352,9192.0,30441.0,21351
21353,9192.0,30382.0,21352
21354,9192.0,30509.0,21353
21355,9192.0,30423.0,21354
21356,9192.0,30568.0,21355
21357,9192.0,30664.0,21356
21358,9192.0,31439.0,21357
21359,9192.0,31625.0,21358
21360,9192.0,31485.0,21359
21361,9192.0,31204.0,21360
21362,9192.0,30887.0,21361
21363,9192.0,30965.0,21362
21364,9192.0,30965.0,21363
21365,9192.0,30755.0,21364
21366,9192.0,30721.0,21365
21367,9192.0,30721.0,21366
21368,9192.0,30591.0,21367
21369,9192.0,30591.0,21368
21370,9192.0,30380.0,21369
21371,9192.0,30390.0,21370
21372,9192.0,31071.0,21371
21373,9192.0,31053.0,21372
21374,9192.0,30936.0,21373
21375,9192.0,30931.0,21374
21376,9192.0,30931.0,21375
21377,9192.0,30664.0,21376
21378,9192.0,30606.0,21377
21379,9192.0,31785.0,21378
21380,9192.0,31889.0,21379
21381,9192.0,31148.0,21380
21382,9192.0,30665.0,21381
21383,9192.0,30810.0,21382
21384,9192.0,30934.0,21383
21385,9192.0,30384.0,21384
21386,9192.0,30523.0,21385
21387,9192.0,30499.0,21386
21388,9192.0,31150.0,21387
21389,9192.0,31486.0,21388
21390,9192.0,31486.0,21389
21391,9192.0,31486.0,21390
21392,9192.0,31817.0,21391
21393,9192.0,31696.0,21392
21394,9192.0,31646.0,21393
21395,9192.0,31753.0,21394
21396,9192.0,31753.0,21395
21397,9192.0,31525.0,21396
21398,9192.0,31356.0,21397
21399,9192.0,31038.0,21398
21400,9192.0,31027.0,21399
21401,9192.0,31922.0,21400
21402,9192.0,32025.0,21401
21403,9192.0,32384.0,21402
21404,9192.0,32684.0,21403
21405,9192.0,32368.0,21404
21406,9192.0,32372.0,21405
21407,9192.0,32285.0,21406
21408,9192.0,32457.0,21407
21409,9192.0,32669.0,21408
21410,9192.0,32721.0,21409
21411,9192.0,33010.0,21410
21412,9192.0,32783.0,21411
21413,9192.0,32801.0,21412
21414,9192.0,31298.0,21413
21415,9192.0,31454.0,21414
21416,9192.0,31507.0,21415
21417,9192.0,31374.0,21416
21418,9192.0,30768.0,21417
21419,9192.0,30676.0,21418
21420,9192.0,30179.0,21419
21421,9192.0,30095.0,21420
21422,9192.0,30095.0,21421
21423,9192.0,30267.0,21422
21424,9192.0,30341.0,21423
21425,9192.0,30032.0,21424
21426,9192.0,30237.0,21425
21427,9192.0,30870.0,21426
21428,9192.0,31141.0,21427
21429,9192.0,30927.0,21428
21430,9192.0,30416.0,21429
21431,9192.0,31444.0,21430
21432,9192.0,29876.0,21431
21433,9192.0,30301.0,21432
21434,9192.0,30203.0,21433
21435,9192.0,29477.0,21434
21436,9192.0,29563.0,21435
21437,9192.0,29630.0,21436
21438,9192.0,29740.0,21437
21439,9192.0,31463.0,21438
21440,9192.0,31456.0,21439
21441,9192.0,30494.0,21440
21442,9192.0,30592.0,21441
21443,9192.0,30606.0,21442
21444,9192.0,30433.0,21443
21445,9192.0,30205.0,21444
21446,9192.0,30114.0,21445
21447,9192.0,30183.0,21446
21448,9192.0,30395.0,21447
21449,9192.0,30377.0,21448
21450,9192.0,29930.0,21449
21451,9192.0,29394.0,21450
21452,9192.0,29443.0,21451
21453,9192.0,29560.0,21452
21454,9192.0,29548.0,21453
21455,9192.0,29113.0,21454
21456,9192.0,28349.0,21455
21457,9192.0,28392.0,21456
21458,9192.0,28922.0,21457
21459,9192.0,28930.0,21458
21460,9192.0,27922.0,21459
21461,9192.0,28201.0,21460
21462,9192.0,27708.0,21461
21463,9192.0,26838.0,21462
21464,9192.0,26838.0,21463
21465,9192.0,26691.0,21464
21466,9192.0,29166.0,21465
21467,9192.0,29099.0,21466
21468,9192.0,29587.0,21467
21469,9192.0,28501.0,21468
21470,9192.0,28138.0,21469
21471,9192.0,27763.0,21470
21472,9192.0,28362.0,21471
21473,9192.0,28427.0,21472
21474,9192.0,28699.0,21473
21475,9192.0,28712.0,21474
21476,9192.0,28285.0,21475
21477,9192.0,28284.0,21476
21478,9192.0,28260.0,21477
21479,9192.0,29343.0,21478
21480,9192.0,29670.0,21479
21481,9192.0,29631.0,21480
21482,9192.0,29591.0,21481
21483,9192.0,29362.0,21482
21484,9192.0,29271.0,21483
21485,9192.0,29613.0,21484
21486,9192.0,29560.0,21485
21487,9192.0,29560.0,21486
21488,9192.0,29126.0,21487
21489,9192.0,30506.0,21488
21490,9192.0,30748.0,21489
21491,9192.0,30991.0,21490
21492,9192.0,30782.0,21491
21493,9192.0,30852.0,21492
21494,9192.0,30770.0,21493
21495,9192.0,30778.0,21494
21496,9192.0,31349.0,21495
21497,9192.0,31515.0,21496
21498,9192.0,31571.0,21497
21499,9192.0,31193.0,21498
21500,9192.0,30673.0,21499
21501,9192.0,30750.0,21500
21502,9192.0,31164.0,21501
21503,9192.0,31116.0,21502
21504,9192.0,31128.0,21503
21505,9192.0,32477.0,21504
21506,9192.0,32545.0,21505
21507,9192.0,31488.0,21506
21508,9192.0,31623.0,21507
21509,9192.0,31189.0,21508
21510,9192.0,31202.0,21509
21511,9192.0,29829.0,21510
21512,9192.0,29540.0,21511
21513,9192.0,29540.0,21512
21514,9192.0,29116.0,21513
21515,9192.0,28867.0,21514
21516,9192.0,28480.0,21515
21517,9192.0,28611.0,21516
21518,9192.0,28903.0,21517
21519,9192.0,28853.0,21518
21520,9192.0,28425.0,21519
21521,9192.0,28396.0,21520
21522,9192.0,28307.0,21521
21523,9192.0,29071.0,21522
21524,9192.0,29071.0,21523
21525,9192.0,29932.0,21524
21526,9192.0,29837.0,21525
21527,9192.0,29937.0,21526
21528,9192.0,29990.0,21527
21529,9192.0,30184.0,21528
21530,9192.0,29681.0,21529
21531,9192.0,29636.0,21530
21532,9192.0,29610.0,21531
21533,9192.0,29432.0,21532
21534,9192.0,29105.0,21533
21535,9192.0,28412.0,21534
21536,9192.0,28608.0,21535
21537,9192.0,28734.0,21536
21538,9192.0,29430.0,21537
21539,9192.0,30060.0,21538
21540,9192.0,30413.0,21539
21541,9192.0,30517.0,21540
21542,9192.0,30473.0,21541
21543,9192.0,29811.0,21542
21544,9192.0,29259.0,21543
21545,9192.0,29315.0,21544
21546,9192.0,29195.0,21545
21547,9192.0,30299.0,21546
21548,9192.0,30295.0,21547
21549,9192.0,30345.0,21548
21550,9192.0,30857.0,21549
21551,9192.0,30816.0,21550
21552,9192.0,30640.0,21551
21553,9192.0,30360.0,21552
21554,9192.0,30437.0,21553
21555,9192.0,30788.0,21554
21556,9192.0,30294.0,21555
21557,9192.0,30030.0,21556
21558,9192.0,30041.0,21557
21559,9192.0,30020.0,21558
21560,9192.0,29910.0,21559
21561,9192.0,29748.0,21560
21562,9192.0,29375.0,21561
21563,9192.0,29490.0,21562
21564,9192.0,29628.0,21563
21565,9192.0,28857.0,21564
21566,9192.0,29048.0,21565
21567,9192.0,29551.0,21566
21568,9192.0,29551.0,21567
21569,9192.0,29783.0,21568
21570,9192.0,29603.0,21569
21571,9192.0,30365.0,21570
21572,9192.0,30405.0,21571
21573,9192.0,31575.0,21572
21574,9192.0,31247.0,21573
21575,9192.0,31259.0,21574
21576,9192.0,31617.0,21575
21577,9192.0,30770.0,21576
21578,9192.0,30883.0,21577
21579,9192.0,30445.0,21578
21580,9192.0,29610.0,21579
21581,9192.0,29650.0,21580
21582,9192.0,29650.0,21581
21583,9192.0,29982.0,21582
21584,9192.0,29831.0,21583
21585,9192.0,29483.0,21584
21586,9192.0,29993.0,21585
21587,9192.0,30063.0,21586
21588,9192.0,29636.0,21587
21589,9192.0,29757.0,21588
21590,9192.0,30441.0,21589
21591,9192.0,28957.0,21590
21592,9192.0,28708.0,21591
21593,9192.0,28721.0,21592
21594,9192.0,28757.0,21593
21595,9192.0,28972.0,21594
21596,9192.0,28141.0,21595
21597,9192.0,28173.0,21596
21598,9192.0,28192.0,21597
21599,9192.0,28081.0,21598
21600,9192.0,28793.0,21599
21601,9192.0,28873.0,21600
21602,9192.0,29093.0,21601
21603,9192.0,29066.0,21602
21604,9192.0,28421.0,21603
21605,9192.0,29614.0,21604
21606,9192.0,29500.0,21605
21607,9192.0,29500.0,21606
21608,9192.0,27555.0,21607
21609,9192.0,28524.0,21608
21610,9192.0,29277.0,21609
21611,9192.0,29084.0,21610
21612,9192.0,28714.0,21611
21613,9192.0,28714.0,21612
21614,9192.0,28944.0,21613
21615,9192.0,28310.0,21614
21616,9192.0,28062.0,21615
21617,9192.0,27739.0,21616
21618,9192.0,27794.0,21617
21619,9192.0,27797.0,21618
21620,9192.0,26832.0,21619
21621,9192.0,26832.0,21620
21622,9192.0,26915.0,21621
21623,9192.0,26001.0,21622
21624,9192.0,25576.0,21623
21625,9192.0,25735.0,21624
21626,9192.0,26329.0,21625
21627,9192.0,26266.0,21626
21628,9192.0,26196.0,21627
21629,9192.0,26196.0,21628
21630,9192.0,26196.0,21629
21631,9192.0,26237.0,21630
21632,9192.0,26925.0,21631
21633,9192.0,26884.0,21632
21634,9192.0,26679.0,21633
21635,9192.0,27092.0,21634
21636,9192.0,27440.0,21635
21637,9192.0,27372.0,21636
21638,9192.0,26644.0,21637
21639,9192.0,26066.0,21638
21640,9192.0,26563.0,21639
21641,9192.0,26591.0,21640
21642,9192.0,26591.0,21641
21643,9192.0,27134.0,21642
21644,9192.0,27726.0,21643
21645,9192.0,27611.0,21644
21646,9192.0,27815.0,21645
21647,9192.0,28032.0,21646
21648,9192.0,28032.0,21647
21649,9192.0,28051.0,21648
21650,9192.0,27112.0,21649
21651,9192.0,26106.0,21650
21652,9192.0,26222.0,21651
21653,9192.0,26523.0,21652
21654,9192.0,25971.0,21653
21655,9192.0,25825.0,21654
21656,9192.0,25749.0,21655
21657,9192.0,25759.0,21656
21658,9192.0,25933.0,21657
21659,9192.0,26070.0,21658
21660,9192.0,26283.0,21659
21661,9192.0,26092.0,21660
21662,9192.0,26054.0,21661
21663,9192.0,25301.0,21662
21664,9192.0,25242.0,21663
21665,9192.0,25374.0,21664
21666,9192.0,26128.0,21665
21667,9192.0,27471.0,21666
21668,9192.0,27469.0,21667
21669,9192.0,27153.0,21668
21670,9192.0,27209.0,21669
21671,9192.0,28414.0,21670
21672,9192.0,28427.0,21671
21673,9192.0,28915.0,21672
21674,9192.0,28915.0,21673
21675,9192.0,28996.0,21674
21676,9192.0,28996.0,21675
21677,9192.0,29319.0,21676
21678,9192.0,29319.0,21677
21679,9192.0,29068.0,21678
21680,9192.0,29056.0,21679
21681,9192.0,28182.0,21680
21682,9192.0,28757.0,21681
21683,9192.0,28890.0,21682
21684,9192.0,28890.0,21683
21685,9192.0,28987.0,21684
21686,9192.0,29700.0,21685
21687,9192.0,30044.0,21686
21688,9192.0,30045.0,21687
21689,9192.0,30031.0,21688
21690,9192.0,29799.0,21689
21691,9192.0,29921.0,21690
21692,9192.0,29921.0,21691
21693,9192.0,29390.0,21692
21694,9192.0,27860.0,21693
21695,9192.0,28241.0,21694
21696,9192.0,27943.0,21695
21697,9192.0,27987.0,21696
21698,9192.0,28256.0,21697
21699,9192.0,28225.0,21698
21700,9192.0,28990.0,21699
21701,9192.0,29072.0,21700
21702,9192.0,29818.0,21701
21703,9192.0,29818.0,21702
21704,9192.0,29619.0,21703
21705,9192.0,29677.0,21704
21706,9192.0,29952.0,21705
21707,9192.0,29929.0,21706
21708,9192.0,29271.0,21707
21709,9192.0,29125.0,21708
21710,9192.0,29125.0,21709
21711,9192.0,28988.0,21710
21712,9192.0,28799.0,21711
21713,9192.0,29248.0,21712
21714,9192.0,29339.0,21713
21715,9192.0,29314.0,21714
21716,9192.0,29094.0,21715
21717,9192.0,29204.0,21716
21718,9192.0,29093.0,21717
21719,9192.0,29402.0,21718
21720,9192.0,29457.0,21719
21721,9192.0,29457.0,21720
21722,9192.0,28470.0,21721
21723,9192.0,28470.0,21722
21724,9192.0,28593.0,21723
21725,9192.0,28429.0,21724
21726,9192.0,28393.0,21725
21727,9192.0,28366.0,21726
21728,9192.0,27465.0,21727
21729,9192.0,27553.0,21728
21730,9192.0,27099.0,21729
21731,9192.0,25071.0,21730
21732,9192.0,25272.0,21731
21733,9192.0,25272.0,21732
21734,9192.0,25510.0,21733
21735,9192.0,25514.0,21734
21736,9192.0,25817.0,21735
21737,9192.0,25596.0,21736
21738,9192.0,25547.0,21737
21739,9192.0,25264.0,21738
21740,9192.0,24897.0,21739
21741,9192.0,25617.0,21740
21742,9192.0,26222.0,21741
21743,9192.0,26261.0,21742
21744,9192.0,26259.0,21743
21745,9192.0,26337.0,21744
21746,9192.0,26279.0,21745
21747,9192.0,25803.0,21746
21748,9192.0,25551.0,21747
21749,9192.0,25853.0,21748
21750,9192.0,27014.0,21749
21751,9192.0,27332.0,21750
21752,9192.0,27430.0,21751
21753,9192.0,26810.0,21752
21754,9192.0,25597.0,21753
21755,9192.0,27221.0,21754
21756,9192.0,27301.0,21755
21757,9192.0,26854.0,21756
21758,9192.0,26983.0,21757
21759,9192.0,26990.0,21758
21760,9192.0,26988.0,21759
21761,9192.0,26948.0,21760
21762,9192.0,26938.0,21761
21763,9192.0,26887.0,21762
21764,9192.0,26999.0,21763
21765,9192.0,26963.0,21764
21766,9192.0,26963.0,21765
21767,9192.0,26624.0,21766
21768,9192.0,26942.0,21767
21769,9192.0,27293.0,21768
21770,9192.0,27410.0,21769
21771,9192.0,27053.0,21770
21772,9192.0,26637.0,21771
21773,9192.0,26637.0,21772
21774,9192.0,27283.0,21773
21775,9192.0,27176.0,21774
21776,9192.0,26514.0,21775
21777,9192.0,26711.0,21776
21778,9192.0,27094.0,21777
21779,9192.0,26268.0,21778
21780,9192.0,25584.0,21779
21781,9192.0,25434.0,21780
21782,9192.0,25445.0,21781
21783,9192.0,25736.0,21782
21784,9192.0,26239.0,21783
21785,9192.0,25612.0,21784
21786,9192.0,27428.0,21785
21787,9192.0,27426.0,21786
21788,9192.0,27750.0,21787
21789,9192.0,27879.0,21788
21790,9192.0,28068.0,21789
21791,9192.0,27892.0,21790
21792,9192.0,27579.0,21791
21793,9192.0,27573.0,21792
21794,9192.0,27546.0,21793
21795,9192.0,27571.0,21794
21796,9192.0,27590.0,21795
21797,9192.0,27590.0,21796
21798,9192.0,27330.0,21797
21799,9192.0,27262.0,21798
21800,9192.0,27262.0,21799
21801,9192.0,27258.0,21800
21802,9192.0,26968.0,21801
21803,9192.0,26975.0,21802
21804,9192.0,26830.0,21803
21805,9192.0,27090.0,21804
21806,9192.0,27023.0,21805
21807,9192.0,26885.0,21806
21808,9192.0,27264.0,21807
21809,9192.0,27334.0,21808
21810,9192.0,27365.0,21809
21811,9192.0,29220.0,21810
21812,9192.0,29362.0,21811
21813,9192.0,29203.0,21812
21814,9192.0,29288.0,21813
21815,9192.0,29274.0,21814
21816,9192.0,28951.0,21815
21817,9192.0,28775.0,21816
21818,9192.0,28651.0,21817
21819,9192.0,28745.0,21818
21820,9192.0,28770.0,21819
21821,9192.0,28641.0,21820
21822,9192.0,28613.0,21821
21823,9192.0,28810.0,21822
21824,9192.0,28551.0,21823
21825,9192.0,28556.0,21824
21826,9192.0,28789.0,21825
21827,9192.0,29240.0,21826
21828,9192.0,29290.0,21827
21829,9192.0,29134.0,21828
21830,9192.0,30263.0,21829
21831,9192.0,31045.0,21830
21832,9192.0,31872.0,21831
21833,9192.0,31818.0,21832
21834,9192.0,31422.0,21833
21835,9192.0,31316.0,21834
21836,9192.0,32061.0,21835
21837,9192.0,31602.0,21836
21838,9192.0,31602.0,21837
21839,9192.0,31491.0,21838
21840,9192.0,30934.0,21839
21841,9192.0,30918.0,21840
21842,9192.0,30400.0,21841
21843,9192.0,30449.0,21842
21844,9192.0,30436.0,21843
21845,9192.0,31039.0,21844
21846,9192.0,31020.0,21845
21847,9192.0,31156.0,21846
21848,9192.0,30707.0,21847
21849,9192.0,30661.0,21848
21850,9192.0,30590.0,21849
21851,9192.0,31154.0,21850
21852,9192.0,31154.0,21851
21853,9192.0,31195.0,21852
21854,9192.0,31197.0,21853
21855,9192.0,30761.0,21854
21856,9192.0,30697.0,21855
21857,9192.0,30423.0,21856
21858,9192.0,30407.0,21857
21859,9192.0,30582.0,21858
21860,9192.0,30897.0,21859
21861,9192.0,30562.0,21860
21862,9192.0,30705.0,21861
21863,9192.0,30946.0,21862
21864,9192.0,30885.0,21863
21865,9192.0,31279.0,21864
21866,9192.0,31859.0,21865
21867,9192.0,30803.0,21866
21868,9192.0,31519.0,21867
21869,9192.0,30635.0,21868
21870,9192.0,30166.0,21869
21871,9192.0,31113.0,21870
21872,9192.0,30639.0,21871
21873,9192.0,30639.0,21872
21874,9192.0,30808.0,21873
21875,9192.0,30808.0,21874
21876,9192.0,31483.0,21875
21877,9192.0,31155.0,21876
21878,9192.0,31156.0,21877
21879,9192.0,31283.0,21878
21880,9192.0,31194.0,21879
21881,9192.0,30920.0,21880
21882,9192.0,31085.0,21881
21883,9192.0,30353.0,21882
21884,9192.0,30329.0,21883
21885,9192.0,31454.0,21884
21886,9192.0,31454.0,21885
21887,9192.0,30986.0,21886
21888,9192.0,31600.0,21887
21889,9192.0,31600.0,21888
21890,9192.0,30329.0,21889
21891,9192.0,30467.0,21890
21892,9192.0,30390.0,21891
21893,9192.0,30218.0,21892
21894,9192.0,30204.0,21893
21895,9192.0,29193.0,21894
21896,9192.0,29374.0,21895
21897,9192.0,29919.0,21896
21898,9192.0,29833.0,21897
21899,9192.0,29924.0,21898
21900,9192.0,29828.0,21899
21901,9192.0,30054.0,21900
21902,9192.0,29199.0,21901
21903,9192.0,29153.0,21902
21904,9192.0,29456.0,21903
21905,9192.0,29433.0,21904
21906,9192.0,29506.0,21905
21907,9192.0,29923.0,21906
21908,9192.0,30874.0,21907
21909,9192.0,30874.0,21908
21910,9192.0,31028.0,21909
21911,9192.0,30510.0,21910
21912,9192.0,30491.0,21911
21913,9192.0,30119.0,21912
21914,9192.0,29827.0,21913
21915,9192.0,29435.0,21914
21916,9192.0,29456.0,21915
21917,9192.0,28974.0,21916
21918,9192.0,28974.0,21917
21919,9192.0,28812.0,21918
21920,9192.0,28675.0,21919
21921,9192.0,28636.0,21920
21922,9192.0,28537.0,21921
21923,9192.0,28374.0,21922
21924,9192.0,28359.0,21923
21925,9192.0,28396.0,21924
21926,9192.0,28494.0,21925
21927,9192.0,29290.0,21926
21928,9192.0,28660.0,21927
21929,9192.0,28581.0,21928
21930,9192.0,28519.0,21929
21931,9192.0,28381.0,21930
21932,9192.0,28378.0,21931
21933,9192.0,28355.0,21932
21934,9192.0,27684.0,21933
21935,9192.0,27600.0,21934
21936,9192.0,27600.0,21935
21937,9192.0,27263.0,21936
21938,9192.0,27263.0,21937
21939,9192.0,27566.0,21938
21940,9192.0,27426.0,21939
21941,9192.0,27553.0,21940
21942,9192.0,27182.0,21941
21943,9192.0,27182.0,21942
21944,9192.0,27399.0,21943
21945,9192.0,28063.0,21944
21946,9192.0,28063.0,21945
21947,9192.0,28109.0,21946
21948,9192.0,27730.0,21947
21949,9192.0,28889.0,21948
21950,9192.0,28648.0,21949
21951,9192.0,28301.0,21950
21952,9192.0,28237.0,21951
21953,9192.0,28250.0,21952
21954,9192.0,28250.0,21953
21955,9192.0,29347.0,21954
21956,9192.0,29435.0,21955
21957,9192.0,29347.0,21956
21958,9192.0,28531.0,21957
21959,9192.0,28487.0,21958
21960,9192.0,29161.0,21959
21961,9192.0,28175.0,21960
21962,9192.0,28181.0,21961
21963,9192.0,26996.0,21962
21964,9192.0,26788.0,21963
21965,9192.0,26915.0,21964
21966,9192.0,27588.0,21965
21967,9192.0,27543.0,21966
21968,9192.0,27543.0,21967
21969,9192.0,27677.0,21968
21970,9192.0,27274.0,21969
21971,9192.0,26883.0,21970
21972,9192.0,27035.0,21971
21973,9192.0,27851.0,21972
21974,9192.0,27930.0,21973
21975,9192.0,27885.0,21974
21976,9192.0,27139.0,21975
21977,9192.0,27122.0,21976
21978,9192.0,27577.0,21977
21979,9192.0,28233.0,21978
21980,9192.0,28404.0,21979
21981,9192.0,28516.0,21980
21982,9192.0,28624.0,21981
21983,9192.0,28389.0,21982
21984,9192.0,28515.0,21983
21985,9192.0,28617.0,21984
21986,9192.0,28868.0,21985
21987,9192.0,28868.0,21986
21988,9192.0,29379.0,21987
21989,9192.0,29491.0,21988
21990,9192.0,28933.0,21989
21991,9192.0,29171.0,21990
21992,9192.0,28963.0,21991
21993,9192.0,28777.0,21992
21994,9192.0,28820.0,21993
21995,9192.0,28780.0,21994
21996,9192.0,28780.0,21995
21997,9192.0,28725.0,21996
21998,9192.0,28736.0,21997
21999,9192.0,28613.0,21998
22000,9192.0,28575.0,21999
22001,9192.0,28060.0,22000
22002,9192.0,28353.0,22001
22003,9192.0,28353.0,22002
22004,9192.0,28225.0,22003
22005,9192.0,28408.0,22004
22006,9192.0,28109.0,22005
22007,9192.0,27721.0,22006
22008,9192.0,27469.0,22007
22009,9192.0,27726.0,22008
22010,9192.0,27644.0,22009
22011,9192.0,28482.0,22010
22012,9192.0,28760.0,22011
22013,9192.0,28760.0,22012
22014,9192.0,28833.0,22013
22015,9192.0,28628.0,22014
22016,9192.0,29274.0,22015
22017,9192.0,29292.0,22016
22018,9192.0,29272.0,22017
22019,9192.0,29126.0,22018
22020,9192.0,29009.0,22019
22021,9192.0,29191.0,22020
22022,9192.0,28917.0,22021
22023,9192.0,28914.0,22022
22024,9192.0,28925.0,22023
22025,9192.0,28442.0,22024
22026,9192.0,28310.0,22025
22027,9192.0,27746.0,22026
22028,9192.0,27842.0,22027
22029,9192.0,28184.0,22028
22030,9192.0,28109.0,22029
22031,9192.0,28272.0,22030
22032,9192.0,29142.0,22031
22033,9192.0,28979.0,22032
22034,9192.0,30008.0,22033
22035,9192.0,29964.0,22034
22036,9192.0,29690.0,22035
22037,9192.0,30137.0,22036
22038,9192.0,30137.0,22037
22039,9192.0,30763.0,22038
22040,9192.0,30904.0,22039
22041,9192.0,31275.0,22040
22042,9192.0,31167.0,22041
22043,9192.0,31167.0,22042
22044,9192.0,31355.0,22043
22045,9192.0,31143.0,22044
22046,9192.0,31143.0,22045
22047,9192.0,31455.0,22046
22048,9192.0,31390.0,22047
22049,9192.0,31520.0,22048
22050,9192.0,30975.0,22049
22051,9192.0,30959.0,22050
22052,9192.0,31011.0,22051
22053,9192.0,31352.0,22052
22054,9192.0,31128.0,22053
22055,9192.0,31968.0,22054
22056,9192.0,32075.0,22055
22057,9192.0,32065.0,22056
22058,9192.0,32818.0,22057
22059,9192.0,32782.0,22058
22060,9192.0,32795.0,22059
22061,9192.0,32305.0,22060
22062,9192.0,32343.0,22061
22063,9192.0,32340.0,22062
22064,9192.0,32347.0,22063
22065,9192.0,32109.0,22064
22066,9192.0,32251.0,22065
22067,9192.0,31887.0,22066
22068,9192.0,31227.0,22067
22069,9192.0,31112.0,22068
22070,9192.0,31112.0,22069
22071,9192.0,31088.0,22070
22072,9192.0,30662.0,22071
22073,9192.0,30192.0,22072
22074,9192.0,30224.0,22073
22075,9192.0,30205.0,22074
22076,9192.0,30058.0,22075
22077,9192.0,30058.0,22076
22078,9192.0,29747.0,22077
22079,9192.0,29789.0,22078
22080,9192.0,29229.0,22079
22081,9192.0,28754.0,22080
22082,9192.0,27933.0,22081
22083,9192.0,28299.0,22082
22084,9192.0,28474.0,22083
22085,9192.0,28706.0,22084
22086,9192.0,28989.0,22085
22087,9192.0,28785.0,22086
22088,9192.0,28727.0,22087
22089,9192.0,29039.0,22088
22090,9192.0,29407.0,22089
22091,9192.0,29466.0,22090
22092,9192.0,27853.0,22091
22093,9192.0,27906.0,22092
22094,9192.0,28781.0,22093
22095,9192.0,28730.0,22094
22096,9192.0,28164.0,22095
22097,9192.0,27863.0,22096
22098,9192.0,28086.0,22097
22099,9192.0,28163.0,22098
22100,9192.0,28886.0,22099
22101,9192.0,29245.0,22100
22102,9192.0,29010.0,22101
22103,9192.0,29223.0,22102
22104,9192.0,28809.0,22103
22105,9192.0,29484.0,22104
22106,9192.0,29186.0,22105
22107,9192.0,29299.0,22106
22108,9192.0,29466.0,22107
22109,9192.0,29139.0,22108
22110,9192.0,28868.0,22109
22111,9192.0,28884.0,22110
22112,9192.0,29377.0,22111
22113,9192.0,28433.0,22112
22114,9192.0,28647.0,22113
22115,9192.0,28230.0,22114
22116,9192.0,28237.0,22115
22117,9192.0,28156.0,22116
22118,9192.0,28900.0,22117
22119,9192.0,28960.0,22118
22120,9192.0,28713.0,22119
22121,9192.0,28074.0,22120
22122,9192.0,29915.0,22121
22123,9192.0,29531.0,22122
22124,9192.0,29531.0,22123
22125,9192.0,29529.0,22124
22126,9192.0,29546.0,22125
22127,9192.0,29082.0,22126
22128,9192.0,28677.0,22127
22129,9192.0,28580.0,22128
22130,9192.0,28089.0,22129
22131,9192.0,28146.0,22130
22132,9192.0,28482.0,22131
22133,9192.0,28369.0,22132
22134,9192.0,27527.0,22133
22135,9192.0,27378.0,22134
22136,9192.0,27423.0,22135
22137,9192.0,27408.0,22136
22138,9192.0,26826.0,22137
22139,9192.0,27113.0,22138
22140,9192.0,27115.0,22139
22141,9192.0,27102.0,22140
22142,9192.0,28002.0,22141
22143,9192.0,28031.0,22142
22144,9192.0,27965.0,22143
22145,9192.0,27987.0,22144
22146,9192.0,27429.0,22145
22147,9192.0,27429.0,22146
22148,9192.0,27115.0,22147
22149,9192.0,27066.0,22148
22150,9192.0,27192.0,22149
22151,9192.0,27192.0,22150
22152,9192.0,27826.0,22151
22153,9192.0,27509.0,22152
22154,9192.0,27651.0,22153
22155,9192.0,27678.0,22154
22156,9192.0,27678.0,22155
22157,9192.0,26838.0,22156
22158,9192.0,26838.0,22157
22159,9192.0,26879.0,22158
22160,9192.0,26582.0,22159
22161,9192.0,26525.0,22160
22162,9192.0,25474.0,22161
22163,9192.0,26322.0,22162
22164,9192.0,27736.0,22163
22165,9192.0,27736.0,22164
22166,9192.0,28681.0,22165
22167,9192.0,28824.0,22166
22168,9192.0,28839.0,22167
22169,9192.0,29029.0,22168
22170,9192.0,29405.0,22169
22171,9192.0,29254.0,22170
22172,9192.0,27823.0,22171
22173,9192.0,27144.0,22172
22174,9192.0,27102.0,22173
22175,9192.0,27102.0,22174
22176,9192.0,26929.0,22175
22177,9192.0,27630.0,22176
22178,9192.0,27662.0,22177
22179,9192.0,27769.0,22178
22180,9192.0,27769.0,22179
22181,9192.0,27769.0,22180
22182,9192.0,27915.0,22181
22183,9192.0,27920.0,22182
22184,9192.0,27950.0,22183
22185,9192.0,28043.0,22184
22186,9192.0,27483.0,22185
22187,9192.0,27581.0,22186
22188,9192.0,28242.0,22187
22189,9192.0,28526.0,22188
22190,9192.0,29050.0,22189
22191,9192.0,28942.0,22190
22192,9192.0,30297.0,22191
22193,9192.0,29571.0,22192
22194,9192.0,29220.0,22193
22195,9192.0,29090.0,22194
22196,9192.0,29335.0,22195
22197,9192.0,29222.0,22196
22198,9192.0,28971.0,22197
22199,9192.0,27662.0,22198
22200,9192.0,27662.0,22199
22201,9192.0,27936.0,22200
22202,9192.0,28144.0,22201
22203,9192.0,28307.0,22202
22204,9192.0,27064.0,22203
22205,9192.0,26693.0,22204
22206,9192.0,26693.0,22205
22207,9192.0,26801.0,22206
22208,9192.0,27830.0,22207
22209,9192.0,27992.0,22208
22210,9192.0,28521.0,22209
22211,9192.0,28034.0,22210
22212,9192.0,30341.0,22211
22213,9192.0,30634.0,22212
22214,9192.0,30759.0,22213
22215,9192.0,30811.0,22214
22216,9192.0,31094.0,22215
22217,9192.0,31222.0,22216
22218,9192.0,30888.0,22217
22219,9192.0,30877.0,22218
22220,9192.0,30214.0,22219
22221,9192.0,29779.0,22220
22222,9192.0,30412.0,22221
22223,9192.0,30211.0,22222
22224,9192.0,30508.0,22223
22225,9192.0,30663.0,22224
22226,9192.0,31462.0,22225
22227,9192.0,30480.0,22226
22228,9192.0,30471.0,22227
22229,9192.0,30402.0,22228
22230,9192.0,29569.0,22229
22231,9192.0,30197.0,22230
22232,9192.0,29914.0,22231
22233,9192.0,29138.0,22232
22234,9192.0,29130.0,22233
22235,9192.0,29190.0,22234
22236,9192.0,29119.0,22235
22237,9192.0,28754.0,22236
22238,9192.0,28733.0,22237
22239,9192.0,28727.0,22238
22240,9192.0,29524.0,22239
22241,9192.0,29507.0,22240
22242,9192.0,29280.0,22241
22243,9192.0,29325.0,22242
22244,9192.0,29045.0,22243
22245,9192.0,29078.0,22244
22246,9192.0,29605.0,22245
22247,9192.0,29636.0,22246
22248,9192.0,29444.0,22247
22249,9192.0,28947.0,22248
22250,9192.0,29562.0,22249
22251,9192.0,29399.0,22250
22252,9192.0,29847.0,22251
22253,9192.0,29590.0,22252
22254,9192.0,29568.0,22253
22255,9192.0,29481.0,22254
22256,9192.0,28505.0,22255
22257,9192.0,28787.0,22256
22258,9192.0,29619.0,22257
22259,9192.0,29989.0,22258
22260,9192.0,29698.0,22259
22261,9192.0,29665.0,22260
22262,9192.0,28538.0,22261
22263,9192.0,28373.0,22262
22264,9192.0,28158.0,22263
22265,9192.0,28151.0,22264
22266,9192.0,28151.0,22265
22267,9192.0,27368.0,22266
22268,9192.0,27546.0,22267
22269,9192.0,27534.0,22268
22270,9192.0,27385.0,22269
22271,9192.0,27564.0,22270
22272,9192.0,27549.0,22271
22273,9192.0,27896.0,22272
22274,9192.0,28718.0,22273
22275,9192.0,27980.0,22274
22276,9192.0,28491.0,22275
22277,9192.0,28597.0,22276
22278,9192.0,28578.0,22277
22279,9192.0,28578.0,22278
22280,9192.0,28544.0,22279
22281,9192.0,28122.0,22280
22282,9192.0,28313.0,22281
22283,9192.0,28539.0,22282
22284,9192.0,28667.0,22283
22285,9192.0,28601.0,22284
22286,9192.0,28946.0,22285
22287,9192.0,29043.0,22286
22288,9192.0,29478.0,22287
22289,9192.0,29018.0,22288
22290,9192.0,28558.0,22289
22291,9192.0,28826.0,22290
22292,9192.0,29195.0,22291
22293,9192.0,28945.0,22292
22294,9192.0,28905.0,22293
22295,9192.0,28553.0,22294
22296,9192.0,28738.0,22295
22297,9192.0,28739.0,22296
22298,9192.0,28240.0,22297
22299,9192.0,28009.0,22298
22300,9192.0,27907.0,22299
22301,9192.0,27913.0,22300
22302,9192.0,27610.0,22301
22303,9192.0,27607.0,22302
22304,9192.0,27607.0,22303
22305,9192.0,27770.0,22304
22306,9192.0,27830.0,22305
22307,9192.0,27469.0,22306
22308,9192.0,28595.0,22307
22309,9192.0,29006.0,22308
22310,9192.0,28323.0,22309
22311,9192.0,27951.0,22310
22312,9192.0,28195.0,22311
22313,9192.0,28044.0,22312
22314,9192.0,28064.0,22313
22315,9192.0,28109.0,22314
22316,9192.0,28270.0,22315
22317,9192.0,28166.0,22316
22318,9192.0,27600.0,22317
22319,9192.0,27746.0,22318
22320,9192.0,27842.0,22319
22321,9192.0,26735.0,22320
22322,9192.0,26935.0,22321
22323,9192.0,26401.0,22322
22324,9192.0,26704.0,22323
22325,9192.0,26712.0,22324
22326,9192.0,28353.0,22325
22327,9192.0,28196.0,22326
22328,9192.0,28380.0,22327
22329,9192.0,28954.0,22328
22330,9192.0,28979.0,22329
22331,9192.0,28979.0,22330
22332,9192.0,29228.0,22331
22333,9192.0,29228.0,22332
22334,9192.0,29378.0,22333
22335,9192.0,29592.0,22334
22336,9192.0,29495.0,22335
22337,9192.0,29129.0,22336
22338,9192.0,29064.0,22337
22339,9192.0,28396.0,22338
22340,9192.0,27206.0,22339
22341,9192.0,26712.0,22340
22342,9192.0,26776.0,22341
22343,9192.0,26776.0,22342
22344,9192.0,26351.0,22343
22345,9192.0,26723.0,22344
22346,9192.0,26723.0,22345
22347,9192.0,25652.0,22346
22348,9192.0,25665.0,22347
22349,9192.0,26438.0,22348
22350,9192.0,27132.0,22349
22351,9192.0,27132.0,22350
22352,9192.0,27231.0,22351
22353,9192.0,27418.0,22352
22354,9192.0,27662.0,22353
22355,9192.0,28044.0,22354
22356,9192.0,28044.0,22355
22357,9192.0,28075.0,22356
22358,9192.0,28821.0,22357
22359,9192.0,28671.0,22358
22360,9192.0,28776.0,22359
22361,9192.0,29372.0,22360
22362,9192.0,29185.0,22361
22363,9192.0,28115.0,22362
22364,9192.0,28048.0,22363
22365,9192.0,27889.0,22364
22366,9192.0,28669.0,22365
22367,9192.0,29457.0,22366
22368,9192.0,29670.0,22367
22369,9192.0,30198.0,22368
22370,9192.0,30301.0,22369
22371,9192.0,30069.0,22370
22372,9192.0,30240.0,22371
22373,9192.0,30570.0,22372
22374,9192.0,30566.0,22373
22375,9192.0,30371.0,22374
22376,9192.0,30467.0,22375
22377,9192.0,30762.0,22376
22378,9192.0,30150.0,22377
22379,9192.0,30305.0,22378
22380,9192.0,30727.0,22379
22381,9192.0,30596.0,22380
22382,9192.0,30749.0,22381
22383,9192.0,30748.0,22382
22384,9192.0,30748.0,22383
22385,9192.0,30386.0,22384
22386,9192.0,30386.0,22385
22387,9192.0,30386.0,22386
22388,9192.0,30484.0,22387
22389,9192.0,29895.0,22388
22390,9192.0,29349.0,22389
22391,9192.0,29402.0,22390
22392,9192.0,29403.0,22391
22393,9192.0,28659.0,22392
22394,9192.0,28567.0,22393
22395,9192.0,28341.0,22394
22396,9192.0,28573.0,22395
22397,9192.0,28516.0,22396
22398,9192.0,28870.0,22397
22399,9192.0,29112.0,22398
22400,9192.0,28896.0,22399
22401,9192.0,28237.0,22400
22402,9192.0,28237.0,22401
22403,9192.0,28742.0,22402
22404,9192.0,28630.0,22403
22405,9192.0,29587.0,22404
22406,9192.0,30034.0,22405
22407,9192.0,29928.0,22406
22408,9192.0,29853.0,22407
22409,9192.0,29900.0,22408
22410,9192.0,29254.0,22409
22411,9192.0,29231.0,22410
22412,9192.0,29668.0,22411
22413,9192.0,29761.0,22412
22414,9192.0,29025.0,22413
22415,9192.0,27567.0,22414
22416,9192.0,27622.0,22415
22417,9192.0,27455.0,22416
22418,9192.0,27315.0,22417
22419,9192.0,26928.0,22418
22420,9192.0,27338.0,22419
22421,9192.0,27498.0,22420
22422,9192.0,27498.0,22421
22423,9192.0,27031.0,22422
22424,9192.0,27868.0,22423
22425,9192.0,27863.0,22424
22426,9192.0,27820.0,22425
22427,9192.0,28111.0,22426
22428,9192.0,28023.0,22427
22429,9192.0,27314.0,22428
22430,9192.0,28691.0,22429
22431,9192.0,28835.0,22430
22432,9192.0,29643.0,22431
22433,9192.0,29630.0,22432
22434,9192.0,29630.0,22433
22435,9192.0,30797.0,22434
22436,9192.0,31392.0,22435
22437,9192.0,30980.0,22436
22438,9192.0,30017.0,22437
22439,9192.0,29908.0,22438
22440,9192.0,30153.0,22439
22441,9192.0,30613.0,22440
22442,9192.0,30848.0,22441
22443,9192.0,30849.0,22442
22444,9192.0,31705.0,22443
22445,9192.0,31705.0,22444
22446,9192.0,30250.0,22445
22447,9192.0,30174.0,22446
22448,9192.0,30802.0,22447
22449,9192.0,30823.0,22448
22450,9192.0,32524.0,22449
22451,9192.0,32682.0,22450
22452,9192.0,32195.0,22451
22453,9192.0,31838.0,22452
22454,9192.0,31849.0,22453
22455,9192.0,31859.0,22454
22456,9192.0,31734.0,22455
22457,9192.0,31584.0,22456
22458,9192.0,31323.0,22457
22459,9192.0,31505.0,22458
22460,9192.0,31638.0,22459
22461,9192.0,31709.0,22460
22462,9192.0,32165.0,22461
22463,9192.0,31581.0,22462
22464,9192.0,31581.0,22463
22465,9192.0,30500.0,22464
22466,9192.0,30368.0,22465
22467,9192.0,29762.0,22466
22468,9192.0,29867.0,22467
22469,9192.0,29610.0,22468
22470,9192.0,29610.0,22469
22471,9192.0,29606.0,22470
22472,9192.0,29798.0,22471
22473,9192.0,30022.0,22472
22474,9192.0,30076.0,22473
22475,9192.0,30214.0,22474
22476,9192.0,29611.0,22475
22477,9192.0,29440.0,22476
22478,9192.0,29284.0,22477
22479,9192.0,30061.0,22478
22480,9192.0,30061.0,22479
22481,9192.0,30111.0,22480
22482,9192.0,30060.0,22481
22483,9192.0,30079.0,22482
22484,9192.0,30984.0,22483
22485,9192.0,30766.0,22484
22486,9192.0,30754.0,22485
22487,9192.0,30706.0,22486
22488,9192.0,30257.0,22487
22489,9192.0,30348.0,22488
22490,9192.0,30205.0,22489
22491,9192.0,29899.0,22490
22492,9192.0,29214.0,22491
22493,9192.0,29168.0,22492
22494,9192.0,28498.0,22493
22495,9192.0,28660.0,22494
22496,9192.0,28547.0,22495
22497,9192.0,28335.0,22496
22498,9192.0,28597.0,22497
22499,9192.0,27542.0,22498
22500,9192.0,27420.0,22499
22501,9192.0,27088.0,22500
22502,9192.0,28168.0,22501
22503,9192.0,28262.0,22502
22504,9192.0,28068.0,22503
22505,9192.0,28301.0,22504
22506,9192.0,28432.0,22505
22507,9192.0,27631.0,22506
22508,9192.0,28125.0,22507
22509,9192.0,28560.0,22508
22510,9192.0,28311.0,22509
22511,9192.0,29668.0,22510
22512,9192.0,29440.0,22511
22513,9192.0,29122.0,22512
22514,9192.0,29343.0,22513
22515,9192.0,29075.0,22514
22516,9192.0,28729.0,22515
22517,9192.0,27871.0,22516
22518,9192.0,27926.0,22517
22519,9192.0,28079.0,22518
22520,9192.0,27641.0,22519
22521,9192.0,26803.0,22520
22522,9192.0,26630.0,22521
22523,9192.0,26630.0,22522
22524,9192.0,26740.0,22523
22525,9192.0,26774.0,22524
22526,9192.0,26638.0,22525
22527,9192.0,26638.0,22526
22528,9192.0,26638.0,22527
22529,9192.0,28212.0,22528
22530,9192.0,27991.0,22529
22531,9192.0,27991.0,22530
22532,9192.0,28064.0,22531
22533,9192.0,29132.0,22532
22534,9192.0,28987.0,22533
22535,9192.0,28868.0,22534
22536,9192.0,28628.0,22535
22537,9192.0,28036.0,22536
22538,9192.0,28010.0,22537
22539,9192.0,27899.0,22538
22540,9192.0,27417.0,22539
22541,9192.0,27599.0,22540
22542,9192.0,27492.0,22541
22543,9192.0,27326.0,22542
22544,9192.0,27326.0,22543
22545,9192.0,27280.0,22544
22546,9192.0,27370.0,22545
22547,9192.0,27393.0,22546
22548,9192.0,27323.0,22547
22549,9192.0,26984.0,22548
22550,9192.0,26693.0,22549
22551,9192.0,26680.0,22550
22552,9192.0,26234.0,22551
22553,9192.0,26665.0,22552
22554,9192.0,26657.0,22553
22555,9192.0,26613.0,22554
22556,9192.0,26825.0,22555
22557,9192.0,26578.0,22556
22558,9192.0,26735.0,22557
22559,9192.0,27298.0,22558
22560,9192.0,27055.0,22559
22561,9192.0,27281.0,22560
22562,9192.0,27231.0,22561
22563,9192.0,26929.0,22562
22564,9192.0,27911.0,22563
22565,9192.0,27911.0,22564
22566,9192.0,27913.0,22565
22567,9192.0,28096.0,22566
22568,9192.0,27866.0,22567
22569,9192.0,27647.0,22568
22570,9192.0,27647.0,22569
22571,9192.0,27221.0,22570
22572,9192.0,27715.0,22571
22573,9192.0,28047.0,22572
22574,9192.0,28287.0,22573
22575,9192.0,28671.0,22574
22576,9192.0,28662.0,22575
22577,9192.0,28489.0,22576
22578,9192.0,28339.0,22577
22579,9192.0,28384.0,22578
22580,9192.0,27717.0,22579
22581,9192.0,27734.0,22580
22582,9192.0,27734.0,22581
22583,9192.0,27915.0,22582
22584,9192.0,27952.0,22583
22585,9192.0,28505.0,22584
22586,9192.0,28352.0,22585
22587,9192.0,29382.0,22586
22588,9192.0,28329.0,22587
22589,9192.0,28046.0,22588
22590,9192.0,27321.0,22589
22591,9192.0,28104.0,22590
22592,9192.0,27901.0,22591
22593,9192.0,28072.0,22592
22594,9192.0,27912.0,22593
22595,9192.0,27941.0,22594
22596,9192.0,28580.0,22595
22597,9192.0,28940.0,22596
22598,9192.0,28848.0,22597
22599,9192.0,28368.0,22598
22600,9192.0,28484.0,22599
22601,9192.0,28368.0,22600
22602,9192.0,28375.0,22601
22603,9192.0,28521.0,22602
22604,9192.0,27434.0,22603
22605,9192.0,27188.0,22604
22606,9192.0,27560.0,22605
22607,9192.0,27166.0,22606
22608,9192.0,26677.0,22607
22609,9192.0,26129.0,22608
22610,9192.0,26754.0,22609
22611,9192.0,26841.0,22610
22612,9192.0,26911.0,22611
22613,9192.0,26901.0,22612
22614,9192.0,26901.0,22613
22615,9192.0,27206.0,22614
22616,9192.0,26482.0,22615
22617,9192.0,26444.0,22616
22618,9192.0,27580.0,22617
22619,9192.0,27350.0,22618
22620,9192.0,27510.0,22619
22621,9192.0,27510.0,22620
22622,9192.0,28260.0,22621
22623,9192.0,27907.0,22622
22624,9192.0,27865.0,22623
22625,9192.0,27711.0,22624
22626,9192.0,27466.0,22625
22627,9192.0,28569.0,22626
22628,9192.0,28568.0,22627
22629,9192.0,28790.0,22628
22630,9192.0,29701.0,22629
22631,9192.0,30266.0,22630
22632,9192.0,29174.0,22631
22633,9192.0,28686.0,22632
22634,9192.0,28345.0,22633
22635,9192.0,28629.0,22634
22636,9192.0,28508.0,22635
22637,9192.0,28323.0,22636
22638,9192.0,28387.0,22637
22639,9192.0,28421.0,22638
22640,9192.0,28567.0,22639
22641,9192.0,28780.0,22640
22642,9192.0,28777.0,22641
22643,9192.0,28729.0,22642
22644,9192.0,28670.0,22643
22645,9192.0,28670.0,22644
22646,9192.0,28213.0,22645
22647,9192.0,28634.0,22646
22648,9192.0,28326.0,22647
22649,9192.0,29046.0,22648
22650,9192.0,29074.0,22649
22651,9192.0,28996.0,22650
22652,9192.0,28275.0,22651
22653,9192.0,28458.0,22652
22654,9192.0,28493.0,22653
22655,9192.0,28807.0,22654
22656,9192.0,29253.0,22655
22657,9192.0,29331.0,22656
22658,9192.0,30288.0,22657
22659,9192.0,29884.0,22658
22660,9192.0,30044.0,22659
22661,9192.0,30000.0,22660
22662,9192.0,29666.0,22661
22663,9192.0,29673.0,22662
22664,9192.0,29187.0,22663
22665,9192.0,29187.0,22664
22666,9192.0,29116.0,22665
22667,9192.0,29162.0,22666
22668,9192.0,30490.0,22667
22669,9192.0,30743.0,22668
22670,9192.0,29763.0,22669
22671,9192.0,30758.0,22670
22672,9192.0,30561.0,22671
22673,9192.0,31189.0,22672
22674,9192.0,31945.0,22673
22675,9192.0,31589.0,22674
22676,9192.0,31675.0,22675
22677,9192.0,31936.0,22676
22678,9192.0,31930.0,22677
22679,9192.0,31614.0,22678
22680,9192.0,31122.0,22679
22681,9192.0,31225.0,22680
22682,9192.0,31533.0,22681
22683,9192.0,31473.0,22682
22684,9192.0,31493.0,22683
22685,9192.0,31987.0,22684
22686,9192.0,31124.0,22685
22687,9192.0,32362.0,22686
22688,9192.0,32130.0,22687
22689,9192.0,31981.0,22688
22690,9192.0,32412.0,22689
22691,9192.0,33100.0,22690
22692,9192.0,32690.0,22691
22693,9192.0,32752.0,22692
22694,9192.0,31824.0,22693
22695,9192.0,31775.0,22694
22696,9192.0,31775.0,22695
22697,9192.0,31547.0,22696
22698,9192.0,30734.0,22697
22699,9192.0,30784.0,22698
22700,9192.0,31905.0,22699
22701,9192.0,31662.0,22700
22702,9192.0,31807.0,22701
22703,9192.0,29918.0,22702
22704,9192.0,29995.0,22703
22705,9192.0,29281.0,22704
22706,9192.0,29288.0,22705
22707,9192.0,29237.0,22706
22708,9192.0,29238.0,22707
22709,9192.0,29255.0,22708
22710,9192.0,29214.0,22709
22711,9192.0,29442.0,22710
22712,9192.0,29442.0,22711
22713,9192.0,28938.0,22712
22714,9192.0,28938.0,22713
22715,9192.0,30363.0,22714
22716,9192.0,30357.0,22715
22717,9192.0,30472.0,22716
22718,9192.0,31623.0,22717
22719,9192.0,31867.0,22718
22720,9192.0,31734.0,22719
22721,9192.0,31734.0,22720
22722,9192.0,31399.0,22721
22723,9192.0,30005.0,22722
22724,9192.0,30673.0,22723
22725,9192.0,30613.0,22724
22726,9192.0,30944.0,22725
22727,9192.0,30724.0,22726
22728,9192.0,30563.0,22727
22729,9192.0,30718.0,22728
22730,9192.0,30446.0,22729
22731,9192.0,30590.0,22730
22732,9192.0,30148.0,22731
22733,9192.0,30624.0,22732
22734,9192.0,30756.0,22733
22735,9192.0,29550.0,22734
22736,9192.0,29548.0,22735
22737,9192.0,29030.0,22736
22738,9192.0,28746.0,22737
22739,9192.0,28617.0,22738
22740,9192.0,28617.0,22739
22741,9192.0,28414.0,22740
22742,9192.0,28676.0,22741
22743,9192.0,28343.0,22742
22744,9192.0,28281.0,22743
22745,9192.0,28273.0,22744
22746,9192.0,27584.0,22745
22747,9192.0,26979.0,22746
22748,9192.0,27536.0,22747
22749,9192.0,27786.0,22748
22750,9192.0,27448.0,22749
22751,9192.0,26594.0,22750
22752,9192.0,26717.0,22751
22753,9192.0,26347.0,22752
22754,9192.0,26401.0,22753
22755,9192.0,26399.0,22754
22756,9192.0,26037.0,22755
22757,9192.0,25937.0,22756
22758,9192.0,25513.0,22757
22759,9192.0,25004.0,22758
22760,9192.0,25449.0,22759
22761,9192.0,25449.0,22760
22762,9192.0,25411.0,22761
22763,9192.0,23853.0,22762
22764,9192.0,23599.0,22763
22765,9192.0,23742.0,22764
22766,9192.0,22952.0,22765
22767,9192.0,22886.0,22766
22768,9192.0,22868.0,22767
22769,9192.0,22791.0,22768
22770,9192.0,22870.0,22769
22771,9192.0,22538.0,22770
22772,9192.0,23466.0,22771
22773,9192.0,23262.0,22772
22774,9192.0,23372.0,22773
22775,9192.0,23312.0,22774
22776,9192.0,23761.0,22775
22777,9192.0,24386.0,22776
22778,9192.0,24528.0,22777
22779,9192.0,25015.0,22778
22780,9192.0,25191.0,22779
22781,9192.0,25690.0,22780
22782,9192.0,25924.0,22781
22783,9192.0,25870.0,22782
22784,9192.0,25453.0,22783
22785,9192.0,27004.0,22784
22786,9192.0,27825.0,22785
22787,9192.0,28313.0,22786
22788,9192.0,27823.0,22787
22789,9192.0,27835.0,22788
22790,9192.0,28451.0,22789
22791,9192.0,27252.0,22790
22792,9192.0,27190.0,22791
22793,9192.0,27996.0,22792
22794,9192.0,28620.0,22793
22795,9192.0,28620.0,22794
22796,9192.0,28650.0,22795
22797,9192.0,28944.0,22796
22798,9192.0,28135.0,22797
22799,9192.0,28668.0,22798
22800,9192.0,29164.0,22799
22801,9192.0,29451.0,22800
22802,9192.0,29254.0,22801
22803,9192.0,29279.0,22802
22804,9192.0,29333.0,22803
22805,9192.0,29092.0,22804
22806,9192.0,29092.0,22805
22807,9192.0,29553.0,22806
22808,9192.0,29519.0,22807
22809,9192.0,28193.0,22808
22810,9192.0,28083.0,22809
22811,9192.0,28013.0,22810
22812,9192.0,27988.0,22811
22813,9192.0,27850.0,22812
22814,9192.0,27854.0,22813
22815,9192.0,27862.0,22814
22816,9192.0,27545.0,22815
22817,9192.0,28259.0,22816
22818,9192.0,29236.0,22817
22819,9192.0,29225.0,22818
22820,9192.0,28938.0,22819
22821,9192.0,28789.0,22820
22822,9192.0,29573.0,22821
22823,9192.0,30671.0,22822
22824,9192.0,30440.0,22823
22825,9192.0,30390.0,22824
22826,9192.0,30224.0,22825
22827,9192.0,29667.0,22826
22828,9192.0,29511.0,22827
22829,9192.0,29341.0,22828
22830,9192.0,29272.0,22829
22831,9192.0,29253.0,22830
22832,9192.0,29375.0,22831
22833,9192.0,29663.0,22832
22834,9192.0,29671.0,22833
22835,9192.0,28614.0,22834
22836,9192.0,29448.0,22835
22837,9192.0,29937.0,22836
22838,9192.0,29777.0,22837
22839,9192.0,29777.0,22838
22840,9192.0,29714.0,22839
22841,9192.0,29234.0,22840
22842,9192.0,29229.0,22841
22843,9192.0,29157.0,22842
22844,9192.0,29823.0,22843
22845,9192.0,29935.0,22844
22846,9192.0,29809.0,22845
22847,9192.0,29553.0,22846
22848,9192.0,28877.0,22847
22849,9192.0,29016.0,22848
22850,9192.0,28847.0,22849
22851,9192.0,28684.0,22850
22852,9192.0,27834.0,22851
22853,9192.0,27998.0,22852
22854,9192.0,28319.0,22853
22855,9192.0,27952.0,22854
22856,9192.0,28669.0,22855
22857,9192.0,28881.0,22856
22858,9192.0,29316.0,22857
22859,9192.0,29302.0,22858
22860,9192.0,29265.0,22859
22861,9192.0,29745.0,22860
22862,9192.0,29363.0,22861
22863,9192.0,29039.0,22862
22864,9192.0,29007.0,22863
22865,9192.0,29267.0,22864
22866,9192.0,29280.0,22865
22867,9192.0,29280.0,22866
22868,9192.0,29123.0,22867
22869,9192.0,29063.0,22868
22870,9192.0,28837.0,22869
22871,9192.0,28698.0,22870
22872,9192.0,28844.0,22871
22873,9192.0,29118.0,22872
22874,9192.0,29047.0,22873
22875,9192.0,29041.0,22874
22876,9192.0,28904.0,22875
22877,9192.0,28923.0,22876
22878,9192.0,28923.0,22877
22879,9192.0,28633.0,22878
22880,9192.0,28703.0,22879
22881,9192.0,28422.0,22880
22882,9192.0,28249.0,22881
22883,9192.0,28380.0,22882
22884,9192.0,28509.0,22883
22885,9192.0,29428.0,22884
22886,9192.0,29428.0,22885
22887,9192.0,29284.0,22886
22888,9192.0,29300.0,22887
22889,9192.0,29300.0,22888
22890,9192.0,28745.0,22889
22891,9192.0,28083.0,22890
22892,9192.0,28370.0,22891
22893,9192.0,28370.0,22892
22894,9192.0,28351.0,22893
22895,9192.0,27889.0,22894
22896,9192.0,27472.0,22895
22897,9192.0,27642.0,22896
22898,9192.0,27712.0,22897
22899,9192.0,26929.0,22898
22900,9192.0,26120.0,22899
22901,9192.0,25984.0,22900
22902,9192.0,26676.0,22901
22903,9192.0,27255.0,22902
22904,9192.0,27685.0,22903
22905,9192.0,27508.0,22904
22906,9192.0,27733.0,22905
22907,9192.0,27926.0,22906
22908,9192.0,27790.0,22907
22909,9192.0,27585.0,22908
22910,9192.0,27108.0,22909
22911,9192.0,26855.0,22910
22912,9192.0,27615.0,22911
22913,9192.0,27823.0,22912
22914,9192.0,28013.0,22913
22915,9192.0,27815.0,22914
22916,9192.0,27813.0,22915
22917,9192.0,27822.0,22916
22918,9192.0,27697.0,22917
22919,9192.0,27235.0,22918
22920,9192.0,27691.0,22919
22921,9192.0,27736.0,22920
22922,9192.0,28695.0,22921
22923,9192.0,28920.0,22922
22924,9192.0,28754.0,22923
22925,9192.0,27793.0,22924
22926,9192.0,27793.0,22925
22927,9192.0,27628.0,22926
22928,9192.0,27866.0,22927
22929,9192.0,27860.0,22928
22930,9192.0,28416.0,22929
22931,9192.0,29274.0,22930
22932,9192.0,29692.0,22931
22933,9192.0,28924.0,22932
22934,9192.0,29000.0,22933
22935,9192.0,29039.0,22934
22936,9192.0,29049.0,22935
22937,9192.0,29682.0,22936
22938,9192.0,30140.0,22937
22939,9192.0,30035.0,22938
22940,9192.0,29918.0,22939
22941,9192.0,29329.0,22940
22942,9192.0,28408.0,22941
22943,9192.0,27699.0,22942
22944,9192.0,27699.0,22943
22945,9192.0,27702.0,22944
22946,9192.0,27391.0,22945
22947,9192.0,27313.0,22946
22948,9192.0,27313.0,22947
22949,9192.0,28210.0,22948
22950,9192.0,29961.0,22949
22951,9192.0,30406.0,22950
22952,9192.0,30002.0,22951
22953,9192.0,30002.0,22952
22954,9192.0,30182.0,22953
22955,9192.0,30180.0,22954
22956,9192.0,30343.0,22955
22957,9192.0,30343.0,22956
22958,9192.0,30395.0,22957
22959,9192.0,30592.0,22958
22960,9192.0,31182.0,22959
22961,9192.0,31213.0,22960
22962,9192.0,30851.0,22961
22963,9192.0,30848.0,22962
22964,9192.0,30841.0,22963
22965,9192.0,31227.0,22964
22966,9192.0,31296.0,22965
22967,9192.0,30393.0,22966
22968,9192.0,30346.0,22967
22969,9192.0,30309.0,22968
22970,9192.0,30267.0,22969
22971,9192.0,29775.0,22970
22972,9192.0,29896.0,22971
22973,9192.0,30052.0,22972
22974,9192.0,29896.0,22973
22975,9192.0,29328.0,22974
22976,9192.0,29490.0,22975
22977,9192.0,30140.0,22976
22978,9192.0,29890.0,22977
22979,9192.0,29883.0,22978
22980,9192.0,30010.0,22979
22981,9192.0,30426.0,22980
22982,9192.0,30125.0,22981
22983,9192.0,30175.0,22982
22984,9192.0,30145.0,22983
22985,9192.0,30313.0,22984
22986,9192.0,30298.0,22985
22987,9192.0,29503.0,22986
22988,9192.0,30003.0,22987
22989,9192.0,30013.0,22988
22990,9192.0,29743.0,22989
22991,9192.0,29784.0,22990
22992,9192.0,30106.0,22991
22993,9192.0,30082.0,22992
22994,9192.0,30082.0,22993
22995,9192.0,28479.0,22994
22996,9192.0,29280.0,22995
22997,9192.0,29911.0,22996
22998,9192.0,31117.0,22997
22999,9192.0,29872.0,22998
23000,9192.0,30022.0,22999
23001,9192.0,29985.0,23000
23002,9192.0,29871.0,23001
23003,9192.0,29850.0,23002
23004,9192.0,29850.0,23003
23005,9192.0,29941.0,23004
23006,9192.0,30238.0,23005
23007,9192.0,30179.0,23006
23008,9192.0,30491.0,23007
23009,9192.0,30216.0,23008
23010,9192.0,29942.0,23009
23011,9192.0,30031.0,23010
23012,9192.0,29531.0,23011
23013,9192.0,28932.0,23012
23014,9192.0,30311.0,23013
23015,9192.0,30106.0,23014
23016,9192.0,30116.0,23015
23017,9192.0,29344.0,23016
23018,9192.0,29416.0,23017
23019,9192.0,29645.0,23018
23020,9192.0,29094.0,23019
23021,9192.0,29545.0,23020
23022,9192.0,29740.0,23021
23023,9192.0,29878.0,23022
23024,9192.0,30093.0,23023
23025,9192.0,29661.0,23024
23026,9192.0,29474.0,23025
23027,9192.0,29177.0,23026
23028,9192.0,30099.0,23027
23029,9192.0,30187.0,23028
23030,9192.0,30130.0,23029
23031,9192.0,30571.0,23030
23032,9192.0,30734.0,23031
23033,9192.0,30717.0,23032
23034,9192.0,30570.0,23033
23035,9192.0,30339.0,23034
23036,9192.0,30163.0,23035
23037,9192.0,30364.0,23036
23038,9192.0,30442.0,23037
23039,9192.0,30467.0,23038
23040,9192.0,30365.0,23039
23041,9192.0,30409.0,23040
23042,9192.0,30276.0,23041
23043,9192.0,30243.0,23042
23044,9192.0,30184.0,23043
23045,9192.0,30711.0,23044
23046,9192.0,32007.0,23045
23047,9192.0,32001.0,23046
23048,9192.0,31681.0,23047
23049,9192.0,31947.0,23048
23050,9192.0,31534.0,23049
23051,9192.0,31534.0,23050
23052,9192.0,31903.0,23051
23053,9192.0,31893.0,23052
23054,9192.0,31187.0,23053
23055,9192.0,30206.0,23054
23056,9192.0,30285.0,23055
23057,9192.0,30091.0,23056
23058,9192.0,30346.0,23057
23059,9192.0,30346.0,23058
23060,9192.0,30429.0,23059
23061,9192.0,30501.0,23060
23062,9192.0,30819.0,23061
23063,9192.0,31439.0,23062
23064,9192.0,31429.0,23063
23065,9192.0,31369.0,23064
23066,9192.0,30962.0,23065
23067,9192.0,31363.0,23066
23068,9192.0,31500.0,23067
23069,9192.0,30340.0,23068
23070,9192.0,30338.0,23069
23071,9192.0,30434.0,23070
23072,9192.0,30266.0,23071
23073,9192.0,30366.0,23072
23074,9192.0,30245.0,23073
23075,9192.0,30269.0,23074
23076,9192.0,30062.0,23075
23077,9192.0,30049.0,23076
23078,9192.0,30326.0,23077
23079,9192.0,30135.0,23078
23080,9192.0,30401.0,23079
23081,9192.0,29722.0,23080
23082,9192.0,29571.0,23081
23083,9192.0,29042.0,23082
23084,9192.0,28555.0,23083
23085,9192.0,28036.0,23084
23086,9192.0,27967.0,23085
23087,9192.0,27689.0,23086
23088,9192.0,27689.0,23087
23089,9192.0,27853.0,23088
23090,9192.0,27771.0,23089
23091,9192.0,27698.0,23090
23092,9192.0,28118.0,23091
23093,9192.0,27900.0,23092
23094,9192.0,27658.0,23093
23095,9192.0,28542.0,23094
23096,9192.0,28541.0,23095
23097,9192.0,28539.0,23096
23098,9192.0,28987.0,23097
23099,9192.0,29767.0,23098
23100,9192.0,29767.0,23099
23101,9192.0,30065.0,23100
23102,9192.0,30076.0,23101
23103,9192.0,30286.0,23102
23104,9192.0,31459.0,23103
23105,9192.0,31459.0,23104
23106,9192.0,30715.0,23105
23107,9192.0,30447.0,23106
23108,9192.0,30305.0,23107
23109,9192.0,30355.0,23108
23110,9192.0,29838.0,23109
23111,9192.0,30669.0,23110
23112,9192.0,30320.0,23111
23113,9192.0,30249.0,23112
23114,9192.0,30355.0,23113
23115,9192.0,30997.0,23114
23116,9192.0,31422.0,23115
23117,9192.0,30889.0,23116
23118,9192.0,30815.0,23117
23119,9192.0,31647.0,23118
23120,9192.0,31647.0,23119
23121,9192.0,31615.0,23120
23122,9192.0,31825.0,23121
23123,9192.0,32080.0,23122
23124,9192.0,32208.0,23123
23125,9192.0,31301.0,23124
23126,9192.0,30816.0,23125
23127,9192.0,30694.0,23126
23128,9192.0,30721.0,23127
23129,9192.0,29774.0,23128
23130,9192.0,30493.0,23129
23131,9192.0,30713.0,23130
23132,9192.0,30713.0,23131
23133,9192.0,30728.0,23132
23134,9192.0,31701.0,23133
23135,9192.0,31932.0,23134
23136,9192.0,31890.0,23135
23137,9192.0,31799.0,23136
23138,9192.0,31601.0,23137
23139,9192.0,31548.0,23138
23140,9192.0,31530.0,23139
23141,9192.0,30553.0,23140
23142,9192.0,29955.0,23141
23143,9192.0,30175.0,23142
23144,9192.0,30039.0,23143
23145,9192.0,29545.0,23144
23146,9192.0,29542.0,23145
23147,9192.0,30116.0,23146
23148,9192.0,30108.0,23147
23149,9192.0,31107.0,23148
23150,9192.0,30982.0,23149
23151,9192.0,30928.0,23150
23152,9192.0,31195.0,23151
23153,9192.0,30417.0,23152
23154,9192.0,30360.0,23153
23155,9192.0,29980.0,23154
23156,9192.0,30299.0,23155
23157,9192.0,30304.0,23156
23158,9192.0,30236.0,23157
23159,9192.0,28832.0,23158
23160,9192.0,28782.0,23159
23161,9192.0,27796.0,23160
23162,9192.0,27434.0,23161
23163,9192.0,27138.0,23162
23164,9192.0,28263.0,23163
23165,9192.0,27681.0,23164
23166,9192.0,27886.0,23165
23167,9192.0,27821.0,23166
23168,9192.0,28736.0,23167
23169,9192.0,28979.0,23168
23170,9192.0,28934.0,23169
23171,9192.0,28702.0,23170
23172,9192.0,29233.0,23171
23173,9192.0,29195.0,23172
23174,9192.0,28872.0,23173
23175,9192.0,28752.0,23174
23176,9192.0,28791.0,23175
23177,9192.0,29175.0,23176
23178,9192.0,30427.0,23177
23179,9192.0,30427.0,23178
23180,9192.0,30498.0,23179
23181,9192.0,30519.0,23180
23182,9192.0,30088.0,23181
23183,9192.0,30328.0,23182
23184,9192.0,30004.0,23183
23185,9192.0,29779.0,23184
23186,9192.0,27736.0,23185
23187,9192.0,27736.0,23186
23188,9192.0,26305.0,23187
23189,9192.0,26611.0,23188
23190,9192.0,26440.0,23189
23191,9192.0,26167.0,23190
23192,9192.0,26161.0,23191
23193,9192.0,26156.0,23192
23194,9192.0,26156.0,23193
23195,9192.0,26147.0,23194
23196,9192.0,26059.0,23195
23197,9192.0,25103.0,23196
23198,9192.0,24966.0,23197
23199,9192.0,25273.0,23198
23200,9192.0,25273.0,23199
23201,9192.0,25286.0,23200
23202,9192.0,25286.0,23201
23203,9192.0,25521.0,23202
23204,9192.0,25306.0,23203
23205,9192.0,24979.0,23204
23206,9192.0,24967.0,23205
23207,9192.0,24568.0,23206
23208,9192.0,25263.0,23207
23209,9192.0,26393.0,23208
23210,9192.0,26415.0,23209
23211,9192.0,26415.0,23210
23212,9192.0,26319.0,23211
23213,9192.0,26319.0,23212
23214,9192.0,26410.0,23213
23215,9192.0,26131.0,23214
23216,9192.0,25724.0,23215
23217,9192.0,25676.0,23216
23218,9192.0,25779.0,23217
23219,9192.0,25516.0,23218
23220,9192.0,25321.0,23219
23221,9192.0,25967.0,23220
23222,9192.0,26174.0,23221
23223,9192.0,26479.0,23222
23224,9192.0,26479.0,23223
23225,9192.0,26430.0,23224
23226,9192.0,26603.0,23225
23227,9192.0,25675.0,23226
23228,9192.0,27039.0,23227
23229,9192.0,27343.0,23228
23230,9192.0,27783.0,23229
23231,9192.0,28071.0,23230
23232,9192.0,28686.0,23231
23233,9192.0,28152.0,23232
23234,9192.0,28348.0,23233
23235,9192.0,28348.0,23234
23236,9192.0,28748.0,23235
23237,9192.0,29655.0,23236
23238,9192.0,29547.0,23237
23239,9192.0,29493.0,23238
23240,9192.0,29135.0,23239
23241,9192.0,28932.0,23240
23242,9192.0,29871.0,23241
23243,9192.0,28699.0,23242
23244,9192.0,28193.0,23243
23245,9192.0,28003.0,23244
23246,9192.0,28003.0,23245
23247,9192.0,28129.0,23246
23248,9192.0,28208.0,23247
23249,9192.0,28681.0,23248
23250,9192.0,28000.0,23249
23251,9192.0,27483.0,23250
23252,9192.0,27581.0,23251
23253,9192.0,27572.0,23252
23254,9192.0,27572.0,23253
23255,9192.0,27506.0,23254
23256,9192.0,27474.0,23255
23257,9192.0,27626.0,23256
23258,9192.0,28139.0,23257
23259,9192.0,28588.0,23258
23260,9192.0,28625.0,23259
23261,9192.0,27230.0,23260
23262,9192.0,26921.0,23261
23263,9192.0,26921.0,23262
23264,9192.0,26700.0,23263
23265,9192.0,27227.0,23264
23266,9192.0,27257.0,23265
23267,9192.0,26642.0,23266
23268,9192.0,26818.0,23267
23269,9192.0,27771.0,23268
23270,9192.0,27676.0,23269
23271,9192.0,28042.0,23270
23272,9192.0,28028.0,23271
23273,9192.0,27648.0,23272
23274,9192.0,27697.0,23273
23275,9192.0,27199.0,23274
23276,9192.0,28020.0,23275
23277,9192.0,27930.0,23276
23278,9192.0,28512.0,23277
23279,9192.0,28747.0,23278
23280,9192.0,28762.0,23279
23281,9192.0,28569.0,23280
23282,9192.0,28772.0,23281
23283,9192.0,28179.0,23282
23284,9192.0,28512.0,23283
23285,9192.0,28218.0,23284
23286,9192.0,27613.0,23285
23287,9192.0,27769.0,23286
23288,9192.0,28171.0,23287
23289,9192.0,28095.0,23288
23290,9192.0,28411.0,23289
23291,9192.0,28411.0,23290
23292,9192.0,28732.0,23291
23293,9192.0,28788.0,23292
23294,9192.0,28519.0,23293
23295,9192.0,28314.0,23294
23296,9192.0,28314.0,23295
23297,9192.0,28313.0,23296
23298,9192.0,27975.0,23297
23299,9192.0,28153.0,23298
23300,9192.0,28145.0,23299
23301,9192.0,27623.0,23300
23302,9192.0,28073.0,23301
23303,9192.0,28077.0,23302
23304,9192.0,28066.0,23303
23305,9192.0,27945.0,23304
23306,9192.0,27934.0,23305
23307,9192.0,27991.0,23306
23308,9192.0,28117.0,23307
23309,9192.0,28612.0,23308
23310,9192.0,28612.0,23309
23311,9192.0,28241.0,23310
23312,9192.0,28241.0,23311
23313,9192.0,28241.0,23312
23314,9192.0,28018.0,23313
23315,9192.0,28335.0,23314
23316,9192.0,28331.0,23315
23317,9192.0,27870.0,23316
23318,9192.0,27539.0,23317
23319,9192.0,27595.0,23318
23320,9192.0,27869.0,23319
23321,9192.0,27929.0,23320
23322,9192.0,27945.0,23321
23323,9192.0,27669.0,23322
23324,9192.0,28003.0,23323
23325,9192.0,27870.0,23324
23326,9192.0,28066.0,23325
23327,9192.0,28238.0,23326
23328,9192.0,28238.0,23327
23329,9192.0,28404.0,23328
23330,9192.0,28077.0,23329
23331,9192.0,27812.0,23330
23332,9192.0,27401.0,23331
23333,9192.0,26733.0,23332
23334,9192.0,26733.0,23333
23335,9192.0,26181.0,23334
23336,9192.0,26181.0,23335
23337,9192.0,26567.0,23336
23338,9192.0,26238.0,23337
23339,9192.0,26231.0,23338
23340,9192.0,26208.0,23339
23341,9192.0,26365.0,23340
23342,9192.0,26620.0,23341
23343,9192.0,26714.0,23342
23344,9192.0,27268.0,23343
23345,9192.0,27090.0,23344
23346,9192.0,26753.0,23345
23347,9192.0,26754.0,23346
23348,9192.0,26754.0,23347
23349,9192.0,27007.0,23348
23350,9192.0,27442.0,23349
23351,9192.0,27837.0,23350
23352,9192.0,27982.0,23351
23353,9192.0,28141.0,23352
23354,9192.0,28697.0,23353
23355,9192.0,29005.0,23354
23356,9192.0,29144.0,23355
23357,9192.0,29158.0,23356
23358,9192.0,28977.0,23357
23359,9192.0,28885.0,23358
23360,9192.0,29143.0,23359
23361,9192.0,29214.0,23360
23362,9192.0,29214.0,23361
23363,9192.0,28658.0,23362
23364,9192.0,29103.0,23363
23365,9192.0,28385.0,23364
23366,9192.0,28304.0,23365
23367,9192.0,28248.0,23366
23368,9192.0,28255.0,23367
23369,9192.0,28278.0,23368
23370,9192.0,28221.0,23369
23371,9192.0,28271.0,23370
23372,9192.0,27801.0,23371
23373,9192.0,28151.0,23372
23374,9192.0,28333.0,23373
23375,9192.0,27797.0,23374
23376,9192.0,28019.0,23375
23377,9192.0,28223.0,23376
23378,9192.0,27025.0,23377
23379,9192.0,26780.0,23378
23380,9192.0,27076.0,23379
23381,9192.0,26949.0,23380
23382,9192.0,26974.0,23381
23383,9192.0,26229.0,23382
23384,9192.0,26229.0,23383
23385,9192.0,26283.0,23384
23386,9192.0,25630.0,23385
23387,9192.0,25973.0,23386
23388,9192.0,25890.0,23387
23389,9192.0,25853.0,23388
23390,9192.0,25279.0,23389
23391,9192.0,25460.0,23390
23392,9192.0,24893.0,23391
23393,9192.0,25204.0,23392
23394,9192.0,25781.0,23393
23395,9192.0,25777.0,23394
23396,9192.0,25954.0,23395
23397,9192.0,25943.0,23396
23398,9192.0,25406.0,23397
23399,9192.0,25269.0,23398
23400,9192.0,25194.0,23399
23401,9192.0,25441.0,23400
23402,9192.0,24941.0,23401
23403,9192.0,24401.0,23402
23404,9192.0,24401.0,23403
23405,9192.0,24307.0,23404
23406,9192.0,24006.0,23405
23407,9192.0,24006.0,23406
23408,9192.0,24358.0,23407
23409,9192.0,23986.0,23408
23410,9192.0,24073.0,23409
23411,9192.0,24071.0,23410
23412,9192.0,24715.0,23411
23413,9192.0,24449.0,23412
23414,9192.0,24202.0,23413
23415,9192.0,24165.0,23414
23416,9192.0,24200.0,23415
23417,9192.0,24200.0,23416
23418,9192.0,24210.0,23417
23419,9192.0,24930.0,23418
23420,9192.0,24934.0,23419
23421,9192.0,24934.0,23420
23422,9192.0,24417.0,23421
23423,9192.0,24616.0,23422
23424,9192.0,24549.0,23423
23425,9192.0,24368.0,23424
23426,9192.0,24368.0,23425
23427,9192.0,24535.0,23426
23428,9192.0,24227.0,23427
23429,9192.0,24276.0,23428
23430,9192.0,24211.0,23429
23431,9192.0,24745.0,23430
23432,9192.0,24917.0,23431
23433,9192.0,24972.0,23432
23434,9192.0,24727.0,23433
23435,9192.0,24454.0,23434
23436,9192.0,24454.0,23435
23437,9192.0,24150.0,23436
23438,9192.0,24150.0,23437
23439,9192.0,24150.0,23438
23440,9192.0,24661.0,23439
23441,9192.0,24776.0,23440
23442,9192.0,25489.0,23441
23443,9192.0,26320.0,23442
23444,9192.0,26244.0,23443
23445,9192.0,26576.0,23444
23446,9192.0,26630.0,23445
23447,9192.0,26348.0,23446
23448,9192.0,26700.0,23447
23449,9192.0,26914.0,23448
23450,9192.0,26425.0,23449
23451,9192.0,25552.0,23450
23452,9192.0,26853.0,23451
23453,9192.0,25246.0,23452
23454,9192.0,25236.0,23453
23455,9192.0,26277.0,23454
23456,9192.0,26226.0,23455
23457,9192.0,27202.0,23456
23458,9192.0,27924.0,23457
23459,9192.0,27332.0,23458
23460,9192.0,27354.0,23459
23461,9192.0,27550.0,23460
23462,9192.0,26391.0,23461
23463,9192.0,26152.0,23462
23464,9192.0,26597.0,23463
23465,9192.0,26718.0,23464
23466,9192.0,25834.0,23465
23467,9192.0,24852.0,23466
23468,9192.0,25232.0,23467
23469,9192.0,25527.0,23468
23470,9192.0,25392.0,23469
23471,9192.0,25132.0,23470
23472,9192.0,25170.0,23471
23473,9192.0,25439.0,23472
23474,9192.0,25441.0,23473
23475,9192.0,25458.0,23474
23476,9192.0,24722.0,23475
23477,9192.0,24763.0,23476
23478,9192.0,24292.0,23477
23479,9192.0,24363.0,23478
23480,9192.0,24449.0,23479
23481,9192.0,25131.0,23480
23482,9192.0,25236.0,23481
23483,9192.0,26658.0,23482
23484,9192.0,26184.0,23483
23485,9192.0,26493.0,23484
23486,9192.0,26775.0,23485
23487,9192.0,26700.0,23486
23488,9192.0,27197.0,23487
23489,9192.0,27333.0,23488
23490,9192.0,27306.0,23489
23491,9192.0,27952.0,23490
23492,9192.0,27597.0,23491
23493,9192.0,28756.0,23492
23494,9192.0,29202.0,23493
23495,9192.0,28940.0,23494
23496,9192.0,29247.0,23495
23497,9192.0,28802.0,23496
23498,9192.0,27975.0,23497
23499,9192.0,27951.0,23498
23500,9192.0,29050.0,23499
23501,9192.0,28419.0,23500
23502,9192.0,28132.0,23501
23503,9192.0,27034.0,23502
23504,9192.0,26530.0,23503
23505,9192.0,25763.0,23504
23506,9192.0,25502.0,23505
23507,9192.0,25704.0,23506
23508,9192.0,27106.0,23507
23509,9192.0,27314.0,23508
23510,9192.0,27314.0,23509
23511,9192.0,27845.0,23510
23512,9192.0,27606.0,23511
23513,9192.0,27757.0,23512
23514,9192.0,27810.0,23513
23515,9192.0,27810.0,23514
23516,9192.0,27991.0,23515
23517,9192.0,28002.0,23516
23518,9192.0,28513.0,23517
23519,9192.0,28360.0,23518
23520,9192.0,28078.0,23519
23521,9192.0,27493.0,23520
23522,9192.0,27604.0,23521
23523,9192.0,28124.0,23522
23524,9192.0,28131.0,23523
23525,9192.0,28431.0,23524
23526,9192.0,28744.0,23525
23527,9192.0,29299.0,23526
23528,9192.0,28927.0,23527
23529,9192.0,28927.0,23528
23530,9192.0,29139.0,23529
23531,9192.0,28998.0,23530
23532,9192.0,29535.0,23531
23533,9192.0,28086.0,23532
23534,9192.0,28352.0,23533
23535,9192.0,27904.0,23534
23536,9192.0,27652.0,23535
23537,9192.0,27527.0,23536
23538,9192.0,27396.0,23537
23539,9192.0,27396.0,23538
23540,9192.0,27398.0,23539
23541,9192.0,27398.0,23540
23542,9192.0,27284.0,23541
23543,9192.0,27776.0,23542
23544,9192.0,27891.0,23543
23545,9192.0,28299.0,23544
23546,9192.0,27983.0,23545
23547,9192.0,28185.0,23546
23548,9192.0,28356.0,23547
23549,9192.0,28086.0,23548
23550,9192.0,27764.0,23549
23551,9192.0,27879.0,23550
23552,9192.0,27822.0,23551
23553,9192.0,27984.0,23552
23554,9192.0,28477.0,23553
23555,9192.0,28326.0,23554
23556,9192.0,28133.0,23555
23557,9192.0,28608.0,23556
23558,9192.0,28686.0,23557
23559,9192.0,28301.0,23558
23560,9192.0,28370.0,23559
23561,9192.0,28018.0,23560
23562,9192.0,28154.0,23561
23563,9192.0,27940.0,23562
23564,9192.0,28618.0,23563
23565,9192.0,27657.0,23564
23566,9192.0,27741.0,23565
23567,9192.0,27397.0,23566
23568,9192.0,27009.0,23567
23569,9192.0,27009.0,23568
23570,9192.0,27530.0,23569
23571,9192.0,27045.0,23570
23572,9192.0,27218.0,23571
23573,9192.0,27218.0,23572
23574,9192.0,26938.0,23573
23575,9192.0,27438.0,23574
23576,9192.0,27507.0,23575
23577,9192.0,26488.0,23576
23578,9192.0,26592.0,23577
23579,9192.0,26490.0,23578
23580,9192.0,25974.0,23579
23581,9192.0,25974.0,23580
23582,9192.0,26498.0,23581
23583,9192.0,27517.0,23582
23584,9192.0,27676.0,23583
23585,9192.0,28657.0,23584
23586,9192.0,27959.0,23585
23587,9192.0,28233.0,23586
23588,9192.0,28233.0,23587
23589,9192.0,29014.0,23588
23590,9192.0,28123.0,23589
23591,9192.0,28123.0,23590
23592,9192.0,28123.0,23591
23593,9192.0,27927.0,23592
23594,9192.0,27702.0,23593
23595,9192.0,27522.0,23594
23596,9192.0,28419.0,23595
23597,9192.0,28419.0,23596
23598,9192.0,28882.0,23597
23599,9192.0,28739.0,23598
23600,9192.0,29026.0,23599
23601,9192.0,29055.0,23600
23602,9192.0,29551.0,23601
23603,9192.0,29753.0,23602
23604,9192.0,29159.0,23603
23605,9192.0,28968.0,23604
23606,9192.0,28907.0,23605
23607,9192.0,27164.0,23606
23608,9192.0,27533.0,23607
23609,9192.0,27472.0,23608
23610,9192.0,27572.0,23609
23611,9192.0,27778.0,23610
23612,9192.0,27029.0,23611
23613,9192.0,26888.0,23612
23614,9192.0,28144.0,23613
23615,9192.0,28294.0,23614
23616,9192.0,28943.0,23615
23617,9192.0,28972.0,23616
23618,9192.0,29018.0,23617
23619,9192.0,28970.0,23618
23620,9192.0,29318.0,23619
23621,9192.0,29514.0,23620
23622,9192.0,29152.0,23621
23623,9192.0,29293.0,23622
23624,9192.0,29293.0,23623
23625,9192.0,29084.0,23624
23626,9192.0,29094.0,23625
23627,9192.0,29183.0,23626
23628,9192.0,29212.0,23627
23629,9192.0,29071.0,23628
23630,9192.0,29721.0,23629
23631,9192.0,29691.0,23630
23632,9192.0,29930.0,23631
23633,9192.0,30031.0,23632
23634,9192.0,30520.0,23633
23635,9192.0,29294.0,23634
23636,9192.0,29638.0,23635
23637,9192.0,29334.0,23636
23638,9192.0,29638.0,23637
23639,9192.0,29554.0,23638
23640,9192.0,29950.0,23639
23641,9192.0,30030.0,23640
23642,9192.0,30056.0,23641
23643,9192.0,28915.0,23642
23644,9192.0,29236.0,23643
23645,9192.0,29119.0,23644
23646,9192.0,30549.0,23645
23647,9192.0,30845.0,23646
23648,9192.0,29270.0,23647
23649,9192.0,29126.0,23648
23650,9192.0,29162.0,23649
23651,9192.0,28469.0,23650
23652,9192.0,28537.0,23651
23653,9192.0,28564.0,23652
23654,9192.0,28593.0,23653
23655,9192.0,29073.0,23654
23656,9192.0,30198.0,23655
23657,9192.0,30396.0,23656
23658,9192.0,30384.0,23657
23659,9192.0,30789.0,23658
23660,9192.0,32037.0,23659
23661,9192.0,32086.0,23660
23662,9192.0,31535.0,23661
23663,9192.0,32151.0,23662
23664,9192.0,31966.0,23663
23665,9192.0,31979.0,23664
23666,9192.0,31375.0,23665
23667,9192.0,31794.0,23666
23668,9192.0,31581.0,23667
23669,9192.0,31581.0,23668
23670,9192.0,31936.0,23669
23671,9192.0,31755.0,23670
23672,9192.0,31809.0,23671
23673,9192.0,31637.0,23672
23674,9192.0,31460.0,23673
23675,9192.0,31562.0,23674
23676,9192.0,31460.0,23675
23677,9192.0,31241.0,23676
23678,9192.0,31203.0,23677
23679,9192.0,30861.0,23678
23680,9192.0,31464.0,23679
23681,9192.0,31216.0,23680
23682,9192.0,31216.0,23681
23683,9192.0,30931.0,23682
23684,9192.0,30503.0,23683
23685,9192.0,29548.0,23684
23686,9192.0,29667.0,23685
23687,9192.0,29610.0,23686
23688,9192.0,29543.0,23687
23689,9192.0,29539.0,23688
23690,9192.0,29675.0,23689
23691,9192.0,29862.0,23690
23692,9192.0,29955.0,23691
23693,9192.0,29902.0,23692
23694,9192.0,29864.0,23693
23695,9192.0,29408.0,23694
23696,9192.0,30222.0,23695
23697,9192.0,30296.0,23696
23698,9192.0,30279.0,23697
23699,9192.0,29440.0,23698
23700,9192.0,29578.0,23699
23701,9192.0,29396.0,23700
23702,9192.0,28841.0,23701
23703,9192.0,28897.0,23702
23704,9192.0,28913.0,23703
23705,9192.0,28752.0,23704
23706,9192.0,29059.0,23705
23707,9192.0,29065.0,23706
23708,9192.0,28237.0,23707
23709,9192.0,28119.0,23708
23710,9192.0,28119.0,23709
23711,9192.0,28099.0,23710
23712,9192.0,27723.0,23711
23713,9192.0,27594.0,23712
23714,9192.0,27513.0,23713
23715,9192.0,27112.0,23714
23716,9192.0,27153.0,23715
23717,9192.0,27204.0,23716
23718,9192.0,27204.0,23717
23719,9192.0,27594.0,23718
23720,9192.0,27399.0,23719
23721,9192.0,28201.0,23720
23722,9192.0,28218.0,23721
23723,9192.0,28090.0,23722
23724,9192.0,28229.0,23723
23725,9192.0,28448.0,23724
23726,9192.0,28281.0,23725
23727,9192.0,28407.0,23726
23728,9192.0,28227.0,23727
23729,9192.0,28227.0,23728
23730,9192.0,27962.0,23729
23731,9192.0,27960.0,23730
23732,9192.0,29237.0,23731
23733,9192.0,29533.0,23732
23734,9192.0,29258.0,23733
23735,9192.0,29035.0,23734
23736,9192.0,27685.0,23735
23737,9192.0,26966.0,23736
23738,9192.0,26949.0,23737
23739,9192.0,26507.0,23738
23740,9192.0,26450.0,23739
23741,9192.0,26711.0,23740
23742,9192.0,27092.0,23741
23743,9192.0,28641.0,23742
23744,9192.0,28371.0,23743
23745,9192.0,27571.0,23744
23746,9192.0,27184.0,23745
23747,9192.0,27184.0,23746
23748,9192.0,27184.0,23747
23749,9192.0,27774.0,23748
23750,9192.0,27690.0,23749
23751,9192.0,27822.0,23750
23752,9192.0,27822.0,23751
23753,9192.0,27324.0,23752
23754,9192.0,27147.0,23753
23755,9192.0,28045.0,23754
23756,9192.0,30090.0,23755
23757,9192.0,29892.0,23756
23758,9192.0,29892.0,23757
23759,9192.0,28722.0,23758
23760,9192.0,29051.0,23759
23761,9192.0,28909.0,23760
23762,9192.0,28991.0,23761
23763,9192.0,28991.0,23762
23764,9192.0,29017.0,23763
23765,9192.0,29711.0,23764
23766,9192.0,29711.0,23765
23767,9192.0,29760.0,23766
23768,9192.0,29729.0,23767
23769,9192.0,29761.0,23768
23770,9192.0,29499.0,23769
23771,9192.0,29613.0,23770
23772,9192.0,29835.0,23771
23773,9192.0,30199.0,23772
23774,9192.0,29183.0,23773
23775,9192.0,29179.0,23774
23776,9192.0,29154.0,23775
23777,9192.0,28590.0,23776
23778,9192.0,29284.0,23777
23779,9192.0,28419.0,23778
23780,9192.0,27451.0,23779
23781,9192.0,27461.0,23780
23782,9192.0,27982.0,23781
23783,9192.0,27872.0,23782
23784,9192.0,27695.0,23783
23785,9192.0,28286.0,23784
23786,9192.0,28118.0,23785
23787,9192.0,28297.0,23786
23788,9192.0,28084.0,23787
23789,9192.0,27894.0,23788
23790,9192.0,27480.0,23789
23791,9192.0,27511.0,23790
23792,9192.0,28069.0,23791
23793,9192.0,28032.0,23792
23794,9192.0,27813.0,23793
23795,9192.0,27709.0,23794
23796,9192.0,27717.0,23795
23797,9192.0,27757.0,23796
23798,9192.0,27426.0,23797
23799,9192.0,27546.0,23798
23800,9192.0,27138.0,23799
23801,9192.0,27905.0,23800
23802,9192.0,29276.0,23801
23803,9192.0,29020.0,23802
23804,9192.0,29247.0,23803
23805,9192.0,29030.0,23804
23806,9192.0,29644.0,23805
23807,9192.0,29792.0,23806
23808,9192.0,29792.0,23807
23809,9192.0,29655.0,23808
23810,9192.0,29585.0,23809
23811,9192.0,29632.0,23810
23812,9192.0,27643.0,23811
23813,9192.0,27939.0,23812
23814,9192.0,28020.0,23813
23815,9192.0,27956.0,23814
23816,9192.0,29425.0,23815
23817,9192.0,29425.0,23816
23818,9192.0,30074.0,23817
23819,9192.0,29898.0,23818
23820,9192.0,29635.0,23819
23821,9192.0,30059.0,23820
23822,9192.0,30054.0,23821
23823,9192.0,31440.0,23822
23824,9192.0,31338.0,23823
23825,9192.0,31474.0,23824
23826,9192.0,31674.0,23825
23827,9192.0,32878.0,23826
23828,9192.0,32576.0,23827
23829,9192.0,33096.0,23828
23830,9192.0,33096.0,23829
23831,9192.0,33109.0,23830
23832,9192.0,33020.0,23831
23833,9192.0,32872.0,23832
23834,9192.0,32803.0,23833
23835,9192.0,32803.0,23834
23836,9192.0,32498.0,23835
23837,9192.0,33088.0,23836
23838,9192.0,32980.0,23837
23839,9192.0,33745.0,23838
23840,9192.0,33551.0,23839
23841,9192.0,33600.0,23840
23842,9192.0,33766.0,23841
23843,9192.0,34200.0,23842
23844,9192.0,34446.0,23843
23845,9192.0,34459.0,23844
23846,9192.0,33846.0,23845
23847,9192.0,33883.0,23846
23848,9192.0,33848.0,23847
23849,9192.0,33895.0,23848
23850,9192.0,34001.0,23849
23851,9192.0,34178.0,23850
23852,9192.0,33051.0,23851
23853,9192.0,32929.0,23852
23854,9192.0,33304.0,23853
23855,9192.0,33309.0,23854
23856,9192.0,33519.0,23855
23857,9192.0,33683.0,23856
23858,9192.0,32918.0,23857
23859,9192.0,32397.0,23858
23860,9192.0,31767.0,23859
23861,9192.0,31608.0,23860
23862,9192.0,31406.0,23861
23863,9192.0,30886.0,23862
23864,9192.0,30660.0,23863
23865,9192.0,30836.0,23864
23866,9192.0,30373.0,23865
23867,9192.0,30373.0,23866
23868,9192.0,30491.0,23867
23869,9192.0,31001.0,23868
23870,9192.0,30870.0,23869
23871,9192.0,30841.0,23870
23872,9192.0,31160.0,23871
23873,9192.0,30570.0,23872
23874,9192.0,30270.0,23873
23875,9192.0,30752.0,23874
23876,9192.0,30883.0,23875
23877,9192.0,30883.0,23876
23878,9192.0,31098.0,23877
23879,9192.0,31202.0,23878
23880,9192.0,28934.0,23879
23881,9192.0,28742.0,23880
23882,9192.0,28878.0,23881
23883,9192.0,28237.0,23882
23884,9192.0,28122.0,23883
23885,9192.0,28221.0,23884
23886,9192.0,28481.0,23885
23887,9192.0,28756.0,23886
23888,9192.0,29171.0,23887
23889,9192.0,29171.0,23888
23890,9192.0,29126.0,23889
23891,9192.0,29473.0,23890
23892,9192.0,29261.0,23891
23893,9192.0,30304.0,23892
23894,9192.0,30277.0,23893
23895,9192.0,30399.0,23894
23896,9192.0,31014.0,23895
23897,9192.0,30886.0,23896
23898,9192.0,30567.0,23897
23899,9192.0,30774.0,23898
23900,9192.0,31475.0,23899
23901,9192.0,31516.0,23900
23902,9192.0,31673.0,23901
23903,9192.0,31501.0,23902
23904,9192.0,31350.0,23903
23905,9192.0,31346.0,23904
23906,9192.0,31211.0,23905
23907,9192.0,31210.0,23906
23908,9192.0,31096.0,23907
23909,9192.0,30740.0,23908
23910,9192.0,31113.0,23909
23911,9192.0,30179.0,23910
23912,9192.0,30179.0,23911
23913,9192.0,29616.0,23912
23914,9192.0,29616.0,23913
23915,9192.0,30389.0,23914
23916,9192.0,30258.0,23915
23917,9192.0,30213.0,23916
23918,9192.0,30365.0,23917
23919,9192.0,31669.0,23918
23920,9192.0,31646.0,23919
23921,9192.0,31832.0,23920
23922,9192.0,31811.0,23921
23923,9192.0,31234.0,23922
23924,9192.0,31345.0,23923
23925,9192.0,31006.0,23924
23926,9192.0,31203.0,23925
23927,9192.0,31284.0,23926
23928,9192.0,31595.0,23927
23929,9192.0,31401.0,23928
23930,9192.0,31735.0,23929
23931,9192.0,31660.0,23930
23932,9192.0,31790.0,23931
23933,9192.0,31395.0,23932
23934,9192.0,31954.0,23933
23935,9192.0,31822.0,23934
23936,9192.0,31364.0,23935
23937,9192.0,31302.0,23936
23938,9192.0,30802.0,23937
23939,9192.0,31568.0,23938
23940,9192.0,31490.0,23939
23941,9192.0,31870.0,23940
23942,9192.0,31059.0,23941
23943,9192.0,31165.0,23942
23944,9192.0,31093.0,23943
23945,9192.0,31620.0,23944
23946,9192.0,31686.0,23945
23947,9192.0,31767.0,23946
23948,9192.0,32022.0,23947
23949,9192.0,32362.0,23948
23950,9192.0,30015.0,23949
23951,9192.0,30187.0,23950
23952,9192.0,30162.0,23951
23953,9192.0,29244.0,23952
23954,9192.0,29486.0,23953
23955,9192.0,30206.0,23954
23956,9192.0,30079.0,23955
23957,9192.0,30079.0,23956
23958,9192.0,29939.0,23957
23959,9192.0,29535.0,23958
23960,9192.0,29310.0,23959
23961,9192.0,29541.0,23960
23962,9192.0,29594.0,23961
23963,9192.0,29335.0,23962
23964,9192.0,29478.0,23963
23965,9192.0,29135.0,23964
23966,9192.0,29301.0,23965
23967,9192.0,29238.0,23966
23968,9192.0,28950.0,23967
23969,9192.0,28893.0,23968
23970,9192.0,31319.0,23969
23971,9192.0,31395.0,23970
23972,9192.0,31989.0,23971
23973,9192.0,32215.0,23972
23974,9192.0,32384.0,23973
23975,9192.0,32501.0,23974
23976,9192.0,32337.0,23975
23977,9192.0,31511.0,23976
23978,9192.0,31405.0,23977
23979,9192.0,30854.0,23978
23980,9192.0,30854.0,23979
23981,9192.0,30778.0,23980
23982,9192.0,31020.0,23981
23983,9192.0,30739.0,23982
23984,9192.0,30537.0,23983
23985,9192.0,31222.0,23984
23986,9192.0,31087.0,23985
23987,9192.0,31197.0,23986
23988,9192.0,31082.0,23987
23989,9192.0,30878.0,23988
23990,9192.0,30691.0,23989
23991,9192.0,30689.0,23990
23992,9192.0,30300.0,23991
23993,9192.0,29698.0,23992
23994,9192.0,29179.0,23993
23995,9192.0,30188.0,23994
23996,9192.0,30190.0,23995
23997,9192.0,30855.0,23996
23998,9192.0,30767.0,23997
23999,9192.0,30709.0,23998
24000,9192.0,30793.0,23999
24001,9192.0,30898.0,24000
24002,9192.0,30879.0,24001
24003,9192.0,30633.0,24002
24004,9192.0,30790.0,24003
24005,9192.0,31199.0,24004
24006,9192.0,30913.0,24005
24007,9192.0,30950.0,24006
24008,9192.0,31078.0,24007
24009,9192.0,30698.0,24008
24010,9192.0,31511.0,24009
24011,9192.0,29831.0,24010
24012,9192.0,29852.0,24011
24013,9192.0,30466.0,24012
24014,9192.0,30258.0,24013
24015,9192.0,30150.0,24014
24016,9192.0,30001.0,24015
24017,9192.0,28941.0,24016
24018,9192.0,29220.0,24017
24019,9192.0,28928.0,24018
24020,9192.0,28682.0,24019
24021,9192.0,28682.0,24020
24022,9192.0,28494.0,24021
24023,9192.0,28544.0,24022
24024,9192.0,27163.0,24023
24025,9192.0,26975.0,24024
24026,9192.0,26617.0,24025
24027,9192.0,25811.0,24026
24028,9192.0,25709.0,24027
24029,9192.0,26183.0,24028
24030,9192.0,26183.0,24029
24031,9192.0,25967.0,24030
24032,9192.0,25921.0,24031
24033,9192.0,25966.0,24032
24034,9192.0,27009.0,24033
24035,9192.0,27009.0,24034
24036,9192.0,27213.0,24035
24037,9192.0,27479.0,24036
24038,9192.0,27479.0,24037
24039,9192.0,27464.0,24038
24040,9192.0,27572.0,24039
24041,9192.0,27805.0,24040
24042,9192.0,28034.0,24041
24043,9192.0,28034.0,24042
24044,9192.0,28163.0,24043
24045,9192.0,28366.0,24044
24046,9192.0,28782.0,24045
24047,9192.0,28680.0,24046
24048,9192.0,29191.0,24047
24049,9192.0,28741.0,24048
24050,9192.0,29795.0,24049
24051,9192.0,28428.0,24050
24052,9192.0,28382.0,24051
24053,9192.0,28236.0,24052
24054,9192.0,28055.0,24053
24055,9192.0,28036.0,24054
24056,9192.0,27493.0,24055
24057,9192.0,28337.0,24056
24058,9192.0,27801.0,24057
24059,9192.0,28852.0,24058
24060,9192.0,28300.0,24059
24061,9192.0,28315.0,24060
24062,9192.0,28345.0,24061
24063,9192.0,28359.0,24062
24064,9192.0,28214.0,24063
24065,9192.0,28326.0,24064
24066,9192.0,27874.0,24065
24067,9192.0,28476.0,24066
24068,9192.0,27618.0,24067
24069,9192.0,27632.0,24068
24070,9192.0,27684.0,24069
24071,9192.0,27948.0,24070
24072,9192.0,29329.0,24071
24073,9192.0,29243.0,24072
24074,9192.0,28285.0,24073
24075,9192.0,28624.0,24074
24076,9192.0,28356.0,24075
24077,9192.0,28790.0,24076
24078,9192.0,29803.0,24077
24079,9192.0,29803.0,24078
24080,9192.0,29803.0,24079
24081,9192.0,28459.0,24080
24082,9192.0,28461.0,24081
24083,9192.0,27460.0,24082
24084,9192.0,27469.0,24083
24085,9192.0,27469.0,24084
24086,9192.0,26836.0,24085
24087,9192.0,26420.0,24086
24088,9192.0,26392.0,24087
24089,9192.0,26351.0,24088
24090,9192.0,26337.0,24089
24091,9192.0,26552.0,24090
24092,9192.0,26452.0,24091
24093,9192.0,26014.0,24092
24094,9192.0,26251.0,24093
24095,9192.0,26516.0,24094
24096,9192.0,26516.0,24095
24097,9192.0,26301.0,24096
24098,9192.0,26043.0,24097
24099,9192.0,27789.0,24098
24100,9192.0,27985.0,24099
24101,9192.0,28321.0,24100
24102,9192.0,28261.0,24101
24103,9192.0,28847.0,24102
24104,9192.0,28975.0,24103
24105,9192.0,28857.0,24104
24106,9192.0,28336.0,24105
24107,9192.0,29011.0,24106
24108,9192.0,28732.0,24107
24109,9192.0,28717.0,24108
24110,9192.0,28804.0,24109
24111,9192.0,29110.0,24110
24112,9192.0,29041.0,24111
24113,9192.0,29203.0,24112
24114,9192.0,27521.0,24113
24115,9192.0,28075.0,24114
24116,9192.0,28087.0,24115
24117,9192.0,28087.0,24116
24118,9192.0,28103.0,24117
24119,9192.0,29709.0,24118
24120,9192.0,29507.0,24119
24121,9192.0,30482.0,24120
24122,9192.0,30701.0,24121
24123,9192.0,31254.0,24122
24124,9192.0,31277.0,24123
24125,9192.0,30929.0,24124
24126,9192.0,30852.0,24125
24127,9192.0,30882.0,24126
24128,9192.0,29418.0,24127
24129,9192.0,29589.0,24128
24130,9192.0,29338.0,24129
24131,9192.0,28981.0,24130
24132,9192.0,29227.0,24131
24133,9192.0,29189.0,24132
24134,9192.0,29716.0,24133
24135,9192.0,29609.0,24134
24136,9192.0,29326.0,24135
24137,9192.0,29453.0,24136
24138,9192.0,29607.0,24137
24139,9192.0,29567.0,24138
24140,9192.0,29975.0,24139
24141,9192.0,30963.0,24140
24142,9192.0,31197.0,24141
24143,9192.0,31340.0,24142
24144,9192.0,31526.0,24143
24145,9192.0,30745.0,24144
24146,9192.0,30841.0,24145
24147,9192.0,30263.0,24146
24148,9192.0,30489.0,24147
24149,9192.0,30925.0,24148
24150,9192.0,31395.0,24149
24151,9192.0,31447.0,24150
24152,9192.0,31524.0,24151
24153,9192.0,31269.0,24152
24154,9192.0,31280.0,24153
24155,9192.0,30210.0,24154
24156,9192.0,30226.0,24155
24157,9192.0,28896.0,24156
24158,9192.0,28973.0,24157
24159,9192.0,28791.0,24158
24160,9192.0,28830.0,24159
24161,9192.0,28920.0,24160
24162,9192.0,28685.0,24161
24163,9192.0,28120.0,24162
24164,9192.0,28120.0,24163
24165,9192.0,28102.0,24164
24166,9192.0,27929.0,24165
24167,9192.0,29655.0,24166
24168,9192.0,30311.0,24167
24169,9192.0,29474.0,24168
24170,9192.0,29584.0,24169
24171,9192.0,29623.0,24170
24172,9192.0,29397.0,24171
24173,9192.0,29833.0,24172
24174,9192.0,29833.0,24173
24175,9192.0,29834.0,24174
24176,9192.0,29833.0,24175
24177,9192.0,29970.0,24176
24178,9192.0,29823.0,24177
24179,9192.0,28354.0,24178
24180,9192.0,28567.0,24179
24181,9192.0,29117.0,24180
24182,9192.0,28334.0,24181
24183,9192.0,28319.0,24182
24184,9192.0,29020.0,24183
24185,9192.0,29286.0,24184
24186,9192.0,30051.0,24185
24187,9192.0,28889.0,24186
24188,9192.0,29694.0,24187
24189,9192.0,29860.0,24188
24190,9192.0,29386.0,24189
24191,9192.0,29349.0,24190
24192,9192.0,28952.0,24191
24193,9192.0,28371.0,24192
24194,9192.0,28407.0,24193
24195,9192.0,27444.0,24194
24196,9192.0,27298.0,24195
24197,9192.0,27382.0,24196
24198,9192.0,27471.0,24197
24199,9192.0,26657.0,24198
24200,9192.0,26665.0,24199
24201,9192.0,26300.0,24200
24202,9192.0,25863.0,24201
24203,9192.0,26484.0,24202
24204,9192.0,26822.0,24203
24205,9192.0,27647.0,24204
24206,9192.0,28388.0,24205
24207,9192.0,28778.0,24206
24208,9192.0,28287.0,24207
24209,9192.0,28287.0,24208
24210,9192.0,28310.0,24209
24211,9192.0,28345.0,24210
24212,9192.0,28514.0,24211
24213,9192.0,28202.0,24212
24214,9192.0,28243.0,24213
24215,9192.0,29397.0,24214
24216,9192.0,29331.0,24215
24217,9192.0,28282.0,24216
24218,9192.0,28191.0,24217
24219,9192.0,28199.0,24218
24220,9192.0,28388.0,24219
24221,9192.0,28026.0,24220
24222,9192.0,27903.0,24221
24223,9192.0,27875.0,24222
24224,9192.0,28781.0,24223
24225,9192.0,28695.0,24224
24226,9192.0,28687.0,24225
24227,9192.0,29476.0,24226
24228,9192.0,29763.0,24227
24229,9192.0,30039.0,24228
24230,9192.0,29612.0,24229
24231,9192.0,29486.0,24230
24232,9192.0,29605.0,24231
24233,9192.0,29741.0,24232
24234,9192.0,29462.0,24233
24235,9192.0,29639.0,24234
24236,9192.0,29604.0,24235
24237,9192.0,29253.0,24236
24238,9192.0,29765.0,24237
24239,9192.0,28732.0,24238
24240,9192.0,28732.0,24239
24241,9192.0,28439.0,24240
24242,9192.0,28380.0,24241
24243,9192.0,28038.0,24242
24244,9192.0,28884.0,24243
24245,9192.0,28716.0,24244
24246,9192.0,28437.0,24245
24247,9192.0,29729.0,24246
24248,9192.0,29725.0,24247
24249,9192.0,30568.0,24248
24250,9192.0,30187.0,24249
24251,9192.0,30945.0,24250
24252,9192.0,29012.0,24251
24253,9192.0,28799.0,24252
24254,9192.0,29141.0,24253
24255,9192.0,29081.0,24254
24256,9192.0,29081.0,24255
24257,9192.0,29937.0,24256
24258,9192.0,30065.0,24257
24259,9192.0,30332.0,24258
24260,9192.0,30266.0,24259
24261,9192.0,30675.0,24260
24262,9192.0,30187.0,24261
24263,9192.0,30523.0,24262
24264,9192.0,30757.0,24263
24265,9192.0,30300.0,24264
24266,9192.0,29751.0,24265
24267,9192.0,30392.0,24266
24268,9192.0,30364.0,24267
24269,9192.0,29689.0,24268
24270,9192.0,29683.0,24269
24271,9192.0,29286.0,24270
24272,9192.0,28860.0,24271
24273,9192.0,28858.0,24272
24274,9192.0,28532.0,24273
24275,9192.0,28676.0,24274
24276,9192.0,29017.0,24275
24277,9192.0,29442.0,24276
24278,9192.0,29442.0,24277
24279,9192.0,29888.0,24278
24280,9192.0,29570.0,24279
24281,9192.0,29570.0,24280
24282,9192.0,29670.0,24281
24283,9192.0,29772.0,24282
24284,9192.0,28987.0,24283
24285,9192.0,28388.0,24284
24286,9192.0,28452.0,24285
24287,9192.0,27884.0,24286
24288,9192.0,28267.0,24287
24289,9192.0,28371.0,24288
24290,9192.0,28444.0,24289
24291,9192.0,28378.0,24290
24292,9192.0,28577.0,24291
24293,9192.0,28130.0,24292
24294,9192.0,28335.0,24293
24295,9192.0,28335.0,24294
24296,9192.0,28348.0,24295
24297,9192.0,27133.0,24296
24298,9192.0,27231.0,24297
24299,9192.0,26215.0,24298
24300,9192.0,27987.0,24299
24301,9192.0,28631.0,24300
24302,9192.0,28631.0,24301
24303,9192.0,28389.0,24302
24304,9192.0,28700.0,24303
24305,9192.0,28461.0,24304
24306,9192.0,28514.0,24305
24307,9192.0,28522.0,24306
24308,9192.0,28096.0,24307
24309,9192.0,28624.0,24308
24310,9192.0,28588.0,24309
24311,9192.0,28732.0,24310
24312,9192.0,30041.0,24311
24313,9192.0,28620.0,24312
24314,9192.0,28591.0,24313
24315,9192.0,28591.0,24314
24316,9192.0,29301.0,24315
24317,9192.0,30442.0,24316
24318,9192.0,30663.0,24317
24319,9192.0,30773.0,24318
24320,9192.0,30927.0,24319
24321,9192.0,31024.0,24320
24322,9192.0,30726.0,24321
24323,9192.0,30731.0,24322
24324,9192.0,30375.0,24323
24325,9192.0,30397.0,24324
24326,9192.0,30187.0,24325
24327,9192.0,29796.0,24326
24328,9192.0,29804.0,24327
24329,9192.0,29815.0,24328
24330,9192.0,28994.0,24329
24331,9192.0,29346.0,24330
24332,9192.0,29287.0,24331
24333,9192.0,29287.0,24332
24334,9192.0,29234.0,24333
24335,9192.0,29234.0,24334
24336,9192.0,29058.0,24335
24337,9192.0,29047.0,24336
24338,9192.0,29868.0,24337
24339,9192.0,29722.0,24338
24340,9192.0,29804.0,24339
24341,9192.0,29680.0,24340
24342,9192.0,29664.0,24341
24343,9192.0,29664.0,24342
24344,9192.0,29833.0,24343
24345,9192.0,29857.0,24344
24346,9192.0,29471.0,24345
24347,9192.0,29319.0,24346
24348,9192.0,29968.0,24347
24349,9192.0,31305.0,24348
24350,9192.0,31875.0,24349
24351,9192.0,31867.0,24350
24352,9192.0,31783.0,24351
24353,9192.0,31096.0,24352
24354,9192.0,31171.0,24353
24355,9192.0,30035.0,24354
24356,9192.0,30089.0,24355
24357,9192.0,30370.0,24356
24358,9192.0,30622.0,24357
24359,9192.0,30455.0,24358
24360,9192.0,30455.0,24359
24361,9192.0,29545.0,24360
24362,9192.0,29435.0,24361
24363,9192.0,29301.0,24362
24364,9192.0,29937.0,24363
24365,9192.0,29464.0,24364
24366,9192.0,28704.0,24365
24367,9192.0,28159.0,24366
24368,9192.0,28339.0,24367
24369,9192.0,28294.0,24368
24370,9192.0,27757.0,24369
24371,9192.0,27346.0,24370
24372,9192.0,27836.0,24371
24373,9192.0,28537.0,24372
24374,9192.0,29135.0,24373
24375,9192.0,28124.0,24374
24376,9192.0,29553.0,24375
24377,9192.0,29553.0,24376
24378,9192.0,29553.0,24377
24379,9192.0,29204.0,24378
24380,9192.0,29159.0,24379
24381,9192.0,29159.0,24380
24382,9192.0,28944.0,24381
24383,9192.0,28875.0,24382
24384,9192.0,28808.0,24383
24385,9192.0,28844.0,24384
24386,9192.0,29979.0,24385
24387,9192.0,29522.0,24386
24388,9192.0,29313.0,24387
24389,9192.0,29456.0,24388
24390,9192.0,29643.0,24389
24391,9192.0,29813.0,24390
24392,9192.0,29672.0,24391
24393,9192.0,29615.0,24392
24394,9192.0,29619.0,24393
24395,9192.0,29804.0,24394
24396,9192.0,29804.0,24395
24397,9192.0,29790.0,24396
24398,9192.0,30165.0,24397
24399,9192.0,30179.0,24398
24400,9192.0,29921.0,24399
24401,9192.0,29645.0,24400
24402,9192.0,31134.0,24401
24403,9192.0,30979.0,24402
24404,9192.0,30667.0,24403
24405,9192.0,31521.0,24404
24406,9192.0,31386.0,24405
24407,9192.0,31386.0,24406
24408,9192.0,32354.0,24407
24409,9192.0,32354.0,24408
24410,9192.0,32263.0,24409
24411,9192.0,32135.0,24410
24412,9192.0,31536.0,24411
24413,9192.0,30254.0,24412
24414,9192.0,31001.0,24413
24415,9192.0,30995.0,24414
24416,9192.0,31110.0,24415
24417,9192.0,31127.0,24416
24418,9192.0,31181.0,24417
24419,9192.0,30645.0,24418
24420,9192.0,29715.0,24419
24421,9192.0,30396.0,24420
24422,9192.0,29297.0,24421
24423,9192.0,29617.0,24422
24424,9192.0,29703.0,24423
24425,9192.0,29697.0,24424
24426,9192.0,29813.0,24425
24427,9192.0,29756.0,24426
24428,9192.0,29749.0,24427
24429,9192.0,29814.0,24428
24430,9192.0,28354.0,24429
24431,9192.0,28586.0,24430
24432,9192.0,28370.0,24431
24433,9192.0,28965.0,24432
24434,9192.0,29495.0,24433
24435,9192.0,29239.0,24434
24436,9192.0,29901.0,24435
24437,9192.0,29634.0,24436
24438,9192.0,30186.0,24437
24439,9192.0,30262.0,24438
24440,9192.0,30260.0,24439
24441,9192.0,30089.0,24440
24442,9192.0,28446.0,24441
24443,9192.0,28446.0,24442
24444,9192.0,28167.0,24443
24445,9192.0,28327.0,24444
24446,9192.0,27821.0,24445
24447,9192.0,27821.0,24446
24448,9192.0,27733.0,24447
24449,9192.0,27508.0,24448
24450,9192.0,27280.0,24449
24451,9192.0,26857.0,24450
24452,9192.0,26673.0,24451
24453,9192.0,26875.0,24452
24454,9192.0,26389.0,24453
24455,9192.0,26552.0,24454
24456,9192.0,26550.0,24455
24457,9192.0,26779.0,24456
24458,9192.0,26939.0,24457
24459,9192.0,27005.0,24458
24460,9192.0,26954.0,24459
24461,9192.0,27236.0,24460
24462,9192.0,27666.0,24461
24463,9192.0,27690.0,24462
24464,9192.0,27988.0,24463
24465,9192.0,28037.0,24464
24466,9192.0,28127.0,24465
24467,9192.0,27779.0,24466
24468,9192.0,27660.0,24467
24469,9192.0,27516.0,24468
24470,9192.0,27733.0,24469
24471,9192.0,27547.0,24470
24472,9192.0,27127.0,24471
24473,9192.0,27281.0,24472
24474,9192.0,27272.0,24473
24475,9192.0,27760.0,24474
24476,9192.0,27821.0,24475
24477,9192.0,27520.0,24476
24478,9192.0,27594.0,24477
24479,9192.0,27582.0,24478
24480,9192.0,27493.0,24479
24481,9192.0,27437.0,24480
24482,9192.0,28535.0,24481
24483,9192.0,28535.0,24482
24484,9192.0,28742.0,24483
24485,9192.0,28755.0,24484
24486,9192.0,28698.0,24485
24487,9192.0,29485.0,24486
24488,9192.0,29394.0,24487
24489,9192.0,28918.0,24488
24490,9192.0,29280.0,24489
24491,9192.0,28851.0,24490
24492,9192.0,28865.0,24491
24493,9192.0,28739.0,24492
24494,9192.0,27935.0,24493
24495,9192.0,27877.0,24494
24496,9192.0,27721.0,24495
24497,9192.0,27612.0,24496
24498,9192.0,27570.0,24497
24499,9192.0,27570.0,24498
24500,9192.0,27341.0,24499
24501,9192.0,28393.0,24500
24502,9192.0,28672.0,24501
24503,9192.0,28445.0,24502
24504,9192.0,28051.0,24503
24505,9192.0,28208.0,24504
24506,9192.0,28167.0,24505
24507,9192.0,27653.0,24506
24508,9192.0,27811.0,24507
24509,9192.0,27976.0,24508
24510,9192.0,28209.0,24509
24511,9192.0,28578.0,24510
24512,9192.0,28568.0,24511
24513,9192.0,29395.0,24512
24514,9192.0,29109.0,24513
24515,9192.0,29316.0,24514
24516,9192.0,29389.0,24515
24517,9192.0,29317.0,24516
24518,9192.0,29159.0,24517
24519,9192.0,28380.0,24518
24520,9192.0,28380.0,24519
24521,9192.0,27649.0,24520
24522,9192.0,27514.0,24521
24523,9192.0,27780.0,24522
24524,9192.0,26928.0,24523
24525,9192.0,27860.0,24524
24526,9192.0,28967.0,24525
24527,9192.0,29004.0,24526
24528,9192.0,29183.0,24527
24529,9192.0,29533.0,24528
24530,9192.0,29355.0,24529
24531,9192.0,29711.0,24530
24532,9192.0,29385.0,24531
24533,9192.0,29503.0,24532
24534,9192.0,29528.0,24533
24535,9192.0,29911.0,24534
24536,9192.0,30289.0,24535
24537,9192.0,29993.0,24536
24538,9192.0,30438.0,24537
24539,9192.0,30250.0,24538
24540,9192.0,30312.0,24539
24541,9192.0,29727.0,24540
24542,9192.0,29919.0,24541
24543,9192.0,29957.0,24542
24544,9192.0,29928.0,24543
24545,9192.0,30167.0,24544
24546,9192.0,29099.0,24545
24547,9192.0,28842.0,24546
24548,9192.0,28748.0,24547
24549,9192.0,28806.0,24548
24550,9192.0,28822.0,24549
24551,9192.0,28837.0,24550
24552,9192.0,28847.0,24551
24553,9192.0,28765.0,24552
24554,9192.0,28720.0,24553
24555,9192.0,29071.0,24554
24556,9192.0,29070.0,24555
24557,9192.0,29627.0,24556
24558,9192.0,30386.0,24557
24559,9192.0,29222.0,24558
24560,9192.0,29044.0,24559
24561,9192.0,29041.0,24560
24562,9192.0,28959.0,24561
24563,9192.0,30086.0,24562
24564,9192.0,29978.0,24563
24565,9192.0,30151.0,24564
24566,9192.0,30157.0,24565
24567,9192.0,30061.0,24566
24568,9192.0,30361.0,24567
24569,9192.0,30333.0,24568
24570,9192.0,30382.0,24569
24571,9192.0,31009.0,24570
24572,9192.0,29477.0,24571
24573,9192.0,29477.0,24572
24574,9192.0,29142.0,24573
24575,9192.0,28297.0,24574
24576,9192.0,27774.0,24575
24577,9192.0,28039.0,24576
24578,9192.0,28072.0,24577
24579,9192.0,29315.0,24578
24580,9192.0,29562.0,24579
24581,9192.0,29315.0,24580
24582,9192.0,29296.0,24581
24583,9192.0,29345.0,24582
24584,9192.0,29990.0,24583
24585,9192.0,30205.0,24584
24586,9192.0,30126.0,24585
24587,9192.0,30878.0,24586
24588,9192.0,30359.0,24587
24589,9192.0,30341.0,24588
24590,9192.0,30273.0,24589
24591,9192.0,30298.0,24590
24592,9192.0,29769.0,24591
24593,9192.0,29769.0,24592
24594,9192.0,29831.0,24593
24595,9192.0,29869.0,24594
24596,9192.0,30595.0,24595
24597,9192.0,30408.0,24596
24598,9192.0,29929.0,24597
24599,9192.0,29946.0,24598
24600,9192.0,29795.0,24599
24601,9192.0,30237.0,24600
24602,9192.0,30237.0,24601
24603,9192.0,30019.0,24602
24604,9192.0,30654.0,24603
24605,9192.0,30024.0,24604
24606,9192.0,29963.0,24605
24607,9192.0,29829.0,24606
24608,9192.0,29794.0,24607
24609,9192.0,29938.0,24608
24610,9192.0,29938.0,24609
24611,9192.0,29746.0,24610
24612,9192.0,30071.0,24611
24613,9192.0,29917.0,24612
24614,9192.0,29865.0,24613
24615,9192.0,29836.0,24614
24616,9192.0,30048.0,24615
24617,9192.0,30160.0,24616
24618,9192.0,30333.0,24617
24619,9192.0,30447.0,24618
24620,9192.0,29745.0,24619
24621,9192.0,28526.0,24620
24622,9192.0,28526.0,24621
24623,9192.0,27939.0,24622
24624,9192.0,27867.0,24623
24625,9192.0,28390.0,24624
24626,9192.0,28225.0,24625
24627,9192.0,27747.0,24626
24628,9192.0,27747.0,24627
24629,9192.0,27747.0,24628
24630,9192.0,26559.0,24629
24631,9192.0,26596.0,24630
24632,9192.0,26536.0,24631
24633,9192.0,26536.0,24632
24634,9192.0,26782.0,24633
24635,9192.0,26790.0,24634
24636,9192.0,26558.0,24635
24637,9192.0,26492.0,24636
24638,9192.0,26315.0,24637
24639,9192.0,26742.0,24638
24640,9192.0,25995.0,24639
24641,9192.0,25627.0,24640
24642,9192.0,26000.0,24641
24643,9192.0,26302.0,24642
24644,9192.0,26494.0,24643
24645,9192.0,27188.0,24644
24646,9192.0,27240.0,24645
24647,9192.0,27046.0,24646
24648,9192.0,27048.0,24647
24649,9192.0,27508.0,24648
24650,9192.0,27686.0,24649
24651,9192.0,27269.0,24650
24652,9192.0,27633.0,24651
24653,9192.0,27571.0,24652
24654,9192.0,27095.0,24653
24655,9192.0,27357.0,24654
24656,9192.0,27620.0,24655
24657,9192.0,26697.0,24656
24658,9192.0,26586.0,24657
24659,9192.0,26593.0,24658
24660,9192.0,26588.0,24659
24661,9192.0,26311.0,24660
24662,9192.0,27758.0,24661
24663,9192.0,28236.0,24662
24664,9192.0,28423.0,24663
24665,9192.0,28510.0,24664
24666,9192.0,28169.0,24665
24667,9192.0,28171.0,24666
24668,9192.0,27224.0,24667
24669,9192.0,27181.0,24668
24670,9192.0,27029.0,24669
24671,9192.0,27250.0,24670
24672,9192.0,27709.0,24671
24673,9192.0,28040.0,24672
24674,9192.0,28710.0,24673
24675,9192.0,28364.0,24674
24676,9192.0,28360.0,24675
24677,9192.0,27913.0,24676
24678,9192.0,27888.0,24677
24679,9192.0,27743.0,24678
24680,9192.0,28308.0,24679
24681,9192.0,28198.0,24680
24682,9192.0,28066.0,24681
24683,9192.0,28132.0,24682
24684,9192.0,27992.0,24683
24685,9192.0,27992.0,24684
24686,9192.0,28115.0,24685
24687,9192.0,27931.0,24686
24688,9192.0,27720.0,24687
24689,9192.0,27818.0,24688
24690,9192.0,27808.0,24689
24691,9192.0,28112.0,24690
24692,9192.0,28225.0,24691
24693,9192.0,28194.0,24692
24694,9192.0,28174.0,24693
24695,9192.0,28300.0,24694
24696,9192.0,26986.0,24695
24697,9192.0,26861.0,24696
24698,9192.0,26628.0,24697
24699,9192.0,26828.0,24698
24700,9192.0,26849.0,24699
24701,9192.0,26789.0,24700
24702,9192.0,27224.0,24701
24703,9192.0,27244.0,24702
24704,9192.0,27568.0,24703
24705,9192.0,27632.0,24704
24706,9192.0,26952.0,24705
24707,9192.0,26491.0,24706
24708,9192.0,26729.0,24707
24709,9192.0,26585.0,24708
24710,9192.0,26425.0,24709
24711,9192.0,26431.0,24710
24712,9192.0,26431.0,24711
24713,9192.0,26286.0,24712
24714,9192.0,27045.0,24713
24715,9192.0,27028.0,24714
24716,9192.0,26913.0,24715
24717,9192.0,26674.0,24716
24718,9192.0,27593.0,24717
24719,9192.0,27423.0,24718
24720,9192.0,27490.0,24719
24721,9192.0,27515.0,24720
24722,9192.0,27667.0,24721
24723,9192.0,28015.0,24722
24724,9192.0,29079.0,24723
24725,9192.0,28347.0,24724
24726,9192.0,27174.0,24725
24727,9192.0,27777.0,24726
24728,9192.0,28367.0,24727
24729,9192.0,28692.0,24728
24730,9192.0,28585.0,24729
24731,9192.0,28744.0,24730
24732,9192.0,28093.0,24731
24733,9192.0,27889.0,24732
24734,9192.0,27899.0,24733
24735,9192.0,28216.0,24734
24736,9192.0,27781.0,24735
24737,9192.0,27845.0,24736
24738,9192.0,28392.0,24737
24739,9192.0,28423.0,24738
24740,9192.0,29400.0,24739
24741,9192.0,29557.0,24740
24742,9192.0,29897.0,24741
24743,9192.0,30419.0,24742
24744,9192.0,30315.0,24743
24745,9192.0,29855.0,24744
24746,9192.0,29717.0,24745
24747,9192.0,29851.0,24746
24748,9192.0,29026.0,24747
24749,9192.0,29518.0,24748
24750,9192.0,29602.0,24749
24751,9192.0,29848.0,24750
24752,9192.0,29434.0,24751
24753,9192.0,29194.0,24752
24754,9192.0,28116.0,24753
24755,9192.0,28465.0,24754
24756,9192.0,28837.0,24755
24757,9192.0,28789.0,24756
24758,9192.0,28918.0,24757
24759,9192.0,28806.0,24758
24760,9192.0,28879.0,24759
24761,9192.0,28517.0,24760
24762,9192.0,28372.0,24761
24763,9192.0,28643.0,24762
24764,9192.0,28697.0,24763
24765,9192.0,28599.0,24764
24766,9192.0,28590.0,24765
24767,9192.0,28423.0,24766
24768,9192.0,28445.0,24767
24769,9192.0,28445.0,24768
24770,9192.0,28498.0,24769
24771,9192.0,28091.0,24770
24772,9192.0,28036.0,24771
24773,9192.0,27019.0,24772
24774,9192.0,26507.0,24773
24775,9192.0,26590.0,24774
24776,9192.0,26564.0,24775
24777,9192.0,27686.0,24776
24778,9192.0,27697.0,24777
24779,9192.0,27580.0,24778
24780,9192.0,27817.0,24779
24781,9192.0,27007.0,24780
24782,9192.0,26942.0,24781
24783,9192.0,26681.0,24782
24784,9192.0,26667.0,24783
24785,9192.0,28307.0,24784
24786,9192.0,28111.0,24785
24787,9192.0,28095.0,24786
24788,9192.0,28095.0,24787
24789,9192.0,28078.0,24788
24790,9192.0,28064.0,24789
24791,9192.0,26960.0,24790
24792,9192.0,27025.0,24791
24793,9192.0,26799.0,24792
24794,9192.0,26994.0,24793
24795,9192.0,26994.0,24794
24796,9192.0,27226.0,24795
24797,9192.0,27559.0,24796
24798,9192.0,28023.0,24797
24799,9192.0,28206.0,24798
24800,9192.0,28437.0,24799
24801,9192.0,29307.0,24800
24802,9192.0,28696.0,24801
24803,9192.0,29659.0,24802
24804,9192.0,29157.0,24803
24805,9192.0,29273.0,24804
24806,9192.0,30027.0,24805
24807,9192.0,29915.0,24806
24808,9192.0,30187.0,24807
24809,9192.0,29459.0,24808
24810,9192.0,30307.0,24809
24811,9192.0,30195.0,24810
24812,9192.0,30195.0,24811
24813,9192.0,29352.0,24812
24814,9192.0,29338.0,24813
24815,9192.0,29113.0,24814
24816,9192.0,29108.0,24815
24817,9192.0,29179.0,24816
24818,9192.0,28327.0,24817
24819,9192.0,28767.0,24818
24820,9192.0,27758.0,24819
24821,9192.0,27561.0,24820
24822,9192.0,28611.0,24821
24823,9192.0,28434.0,24822
24824,9192.0,27605.0,24823
24825,9192.0,27997.0,24824
24826,9192.0,27997.0,24825
24827,9192.0,28008.0,24826
24828,9192.0,28328.0,24827
24829,9192.0,28190.0,24828
24830,9192.0,27753.0,24829
24831,9192.0,27799.0,24830
24832,9192.0,28962.0,24831
24833,9192.0,27314.0,24832
24834,9192.0,27106.0,24833
24835,9192.0,27343.0,24834
24836,9192.0,28336.0,24835
24837,9192.0,28682.0,24836
24838,9192.0,28514.0,24837
24839,9192.0,29702.0,24838
24840,9192.0,28303.0,24839
24841,9192.0,28720.0,24840
24842,9192.0,28824.0,24841
24843,9192.0,28880.0,24842
24844,9192.0,28920.0,24843
24845,9192.0,28401.0,24844
24846,9192.0,30238.0,24845
24847,9192.0,30202.0,24846
24848,9192.0,29527.0,24847
24849,9192.0,30253.0,24848
24850,9192.0,30226.0,24849
24851,9192.0,29933.0,24850
24852,9192.0,29933.0,24851
24853,9192.0,29523.0,24852
24854,9192.0,29454.0,24853
24855,9192.0,29560.0,24854
24856,9192.0,29560.0,24855
24857,9192.0,29379.0,24856
24858,9192.0,29379.0,24857
24859,9192.0,29343.0,24858
24860,9192.0,28722.0,24859
24861,9192.0,28649.0,24860
24862,9192.0,28255.0,24861
24863,9192.0,27857.0,24862
24864,9192.0,27235.0,24863
24865,9192.0,27326.0,24864
24866,9192.0,27083.0,24865
24867,9192.0,26979.0,24866
24868,9192.0,27875.0,24867
24869,9192.0,27494.0,24868
24870,9192.0,28106.0,24869
24871,9192.0,28797.0,24870
24872,9192.0,27748.0,24871
24873,9192.0,27764.0,24872
24874,9192.0,27707.0,24873
24875,9192.0,27972.0,24874
24876,9192.0,28193.0,24875
24877,9192.0,27888.0,24876
24878,9192.0,27720.0,24877
24879,9192.0,28252.0,24878
24880,9192.0,28797.0,24879
24881,9192.0,29481.0,24880
24882,9192.0,29708.0,24881
24883,9192.0,29504.0,24882
24884,9192.0,29128.0,24883
24885,9192.0,29127.0,24884
24886,9192.0,29127.0,24885
24887,9192.0,29449.0,24886
24888,9192.0,29463.0,24887
24889,9192.0,29077.0,24888
24890,9192.0,27999.0,24889
24891,9192.0,27852.0,24890
24892,9192.0,28018.0,24891
24893,9192.0,28235.0,24892
24894,9192.0,29492.0,24893
24895,9192.0,29445.0,24894
24896,9192.0,28886.0,24895
24897,9192.0,28842.0,24896
24898,9192.0,28725.0,24897
24899,9192.0,28776.0,24898
24900,9192.0,28776.0,24899
24901,9192.0,29018.0,24900
24902,9192.0,29077.0,24901
24903,9192.0,29107.0,24902
24904,9192.0,28861.0,24903
24905,9192.0,29032.0,24904
24906,9192.0,29347.0,24905
24907,9192.0,29305.0,24906
24908,9192.0,29664.0,24907
24909,9192.0,29681.0,24908
24910,9192.0,29112.0,24909
24911,9192.0,28399.0,24910
24912,9192.0,28445.0,24911
24913,9192.0,28566.0,24912
24914,9192.0,28249.0,24913
24915,9192.0,28418.0,24914
24916,9192.0,28938.0,24915
24917,9192.0,28938.0,24916
24918,9192.0,30071.0,24917
24919,9192.0,29791.0,24918
24920,9192.0,30045.0,24919
24921,9192.0,30048.0,24920
24922,9192.0,29883.0,24921
24923,9192.0,29755.0,24922
24924,9192.0,29558.0,24923
24925,9192.0,29534.0,24924
24926,9192.0,29534.0,24925
24927,9192.0,30281.0,24926
24928,9192.0,30194.0,24927
24929,9192.0,30241.0,24928
24930,9192.0,30484.0,24929
24931,9192.0,30496.0,24930
24932,9192.0,30741.0,24931
24933,9192.0,30144.0,24932
24934,9192.0,30126.0,24933
24935,9192.0,30362.0,24934
24936,9192.0,30708.0,24935
24937,9192.0,30088.0,24936
24938,9192.0,30009.0,24937
24939,9192.0,30097.0,24938
24940,9192.0,29097.0,24939
24941,9192.0,29084.0,24940
24942,9192.0,29240.0,24941
24943,9192.0,28643.0,24942
24944,9192.0,28955.0,24943
24945,9192.0,29118.0,24944
24946,9192.0,29118.0,24945
24947,9192.0,28830.0,24946
24948,9192.0,28631.0,24947
24949,9192.0,29279.0,24948
24950,9192.0,29187.0,24949
24951,9192.0,28925.0,24950
24952,9192.0,28821.0,24951
24953,9192.0,28158.0,24952
24954,9192.0,28497.0,24953
24955,9192.0,28505.0,24954
24956,9192.0,29021.0,24955
24957,9192.0,29239.0,24956
24958,9192.0,29243.0,24957
24959,9192.0,29311.0,24958
24960,9192.0,29275.0,24959
24961,9192.0,29275.0,24960
24962,9192.0,28487.0,24961
24963,9192.0,28431.0,24962
24964,9192.0,28520.0,24963
24965,9192.0,29293.0,24964
24966,9192.0,28921.0,24965
24967,9192.0,28797.0,24966
24968,9192.0,28118.0,24967
24969,9192.0,27998.0,24968
24970,9192.0,28103.0,24969
24971,9192.0,28103.0,24970
24972,9192.0,28107.0,24971
24973,9192.0,28251.0,24972
24974,9192.0,28363.0,24973
24975,9192.0,28407.0,24974
24976,9192.0,28327.0,24975
24977,9192.0,28327.0,24976
24978,9192.0,27812.0,24977
24979,9192.0,27676.0,24978
24980,9192.0,28095.0,24979
24981,9192.0,28095.0,24980
24982,9192.0,28052.0,24981
24983,9192.0,28444.0,24982
24984,9192.0,28087.0,24983
24985,9192.0,28148.0,24984
24986,9192.0,28212.0,24985
24987,9192.0,28704.0,24986
24988,9192.0,28975.0,24987
24989,9192.0,28600.0,24988
24990,9192.0,29305.0,24989
24991,9192.0,28373.0,24990
24992,9192.0,28212.0,24991
24993,9192.0,26442.0,24992
24994,9192.0,26442.0,24993
24995,9192.0,26742.0,24994
24996,9192.0,26722.0,24995
24997,9192.0,27527.0,24996
24998,9192.0,27527.0,24997
24999,9192.0,27313.0,24998
25000,9192.0,27438.0,24999
25001,9192.0,28165.0,25000
25002,9192.0,29251.0,25001
25003,9192.0,29378.0,25002
25004,9192.0,29373.0,25003
25005,9192.0,29366.0,25004
25006,9192.0,28473.0,25005
25007,9192.0,28478.0,25006
25008,9192.0,28606.0,25007
25009,9192.0,28995.0,25008
25010,9192.0,28995.0,25009
25011,9192.0,29189.0,25010
25012,9192.0,28838.0,25011
25013,9192.0,28758.0,25012
25014,9192.0,28839.0,25013
25015,9192.0,27817.0,25014
25016,9192.0,28228.0,25015
25017,9192.0,28288.0,25016
25018,9192.0,28294.0,25017
25019,9192.0,27979.0,25018
25020,9192.0,27965.0,25019
25021,9192.0,27818.0,25020
25022,9192.0,27501.0,25021
25023,9192.0,27791.0,25022
25024,9192.0,28243.0,25023
25025,9192.0,28083.0,25024
25026,9192.0,28009.0,25025
25027,9192.0,27901.0,25026
25028,9192.0,27735.0,25027
25029,9192.0,27770.0,25028
25030,9192.0,27859.0,25029
25031,9192.0,27803.0,25030
25032,9192.0,27770.0,25031
25033,9192.0,27585.0,25032
25034,9192.0,27395.0,25033
25035,9192.0,27184.0,25034
25036,9192.0,26867.0,25035
25037,9192.0,28462.0,25036
25038,9192.0,28550.0,25037
25039,9192.0,28448.0,25038
25040,9192.0,28200.0,25039
25041,9192.0,26927.0,25040
25042,9192.0,27542.0,25041
25043,9192.0,28399.0,25042
25044,9192.0,27854.0,25043
25045,9192.0,27984.0,25044
25046,9192.0,28173.0,25045
25047,9192.0,28121.0,25046
25048,9192.0,27425.0,25047
25049,9192.0,27566.0,25048
25050,9192.0,27752.0,25049
25051,9192.0,28302.0,25050
25052,9192.0,28287.0,25051
25053,9192.0,28187.0,25052
25054,9192.0,28187.0,25053
25055,9192.0,28665.0,25054
25056,9192.0,28259.0,25055
25057,9192.0,27700.0,25056
25058,9192.0,27617.0,25057
25059,9192.0,27617.0,25058
25060,9192.0,27603.0,25059
25061,9192.0,27752.0,25060
25062,9192.0,28165.0,25061
25063,9192.0,27880.0,25062
25064,9192.0,27722.0,25063
25065,9192.0,27401.0,25064
25066,9192.0,27647.0,25065
25067,9192.0,27622.0,25066
25068,9192.0,27755.0,25067
25069,9192.0,27978.0,25068
25070,9192.0,27756.0,25069
25071,9192.0,27661.0,25070
25072,9192.0,27651.0,25071
25073,9192.0,26548.0,25072
25074,9192.0,26631.0,25073
25075,9192.0,27739.0,25074
25076,9192.0,28105.0,25075
25077,9192.0,28093.0,25076
25078,9192.0,28131.0,25077
25079,9192.0,28469.0,25078
25080,9192.0,28753.0,25079
25081,9192.0,28753.0,25080
25082,9192.0,28733.0,25081
25083,9192.0,28884.0,25082
25084,9192.0,29141.0,25083
25085,9192.0,29219.0,25084
25086,9192.0,29430.0,25085
25087,9192.0,30847.0,25086
25088,9192.0,30862.0,25087
25089,9192.0,30784.0,25088
25090,9192.0,30981.0,25089
25091,9192.0,30978.0,25090
25092,9192.0,31121.0,25091
25093,9192.0,30577.0,25092
25094,9192.0,30664.0,25093
25095,9192.0,31094.0,25094
25096,9192.0,31751.0,25095
25097,9192.0,31715.0,25096
25098,9192.0,31797.0,25097
25099,9192.0,31874.0,25098
25100,9192.0,31853.0,25099
25101,9192.0,31099.0,25100
25102,9192.0,30713.0,25101
25103,9192.0,30597.0,25102
25104,9192.0,30506.0,25103
25105,9192.0,30373.0,25104
25106,9192.0,30287.0,25105
25107,9192.0,30287.0,25106
25108,9192.0,30281.0,25107
25109,9192.0,30173.0,25108
25110,9192.0,30173.0,25109
25111,9192.0,30387.0,25110
25112,9192.0,30245.0,25111
25113,9192.0,30112.0,25112
25114,9192.0,30183.0,25113
25115,9192.0,31020.0,25114
25116,9192.0,30104.0,25115
25117,9192.0,29848.0,25116
25118,9192.0,29848.0,25117
25119,9192.0,29951.0,25118
25120,9192.0,29951.0,25119
25121,9192.0,29608.0,25120
25122,9192.0,30209.0,25121
25123,9192.0,29653.0,25122
25124,9192.0,29533.0,25123
25125,9192.0,30186.0,25124
25126,9192.0,30186.0,25125
25127,9192.0,30028.0,25126
25128,9192.0,30143.0,25127
25129,9192.0,30331.0,25128
25130,9192.0,29892.0,25129
25131,9192.0,29873.0,25130
25132,9192.0,30006.0,25131
25133,9192.0,30011.0,25132
25134,9192.0,29266.0,25133
25135,9192.0,29726.0,25134
25136,9192.0,29452.0,25135
25137,9192.0,29422.0,25136
25138,9192.0,29750.0,25137
25139,9192.0,30362.0,25138
25140,9192.0,29995.0,25139
25141,9192.0,30362.0,25140
25142,9192.0,30501.0,25141
25143,9192.0,30491.0,25142
25144,9192.0,30694.0,25143
25145,9192.0,30700.0,25144
25146,9192.0,30667.0,25145
25147,9192.0,30283.0,25146
25148,9192.0,30565.0,25147
25149,9192.0,30023.0,25148
25150,9192.0,30291.0,25149
25151,9192.0,30451.0,25150
25152,9192.0,30370.0,25151
25153,9192.0,29004.0,25152
25154,9192.0,28996.0,25153
25155,9192.0,28996.0,25154
25156,9192.0,29062.0,25155
25157,9192.0,28816.0,25156
25158,9192.0,29160.0,25157
25159,9192.0,28916.0,25158
25160,9192.0,28369.0,25159
25161,9192.0,28208.0,25160
25162,9192.0,27956.0,25161
25163,9192.0,28421.0,25162
25164,9192.0,28404.0,25163
25165,9192.0,28535.0,25164
25166,9192.0,28535.0,25165
25167,9192.0,28595.0,25166
25168,9192.0,27903.0,25167
25169,9192.0,27752.0,25168
25170,9192.0,27486.0,25169
25171,9192.0,27519.0,25170
25172,9192.0,27194.0,25171
25173,9192.0,29449.0,25172
25174,9192.0,29967.0,25173
25175,9192.0,29289.0,25174
25176,9192.0,29299.0,25175
25177,9192.0,29299.0,25176
25178,9192.0,29905.0,25177
25179,9192.0,29905.0,25178
25180,9192.0,29985.0,25179
25181,9192.0,30150.0,25180
25182,9192.0,30190.0,25181
25183,9192.0,30190.0,25182
25184,9192.0,30102.0,25183
25185,9192.0,30269.0,25184
25186,9192.0,30249.0,25185
25187,9192.0,29963.0,25186
25188,9192.0,29953.0,25187
25189,9192.0,29953.0,25188
25190,9192.0,29537.0,25189
25191,9192.0,29627.0,25190
25192,9192.0,29579.0,25191
25193,9192.0,29014.0,25192
25194,9192.0,28882.0,25193
25195,9192.0,27836.0,25194
25196,9192.0,27925.0,25195
25197,9192.0,27541.0,25196
25198,9192.0,28018.0,25197
25199,9192.0,27246.0,25198
25200,9192.0,27246.0,25199
25201,9192.0,27246.0,25200
25202,9192.0,27489.0,25201
25203,9192.0,27236.0,25202
25204,9192.0,27210.0,25203
25205,9192.0,27414.0,25204
25206,9192.0,27349.0,25205
25207,9192.0,27444.0,25206
25208,9192.0,26980.0,25207
25209,9192.0,26979.0,25208
25210,9192.0,28249.0,25209
25211,9192.0,28149.0,25210
25212,9192.0,29291.0,25211
25213,9192.0,29753.0,25212
25214,9192.0,29753.0,25213
25215,9192.0,28836.0,25214
25216,9192.0,29761.0,25215
25217,9192.0,29761.0,25216
25218,9192.0,30082.0,25217
25219,9192.0,29792.0,25218
25220,9192.0,28684.0,25219
25221,9192.0,29117.0,25220
25222,9192.0,28851.0,25221
25223,9192.0,28851.0,25222
25224,9192.0,28772.0,25223
25225,9192.0,28166.0,25224
25226,9192.0,28129.0,25225
25227,9192.0,28132.0,25226
25228,9192.0,28251.0,25227
25229,9192.0,27995.0,25228
25230,9192.0,27995.0,25229
25231,9192.0,28209.0,25230
25232,9192.0,28209.0,25231
25233,9192.0,28369.0,25232
25234,9192.0,28193.0,25233
25235,9192.0,27864.0,25234
25236,9192.0,28208.0,25235
25237,9192.0,28208.0,25236
25238,9192.0,28208.0,25237
25239,9192.0,28168.0,25238
25240,9192.0,28115.0,25239
25241,9192.0,27449.0,25240
25242,9192.0,27602.0,25241
25243,9192.0,27064.0,25242
25244,9192.0,26620.0,25243
25245,9192.0,26954.0,25244
25246,9192.0,26945.0,25245
25247,9192.0,27210.0,25246
25248,9192.0,27558.0,25247
25249,9192.0,28540.0,25248
25250,9192.0,28540.0,25249
25251,9192.0,29162.0,25250
25252,9192.0,29667.0,25251
25253,9192.0,29943.0,25252
25254,9192.0,30582.0,25253
25255,9192.0,30946.0,25254
25256,9192.0,30686.0,25255
25257,9192.0,30942.0,25256
25258,9192.0,30213.0,25257
25259,9192.0,30083.0,25258
25260,9192.0,30130.0,25259
25261,9192.0,30039.0,25260
25262,9192.0,30039.0,25261
25263,9192.0,29770.0,25262
25264,9192.0,29664.0,25263
25265,9192.0,29658.0,25264
25266,9192.0,29583.0,25265
25267,9192.0,30423.0,25266
25268,9192.0,29853.0,25267
25269,9192.0,29745.0,25268
25270,9192.0,29745.0,25269
25271,9192.0,29518.0,25270
25272,9192.0,29395.0,25271
25273,9192.0,29122.0,25272
25274,9192.0,29122.0,25273
25275,9192.0,29119.0,25274
25276,9192.0,29003.0,25275
25277,9192.0,29112.0,25276
25278,9192.0,29148.0,25277
25279,9192.0,29745.0,25278
25280,9192.0,28783.0,25279
25281,9192.0,29021.0,25280
25282,9192.0,28967.0,25281
25283,9192.0,28917.0,25282
25284,9192.0,28943.0,25283
25285,9192.0,29123.0,25284
25286,9192.0,29287.0,25285
25287,9192.0,29731.0,25286
25288,9192.0,29827.0,25287
25289,9192.0,29829.0,25288
25290,9192.0,29021.0,25289
25291,9192.0,28890.0,25290
25292,9192.0,30121.0,25291
25293,9192.0,30409.0,25292
25294,9192.0,30458.0,25293
25295,9192.0,30852.0,25294
25296,9192.0,30061.0,25295
25297,9192.0,30359.0,25296
25298,9192.0,29979.0,25297
25299,9192.0,29973.0,25298
25300,9192.0,29837.0,25299
25301,9192.0,29863.0,25300
25302,9192.0,29519.0,25301
25303,9192.0,30361.0,25302
25304,9192.0,30398.0,25303
25305,9192.0,30563.0,25304
25306,9192.0,30428.0,25305
25307,9192.0,30737.0,25306
25308,9192.0,30737.0,25307
25309,9192.0,30566.0,25308
25310,9192.0,30095.0,25309
25311,9192.0,30083.0,25310
25312,9192.0,30478.0,25311
25313,9192.0,30627.0,25312
25314,9192.0,30668.0,25313
25315,9192.0,30022.0,25314
25316,9192.0,30185.0,25315
25317,9192.0,29659.0,25316
25318,9192.0,29373.0,25317
25319,9192.0,29544.0,25318
25320,9192.0,29486.0,25319
25321,9192.0,28910.0,25320
25322,9192.0,28910.0,25321
25323,9192.0,29388.0,25322
25324,9192.0,29391.0,25323
25325,9192.0,29293.0,25324
25326,9192.0,29000.0,25325
25327,9192.0,28166.0,25326
25328,9192.0,27943.0,25327
25329,9192.0,26587.0,25328
25330,9192.0,26761.0,25329
25331,9192.0,26811.0,25330
25332,9192.0,26135.0,25331
25333,9192.0,26511.0,25332
25334,9192.0,26786.0,25333
25335,9192.0,26782.0,25334
25336,9192.0,26764.0,25335
25337,9192.0,27834.0,25336
25338,9192.0,27847.0,25337
25339,9192.0,27971.0,25338
25340,9192.0,27748.0,25339
25341,9192.0,27680.0,25340
25342,9192.0,27694.0,25341
25343,9192.0,28829.0,25342
25344,9192.0,28951.0,25343
25345,9192.0,29061.0,25344
25346,9192.0,29149.0,25345
25347,9192.0,30159.0,25346
25348,9192.0,30447.0,25347
25349,9192.0,30365.0,25348
25350,9192.0,30514.0,25349
25351,9192.0,29659.0,25350
25352,9192.0,30313.0,25351
25353,9192.0,30313.0,25352
25354,9192.0,30851.0,25353
25355,9192.0,30476.0,25354
25356,9192.0,30501.0,25355
25357,9192.0,30154.0,25356
25358,9192.0,30154.0,25357
25359,9192.0,29949.0,25358
25360,9192.0,30272.0,25359
25361,9192.0,29554.0,25360
25362,9192.0,29554.0,25361
25363,9192.0,29472.0,25362
25364,9192.0,29791.0,25363
25365,9192.0,29537.0,25364
25366,9192.0,29369.0,25365
25367,9192.0,29306.0,25366
25368,9192.0,29622.0,25367
25369,9192.0,29017.0,25368
25370,9192.0,27909.0,25369
25371,9192.0,27726.0,25370
25372,9192.0,26832.0,25371
25373,9192.0,26832.0,25372
25374,9192.0,26783.0,25373
25375,9192.0,26674.0,25374
25376,9192.0,26772.0,25375
25377,9192.0,27288.0,25376
25378,9192.0,27346.0,25377
25379,9192.0,27346.0,25378
25380,9192.0,27985.0,25379
25381,9192.0,27985.0,25380
25382,9192.0,27653.0,25381
25383,9192.0,27661.0,25382
25384,9192.0,27623.0,25383
25385,9192.0,27912.0,25384
25386,9192.0,27779.0,25385
25387,9192.0,28121.0,25386
25388,9192.0,27598.0,25387
25389,9192.0,27187.0,25388
25390,9192.0,28105.0,25389
25391,9192.0,28182.0,25390
25392,9192.0,28253.0,25391
25393,9192.0,27615.0,25392
25394,9192.0,26941.0,25393
25395,9192.0,27495.0,25394
25396,9192.0,28336.0,25395
25397,9192.0,29110.0,25396
25398,9192.0,29126.0,25397
25399,9192.0,29130.0,25398
25400,9192.0,29186.0,25399
25401,9192.0,29010.0,25400
25402,9192.0,28826.0,25401
25403,9192.0,28826.0,25402
25404,9192.0,28826.0,25403
25405,9192.0,28851.0,25404
25406,9192.0,28931.0,25405
25407,9192.0,28842.0,25406
25408,9192.0,29064.0,25407
25409,9192.0,29406.0,25408
25410,9192.0,29406.0,25409
25411,9192.0,29514.0,25410
25412,9192.0,28884.0,25411
25413,9192.0,28865.0,25412
25414,9192.0,28856.0,25413
25415,9192.0,28464.0,25414
25416,9192.0,28750.0,25415
25417,9192.0,28537.0,25416
25418,9192.0,28025.0,25417
25419,9192.0,28063.0,25418
25420,9192.0,27403.0,25419
25421,9192.0,28442.0,25420
25422,9192.0,28226.0,25421
25423,9192.0,29152.0,25422
25424,9192.0,29392.0,25423
25425,9192.0,29157.0,25424
25426,9192.0,29394.0,25425
25427,9192.0,29669.0,25426
25428,9192.0,30113.0,25427
25429,9192.0,29574.0,25428
25430,9192.0,30742.0,25429
25431,9192.0,30418.0,25430
25432,9192.0,30614.0,25431
25433,9192.0,30487.0,25432
25434,9192.0,30481.0,25433
25435,9192.0,30553.0,25434
25436,9192.0,30501.0,25435
25437,9192.0,30717.0,25436
25438,9192.0,30955.0,25437
25439,9192.0,30528.0,25438
25440,9192.0,30255.0,25439
25441,9192.0,29717.0,25440
25442,9192.0,29726.0,25441
25443,9192.0,28857.0,25442
25444,9192.0,28398.0,25443
25445,9192.0,28398.0,25444
25446,9192.0,27234.0,25445
25447,9192.0,27007.0,25446
25448,9192.0,27472.0,25447
25449,9192.0,27187.0,25448
25450,9192.0,27551.0,25449
25451,9192.0,27546.0,25450
25452,9192.0,27546.0,25451
25453,9192.0,27590.0,25452
25454,9192.0,27494.0,25453
25455,9192.0,27463.0,25454
25456,9192.0,27501.0,25455
25457,9192.0,28193.0,25456
25458,9192.0,28708.0,25457
25459,9192.0,28708.0,25458
25460,9192.0,27199.0,25459
25461,9192.0,27199.0,25460
25462,9192.0,26834.0,25461
25463,9192.0,26924.0,25462
25464,9192.0,26924.0,25463
25465,9192.0,28149.0,25464
25466,9192.0,28229.0,25465
25467,9192.0,28065.0,25466
25468,9192.0,27960.0,25467
25469,9192.0,27960.0,25468
25470,9192.0,27986.0,25469
25471,9192.0,27478.0,25470
25472,9192.0,27451.0,25471
25473,9192.0,26407.0,25472
25474,9192.0,26436.0,25473
25475,9192.0,26436.0,25474
25476,9192.0,26411.0,25475
25477,9192.0,26411.0,25476
25478,9192.0,26759.0,25477
25479,9192.0,26759.0,25478
25480,9192.0,26759.0,25479
25481,9192.0,26405.0,25480
25482,9192.0,27606.0,25481
25483,9192.0,27681.0,25482
25484,9192.0,27433.0,25483
25485,9192.0,27437.0,25484
25486,9192.0,27405.0,25485
25487,9192.0,27136.0,25486
25488,9192.0,27554.0,25487
25489,9192.0,27408.0,25488
25490,9192.0,27421.0,25489
25491,9192.0,26727.0,25490
25492,9192.0,26756.0,25491
25493,9192.0,26736.0,25492
25494,9192.0,27821.0,25493
25495,9192.0,27792.0,25494
25496,9192.0,27794.0,25495
25497,9192.0,28682.0,25496
25498,9192.0,28591.0,25497
25499,9192.0,28914.0,25498
25500,9192.0,29077.0,25499
25501,9192.0,29076.0,25500
25502,9192.0,29576.0,25501
25503,9192.0,30153.0,25502
25504,9192.0,29836.0,25503
25505,9192.0,29979.0,25504
25506,9192.0,30108.0,25505
25507,9192.0,29947.0,25506
25508,9192.0,29991.0,25507
25509,9192.0,29880.0,25508
25510,9192.0,30314.0,25509
25511,9192.0,31293.0,25510
25512,9192.0,31324.0,25511
25513,9192.0,30434.0,25512
25514,9192.0,30119.0,25513
25515,9192.0,30119.0,25514
25516,9192.0,29650.0,25515
25517,9192.0,29411.0,25516
25518,9192.0,29904.0,25517
25519,9192.0,29864.0,25518
25520,9192.0,30400.0,25519
25521,9192.0,30400.0,25520
25522,9192.0,30008.0,25521
25523,9192.0,29045.0,25522
25524,9192.0,28739.0,25523
25525,9192.0,28436.0,25524
25526,9192.0,28472.0,25525
25527,9192.0,28954.0,25526
25528,9192.0,28633.0,25527
25529,9192.0,28633.0,25528
25530,9192.0,28948.0,25529
25531,9192.0,29143.0,25530
25532,9192.0,28412.0,25531
25533,9192.0,28423.0,25532
25534,9192.0,28462.0,25533
25535,9192.0,28532.0,25534
25536,9192.0,28797.0,25535
25537,9192.0,28239.0,25536
25538,9192.0,27987.0,25537
25539,9192.0,28269.0,25538
25540,9192.0,28147.0,25539
25541,9192.0,29021.0,25540
25542,9192.0,29030.0,25541
25543,9192.0,28452.0,25542
25544,9192.0,28047.0,25543
25545,9192.0,28047.0,25544
25546,9192.0,28690.0,25545
25547,9192.0,28631.0,25546
25548,9192.0,28590.0,25547
25549,9192.0,28905.0,25548
25550,9192.0,29074.0,25549
25551,9192.0,29074.0,25550
25552,9192.0,29520.0,25551
25553,9192.0,29520.0,25552
25554,9192.0,29263.0,25553
25555,9192.0,29065.0,25554
25556,9192.0,28838.0,25555
25557,9192.0,28584.0,25556
25558,9192.0,29059.0,25557
25559,9192.0,29041.0,25558
25560,9192.0,29024.0,25559
25561,9192.0,29267.0,25560
25562,9192.0,28990.0,25561
25563,9192.0,28744.0,25562
25564,9192.0,28998.0,25563
25565,9192.0,29004.0,25564
25566,9192.0,29003.0,25565
25567,9192.0,28805.0,25566
25568,9192.0,28005.0,25567
25569,9192.0,27938.0,25568
25570,9192.0,27800.0,25569
25571,9192.0,27800.0,25570
25572,9192.0,28219.0,25571
25573,9192.0,27903.0,25572
25574,9192.0,28578.0,25573
25575,9192.0,28449.0,25574
25576,9192.0,28421.0,25575
25577,9192.0,28792.0,25576
25578,9192.0,29538.0,25577
25579,9192.0,29361.0,25578
25580,9192.0,28807.0,25579
25581,9192.0,28807.0,25580
25582,9192.0,28957.0,25581
25583,9192.0,29067.0,25582
25584,9192.0,29371.0,25583
25585,9192.0,29323.0,25584
25586,9192.0,29323.0,25585
25587,9192.0,29323.0,25586
25588,9192.0,30256.0,25587
25589,9192.0,29436.0,25588
25590,9192.0,29396.0,25589
25591,9192.0,29521.0,25590
25592,9192.0,29331.0,25591
25593,9192.0,29416.0,25592
25594,9192.0,29416.0,25593
25595,9192.0,29768.0,25594
25596,9192.0,29714.0,25595
25597,9192.0,29474.0,25596
25598,9192.0,27361.0,25597
25599,9192.0,27335.0,25598
25600,9192.0,27177.0,25599
25601,9192.0,26592.0,25600
25602,9192.0,27909.0,25601
25603,9192.0,27827.0,25602
25604,9192.0,27767.0,25603
25605,9192.0,27982.0,25604
25606,9192.0,27720.0,25605
25607,9192.0,27555.0,25606
25608,9192.0,27363.0,25607
25609,9192.0,27241.0,25608
25610,9192.0,26545.0,25609
25611,9192.0,26731.0,25610
25612,9192.0,27426.0,25611
25613,9192.0,27786.0,25612
25614,9192.0,27828.0,25613
25615,9192.0,27683.0,25614
25616,9192.0,27501.0,25615
25617,9192.0,28053.0,25616
25618,9192.0,28162.0,25617
25619,9192.0,28657.0,25618
25620,9192.0,28703.0,25619
25621,9192.0,28766.0,25620
25622,9192.0,28620.0,25621
25623,9192.0,28372.0,25622
25624,9192.0,28375.0,25623
25625,9192.0,28320.0,25624
25626,9192.0,26350.0,25625
25627,9192.0,26361.0,25626
25628,9192.0,26908.0,25627
25629,9192.0,27225.0,25628
25630,9192.0,26849.0,25629
25631,9192.0,27072.0,25630
25632,9192.0,27566.0,25631
25633,9192.0,27400.0,25632
25634,9192.0,28069.0,25633
25635,9192.0,28240.0,25634
25636,9192.0,28024.0,25635
25637,9192.0,28347.0,25636
25638,9192.0,28659.0,25637
25639,9192.0,28464.0,25638
25640,9192.0,28789.0,25639
25641,9192.0,28751.0,25640
25642,9192.0,28751.0,25641
25643,9192.0,28562.0,25642
25644,9192.0,28616.0,25643
25645,9192.0,27538.0,25644
25646,9192.0,27578.0,25645
25647,9192.0,27893.0,25646
25648,9192.0,26985.0,25647
25649,9192.0,26608.0,25648
25650,9192.0,26622.0,25649
25651,9192.0,26718.0,25650
25652,9192.0,26600.0,25651
25653,9192.0,26725.0,25652
25654,9192.0,26364.0,25653
25655,9192.0,25243.0,25654
25656,9192.0,25084.0,25655
25657,9192.0,25000.0,25656
25658,9192.0,25289.0,25657
25659,9192.0,26670.0,25658
25660,9192.0,26735.0,25659
25661,9192.0,27000.0,25660
25662,9192.0,26871.0,25661
25663,9192.0,26858.0,25662
25664,9192.0,26672.0,25663
25665,9192.0,26228.0,25664
25666,9192.0,26263.0,25665
25667,9192.0,27038.0,25666
25668,9192.0,27078.0,25667
25669,9192.0,27318.0,25668
25670,9192.0,27398.0,25669
25671,9192.0,27272.0,25670
25672,9192.0,26921.0,25671
25673,9192.0,27118.0,25672
25674,9192.0,26661.0,25673
25675,9192.0,26617.0,25674
25676,9192.0,28176.0,25675
25677,9192.0,28131.0,25676
25678,9192.0,28449.0,25677
25679,9192.0,28161.0,25678
25680,9192.0,28350.0,25679
25681,9192.0,28350.0,25680
25682,9192.0,28451.0,25681
25683,9192.0,28447.0,25682
25684,9192.0,28387.0,25683
25685,9192.0,28381.0,25684
25686,9192.0,28381.0,25685
25687,9192.0,28398.0,25686
25688,9192.0,28480.0,25687
25689,9192.0,28532.0,25688
25690,9192.0,27936.0,25689
25691,9192.0,27936.0,25690
25692,9192.0,28377.0,25691
25693,9192.0,28418.0,25692
25694,9192.0,28455.0,25693
25695,9192.0,28908.0,25694
25696,9192.0,28656.0,25695
25697,9192.0,28159.0,25696
25698,9192.0,28092.0,25697
25699,9192.0,26750.0,25698
25700,9192.0,26750.0,25699
25701,9192.0,26981.0,25700
25702,9192.0,27146.0,25701
25703,9192.0,26849.0,25702
25704,9192.0,27076.0,25703
25705,9192.0,26900.0,25704
25706,9192.0,26482.0,25705
25707,9192.0,26482.0,25706
25708,9192.0,26244.0,25707
25709,9192.0,26844.0,25708
25710,9192.0,26811.0,25709
25711,9192.0,27054.0,25710
25712,9192.0,27079.0,25711
25713,9192.0,28452.0,25712
25714,9192.0,28336.0,25713
25715,9192.0,27477.0,25714
25716,9192.0,28020.0,25715
25717,9192.0,27991.0,25716
25718,9192.0,27991.0,25717
25719,9192.0,27991.0,25718
25720,9192.0,27991.0,25719
25721,9192.0,28024.0,25720
25722,9192.0,28017.0,25721
25723,9192.0,28365.0,25722
25724,9192.0,27939.0,25723
25725,9192.0,27939.0,25724
25726,9192.0,27059.0,25725
25727,9192.0,27247.0,25726
25728,9192.0,27696.0,25727
25729,9192.0,28995.0,25728
25730,9192.0,28731.0,25729
25731,9192.0,29348.0,25730
25732,9192.0,29736.0,25731
25733,9192.0,29252.0,25732
25734,9192.0,28969.0,25733
25735,9192.0,28694.0,25734
25736,9192.0,28703.0,25735
25737,9192.0,28336.0,25736
25738,9192.0,28626.0,25737
25739,9192.0,28786.0,25738
25740,9192.0,28150.0,25739
25741,9192.0,27832.0,25740
25742,9192.0,28180.0,25741
25743,9192.0,28175.0,25742
25744,9192.0,28431.0,25743
25745,9192.0,28611.0,25744
25746,9192.0,28935.0,25745
25747,9192.0,28706.0,25746
25748,9192.0,28881.0,25747
25749,9192.0,28668.0,25748
25750,9192.0,27856.0,25749
25751,9192.0,27948.0,25750
25752,9192.0,28043.0,25751
25753,9192.0,28399.0,25752
25754,9192.0,28536.0,25753
25755,9192.0,28651.0,25754
25756,9192.0,28377.0,25755
25757,9192.0,28611.0,25756
25758,9192.0,28631.0,25757
25759,9192.0,28420.0,25758
25760,9192.0,28644.0,25759
25761,9192.0,28942.0,25760
25762,9192.0,28898.0,25761
25763,9192.0,28906.0,25762
25764,9192.0,29480.0,25763
25765,9192.0,29395.0,25764
25766,9192.0,29591.0,25765
25767,9192.0,30338.0,25766
25768,9192.0,30117.0,25767
25769,9192.0,29665.0,25768
25770,9192.0,30378.0,25769
25771,9192.0,30492.0,25770
25772,9192.0,30481.0,25771
25773,9192.0,30454.0,25772
25774,9192.0,30533.0,25773
25775,9192.0,30759.0,25774
25776,9192.0,30685.0,25775
25777,9192.0,30981.0,25776
25778,9192.0,29658.0,25777
25779,9192.0,29726.0,25778
25780,9192.0,29734.0,25779
25781,9192.0,29202.0,25780
25782,9192.0,29374.0,25781
25783,9192.0,30093.0,25782
25784,9192.0,30422.0,25783
25785,9192.0,30518.0,25784
25786,9192.0,30738.0,25785
25787,9192.0,30762.0,25786
25788,9192.0,30668.0,25787
25789,9192.0,30685.0,25788
25790,9192.0,30685.0,25789
25791,9192.0,30818.0,25790
25792,9192.0,30579.0,25791
25793,9192.0,30835.0,25792
25794,9192.0,30372.0,25793
25795,9192.0,30425.0,25794
25796,9192.0,30419.0,25795
25797,9192.0,30577.0,25796
25798,9192.0,30344.0,25797
25799,9192.0,30841.0,25798
25800,9192.0,30837.0,25799
25801,9192.0,29984.0,25800
25802,9192.0,29826.0,25801
25803,9192.0,29913.0,25802
25804,9192.0,29755.0,25803
25805,9192.0,30888.0,25804
25806,9192.0,30003.0,25805
25807,9192.0,30025.0,25806
25808,9192.0,30603.0,25807
25809,9192.0,30167.0,25808
25810,9192.0,29506.0,25809
25811,9192.0,29190.0,25810
25812,9192.0,29161.0,25811
25813,9192.0,29161.0,25812
25814,9192.0,29097.0,25813
25815,9192.0,28930.0,25814
25816,9192.0,28930.0,25815
25817,9192.0,28690.0,25816
25818,9192.0,28669.0,25817
25819,9192.0,29074.0,25818
25820,9192.0,29390.0,25819
25821,9192.0,29428.0,25820
25822,9192.0,29527.0,25821
25823,9192.0,29895.0,25822
25824,9192.0,29785.0,25823
25825,9192.0,29506.0,25824
25826,9192.0,29497.0,25825
25827,9192.0,29463.0,25826
25828,9192.0,30228.0,25827
25829,9192.0,30249.0,25828
25830,9192.0,31215.0,25829
25831,9192.0,31429.0,25830
25832,9192.0,31324.0,25831
25833,9192.0,31460.0,25832
25834,9192.0,31428.0,25833
25835,9192.0,31195.0,25834
25836,9192.0,30008.0,25835
25837,9192.0,29931.0,25836
25838,9192.0,30114.0,25837
25839,9192.0,30217.0,25838
25840,9192.0,29863.0,25839
25841,9192.0,29935.0,25840
25842,9192.0,29922.0,25841
25843,9192.0,30868.0,25842
25844,9192.0,30840.0,25843
25845,9192.0,31002.0,25844
25846,9192.0,31012.0,25845
25847,9192.0,31119.0,25846
25848,9192.0,31406.0,25847
25849,9192.0,31886.0,25848
25850,9192.0,32164.0,25849
25851,9192.0,32153.0,25850
25852,9192.0,32100.0,25851
25853,9192.0,32135.0,25852
25854,9192.0,32083.0,25853
25855,9192.0,32086.0,25854
25856,9192.0,32040.0,25855
25857,9192.0,32226.0,25856
25858,9192.0,31820.0,25857
25859,9192.0,31985.0,25858
25860,9192.0,31778.0,25859
25861,9192.0,30583.0,25860
25862,9192.0,30909.0,25861
25863,9192.0,31025.0,25862
25864,9192.0,30462.0,25863
25865,9192.0,30784.0,25864
25866,9192.0,30131.0,25865
25867,9192.0,30121.0,25866
25868,9192.0,29741.0,25867
25869,9192.0,29751.0,25868
25870,9192.0,29925.0,25869
25871,9192.0,29911.0,25870
25872,9192.0,29317.0,25871
25873,9192.0,28686.0,25872
25874,9192.0,28658.0,25873
25875,9192.0,29376.0,25874
25876,9192.0,29257.0,25875
25877,9192.0,29985.0,25876
25878,9192.0,29401.0,25877
25879,9192.0,29401.0,25878
25880,9192.0,29523.0,25879
25881,9192.0,29675.0,25880
25882,9192.0,29359.0,25881
25883,9192.0,29139.0,25882
25884,9192.0,28701.0,25883
25885,9192.0,28256.0,25884
25886,9192.0,28190.0,25885
25887,9192.0,28983.0,25886
25888,9192.0,29260.0,25887
25889,9192.0,27919.0,25888
25890,9192.0,27788.0,25889
25891,9192.0,28250.0,25890
25892,9192.0,28808.0,25891
25893,9192.0,28837.0,25892
25894,9192.0,28493.0,25893
25895,9192.0,28808.0,25894
25896,9192.0,28805.0,25895
25897,9192.0,28127.0,25896
25898,9192.0,28114.0,25897
25899,9192.0,28251.0,25898
25900,9192.0,28022.0,25899
25901,9192.0,28166.0,25900
25902,9192.0,27934.0,25901
25903,9192.0,27407.0,25902
25904,9192.0,28061.0,25903
25905,9192.0,29315.0,25904
25906,9192.0,28672.0,25905
25907,9192.0,28672.0,25906
25908,9192.0,28645.0,25907
25909,9192.0,30410.0,25908
25910,9192.0,30308.0,25909
25911,9192.0,30129.0,25910
25912,9192.0,30260.0,25911
25913,9192.0,30419.0,25912
25914,9192.0,30659.0,25913
25915,9192.0,31407.0,25914
25916,9192.0,31979.0,25915
25917,9192.0,32224.0,25916
25918,9192.0,32160.0,25917
25919,9192.0,31836.0,25918
25920,9192.0,32590.0,25919
25921,9192.0,32969.0,25920
25922,9192.0,33014.0,25921
25923,9192.0,32705.0,25922
25924,9192.0,32457.0,25923
25925,9192.0,32370.0,25924
25926,9192.0,32582.0,25925
25927,9192.0,32468.0,25926
25928,9192.0,32621.0,25927
25929,9192.0,32077.0,25928
25930,9192.0,31847.0,25929
25931,9192.0,31587.0,25930
25932,9192.0,31570.0,25931
25933,9192.0,31301.0,25932
25934,9192.0,31385.0,25933
25935,9192.0,32126.0,25934
25936,9192.0,32049.0,25935
25937,9192.0,32301.0,25936
25938,9192.0,32304.0,25937
25939,9192.0,32805.0,25938
25940,9192.0,32850.0,25939
25941,9192.0,32823.0,25940
25942,9192.0,32851.0,25941
25943,9192.0,32707.0,25942
25944,9192.0,32651.0,25943
25945,9192.0,32390.0,25944
25946,9192.0,32436.0,25945
25947,9192.0,32381.0,25946
25948,9192.0,32326.0,25947
25949,9192.0,32017.0,25948
25950,9192.0,32171.0,25949
25951,9192.0,31914.0,25950
25952,9192.0,31670.0,25951
25953,9192.0,31895.0,25952
25954,9192.0,31895.0,25953
25955,9192.0,31935.0,25954
25956,9192.0,31999.0,25955
25957,9192.0,32075.0,25956
25958,9192.0,31967.0,25957
25959,9192.0,32027.0,25958
25960,9192.0,31979.0,25959
25961,9192.0,32051.0,25960
25962,9192.0,32796.0,25961
25963,9192.0,33456.0,25962
25964,9192.0,32795.0,25963
25965,9192.0,32233.0,25964
25966,9192.0,31806.0,25965
25967,9192.0,31602.0,25966
25968,9192.0,31094.0,25967
25969,9192.0,31089.0,25968
25970,9192.0,30826.0,25969
25971,9192.0,30279.0,25970
25972,9192.0,31599.0,25971
25973,9192.0,32647.0,25972
25974,9192.0,32852.0,25973
25975,9192.0,33222.0,25974
25976,9192.0,33268.0,25975
25977,9192.0,32956.0,25976
25978,9192.0,33097.0,25977
25979,9192.0,32808.0,25978
25980,9192.0,32842.0,25979
25981,9192.0,32813.0,25980
25982,9192.0,32974.0,25981
25983,9192.0,32082.0,25982
25984,9192.0,31571.0,25983
25985,9192.0,31575.0,25984
25986,9192.0,31687.0,25985
25987,9192.0,31657.0,25986
25988,9192.0,31505.0,25987
25989,9192.0,31894.0,25988
25990,9192.0,32026.0,25989
25991,9192.0,31813.0,25990
25992,9192.0,31479.0,25991
25993,9192.0,31713.0,25992
25994,9192.0,31871.0,25993
25995,9192.0,32435.0,25994
25996,9192.0,31584.0,25995
25997,9192.0,31957.0,25996
25998,9192.0,32962.0,25997
25999,9192.0,33261.0,25998
26000,9192.0,33173.0,25999
26001,9192.0,32555.0,26000
26002,9192.0,32191.0,26001
26003,9192.0,31574.0,26002
26004,9192.0,31532.0,26003
26005,9192.0,31787.0,26004
26006,9192.0,31767.0,26005
26007,9192.0,31582.0,26006
26008,9192.0,31517.0,26007
26009,9192.0,31515.0,26008
26010,9192.0,31479.0,26009
26011,9192.0,31160.0,26010
26012,9192.0,31820.0,26011
26013,9192.0,31855.0,26012
26014,9192.0,30411.0,26013
26015,9192.0,30190.0,26014
26016,9192.0,30115.0,26015
26017,9192.0,30081.0,26016
26018,9192.0,30820.0,26017
26019,9192.0,31056.0,26018
26020,9192.0,31056.0,26019
26021,9192.0,31128.0,26020
26022,9192.0,30720.0,26021
26023,9192.0,30373.0,26022
26024,9192.0,31187.0,26023
26025,9192.0,30887.0,26024
26026,9192.0,30957.0,26025
26027,9192.0,30018.0,26026
26028,9192.0,29969.0,26027
26029,9192.0,29950.0,26028
26030,9192.0,29959.0,26029
26031,9192.0,29789.0,26030
26032,9192.0,30511.0,26031
26033,9192.0,30511.0,26032
26034,9192.0,30559.0,26033
26035,9192.0,30308.0,26034
26036,9192.0,30224.0,26035
26037,9192.0,30699.0,26036
26038,9192.0,31255.0,26037
26039,9192.0,30332.0,26038
26040,9192.0,30401.0,26039
26041,9192.0,30401.0,26040
26042,9192.0,30489.0,26041
26043,9192.0,30632.0,26042
26044,9192.0,30820.0,26043
26045,9192.0,31566.0,26044
26046,9192.0,31566.0,26045
26047,9192.0,31984.0,26046
26048,9192.0,32056.0,26047
26049,9192.0,32128.0,26048
26050,9192.0,32056.0,26049
26051,9192.0,31549.0,26050
26052,9192.0,32307.0,26051
26053,9192.0,31978.0,26052
26054,9192.0,31532.0,26053
26055,9192.0,31576.0,26054
26056,9192.0,31576.0,26055
26057,9192.0,31980.0,26056
26058,9192.0,31653.0,26057
26059,9192.0,31629.0,26058
26060,9192.0,31606.0,26059
26061,9192.0,31595.0,26060
26062,9192.0,31804.0,26061
26063,9192.0,30684.0,26062
26064,9192.0,30528.0,26063
26065,9192.0,30592.0,26064
26066,9192.0,29988.0,26065
26067,9192.0,30875.0,26066
26068,9192.0,31059.0,26067
26069,9192.0,31510.0,26068
26070,9192.0,31209.0,26069
26071,9192.0,30968.0,26070
26072,9192.0,31370.0,26071
26073,9192.0,31288.0,26072
26074,9192.0,31345.0,26073
26075,9192.0,31755.0,26074
26076,9192.0,31172.0,26075
26077,9192.0,30959.0,26076
26078,9192.0,30956.0,26077
26079,9192.0,30988.0,26078
26080,9192.0,30674.0,26079
26081,9192.0,30158.0,26080
26082,9192.0,30412.0,26081
26083,9192.0,30398.0,26082
26084,9192.0,30943.0,26083
26085,9192.0,29990.0,26084
26086,9192.0,30080.0,26085
26087,9192.0,30105.0,26086
26088,9192.0,29809.0,26087
26089,9192.0,29203.0,26088
26090,9192.0,27710.0,26089
26091,9192.0,27101.0,26090
26092,9192.0,27101.0,26091
26093,9192.0,27048.0,26092
26094,9192.0,27094.0,26093
26095,9192.0,26955.0,26094
26096,9192.0,26932.0,26095
26097,9192.0,26809.0,26096
26098,9192.0,25948.0,26097
26099,9192.0,26144.0,26098
26100,9192.0,25906.0,26099
26101,9192.0,25732.0,26100
26102,9192.0,25682.0,26101
26103,9192.0,25953.0,26102
26104,9192.0,25948.0,26103
26105,9192.0,25784.0,26104
26106,9192.0,26778.0,26105
26107,9192.0,26941.0,26106
26108,9192.0,26795.0,26107
26109,9192.0,26795.0,26108
26110,9192.0,26763.0,26109
26111,9192.0,26803.0,26110
26112,9192.0,26760.0,26111
26113,9192.0,26872.0,26112
26114,9192.0,27569.0,26113
26115,9192.0,27561.0,26114
26116,9192.0,27561.0,26115
26117,9192.0,27363.0,26116
26118,9192.0,26902.0,26117
26119,9192.0,26792.0,26118
26120,9192.0,27652.0,26119
26121,9192.0,27652.0,26120
26122,9192.0,26505.0,26121
26123,9192.0,26553.0,26122
26124,9192.0,26558.0,26123
26125,9192.0,26448.0,26124
26126,9192.0,26031.0,26125
26127,9192.0,25132.0,26126
26128,9192.0,24766.0,26127
26129,9192.0,24924.0,26128
26130,9192.0,24804.0,26129
26131,9192.0,24834.0,26130
26132,9192.0,24901.0,26131
26133,9192.0,25359.0,26132
26134,9192.0,25359.0,26133
26135,9192.0,25472.0,26134
26136,9192.0,25443.0,26135
26137,9192.0,25881.0,26136
26138,9192.0,25535.0,26137
26139,9192.0,26392.0,26138
26140,9192.0,26391.0,26139
26141,9192.0,26754.0,26140
26142,9192.0,26712.0,26141
26143,9192.0,26076.0,26142
26144,9192.0,26843.0,26143
26145,9192.0,26767.0,26144
26146,9192.0,26767.0,26145
26147,9192.0,26742.0,26146
26148,9192.0,26698.0,26147
26149,9192.0,26052.0,26148
26150,9192.0,26666.0,26149
26151,9192.0,26582.0,26150
26152,9192.0,26471.0,26151
26153,9192.0,26220.0,26152
26154,9192.0,25822.0,26153
26155,9192.0,24561.0,26154
26156,9192.0,24397.0,26155
26157,9192.0,24858.0,26156
26158,9192.0,24214.0,26157
26159,9192.0,22859.0,26158
26160,9192.0,22859.0,26159
26161,9192.0,23250.0,26160
26162,9192.0,22937.0,26161
26163,9192.0,22759.0,26162
26164,9192.0,22673.0,26163
26165,9192.0,22582.0,26164
26166,9192.0,22582.0,26165
26167,9192.0,22582.0,26166
26168,9192.0,22641.0,26167
26169,9192.0,22257.0,26168
26170,9192.0,22125.0,26169
26171,9192.0,22125.0,26170
26172,9192.0,21810.0,26171
26173,9192.0,21854.0,26172
26174,9192.0,21956.0,26173
26175,9192.0,22006.0,26174
26176,9192.0,21989.0,26175
26177,9192.0,21877.0,26176
26178,9192.0,21877.0,26177
26179,9192.0,22085.0,26178
26180,9192.0,22109.0,26179
26181,9192.0,23589.0,26180
26182,9192.0,23519.0,26181
26183,9192.0,24800.0,26182
26184,9192.0,24800.0,26183
26185,9192.0,24828.0,26184
26186,9192.0,24830.0,26185
26187,9192.0,26049.0,26186
26188,9192.0,25843.0,26187
26189,9192.0,25652.0,26188
26190,9192.0,25652.0,26189
26191,9192.0,26635.0,26190
26192,9192.0,26488.0,26191
26193,9192.0,27835.0,26192
26194,9192.0,28625.0,26193
26195,9192.0,28773.0,26194
26196,9192.0,27996.0,26195
26197,9192.0,28718.0,26196
26198,9192.0,28729.0,26197
26199,9192.0,28944.0,26198
26200,9192.0,27987.0,26199
26201,9192.0,27930.0,26200
26202,9192.0,27642.0,26201
26203,9192.0,27642.0,26202
26204,9192.0,26945.0,26203
26205,9192.0,27753.0,26204
26206,9192.0,27913.0,26205
26207,9192.0,27189.0,26206
26208,9192.0,27189.0,26207
26209,9192.0,27041.0,26208
26210,9192.0,27010.0,26209
26211,9192.0,26821.0,26210
26212,9192.0,26805.0,26211
26213,9192.0,26898.0,26212
26214,9192.0,26961.0,26213
26215,9192.0,26912.0,26214
26216,9192.0,28112.0,26215
26217,9192.0,27837.0,26216
26218,9192.0,27837.0,26217
26219,9192.0,27621.0,26218
26220,9192.0,28072.0,26219
26221,9192.0,27982.0,26220
26222,9192.0,28005.0,26221
26223,9192.0,28005.0,26222
26224,9192.0,26748.0,26223
26225,9192.0,26656.0,26224
26226,9192.0,26507.0,26225
26227,9192.0,25792.0,26226
26228,9192.0,25784.0,26227
26229,9192.0,26712.0,26228
26230,9192.0,26828.0,26229
26231,9192.0,27068.0,26230
26232,9192.0,26325.0,26231
26233,9192.0,26325.0,26232
26234,9192.0,26378.0,26233
26235,9192.0,26440.0,26234
26236,9192.0,26440.0,26235
26237,9192.0,25894.0,26236
26238,9192.0,25940.0,26237
26239,9192.0,25940.0,26238
26240,9192.0,25876.0,26239
26241,9192.0,25411.0,26240
26242,9192.0,25260.0,26241
26243,9192.0,24699.0,26242
26244,9192.0,24739.0,26243
26245,9192.0,24284.0,26244
26246,9192.0,24137.0,26245
26247,9192.0,24089.0,26246
26248,9192.0,24089.0,26247
26249,9192.0,24125.0,26248
26250,9192.0,24081.0,26249
26251,9192.0,24232.0,26250
26252,9192.0,25085.0,26251
26253,9192.0,24860.0,26252
26254,9192.0,25483.0,26253
26255,9192.0,26119.0,26254
26256,9192.0,25828.0,26255
26257,9192.0,26011.0,26256
26258,9192.0,25912.0,26257
26259,9192.0,26225.0,26258
26260,9192.0,26102.0,26259
26261,9192.0,25751.0,26260
26262,9192.0,26716.0,26261
26263,9192.0,26716.0,26262
26264,9192.0,26716.0,26263
26265,9192.0,26933.0,26264
26266,9192.0,26638.0,26265
26267,9192.0,26683.0,26266
26268,9192.0,26829.0,26267
26269,9192.0,27643.0,26268
26270,9192.0,26283.0,26269
26271,9192.0,25287.0,26270
26272,9192.0,26035.0,26271
26273,9192.0,26080.0,26272
26274,9192.0,26233.0,26273
26275,9192.0,26639.0,26274
26276,9192.0,26895.0,26275
26277,9192.0,26891.0,26276
26278,9192.0,26856.0,26277
26279,9192.0,27212.0,26278
26280,9192.0,26698.0,26279
26281,9192.0,26698.0,26280
26282,9192.0,26599.0,26281
26283,9192.0,26759.0,26282
26284,9192.0,26715.0,26283
26285,9192.0,26715.0,26284
26286,9192.0,27237.0,26285
26287,9192.0,27245.0,26286
26288,9192.0,27402.0,26287
26289,9192.0,27722.0,26288
26290,9192.0,27490.0,26289
26291,9192.0,27549.0,26290
26292,9192.0,27613.0,26291
26293,9192.0,27463.0,26292
26294,9192.0,27516.0,26293
26295,9192.0,25448.0,26294
26296,9192.0,25671.0,26295
26297,9192.0,25857.0,26296
26298,9192.0,25829.0,26297
26299,9192.0,25892.0,26298
26300,9192.0,25389.0,26299
26301,9192.0,26554.0,26300
26302,9192.0,26289.0,26301
26303,9192.0,26234.0,26302
26304,9192.0,25388.0,26303
26305,9192.0,25109.0,26304
26306,9192.0,24880.0,26305
26307,9192.0,25347.0,26306
26308,9192.0,25316.0,26307
26309,9192.0,25809.0,26308
26310,9192.0,25832.0,26309
26311,9192.0,25836.0,26310
26312,9192.0,26120.0,26311
26313,9192.0,26565.0,26312
26314,9192.0,26565.0,26313
26315,9192.0,26565.0,26314
26316,9192.0,26648.0,26315
26317,9192.0,26687.0,26316
26318,9192.0,26859.0,26317
26319,9192.0,26463.0,26318
26320,9192.0,26587.0,26319
26321,9192.0,26241.0,26320
26322,9192.0,25845.0,26321
26323,9192.0,25315.0,26322
26324,9192.0,25395.0,26323
26325,9192.0,25644.0,26324
26326,9192.0,25763.0,26325
26327,9192.0,25512.0,26326
26328,9192.0,25443.0,26327
26329,9192.0,25556.0,26328
26330,9192.0,25575.0,26329
26331,9192.0,26405.0,26330
26332,9192.0,26405.0,26331
26333,9192.0,26240.0,26332
26334,9192.0,26615.0,26333
26335,9192.0,26615.0,26334
26336,9192.0,27309.0,26335
26337,9192.0,27283.0,26336
26338,9192.0,27519.0,26337
26339,9192.0,27640.0,26338
26340,9192.0,27498.0,26339
26341,9192.0,27498.0,26340
26342,9192.0,26491.0,26341
26343,9192.0,26532.0,26342
26344,9192.0,27380.0,26343
26345,9192.0,27287.0,26344
26346,9192.0,27120.0,26345
26347,9192.0,27159.0,26346
26348,9192.0,27767.0,26347
26349,9192.0,28199.0,26348
26350,9192.0,28199.0,26349
26351,9192.0,29725.0,26350
26352,9192.0,29326.0,26351
26353,9192.0,29326.0,26352
26354,9192.0,29326.0,26353
26355,9192.0,29562.0,26354
26356,9192.0,29554.0,26355
26357,9192.0,29553.0,26356
26358,9192.0,29553.0,26357
26359,9192.0,29427.0,26358
26360,9192.0,28752.0,26359
26361,9192.0,28067.0,26360
26362,9192.0,28067.0,26361
26363,9192.0,28147.0,26362
26364,9192.0,28439.0,26363
26365,9192.0,28431.0,26364
26366,9192.0,28597.0,26365
26367,9192.0,28330.0,26366
26368,9192.0,28275.0,26367
26369,9192.0,28132.0,26368
26370,9192.0,28129.0,26369
26371,9192.0,28405.0,26370
26372,9192.0,28491.0,26371
26373,9192.0,28632.0,26372
26374,9192.0,27433.0,26373
26375,9192.0,27363.0,26374
26376,9192.0,27810.0,26375
26377,9192.0,27591.0,26376
26378,9192.0,27246.0,26377
26379,9192.0,27105.0,26378
26380,9192.0,27105.0,26379
26381,9192.0,27929.0,26380
26382,9192.0,27861.0,26381
26383,9192.0,27447.0,26382
26384,9192.0,27447.0,26383
26385,9192.0,27655.0,26384
26386,9192.0,28158.0,26385
26387,9192.0,28192.0,26386
26388,9192.0,28111.0,26387
26389,9192.0,28160.0,26388
26390,9192.0,29989.0,26389
26391,9192.0,29872.0,26390
26392,9192.0,29872.0,26391
26393,9192.0,29932.0,26392
26394,9192.0,29932.0,26393
26395,9192.0,29527.0,26394
26396,9192.0,29484.0,26395
26397,9192.0,29259.0,26396
26398,9192.0,29176.0,26397
26399,9192.0,28968.0,26398
26400,9192.0,28528.0,26399
26401,9192.0,28504.0,26400
26402,9192.0,28689.0,26401
26403,9192.0,28891.0,26402
26404,9192.0,28891.0,26403
26405,9192.0,29244.0,26404
26406,9192.0,29389.0,26405
26407,9192.0,29175.0,26406
26408,9192.0,28423.0,26407
26409,9192.0,28609.0,26408
26410,9192.0,28776.0,26409
26411,9192.0,28680.0,26410
26412,9192.0,28830.0,26411
26413,9192.0,29062.0,26412
26414,9192.0,29665.0,26413
26415,9192.0,29782.0,26414
26416,9192.0,30272.0,26415
26417,9192.0,29857.0,26416
26418,9192.0,29727.0,26417
26419,9192.0,29921.0,26418
26420,9192.0,29937.0,26419
26421,9192.0,29716.0,26420
26422,9192.0,29713.0,26421
26423,9192.0,29667.0,26422
26424,9192.0,29612.0,26423
26425,9192.0,29121.0,26424
26426,9192.0,28154.0,26425
26427,9192.0,27936.0,26426
26428,9192.0,28279.0,26427
26429,9192.0,28278.0,26428
26430,9192.0,28127.0,26429
26431,9192.0,28429.0,26430
26432,9192.0,28727.0,26431
26433,9192.0,29395.0,26432
26434,9192.0,29575.0,26433
26435,9192.0,28520.0,26434
26436,9192.0,28545.0,26435
26437,9192.0,28375.0,26436
26438,9192.0,28757.0,26437
26439,9192.0,28778.0,26438
26440,9192.0,27894.0,26439
26441,9192.0,27967.0,26440
26442,9192.0,27682.0,26441
26443,9192.0,28369.0,26442
26444,9192.0,28369.0,26443
26445,9192.0,28369.0,26444
26446,9192.0,27223.0,26445
26447,9192.0,27191.0,26446
26448,9192.0,27249.0,26447
26449,9192.0,27427.0,26448
26450,9192.0,27353.0,26449
26451,9192.0,27496.0,26450
26452,9192.0,27496.0,26451
26453,9192.0,27496.0,26452
26454,9192.0,27496.0,26453
26455,9192.0,28304.0,26454
26456,9192.0,27445.0,26455
26457,9192.0,27445.0,26456
26458,9192.0,28423.0,26457
26459,9192.0,29300.0,26458
26460,9192.0,29934.0,26459
26461,9192.0,29642.0,26460
26462,9192.0,29859.0,26461
26463,9192.0,30066.0,26462
26464,9192.0,30045.0,26463
26465,9192.0,30050.0,26464
26466,9192.0,30341.0,26465
26467,9192.0,30252.0,26466
26468,9192.0,30012.0,26467
26469,9192.0,29681.0,26468
26470,9192.0,29935.0,26469
26471,9192.0,30703.0,26470
26472,9192.0,30631.0,26471
26473,9192.0,30654.0,26472
26474,9192.0,30848.0,26473
26475,9192.0,31276.0,26474
26476,9192.0,31392.0,26475
26477,9192.0,31584.0,26476
26478,9192.0,31576.0,26477
26479,9192.0,32299.0,26478
26480,9192.0,32444.0,26479
26481,9192.0,32256.0,26480
26482,9192.0,32099.0,26481
26483,9192.0,32099.0,26482
26484,9192.0,32323.0,26483
26485,9192.0,32194.0,26484
26486,9192.0,32273.0,26485
26487,9192.0,31863.0,26486
26488,9192.0,31812.0,26487
26489,9192.0,32018.0,26488
26490,9192.0,31926.0,26489
26491,9192.0,31096.0,26490
26492,9192.0,31096.0,26491
26493,9192.0,31011.0,26492
26494,9192.0,29934.0,26493
26495,9192.0,29415.0,26494
26496,9192.0,29799.0,26495
26497,9192.0,29597.0,26496
26498,9192.0,29047.0,26497
26499,9192.0,29047.0,26498
26500,9192.0,29254.0,26499
26501,9192.0,29029.0,26500
26502,9192.0,28752.0,26501
26503,9192.0,28840.0,26502
26504,9192.0,28002.0,26503
26505,9192.0,28416.0,26504
26506,9192.0,27854.0,26505
26507,9192.0,28116.0,26506
26508,9192.0,27779.0,26507
26509,9192.0,27980.0,26508
26510,9192.0,28816.0,26509
26511,9192.0,28803.0,26510
26512,9192.0,28620.0,26511
26513,9192.0,27286.0,26512
26514,9192.0,28651.0,26513
26515,9192.0,28645.0,26514
26516,9192.0,28644.0,26515
26517,9192.0,29184.0,26516
26518,9192.0,29250.0,26517
26519,9192.0,28028.0,26518
26520,9192.0,27760.0,26519
26521,9192.0,27924.0,26520
26522,9192.0,26578.0,26521
26523,9192.0,26441.0,26522
26524,9192.0,25246.0,26523
26525,9192.0,25222.0,26524
26526,9192.0,25378.0,26525
26527,9192.0,24695.0,26526
26528,9192.0,25084.0,26527
26529,9192.0,25962.0,26528
26530,9192.0,26049.0,26529
26531,9192.0,26049.0,26530
26532,9192.0,27062.0,26531
26533,9192.0,27218.0,26532
26534,9192.0,28081.0,26533
26535,9192.0,28044.0,26534
26536,9192.0,27369.0,26535
26537,9192.0,26045.0,26536
26538,9192.0,26056.0,26537
26539,9192.0,25983.0,26538
26540,9192.0,25342.0,26539
26541,9192.0,25342.0,26540
26542,9192.0,25702.0,26541
26543,9192.0,27117.0,26542
26544,9192.0,27136.0,26543
26545,9192.0,27569.0,26544
26546,9192.0,27700.0,26545
26547,9192.0,27746.0,26546
26548,9192.0,27799.0,26547
26549,9192.0,27675.0,26548
26550,9192.0,28034.0,26549
26551,9192.0,28347.0,26550
26552,9192.0,28347.0,26551
26553,9192.0,27924.0,26552
26554,9192.0,28811.0,26553
26555,9192.0,29127.0,26554
26556,9192.0,29464.0,26555
26557,9192.0,29487.0,26556
26558,9192.0,29198.0,26557
26559,9192.0,30064.0,26558
26560,9192.0,29858.0,26559
26561,9192.0,28870.0,26560
26562,9192.0,28000.0,26561
26563,9192.0,28190.0,26562
26564,9192.0,28107.0,26563
26565,9192.0,28815.0,26564
26566,9192.0,28812.0,26565
26567,9192.0,28803.0,26566
26568,9192.0,28363.0,26567
26569,9192.0,28616.0,26568
26570,9192.0,28325.0,26569
26571,9192.0,28213.0,26570
26572,9192.0,28548.0,26571
26573,9192.0,29043.0,26572
26574,9192.0,27985.0,26573
26575,9192.0,27975.0,26574
26576,9192.0,28007.0,26575
26577,9192.0,28266.0,26576
26578,9192.0,27046.0,26577
26579,9192.0,26864.0,26578
26580,9192.0,26916.0,26579
26581,9192.0,27862.0,26580
26582,9192.0,28151.0,26581
26583,9192.0,28796.0,26582
26584,9192.0,29936.0,26583
26585,9192.0,28948.0,26584
26586,9192.0,29202.0,26585
26587,9192.0,27974.0,26586
26588,9192.0,28056.0,26587
26589,9192.0,28425.0,26588
26590,9192.0,28467.0,26589
26591,9192.0,29074.0,26590
26592,9192.0,29023.0,26591
26593,9192.0,29759.0,26592
26594,9192.0,29659.0,26593
26595,9192.0,30226.0,26594
26596,9192.0,30226.0,26595
26597,9192.0,31447.0,26596
26598,9192.0,30883.0,26597
26599,9192.0,31161.0,26598
26600,9192.0,31371.0,26599
26601,9192.0,31616.0,26600
26602,9192.0,31616.0,26601
26603,9192.0,33067.0,26602
26604,9192.0,33189.0,26603
26605,9192.0,33089.0,26604
26606,9192.0,32316.0,26605
26607,9192.0,32449.0,26606
26608,9192.0,32127.0,26607
26609,9192.0,32137.0,26608
26610,9192.0,32386.0,26609
26611,9192.0,33257.0,26610
26612,9192.0,33065.0,26611
26613,9192.0,33408.0,26612
26614,9192.0,33169.0,26613
26615,9192.0,32862.0,26614
26616,9192.0,32862.0,26615
26617,9192.0,32660.0,26616
26618,9192.0,32711.0,26617
26619,9192.0,32711.0,26618
26620,9192.0,33553.0,26619
26621,9192.0,33293.0,26620
26622,9192.0,33558.0,26621
26623,9192.0,31934.0,26622
26624,9192.0,31878.0,26623
26625,9192.0,32012.0,26624
26626,9192.0,31262.0,26625
26627,9192.0,30755.0,26626
26628,9192.0,30636.0,26627
26629,9192.0,30990.0,26628
26630,9192.0,30990.0,26629
26631,9192.0,30488.0,26630
26632,9192.0,30232.0,26631
26633,9192.0,30140.0,26632
26634,9192.0,31328.0,26633
26635,9192.0,31469.0,26634
26636,9192.0,31726.0,26635
26637,9192.0,31489.0,26636
26638,9192.0,30672.0,26637
26639,9192.0,30558.0,26638
26640,9192.0,30444.0,26639
26641,9192.0,30368.0,26640
26642,9192.0,30421.0,26641
26643,9192.0,30058.0,26642
26644,9192.0,31042.0,26643
26645,9192.0,31165.0,26644
26646,9192.0,30971.0,26645
26647,9192.0,30504.0,26646
26648,9192.0,30685.0,26647
26649,9192.0,31242.0,26648
26650,9192.0,31332.0,26649
26651,9192.0,31595.0,26650
26652,9192.0,31387.0,26651
26653,9192.0,32084.0,26652
26654,9192.0,31496.0,26653
26655,9192.0,31569.0,26654
26656,9192.0,31387.0,26655
26657,9192.0,32047.0,26656
26658,9192.0,31557.0,26657
26659,9192.0,30899.0,26658
26660,9192.0,30581.0,26659
26661,9192.0,30343.0,26660
26662,9192.0,29185.0,26661
26663,9192.0,28651.0,26662
26664,9192.0,28365.0,26663
26665,9192.0,28240.0,26664
26666,9192.0,28316.0,26665
26667,9192.0,28137.0,26666
26668,9192.0,28198.0,26667
26669,9192.0,28368.0,26668
26670,9192.0,28368.0,26669
26671,9192.0,28939.0,26670
26672,9192.0,29161.0,26671
26673,9192.0,28718.0,26672
26674,9192.0,28655.0,26673
26675,9192.0,28819.0,26674
26676,9192.0,29259.0,26675
26677,9192.0,28994.0,26676
26678,9192.0,28519.0,26677
26679,9192.0,28111.0,26678
26680,9192.0,28062.0,26679
26681,9192.0,28495.0,26680
26682,9192.0,28863.0,26681
26683,9192.0,29029.0,26682
26684,9192.0,29455.0,26683
26685,9192.0,29413.0,26684
26686,9192.0,29516.0,26685
26687,9192.0,29669.0,26686
26688,9192.0,29919.0,26687
26689,9192.0,29641.0,26688
26690,9192.0,29640.0,26689
26691,9192.0,29879.0,26690
26692,9192.0,29363.0,26691
26693,9192.0,30300.0,26692
26694,9192.0,30277.0,26693
26695,9192.0,30071.0,26694
26696,9192.0,29557.0,26695
26697,9192.0,29670.0,26696
26698,9192.0,29707.0,26697
26699,9192.0,29593.0,26698
26700,9192.0,29593.0,26699
26701,9192.0,29593.0,26700
26702,9192.0,29757.0,26701
26703,9192.0,29573.0,26702
26704,9192.0,29528.0,26703
26705,9192.0,30254.0,26704
26706,9192.0,29963.0,26705
26707,9192.0,30238.0,26706
26708,9192.0,29804.0,26707
26709,9192.0,29746.0,26708
26710,9192.0,29723.0,26709
26711,9192.0,29723.0,26710
26712,9192.0,29698.0,26711
26713,9192.0,29463.0,26712
26714,9192.0,28756.0,26713
26715,9192.0,28754.0,26714
26716,9192.0,28401.0,26715
26717,9192.0,28586.0,26716
26718,9192.0,28810.0,26717
26719,9192.0,28810.0,26718
26720,9192.0,28041.0,26719
26721,9192.0,27628.0,26720
26722,9192.0,27092.0,26721
26723,9192.0,27092.0,26722
26724,9192.0,27371.0,26723
26725,9192.0,26145.0,26724
26726,9192.0,26145.0,26725
26727,9192.0,25784.0,26726
26728,9192.0,25310.0,26727
26729,9192.0,24976.0,26728
26730,9192.0,24204.0,26729
26731,9192.0,24164.0,26730
26732,9192.0,24405.0,26731
26733,9192.0,25331.0,26732
26734,9192.0,24026.0,26733
26735,9192.0,24026.0,26734
26736,9192.0,25276.0,26735
26737,9192.0,24625.0,26736
26738,9192.0,25718.0,26737
26739,9192.0,27409.0,26738
26740,9192.0,28324.0,26739
26741,9192.0,27680.0,26740
26742,9192.0,28221.0,26741
26743,9192.0,28637.0,26742
26744,9192.0,29026.0,26743
26745,9192.0,29549.0,26744
26746,9192.0,28097.0,26745
26747,9192.0,27876.0,26746
26748,9192.0,27240.0,26747
26749,9192.0,27130.0,26748
26750,9192.0,28571.0,26749
26751,9192.0,28628.0,26750
26752,9192.0,29521.0,26751
26753,9192.0,29008.0,26752
26754,9192.0,28782.0,26753
26755,9192.0,28120.0,26754
26756,9192.0,28076.0,26755
26757,9192.0,27616.0,26756
26758,9192.0,27609.0,26757
26759,9192.0,27565.0,26758
26760,9192.0,27504.0,26759
26761,9192.0,27517.0,26760
26762,9192.0,27645.0,26761
26763,9192.0,27556.0,26762
26764,9192.0,27562.0,26763
26765,9192.0,27630.0,26764
26766,9192.0,27856.0,26765
26767,9192.0,27722.0,26766
26768,9192.0,28910.0,26767
26769,9192.0,28051.0,26768
26770,9192.0,28732.0,26769
26771,9192.0,29078.0,26770
26772,9192.0,28720.0,26771
26773,9192.0,29579.0,26772
26774,9192.0,28960.0,26773
26775,9192.0,28571.0,26774
26776,9192.0,29528.0,26775
26777,9192.0,29661.0,26776
26778,9192.0,29783.0,26777
26779,9192.0,30425.0,26778
26780,9192.0,30299.0,26779
26781,9192.0,28273.0,26780
26782,9192.0,28622.0,26781
26783,9192.0,28601.0,26782
26784,9192.0,28567.0,26783
26785,9192.0,28320.0,26784
26786,9192.0,28545.0,26785
26787,9192.0,28753.0,26786
26788,9192.0,28549.0,26787
26789,9192.0,28554.0,26788
26790,9192.0,28605.0,26789
26791,9192.0,27413.0,26790
26792,9192.0,27413.0,26791
26793,9192.0,26531.0,26792
26794,9192.0,27429.0,26793
26795,9192.0,27436.0,26794
26796,9192.0,27425.0,26795
26797,9192.0,27054.0,26796
26798,9192.0,27147.0,26797
26799,9192.0,27416.0,26798
26800,9192.0,26921.0,26799
26801,9192.0,27547.0,26800
26802,9192.0,27313.0,26801
26803,9192.0,27284.0,26802
26804,9192.0,29310.0,26803
26805,9192.0,28389.0,26804
26806,9192.0,28122.0,26805
26807,9192.0,27948.0,26806
26808,9192.0,29242.0,26807
26809,9192.0,29328.0,26808
26810,9192.0,29203.0,26809
26811,9192.0,28607.0,26810
26812,9192.0,28607.0,26811
26813,9192.0,28378.0,26812
26814,9192.0,28513.0,26813
26815,9192.0,28808.0,26814
26816,9192.0,29027.0,26815
26817,9192.0,29051.0,26816
26818,9192.0,28769.0,26817
26819,9192.0,28769.0,26818
26820,9192.0,29131.0,26819
26821,9192.0,29310.0,26820
26822,9192.0,29396.0,26821
26823,9192.0,29551.0,26822
26824,9192.0,29675.0,26823
26825,9192.0,29743.0,26824
26826,9192.0,29842.0,26825
26827,9192.0,29216.0,26826
26828,9192.0,29382.0,26827
26829,9192.0,29571.0,26828
26830,9192.0,29393.0,26829
26831,9192.0,29590.0,26830
26832,9192.0,29590.0,26831
26833,9192.0,30021.0,26832
26834,9192.0,30107.0,26833
26835,9192.0,30138.0,26834
26836,9192.0,30199.0,26835
26837,9192.0,29731.0,26836
26838,9192.0,29695.0,26837
26839,9192.0,29529.0,26838
26840,9192.0,29537.0,26839
26841,9192.0,29730.0,26840
26842,9192.0,29674.0,26841
26843,9192.0,29343.0,26842
26844,9192.0,29588.0,26843
26845,9192.0,29886.0,26844
26846,9192.0,30484.0,26845
26847,9192.0,30158.0,26846
26848,9192.0,30259.0,26847
26849,9192.0,30326.0,26848
26850,9192.0,30267.0,26849
26851,9192.0,28402.0,26850
26852,9192.0,28844.0,26851
26853,9192.0,28413.0,26852
26854,9192.0,28582.0,26853
26855,9192.0,28788.0,26854
26856,9192.0,29043.0,26855
26857,9192.0,30311.0,26856
26858,9192.0,30679.0,26857
26859,9192.0,30850.0,26858
26860,9192.0,31607.0,26859
26861,9192.0,31476.0,26860
26862,9192.0,32070.0,26861
26863,9192.0,31256.0,26862
26864,9192.0,31334.0,26863
26865,9192.0,30323.0,26864
26866,9192.0,30490.0,26865
26867,9192.0,30477.0,26866
26868,9192.0,31052.0,26867
26869,9192.0,30172.0,26868
26870,9192.0,30068.0,26869
26871,9192.0,30450.0,26870
26872,9192.0,28766.0,26871
26873,9192.0,28750.0,26872
26874,9192.0,28597.0,26873
26875,9192.0,28749.0,26874
26876,9192.0,28707.0,26875
26877,9192.0,28707.0,26876
26878,9192.0,28884.0,26877
26879,9192.0,29027.0,26878
26880,9192.0,29047.0,26879
26881,9192.0,28973.0,26880
26882,9192.0,28700.0,26881
26883,9192.0,28884.0,26882
26884,9192.0,28812.0,26883
26885,9192.0,28672.0,26884
26886,9192.0,29858.0,26885
26887,9192.0,29591.0,26886
26888,9192.0,29621.0,26887
26889,9192.0,29455.0,26888
26890,9192.0,28585.0,26889
26891,9192.0,28676.0,26890
26892,9192.0,27762.0,26891
26893,9192.0,27520.0,26892
26894,9192.0,27675.0,26893
26895,9192.0,27419.0,26894
26896,9192.0,27547.0,26895
26897,9192.0,27547.0,26896
26898,9192.0,27074.0,26897
26899,9192.0,27180.0,26898
26900,9192.0,27222.0,26899
26901,9192.0,27213.0,26900
26902,9192.0,27768.0,26901
26903,9192.0,29565.0,26902
26904,9192.0,29144.0,26903
26905,9192.0,29028.0,26904
26906,9192.0,29062.0,26905
26907,9192.0,29119.0,26906
26908,9192.0,29103.0,26907
26909,9192.0,28471.0,26908
26910,9192.0,28204.0,26909
26911,9192.0,27136.0,26910
26912,9192.0,27284.0,26911
26913,9192.0,27263.0,26912
26914,9192.0,27263.0,26913
26915,9192.0,27219.0,26914
26916,9192.0,27528.0,26915
26917,9192.0,27462.0,26916
26918,9192.0,27512.0,26917
26919,9192.0,27528.0,26918
26920,9192.0,27947.0,26919
26921,9192.0,27947.0,26920
26922,9192.0,27724.0,26921
26923,9192.0,27585.0,26922
26924,9192.0,27751.0,26923
26925,9192.0,27796.0,26924
26926,9192.0,27575.0,26925
26927,9192.0,27575.0,26926
26928,9192.0,27237.0,26927
26929,9192.0,27237.0,26928
26930,9192.0,27710.0,26929
26931,9192.0,28234.0,26930
26932,9192.0,28211.0,26931
26933,9192.0,28328.0,26932
26934,9192.0,28328.0,26933
26935,9192.0,28336.0,26934
26936,9192.0,28118.0,26935
26937,9192.0,28096.0,26936
26938,9192.0,28132.0,26937
26939,9192.0,27701.0,26938
26940,9192.0,27701.0,26939
26941,9192.0,27558.0,26940
26942,9192.0,26999.0,26941
26943,9192.0,26968.0,26942
26944,9192.0,25697.0,26943
26945,9192.0,25154.0,26944
26946,9192.0,24865.0,26945
26947,9192.0,24885.0,26946
26948,9192.0,26119.0,26947
26949,9192.0,25103.0,26948
26950,9192.0,25371.0,26949
26951,9192.0,24948.0,26950
26952,9192.0,26886.0,26951
26953,9192.0,27199.0,26952
26954,9192.0,27202.0,26953
26955,9192.0,27213.0,26954
26956,9192.0,27370.0,26955
26957,9192.0,27365.0,26956
26958,9192.0,27365.0,26957
26959,9192.0,27074.0,26958
26960,9192.0,26844.0,26959
26961,9192.0,27303.0,26960
26962,9192.0,27317.0,26961
26963,9192.0,27317.0,26962
26964,9192.0,28216.0,26963
26965,9192.0,28459.0,26964
26966,9192.0,28288.0,26965
26967,9192.0,28337.0,26966
26968,9192.0,28091.0,26967
26969,9192.0,27948.0,26968
26970,9192.0,28100.0,26969
26971,9192.0,28100.0,26970
26972,9192.0,28378.0,26971
26973,9192.0,28479.0,26972
26974,9192.0,28477.0,26973
26975,9192.0,28503.0,26974
26976,9192.0,28605.0,26975
26977,9192.0,29382.0,26976
26978,9192.0,29394.0,26977
26979,9192.0,29412.0,26978
26980,9192.0,29563.0,26979
26981,9192.0,29978.0,26980
26982,9192.0,29959.0,26981
26983,9192.0,30178.0,26982
26984,9192.0,30622.0,26983
26985,9192.0,30637.0,26984
26986,9192.0,30489.0,26985
26987,9192.0,30601.0,26986
26988,9192.0,30818.0,26987
26989,9192.0,30720.0,26988
26990,9192.0,30541.0,26989
26991,9192.0,30041.0,26990
26992,9192.0,30366.0,26991
26993,9192.0,30935.0,26992
26994,9192.0,30857.0,26993
26995,9192.0,31045.0,26994
26996,9192.0,31052.0,26995
26997,9192.0,31038.0,26996
26998,9192.0,31628.0,26997
26999,9192.0,31009.0,26998
27000,9192.0,29957.0,26999
27001,9192.0,29856.0,27000
27002,9192.0,28178.0,27001
27003,9192.0,27945.0,27002
27004,9192.0,27221.0,27003
27005,9192.0,27157.0,27004
27006,9192.0,28409.0,27005
27007,9192.0,28191.0,27006
27008,9192.0,28214.0,27007
27009,9192.0,28501.0,27008
27010,9192.0,27974.0,27009
27011,9192.0,27634.0,27010
27012,9192.0,27643.0,27011
27013,9192.0,27670.0,27012
27014,9192.0,27928.0,27013
27015,9192.0,27522.0,27014
27016,9192.0,27977.0,27015
27017,9192.0,28560.0,27016
27018,9192.0,29001.0,27017
27019,9192.0,29034.0,27018
27020,9192.0,28978.0,27019
27021,9192.0,29535.0,27020
27022,9192.0,29480.0,27021
27023,9192.0,29617.0,27022
27024,9192.0,29686.0,27023
27025,9192.0,29754.0,27024
27026,9192.0,29754.0,27025
27027,9192.0,29793.0,27026
27028,9192.0,29301.0,27027
27029,9192.0,28995.0,27028
27030,9192.0,28995.0,27029
27031,9192.0,28588.0,27030
27032,9192.0,28763.0,27031
27033,9192.0,28669.0,27032
27034,9192.0,28952.0,27033
27035,9192.0,29118.0,27034
27036,9192.0,29202.0,27035
27037,9192.0,29441.0,27036
27038,9192.0,29436.0,27037
27039,9192.0,30186.0,27038
27040,9192.0,30031.0,27039
27041,9192.0,30028.0,27040
27042,9192.0,28542.0,27041
27043,9192.0,28542.0,27042
27044,9192.0,28515.0,27043
27045,9192.0,29059.0,27044
27046,9192.0,28869.0,27045
27047,9192.0,30470.0,27046
27048,9192.0,29497.0,27047
27049,9192.0,29744.0,27048
27050,9192.0,29177.0,27049
27051,9192.0,29841.0,27050
27052,9192.0,29198.0,27051
27053,9192.0,30219.0,27052
27054,9192.0,30853.0,27053
27055,9192.0,30967.0,27054
27056,9192.0,31473.0,27055
27057,9192.0,31009.0,27056
27058,9192.0,31051.0,27057
27059,9192.0,31054.0,27058
27060,9192.0,31052.0,27059
27061,9192.0,31063.0,27060
27062,9192.0,30919.0,27061
27063,9192.0,30395.0,27062
27064,9192.0,30250.0,27063
27065,9192.0,30132.0,27064
27066,9192.0,30182.0,27065
27067,9192.0,29677.0,27066
27068,9192.0,29500.0,27067
27069,9192.0,30968.0,27068
27070,9192.0,30198.0,27069
27071,9192.0,30376.0,27070
27072,9192.0,31318.0,27071
27073,9192.0,31766.0,27072
27074,9192.0,31553.0,27073
27075,9192.0,31388.0,27074
27076,9192.0,31397.0,27075
27077,9192.0,31095.0,27076
27078,9192.0,30824.0,27077
27079,9192.0,30843.0,27078
27080,9192.0,30999.0,27079
27081,9192.0,30092.0,27080
27082,9192.0,30228.0,27081
27083,9192.0,29757.0,27082
27084,9192.0,29722.0,27083
27085,9192.0,29409.0,27084
27086,9192.0,28511.0,27085
27087,9192.0,28403.0,27086
27088,9192.0,28482.0,27087
27089,9192.0,27883.0,27088
27090,9192.0,28161.0,27089
27091,9192.0,28659.0,27090
27092,9192.0,28594.0,27091
27093,9192.0,28380.0,27092
27094,9192.0,28621.0,27093
27095,9192.0,28522.0,27094
27096,9192.0,28540.0,27095
27097,9192.0,28432.0,27096
27098,9192.0,28395.0,27097
27099,9192.0,28511.0,27098
27100,9192.0,28511.0,27099
27101,9192.0,28282.0,27100
27102,9192.0,28446.0,27101
27103,9192.0,28131.0,27102
27104,9192.0,28430.0,27103
27105,9192.0,29167.0,27104
27106,9192.0,28996.0,27105
27107,9192.0,28359.0,27106
27108,9192.0,28458.0,27107
27109,9192.0,28681.0,27108
27110,9192.0,29487.0,27109
27111,9192.0,29633.0,27110
27112,9192.0,29287.0,27111
27113,9192.0,30212.0,27112
27114,9192.0,31036.0,27113
27115,9192.0,31158.0,27114
27116,9192.0,31480.0,27115
27117,9192.0,31501.0,27116
27118,9192.0,31611.0,27117
27119,9192.0,31260.0,27118
27120,9192.0,30943.0,27119
27121,9192.0,30839.0,27120
27122,9192.0,30641.0,27121
27123,9192.0,30486.0,27122
27124,9192.0,30508.0,27123
27125,9192.0,30817.0,27124
27126,9192.0,30479.0,27125
27127,9192.0,30460.0,27126
27128,9192.0,30261.0,27127
27129,9192.0,30507.0,27128
27130,9192.0,31079.0,27129
27131,9192.0,31105.0,27130
27132,9192.0,31177.0,27131
27133,9192.0,31380.0,27132
27134,9192.0,31641.0,27133
27135,9192.0,31316.0,27134
27136,9192.0,30937.0,27135
27137,9192.0,30928.0,27136
27138,9192.0,30912.0,27137
27139,9192.0,30955.0,27138
27140,9192.0,31317.0,27139
27141,9192.0,30393.0,27140
27142,9192.0,30669.0,27141
27143,9192.0,30479.0,27142
27144,9192.0,30554.0,27143
27145,9192.0,31028.0,27144
27146,9192.0,32168.0,27145
27147,9192.0,32752.0,27146
27148,9192.0,33045.0,27147
27149,9192.0,32622.0,27148
27150,9192.0,32496.0,27149
27151,9192.0,32307.0,27150
27152,9192.0,32552.0,27151
27153,9192.0,32364.0,27152
27154,9192.0,32363.0,27153
27155,9192.0,32729.0,27154
27156,9192.0,33334.0,27155
27157,9192.0,33675.0,27156
27158,9192.0,33102.0,27157
27159,9192.0,33267.0,27158
27160,9192.0,32917.0,27159
27161,9192.0,33456.0,27160
27162,9192.0,33175.0,27161
27163,9192.0,32342.0,27162
27164,9192.0,32163.0,27163
27165,9192.0,31930.0,27164
27166,9192.0,32289.0,27165
27167,9192.0,32304.0,27166
27168,9192.0,31854.0,27167
27169,9192.0,31565.0,27168
27170,9192.0,31565.0,27169
27171,9192.0,31831.0,27170
27172,9192.0,31810.0,27171
27173,9192.0,32824.0,27172
27174,9192.0,32823.0,27173
27175,9192.0,32374.0,27174
27176,9192.0,32369.0,27175
27177,9192.0,32228.0,27176
27178,9192.0,32223.0,27177
27179,9192.0,33247.0,27178
27180,9192.0,33454.0,27179
27181,9192.0,33350.0,27180
27182,9192.0,33334.0,27181
27183,9192.0,33317.0,27182
27184,9192.0,32281.0,27183
27185,9192.0,32117.0,27184
27186,9192.0,32096.0,27185
27187,9192.0,31274.0,27186
27188,9192.0,31302.0,27187
27189,9192.0,31948.0,27188
27190,9192.0,32499.0,27189
27191,9192.0,32021.0,27190
27192,9192.0,32048.0,27191
27193,9192.0,32033.0,27192
27194,9192.0,31940.0,27193
27195,9192.0,30757.0,27194
27196,9192.0,31053.0,27195
27197,9192.0,31289.0,27196
27198,9192.0,29935.0,27197
27199,9192.0,29898.0,27198
27200,9192.0,29917.0,27199
27201,9192.0,29931.0,27200
27202,9192.0,28878.0,27201
27203,9192.0,29766.0,27202
27204,9192.0,29200.0,27203
27205,9192.0,29223.0,27204
27206,9192.0,29165.0,27205
27207,9192.0,28908.0,27206
27208,9192.0,28816.0,27207
27209,9192.0,29477.0,27208
27210,9192.0,29265.0,27209
27211,9192.0,29287.0,27210
27212,9192.0,30597.0,27211
27213,9192.0,30548.0,27212
27214,9192.0,30528.0,27213
27215,9192.0,30223.0,27214
27216,9192.0,30416.0,27215
27217,9192.0,29920.0,27216
27218,9192.0,29686.0,27217
27219,9192.0,29652.0,27218
27220,9192.0,29841.0,27219
27221,9192.0,29759.0,27220
27222,9192.0,29980.0,27221
27223,9192.0,30286.0,27222
27224,9192.0,30360.0,27223
27225,9192.0,29228.0,27224
27226,9192.0,28595.0,27225
27227,9192.0,28727.0,27226
27228,9192.0,28660.0,27227
27229,9192.0,28684.0,27228
27230,9192.0,28704.0,27229
27231,9192.0,28601.0,27230
27232,9192.0,28729.0,27231
27233,9192.0,29658.0,27232
27234,9192.0,29658.0,27233
27235,9192.0,29739.0,27234
27236,9192.0,29682.0,27235
27237,9192.0,29171.0,27236
27238,9192.0,29054.0,27237
27239,9192.0,28879.0,27238
27240,9192.0,28869.0,27239
27241,9192.0,28699.0,27240
27242,9192.0,28551.0,27241
27243,9192.0,27897.0,27242
27244,9192.0,28300.0,27243
27245,9192.0,28595.0,27244
27246,9192.0,28290.0,27245
27247,9192.0,28468.0,27246
27248,9192.0,28547.0,27247
27249,9192.0,28576.0,27248
27250,9192.0,29041.0,27249
27251,9192.0,29041.0,27250
27252,9192.0,29388.0,27251
27253,9192.0,29127.0,27252
27254,9192.0,28780.0,27253
27255,9192.0,28780.0,27254
27256,9192.0,28834.0,27255
27257,9192.0,28143.0,27256
27258,9192.0,29272.0,27257
27259,9192.0,29272.0,27258
27260,9192.0,28968.0,27259
27261,9192.0,29054.0,27260
27262,9192.0,29406.0,27261
27263,9192.0,29434.0,27262
27264,9192.0,29434.0,27263
27265,9192.0,29434.0,27264
27266,9192.0,29557.0,27265
27267,9192.0,29557.0,27266
27268,9192.0,30115.0,27267
27269,9192.0,29838.0,27268
27270,9192.0,31833.0,27269
27271,9192.0,31817.0,27270
27272,9192.0,32547.0,27271
27273,9192.0,31953.0,27272
27274,9192.0,31624.0,27273
27275,9192.0,31708.0,27274
27276,9192.0,30712.0,27275
27277,9192.0,30679.0,27276
27278,9192.0,29924.0,27277
27279,9192.0,29442.0,27278
27280,9192.0,29243.0,27279
27281,9192.0,28993.0,27280
27282,9192.0,29108.0,27281
27283,9192.0,30033.0,27282
27284,9192.0,30284.0,27283
27285,9192.0,30181.0,27284
27286,9192.0,30168.0,27285
27287,9192.0,30438.0,27286
27288,9192.0,30576.0,27287
27289,9192.0,29021.0,27288
27290,9192.0,29019.0,27289
27291,9192.0,29308.0,27290
27292,9192.0,28987.0,27291
27293,9192.0,28976.0,27292
27294,9192.0,28435.0,27293
27295,9192.0,28042.0,27294
27296,9192.0,27856.0,27295
27297,9192.0,26607.0,27296
27298,9192.0,26994.0,27297
27299,9192.0,27034.0,27298
27300,9192.0,26979.0,27299
27301,9192.0,27139.0,27300
27302,9192.0,27947.0,27301
27303,9192.0,28204.0,27302
27304,9192.0,28214.0,27303
27305,9192.0,28651.0,27304
27306,9192.0,28651.0,27305
27307,9192.0,28891.0,27306
27308,9192.0,28646.0,27307
27309,9192.0,28621.0,27308
27310,9192.0,28607.0,27309
27311,9192.0,29885.0,27310
27312,9192.0,29818.0,27311
27313,9192.0,30050.0,27312
27314,9192.0,29816.0,27313
27315,9192.0,29835.0,27314
27316,9192.0,29158.0,27315
27317,9192.0,28550.0,27316
27318,9192.0,28536.0,27317
27319,9192.0,28015.0,27318
27320,9192.0,28539.0,27319
27321,9192.0,29267.0,27320
27322,9192.0,29193.0,27321
27323,9192.0,29214.0,27322
27324,9192.0,29392.0,27323
27325,9192.0,27854.0,27324
27326,9192.0,27794.0,27325
27327,9192.0,27403.0,27326
27328,9192.0,27291.0,27327
27329,9192.0,27028.0,27328
27330,9192.0,27214.0,27329
27331,9192.0,27234.0,27330
27332,9192.0,27798.0,27331
27333,9192.0,28427.0,27332
27334,9192.0,28165.0,27333
27335,9192.0,28564.0,27334
27336,9192.0,28670.0,27335
27337,9192.0,28670.0,27336
27338,9192.0,28671.0,27337
27339,9192.0,28440.0,27338
27340,9192.0,28588.0,27339
27341,9192.0,28702.0,27340
27342,9192.0,28549.0,27341
27343,9192.0,28563.0,27342
27344,9192.0,28471.0,27343
27345,9192.0,28572.0,27344
27346,9192.0,29118.0,27345
27347,9192.0,29285.0,27346
27348,9192.0,29625.0,27347
27349,9192.0,29114.0,27348
27350,9192.0,29730.0,27349
27351,9192.0,30243.0,27350
27352,9192.0,30745.0,27351
27353,9192.0,31072.0,27352
27354,9192.0,30019.0,27353
27355,9192.0,29814.0,27354
27356,9192.0,30277.0,27355
27357,9192.0,29648.0,27356
27358,9192.0,29967.0,27357
27359,9192.0,29965.0,27358
27360,9192.0,29798.0,27359
27361,9192.0,29637.0,27360
27362,9192.0,29651.0,27361
27363,9192.0,29515.0,27362
27364,9192.0,29090.0,27363
27365,9192.0,28853.0,27364
27366,9192.0,28880.0,27365
27367,9192.0,28840.0,27366
27368,9192.0,28926.0,27367
27369,9192.0,29351.0,27368
27370,9192.0,31150.0,27369
27371,9192.0,30547.0,27370
27372,9192.0,30647.0,27371
27373,9192.0,30645.0,27372
27374,9192.0,30846.0,27373
27375,9192.0,30842.0,27374
27376,9192.0,30394.0,27375
27377,9192.0,30012.0,27376
27378,9192.0,30462.0,27377
27379,9192.0,30647.0,27378
27380,9192.0,30787.0,27379
27381,9192.0,30393.0,27380
27382,9192.0,31040.0,27381
27383,9192.0,31529.0,27382
27384,9192.0,31041.0,27383
27385,9192.0,31225.0,27384
27386,9192.0,31043.0,27385
27387,9192.0,31067.0,27386
27388,9192.0,31291.0,27387
27389,9192.0,31049.0,27388
27390,9192.0,31184.0,27389
27391,9192.0,31254.0,27390
27392,9192.0,30561.0,27391
27393,9192.0,30501.0,27392
27394,9192.0,30738.0,27393
27395,9192.0,30900.0,27394
27396,9192.0,29363.0,27395
27397,9192.0,30105.0,27396
27398,9192.0,29922.0,27397
27399,9192.0,29922.0,27398
27400,9192.0,29914.0,27399
27401,9192.0,30046.0,27400
27402,9192.0,30222.0,27401
27403,9192.0,29414.0,27402
27404,9192.0,29129.0,27403
27405,9192.0,28594.0,27404
27406,9192.0,28919.0,27405
27407,9192.0,28920.0,27406
27408,9192.0,28254.0,27407
27409,9192.0,28995.0,27408
27410,9192.0,28838.0,27409
27411,9192.0,28272.0,27410
27412,9192.0,28171.0,27411
27413,9192.0,28413.0,27412
27414,9192.0,30047.0,27413
27415,9192.0,30096.0,27414
27416,9192.0,30337.0,27415
27417,9192.0,30940.0,27416
27418,9192.0,31033.0,27417
27419,9192.0,31124.0,27418
27420,9192.0,30983.0,27419
27421,9192.0,30971.0,27420
27422,9192.0,31649.0,27421
27423,9192.0,31150.0,27422
27424,9192.0,31032.0,27423
27425,9192.0,31471.0,27424
27426,9192.0,31115.0,27425
27427,9192.0,31127.0,27426
27428,9192.0,31126.0,27427
27429,9192.0,31159.0,27428
27430,9192.0,31312.0,27429
27431,9192.0,31309.0,27430
27432,9192.0,30632.0,27431
27433,9192.0,30509.0,27432
27434,9192.0,30269.0,27433
27435,9192.0,30146.0,27434
27436,9192.0,30059.0,27435
27437,9192.0,30318.0,27436
27438,9192.0,30377.0,27437
27439,9192.0,30430.0,27438
27440,9192.0,30999.0,27439
27441,9192.0,31013.0,27440
27442,9192.0,31310.0,27441
27443,9192.0,31291.0,27442
27444,9192.0,30554.0,27443
27445,9192.0,30489.0,27444
27446,9192.0,29769.0,27445
27447,9192.0,29757.0,27446
27448,9192.0,29666.0,27447
27449,9192.0,30125.0,27448
27450,9192.0,30263.0,27449
27451,9192.0,30352.0,27450
27452,9192.0,30005.0,27451
27453,9192.0,30165.0,27452
27454,9192.0,29797.0,27453
27455,9192.0,29870.0,27454
27456,9192.0,29870.0,27455
27457,9192.0,29742.0,27456
27458,9192.0,29729.0,27457
27459,9192.0,29602.0,27458
27460,9192.0,27577.0,27459
27461,9192.0,26340.0,27460
27462,9192.0,27838.0,27461
27463,9192.0,27915.0,27462
27464,9192.0,27963.0,27463
27465,9192.0,27379.0,27464
27466,9192.0,27034.0,27465
27467,9192.0,27185.0,27466
27468,9192.0,27990.0,27467
27469,9192.0,28040.0,27468
27470,9192.0,28229.0,27469
27471,9192.0,28337.0,27470
27472,9192.0,28134.0,27471
27473,9192.0,28752.0,27472
27474,9192.0,28557.0,27473
27475,9192.0,28653.0,27474
27476,9192.0,28334.0,27475
27477,9192.0,28017.0,27476
27478,9192.0,28327.0,27477
27479,9192.0,27899.0,27478
27480,9192.0,27662.0,27479
27481,9192.0,26444.0,27480
27482,9192.0,26444.0,27481
27483,9192.0,26926.0,27482
27484,9192.0,26917.0,27483
27485,9192.0,26802.0,27484
27486,9192.0,26799.0,27485
27487,9192.0,26776.0,27486
27488,9192.0,26716.0,27487
27489,9192.0,26863.0,27488
27490,9192.0,27685.0,27489
27491,9192.0,27728.0,27490
27492,9192.0,27926.0,27491
27493,9192.0,27854.0,27492
27494,9192.0,27854.0,27493
27495,9192.0,28084.0,27494
27496,9192.0,28436.0,27495
27497,9192.0,28546.0,27496
27498,9192.0,29915.0,27497
27499,9192.0,30115.0,27498
27500,9192.0,29708.0,27499
27501,9192.0,29718.0,27500
27502,9192.0,29411.0,27501
27503,9192.0,29118.0,27502
27504,9192.0,29243.0,27503
27505,9192.0,29325.0,27504
27506,9192.0,29344.0,27505
27507,9192.0,29245.0,27506
27508,9192.0,30388.0,27507
27509,9192.0,30289.0,27508
27510,9192.0,30550.0,27509
27511,9192.0,30500.0,27510
27512,9192.0,30577.0,27511
27513,9192.0,30171.0,27512
27514,9192.0,30618.0,27513
27515,9192.0,30216.0,27514
27516,9192.0,29976.0,27515
27517,9192.0,30102.0,27516
27518,9192.0,30148.0,27517
27519,9192.0,30641.0,27518
27520,9192.0,30534.0,27519
27521,9192.0,30489.0,27520
27522,9192.0,30489.0,27521
27523,9192.0,31893.0,27522
27524,9192.0,31885.0,27523
27525,9192.0,32057.0,27524
27526,9192.0,31949.0,27525
27527,9192.0,31923.0,27526
27528,9192.0,30644.0,27527
27529,9192.0,30366.0,27528
27530,9192.0,29571.0,27529
27531,9192.0,29698.0,27530
27532,9192.0,29829.0,27531
27533,9192.0,29420.0,27532
27534,9192.0,29091.0,27533
27535,9192.0,29861.0,27534
27536,9192.0,30202.0,27535
27537,9192.0,30376.0,27536
27538,9192.0,31147.0,27537
27539,9192.0,31144.0,27538
27540,9192.0,31142.0,27539
27541,9192.0,31824.0,27540
27542,9192.0,31835.0,27541
27543,9192.0,32003.0,27542
27544,9192.0,32212.0,27543
27545,9192.0,31894.0,27544
27546,9192.0,32183.0,27545
27547,9192.0,32140.0,27546
27548,9192.0,32509.0,27547
27549,9192.0,32812.0,27548
27550,9192.0,32253.0,27549
27551,9192.0,32281.0,27550
27552,9192.0,32395.0,27551
27553,9192.0,32299.0,27552
27554,9192.0,32299.0,27553
27555,9192.0,32019.0,27554
27556,9192.0,31967.0,27555
27557,9192.0,32081.0,27556
27558,9192.0,32207.0,27557
27559,9192.0,32069.0,27558
27560,9192.0,32264.0,27559
27561,9192.0,30483.0,27560
27562,9192.0,30483.0,27561
27563,9192.0,29448.0,27562
27564,9192.0,29480.0,27563
27565,9192.0,29996.0,27564
27566,9192.0,29831.0,27565
27567,9192.0,28674.0,27566
27568,9192.0,28594.0,27567
27569,9192.0,29879.0,27568
27570,9192.0,29252.0,27569
27571,9192.0,29011.0,27570
27572,9192.0,29178.0,27571
27573,9192.0,29117.0,27572
27574,9192.0,29467.0,27573
27575,9192.0,29510.0,27574
27576,9192.0,29510.0,27575
27577,9192.0,28942.0,27576
27578,9192.0,30335.0,27577
27579,9192.0,30679.0,27578
27580,9192.0,30679.0,27579
27581,9192.0,31337.0,27580
27582,9192.0,31457.0,27581
27583,9192.0,31466.0,27582
27584,9192.0,31466.0,27583
27585,9192.0,31492.0,27584
27586,9192.0,31492.0,27585
27587,9192.0,31493.0,27586
27588,9192.0,30830.0,27587
27589,9192.0,29975.0,27588
27590,9192.0,29834.0,27589
27591,9192.0,29740.0,27590
27592,9192.0,30143.0,27591
27593,9192.0,30386.0,27592
27594,9192.0,30395.0,27593
27595,9192.0,30385.0,27594
27596,9192.0,30395.0,27595
27597,9192.0,30458.0,27596
27598,9192.0,29964.0,27597
27599,9192.0,29891.0,27598
27600,9192.0,29619.0,27599
27601,9192.0,29084.0,27600
27602,9192.0,29156.0,27601
27603,9192.0,29472.0,27602
27604,9192.0,29499.0,27603
27605,9192.0,29499.0,27604
27606,9192.0,29322.0,27605
27607,9192.0,29883.0,27606
27608,9192.0,29962.0,27607
27609,9192.0,29653.0,27608
27610,9192.0,30024.0,27609
27611,9192.0,29671.0,27610
27612,9192.0,29671.0,27611
27613,9192.0,30244.0,27612
27614,9192.0,29996.0,27613
27615,9192.0,29813.0,27614
27616,9192.0,30252.0,27615
27617,9192.0,30525.0,27616
27618,9192.0,30236.0,27617
27619,9192.0,31190.0,27618
27620,9192.0,30307.0,27619
27621,9192.0,30234.0,27620
27622,9192.0,30105.0,27621
27623,9192.0,30667.0,27622
27624,9192.0,30410.0,27623
27625,9192.0,30419.0,27624
27626,9192.0,30808.0,27625
27627,9192.0,30279.0,27626
27628,9192.0,29532.0,27627
27629,9192.0,29082.0,27628
27630,9192.0,28168.0,27629
27631,9192.0,28600.0,27630
27632,9192.0,28600.0,27631
27633,9192.0,27840.0,27632
27634,9192.0,28234.0,27633
27635,9192.0,28353.0,27634
27636,9192.0,28575.0,27635
27637,9192.0,28858.0,27636
27638,9192.0,29266.0,27637
27639,9192.0,29234.0,27638
27640,9192.0,29177.0,27639
27641,9192.0,29177.0,27640
27642,9192.0,28545.0,27641
27643,9192.0,28491.0,27642
27644,9192.0,28518.0,27643
27645,9192.0,29781.0,27644
27646,9192.0,29223.0,27645
27647,9192.0,29495.0,27646
27648,9192.0,29449.0,27647
27649,9192.0,29089.0,27648
27650,9192.0,29106.0,27649
27651,9192.0,29116.0,27650
27652,9192.0,29411.0,27651
27653,9192.0,29523.0,27652
27654,9192.0,29513.0,27653
27655,9192.0,29345.0,27654
27656,9192.0,29129.0,27655
27657,9192.0,28987.0,27656
27658,9192.0,29165.0,27657
27659,9192.0,29872.0,27658
27660,9192.0,28406.0,27659
27661,9192.0,28627.0,27660
27662,9192.0,28911.0,27661
27663,9192.0,28950.0,27662
27664,9192.0,28958.0,27663
27665,9192.0,28628.0,27664
27666,9192.0,27721.0,27665
27667,9192.0,27593.0,27666
27668,9192.0,27329.0,27667
27669,9192.0,27394.0,27668
27670,9192.0,27214.0,27669
27671,9192.0,27131.0,27670
27672,9192.0,27129.0,27671
27673,9192.0,28721.0,27672
27674,9192.0,28596.0,27673
27675,9192.0,27792.0,27674
27676,9192.0,27625.0,27675
27677,9192.0,26584.0,27676
27678,9192.0,27502.0,27677
27679,9192.0,28085.0,27678
27680,9192.0,27937.0,27679
27681,9192.0,27683.0,27680
27682,9192.0,27375.0,27681
27683,9192.0,27292.0,27682
27684,9192.0,27292.0,27683
27685,9192.0,26712.0,27684
27686,9192.0,26712.0,27685
27687,9192.0,26129.0,27686
27688,9192.0,26231.0,27687
27689,9192.0,26220.0,27688
27690,9192.0,26220.0,27689
27691,9192.0,25622.0,27690
27692,9192.0,25622.0,27691
27693,9192.0,25172.0,27692
27694,9192.0,26154.0,27693
27695,9192.0,26154.0,27694
27696,9192.0,27134.0,27695
27697,9192.0,27134.0,27696
27698,9192.0,27316.0,27697
27699,9192.0,27082.0,27698
27700,9192.0,28154.0,27699
27701,9192.0,28319.0,27700
27702,9192.0,28557.0,27701
27703,9192.0,28383.0,27702
27704,9192.0,28402.0,27703
27705,9192.0,28661.0,27704
27706,9192.0,28463.0,27705
27707,9192.0,28546.0,27706
27708,9192.0,30366.0,27707
27709,9192.0,30305.0,27708
27710,9192.0,30309.0,27709
27711,9192.0,31010.0,27710
27712,9192.0,31160.0,27711
27713,9192.0,31474.0,27712
27714,9192.0,31702.0,27713
27715,9192.0,31767.0,27714
27716,9192.0,31223.0,27715
27717,9192.0,30683.0,27716
27718,9192.0,30432.0,27717
27719,9192.0,30432.0,27718
27720,9192.0,30415.0,27719
27721,9192.0,30207.0,27720
27722,9192.0,30188.0,27721
27723,9192.0,29866.0,27722
27724,9192.0,29286.0,27723
27725,9192.0,29462.0,27724
27726,9192.0,28749.0,27725
27727,9192.0,28631.0,27726
27728,9192.0,28380.0,27727
27729,9192.0,28406.0,27728
27730,9192.0,28892.0,27729
27731,9192.0,28686.0,27730
27732,9192.0,28686.0,27731
27733,9192.0,28525.0,27732
27734,9192.0,27310.0,27733
27735,9192.0,27890.0,27734
27736,9192.0,27253.0,27735
27737,9192.0,27498.0,27736
27738,9192.0,27717.0,27737
27739,9192.0,27351.0,27738
27740,9192.0,27605.0,27739
27741,9192.0,27354.0,27740
27742,9192.0,27258.0,27741
27743,9192.0,27612.0,27742
27744,9192.0,28008.0,27743
27745,9192.0,26346.0,27744
27746,9192.0,26319.0,27745
27747,9192.0,26970.0,27746
27748,9192.0,26927.0,27747
27749,9192.0,27072.0,27748
27750,9192.0,27222.0,27749
27751,9192.0,27531.0,27750
27752,9192.0,27525.0,27751
27753,9192.0,27981.0,27752
27754,9192.0,27981.0,27753
27755,9192.0,27391.0,27754
27756,9192.0,27391.0,27755
27757,9192.0,27463.0,27756
27758,9192.0,29045.0,27757
27759,9192.0,28624.0,27758
27760,9192.0,28337.0,27759
27761,9192.0,28507.0,27760
27762,9192.0,27608.0,27761
27763,9192.0,28374.0,27762
27764,9192.0,28408.0,27763
27765,9192.0,28408.0,27764
27766,9192.0,28353.0,27765
27767,9192.0,26880.0,27766
27768,9192.0,26749.0,27767
27769,9192.0,26289.0,27768
27770,9192.0,27123.0,27769
27771,9192.0,27417.0,27770
27772,9192.0,27513.0,27771
27773,9192.0,27624.0,27772
27774,9192.0,27354.0,27773
27775,9192.0,28118.0,27774
27776,9192.0,28079.0,27775
27777,9192.0,27609.0,27776
27778,9192.0,27825.0,27777
27779,9192.0,27682.0,27778
27780,9192.0,27506.0,27779
27781,9192.0,27934.0,27780
27782,9192.0,29188.0,27781
27783,9192.0,29643.0,27782
27784,9192.0,29637.0,27783
27785,9192.0,29712.0,27784
27786,9192.0,28773.0,27785
27787,9192.0,29342.0,27786
27788,9192.0,29198.0,27787
27789,9192.0,29305.0,27788
27790,9192.0,29165.0,27789
27791,9192.0,29242.0,27790
27792,9192.0,29037.0,27791
27793,9192.0,28245.0,27792
27794,9192.0,28329.0,27793
27795,9192.0,28670.0,27794
27796,9192.0,28139.0,27795
27797,9192.0,27464.0,27796
27798,9192.0,26455.0,27797
27799,9192.0,26445.0,27798
27800,9192.0,26742.0,27799
27801,9192.0,26674.0,27800
27802,9192.0,27002.0,27801
27803,9192.0,27002.0,27802
27804,9192.0,27013.0,27803
27805,9192.0,26861.0,27804
27806,9192.0,26322.0,27805
27807,9192.0,26186.0,27806
27808,9192.0,26848.0,27807
27809,9192.0,26802.0,27808
27810,9192.0,26758.0,27809
27811,9192.0,27125.0,27810
27812,9192.0,26996.0,27811
27813,9192.0,25951.0,27812
27814,9192.0,25562.0,27813
27815,9192.0,25432.0,27814
27816,9192.0,25585.0,27815
27817,9192.0,25591.0,27816
27818,9192.0,24787.0,27817
27819,9192.0,24049.0,27818
27820,9192.0,24381.0,27819
27821,9192.0,24253.0,27820
27822,9192.0,24510.0,27821
27823,9192.0,25273.0,27822
27824,9192.0,25499.0,27823
27825,9192.0,25507.0,27824
27826,9192.0,25438.0,27825
27827,9192.0,25547.0,27826
27828,9192.0,25697.0,27827
27829,9192.0,25674.0,27828
27830,9192.0,25586.0,27829
27831,9192.0,25586.0,27830
27832,9192.0,26821.0,27831
27833,9192.0,26851.0,27832
27834,9192.0,27076.0,27833
27835,9192.0,27248.0,27834
27836,9192.0,27077.0,27835
27837,9192.0,27239.0,27836
27838,9192.0,27112.0,27837
27839,9192.0,25874.0,27838
27840,9192.0,25796.0,27839
27841,9192.0,25714.0,27840
27842,9192.0,25708.0,27841
27843,9192.0,26260.0,27842
27844,9192.0,26131.0,27843
27845,9192.0,25905.0,27844
27846,9192.0,25920.0,27845
27847,9192.0,25978.0,27846
27848,9192.0,26156.0,27847
27849,9192.0,26407.0,27848
27850,9192.0,26432.0,27849
27851,9192.0,26416.0,27850
27852,9192.0,26300.0,27851
27853,9192.0,25930.0,27852
27854,9192.0,25892.0,27853
27855,9192.0,25782.0,27854
27856,9192.0,25182.0,27855
27857,9192.0,25121.0,27856
27858,9192.0,25359.0,27857
27859,9192.0,25891.0,27858
27860,9192.0,25922.0,27859
27861,9192.0,25781.0,27860
27862,9192.0,25781.0,27861
27863,9192.0,26041.0,27862
27864,9192.0,26041.0,27863
27865,9192.0,26549.0,27864
27866,9192.0,26178.0,27865
27867,9192.0,26566.0,27866
27868,9192.0,26505.0,27867
27869,9192.0,25484.0,27868
27870,9192.0,25577.0,27869
27871,9192.0,26093.0,27870
27872,9192.0,26842.0,27871
27873,9192.0,26733.0,27872
27874,9192.0,26910.0,27873
27875,9192.0,26892.0,27874
27876,9192.0,26673.0,27875
27877,9192.0,26961.0,27876
27878,9192.0,26960.0,27877
27879,9192.0,27408.0,27878
27880,9192.0,27831.0,27879
27881,9192.0,27182.0,27880
27882,9192.0,27184.0,27881
27883,9192.0,26981.0,27882
27884,9192.0,26394.0,27883
27885,9192.0,25456.0,27884
27886,9192.0,25638.0,27885
27887,9192.0,25604.0,27886
27888,9192.0,24355.0,27887
27889,9192.0,25233.0,27888
27890,9192.0,27049.0,27889
27891,9192.0,27399.0,27890
27892,9192.0,28675.0,27891
27893,9192.0,28251.0,27892
27894,9192.0,28354.0,27893
27895,9192.0,28320.0,27894
27896,9192.0,28278.0,27895
27897,9192.0,28376.0,27896
27898,9192.0,28227.0,27897
27899,9192.0,28512.0,27898
27900,9192.0,28485.0,27899
27901,9192.0,28423.0,27900
27902,9192.0,28446.0,27901
27903,9192.0,28556.0,27902
27904,9192.0,29527.0,27903
27905,9192.0,29794.0,27904
27906,9192.0,29628.0,27905
27907,9192.0,29273.0,27906
27908,9192.0,29652.0,27907
27909,9192.0,29614.0,27908
27910,9192.0,29811.0,27909
27911,9192.0,30483.0,27910
27912,9192.0,30408.0,27911
27913,9192.0,30180.0,27912
27914,9192.0,29364.0,27913
27915,9192.0,29006.0,27914
27916,9192.0,28713.0,27915
27917,9192.0,29672.0,27916
27918,9192.0,29628.0,27917
27919,9192.0,29636.0,27918
27920,9192.0,29513.0,27919
27921,9192.0,28960.0,27920
27922,9192.0,28810.0,27921
27923,9192.0,28631.0,27922
27924,9192.0,27061.0,27923
27925,9192.0,26953.0,27924
27926,9192.0,26981.0,27925
27927,9192.0,27133.0,27926
27928,9192.0,27341.0,27927
27929,9192.0,27341.0,27928
27930,9192.0,26766.0,27929
27931,9192.0,26976.0,27930
27932,9192.0,25639.0,27931
27933,9192.0,26033.0,27932
27934,9192.0,26207.0,27933
27935,9192.0,25724.0,27934
27936,9192.0,25896.0,27935
27937,9192.0,25249.0,27936
27938,9192.0,25503.0,27937
27939,9192.0,25360.0,27938
27940,9192.0,25522.0,27939
27941,9192.0,25735.0,27940
27942,9192.0,25828.0,27941
27943,9192.0,25837.0,27942
27944,9192.0,26914.0,27943
27945,9192.0,27000.0,27944
27946,9192.0,26628.0,27945
27947,9192.0,27796.0,27946
27948,9192.0,28092.0,27947
27949,9192.0,28140.0,27948
27950,9192.0,27966.0,27949
27951,9192.0,28083.0,27950
27952,9192.0,28157.0,27951
27953,9192.0,28128.0,27952
27954,9192.0,29042.0,27953
27955,9192.0,29042.0,27954
27956,9192.0,27761.0,27955
27957,9192.0,27942.0,27956
27958,9192.0,27793.0,27957
27959,9192.0,27929.0,27958
27960,9192.0,27925.0,27959
27961,9192.0,29179.0,27960
27962,9192.0,28815.0,27961
27963,9192.0,28576.0,27962
27964,9192.0,29128.0,27963
27965,9192.0,29124.0,27964
27966,9192.0,28646.0,27965
27967,9192.0,27211.0,27966
27968,9192.0,27180.0,27967
27969,9192.0,27876.0,27968
27970,9192.0,28087.0,27969
27971,9192.0,28694.0,27970
27972,9192.0,28629.0,27971
27973,9192.0,28763.0,27972
27974,9192.0,28745.0,27973
27975,9192.0,28398.0,27974
27976,9192.0,28065.0,27975
27977,9192.0,28089.0,27976
27978,9192.0,27328.0,27977
27979,9192.0,28430.0,27978
27980,9192.0,28459.0,27979
27981,9192.0,28409.0,27980
27982,9192.0,28279.0,27981
27983,9192.0,28568.0,27982
27984,9192.0,29444.0,27983
27985,9192.0,29355.0,27984
27986,9192.0,29691.0,27985
27987,9192.0,29420.0,27986
27988,9192.0,29586.0,27987
27989,9192.0,29798.0,27988
27990,9192.0,29330.0,27989
27991,9192.0,29430.0,27990
27992,9192.0,27904.0,27991
27993,9192.0,27904.0,27992
27994,9192.0,27458.0,27993
27995,9192.0,27210.0,27994
27996,9192.0,27987.0,27995
27997,9192.0,28161.0,27996
27998,9192.0,27911.0,27997
27999,9192.0,27911.0,27998
28000,9192.0,27913.0,27999
28001,9192.0,28165.0,28000
28002,9192.0,27630.0,28001
28003,9192.0,27714.0,28002
28004,9192.0,27566.0,28003
28005,9192.0,26592.0,28004
28006,9192.0,26666.0,28005
28007,9192.0,26666.0,28006
28008,9192.0,26525.0,28007
28009,9192.0,26823.0,28008
28010,9192.0,26953.0,28009
28011,9192.0,27172.0,28010
28012,9192.0,27010.0,28011
28013,9192.0,27116.0,28012
28014,9192.0,27116.0,28013
28015,9192.0,27308.0,28014
28016,9192.0,27821.0,28015
28017,9192.0,27821.0,28016
28018,9192.0,27446.0,28017
28019,9192.0,27979.0,28018
28020,9192.0,26688.0,28019
28021,9192.0,26689.0,28020
28022,9192.0,26494.0,28021
28023,9192.0,26445.0,28022
28024,9192.0,26656.0,28023
28025,9192.0,26941.0,28024
28026,9192.0,27008.0,28025
28027,9192.0,26752.0,28026
28028,9192.0,26620.0,28027
28029,9192.0,26898.0,28028
28030,9192.0,26898.0,28029
28031,9192.0,27604.0,28030
28032,9192.0,28629.0,28031
28033,9192.0,28404.0,28032
28034,9192.0,28071.0,28033
28035,9192.0,27375.0,28034
28036,9192.0,27090.0,28035
28037,9192.0,27181.0,28036
28038,9192.0,26840.0,28037
28039,9192.0,26840.0,28038
28040,9192.0,27286.0,28039
28041,9192.0,27470.0,28040
28042,9192.0,27411.0,28041
28043,9192.0,28392.0,28042
28044,9192.0,28296.0,28043
28045,9192.0,28220.0,28044
28046,9192.0,28229.0,28045
28047,9192.0,27513.0,28046
28048,9192.0,27514.0,28047
28049,9192.0,27514.0,28048
28050,9192.0,27608.0,28049
28051,9192.0,27665.0,28050
28052,9192.0,28017.0,28051
28053,9192.0,27570.0,28052
28054,9192.0,27390.0,28053
28055,9192.0,27598.0,28054
28056,9192.0,28349.0,28055
28057,9192.0,28337.0,28056
28058,9192.0,27757.0,28057
28059,9192.0,27071.0,28058
28060,9192.0,27553.0,28059
28061,9192.0,28092.0,28060
28062,9192.0,28610.0,28061
28063,9192.0,28599.0,28062
28064,9192.0,29061.0,28063
28065,9192.0,29100.0,28064
28066,9192.0,28113.0,28065
28067,9192.0,27915.0,28066
28068,9192.0,27704.0,28067
28069,9192.0,27788.0,28068
28070,9192.0,28235.0,28069
28071,9192.0,27615.0,28070
28072,9192.0,27664.0,28071
28073,9192.0,28166.0,28072
28074,9192.0,28060.0,28073
28075,9192.0,28221.0,28074
28076,9192.0,28438.0,28075
28077,9192.0,28438.0,28076
28078,9192.0,28277.0,28077
28079,9192.0,28280.0,28078
28080,9192.0,27964.0,28079
28081,9192.0,27834.0,28080
28082,9192.0,27756.0,28081
28083,9192.0,27712.0,28082
28084,9192.0,27473.0,28083
28085,9192.0,27381.0,28084
28086,9192.0,27165.0,28085
28087,9192.0,27224.0,28086
28088,9192.0,26993.0,28087
28089,9192.0,27440.0,28088
28090,9192.0,27510.0,28089
28091,9192.0,27128.0,28090
28092,9192.0,27265.0,28091
28093,9192.0,27120.0,28092
28094,9192.0,27443.0,28093
28095,9192.0,26912.0,28094
28096,9192.0,26944.0,28095
28097,9192.0,26944.0,28096
28098,9192.0,27071.0,28097
28099,9192.0,27930.0,28098
28100,9192.0,26984.0,28099
28101,9192.0,26914.0,28100
28102,9192.0,26914.0,28101
28103,9192.0,26901.0,28102
28104,9192.0,27220.0,28103
28105,9192.0,27220.0,28104
28106,9192.0,27222.0,28105
28107,9192.0,26430.0,28106
28108,9192.0,27271.0,28107
28109,9192.0,27976.0,28108
28110,9192.0,27471.0,28109
28111,9192.0,27465.0,28110
28112,9192.0,28533.0,28111
28113,9192.0,28247.0,28112
28114,9192.0,28295.0,28113
28115,9192.0,28040.0,28114
28116,9192.0,28389.0,28115
28117,9192.0,28504.0,28116
28118,9192.0,28739.0,28117
28119,9192.0,28499.0,28118
28120,9192.0,29059.0,28119
28121,9192.0,29006.0,28120
28122,9192.0,28961.0,28121
28123,9192.0,29148.0,28122
28124,9192.0,29670.0,28123
28125,9192.0,30223.0,28124
28126,9192.0,30258.0,28125
28127,9192.0,30494.0,28126
28128,9192.0,31001.0,28127
28129,9192.0,31057.0,28128
28130,9192.0,31057.0,28129
28131,9192.0,30862.0,28130
28132,9192.0,31251.0,28131
28133,9192.0,31028.0,28132
28134,9192.0,31097.0,28133
28135,9192.0,30604.0,28134
28136,9192.0,31585.0,28135
28137,9192.0,31597.0,28136
28138,9192.0,32442.0,28137
28139,9192.0,32408.0,28138
28140,9192.0,32010.0,28139
28141,9192.0,30443.0,28140
28142,9192.0,30529.0,28141
28143,9192.0,30529.0,28142
28144,9192.0,30462.0,28143
28145,9192.0,30378.0,28144
28146,9192.0,30378.0,28145
28147,9192.0,30415.0,28146
28148,9192.0,30042.0,28147
28149,9192.0,30336.0,28148
28150,9192.0,30679.0,28149
28151,9192.0,30598.0,28150
28152,9192.0,30582.0,28151
28153,9192.0,30364.0,28152
28154,9192.0,30366.0,28153
28155,9192.0,28816.0,28154
28156,9192.0,28816.0,28155
28157,9192.0,28004.0,28156
28158,9192.0,28793.0,28157
28159,9192.0,28791.0,28158
28160,9192.0,28857.0,28159
28161,9192.0,28791.0,28160
28162,9192.0,28791.0,28161
28163,9192.0,28888.0,28162
28164,9192.0,28254.0,28163
28165,9192.0,28269.0,28164
28166,9192.0,28583.0,28165
28167,9192.0,28938.0,28166
28168,9192.0,28851.0,28167
28169,9192.0,28623.0,28168
28170,9192.0,28944.0,28169
28171,9192.0,28677.0,28170
28172,9192.0,28990.0,28171
28173,9192.0,28532.0,28172
28174,9192.0,27170.0,28173
28175,9192.0,26463.0,28174
28176,9192.0,27339.0,28175
28177,9192.0,27135.0,28176
28178,9192.0,27135.0,28177
28179,9192.0,27541.0,28178
28180,9192.0,27520.0,28179
28181,9192.0,27656.0,28180
28182,9192.0,28520.0,28181
28183,9192.0,28772.0,28182
28184,9192.0,28715.0,28183
28185,9192.0,28018.0,28184
28186,9192.0,26896.0,28185
28187,9192.0,27001.0,28186
28188,9192.0,27017.0,28187
28189,9192.0,27897.0,28188
28190,9192.0,28426.0,28189
28191,9192.0,28155.0,28190
28192,9192.0,28076.0,28191
28193,9192.0,27181.0,28192
28194,9192.0,27181.0,28193
28195,9192.0,27156.0,28194
28196,9192.0,28129.0,28195
28197,9192.0,27492.0,28196
28198,9192.0,27400.0,28197
28199,9192.0,27329.0,28198
28200,9192.0,27619.0,28199
28201,9192.0,27014.0,28200
28202,9192.0,27112.0,28201
28203,9192.0,27212.0,28202
28204,9192.0,27756.0,28203
28205,9192.0,26408.0,28204
28206,9192.0,25608.0,28205
28207,9192.0,27052.0,28206
28208,9192.0,27063.0,28207
28209,9192.0,27069.0,28208
28210,9192.0,26756.0,28209
28211,9192.0,26910.0,28210
28212,9192.0,26110.0,28211
28213,9192.0,27109.0,28212
28214,9192.0,26631.0,28213
28215,9192.0,26604.0,28214
28216,9192.0,26089.0,28215
28217,9192.0,26089.0,28216
28218,9192.0,26089.0,28217
28219,9192.0,25928.0,28218
28220,9192.0,26371.0,28219
28221,9192.0,25944.0,28220
28222,9192.0,25944.0,28221
28223,9192.0,25883.0,28222
28224,9192.0,25745.0,28223
28225,9192.0,25860.0,28224
28226,9192.0,25629.0,28225
28227,9192.0,25738.0,28226
28228,9192.0,25728.0,28227
28229,9192.0,25582.0,28228
28230,9192.0,25683.0,28229
28231,9192.0,25300.0,28230
28232,9192.0,25511.0,28231
28233,9192.0,25147.0,28232
28234,9192.0,24907.0,28233
28235,9192.0,24922.0,28234
28236,9192.0,24857.0,28235
28237,9192.0,24857.0,28236
28238,9192.0,24242.0,28237
28239,9192.0,24292.0,28238
28240,9192.0,24283.0,28239
28241,9192.0,24015.0,28240
28242,9192.0,24643.0,28241
28243,9192.0,24142.0,28242
28244,9192.0,24142.0,28243
28245,9192.0,24897.0,28244
28246,9192.0,25920.0,28245
28247,9192.0,25920.0,28246
28248,9192.0,26886.0,28247
28249,9192.0,27031.0,28248
28250,9192.0,27013.0,28249
28251,9192.0,26524.0,28250
28252,9192.0,26534.0,28251
28253,9192.0,26481.0,28252
28254,9192.0,27148.0,28253
28255,9192.0,27133.0,28254
28256,9192.0,27846.0,28255
28257,9192.0,27859.0,28256
28258,9192.0,27659.0,28257
28259,9192.0,27659.0,28258
28260,9192.0,27463.0,28259
28261,9192.0,27470.0,28260
28262,9192.0,28144.0,28261
28263,9192.0,27911.0,28262
28264,9192.0,27911.0,28263
28265,9192.0,27558.0,28264
28266,9192.0,25918.0,28265
28267,9192.0,25867.0,28266
28268,9192.0,24988.0,28267
28269,9192.0,25904.0,28268
28270,9192.0,25805.0,28269
28271,9192.0,26217.0,28270
28272,9192.0,26193.0,28271
28273,9192.0,26678.0,28272
28274,9192.0,26833.0,28273
28275,9192.0,26949.0,28274
28276,9192.0,29556.0,28275
28277,9192.0,29687.0,28276
28278,9192.0,29795.0,28277
28279,9192.0,30244.0,28278
28280,9192.0,30672.0,28279
28281,9192.0,31268.0,28280
28282,9192.0,30710.0,28281
28283,9192.0,30742.0,28282
28284,9192.0,30367.0,28283
28285,9192.0,30799.0,28284
28286,9192.0,30806.0,28285
28287,9192.0,30760.0,28286
28288,9192.0,30764.0,28287
28289,9192.0,30719.0,28288
28290,9192.0,30788.0,28289
28291,9192.0,30159.0,28290
28292,9192.0,29641.0,28291
28293,9192.0,28983.0,28292
28294,9192.0,28965.0,28293
28295,9192.0,28879.0,28294
28296,9192.0,28576.0,28295
28297,9192.0,28523.0,28296
28298,9192.0,27989.0,28297
28299,9192.0,28273.0,28298
28300,9192.0,28899.0,28299
28301,9192.0,28879.0,28300
28302,9192.0,27515.0,28301
28303,9192.0,27201.0,28302
28304,9192.0,28614.0,28303
28305,9192.0,28205.0,28304
28306,9192.0,28679.0,28305
28307,9192.0,28690.0,28306
28308,9192.0,28680.0,28307
28309,9192.0,28490.0,28308
28310,9192.0,28801.0,28309
28311,9192.0,28686.0,28310
28312,9192.0,28093.0,28311
28313,9192.0,28533.0,28312
28314,9192.0,28545.0,28313
28315,9192.0,28915.0,28314
28316,9192.0,28725.0,28315
28317,9192.0,28857.0,28316
28318,9192.0,28940.0,28317
28319,9192.0,28815.0,28318
28320,9192.0,28527.0,28319
28321,9192.0,28252.0,28320
28322,9192.0,28506.0,28321
28323,9192.0,28506.0,28322
28324,9192.0,28554.0,28323
28325,9192.0,28340.0,28324
28326,9192.0,28572.0,28325
28327,9192.0,29719.0,28326
28328,9192.0,29687.0,28327
28329,9192.0,29663.0,28328
28330,9192.0,29725.0,28329
28331,9192.0,30435.0,28330
28332,9192.0,30435.0,28331
28333,9192.0,30850.0,28332
28334,9192.0,30579.0,28333
28335,9192.0,30250.0,28334
28336,9192.0,30142.0,28335
28337,9192.0,30330.0,28336
28338,9192.0,30319.0,28337
28339,9192.0,30077.0,28338
28340,9192.0,30413.0,28339
28341,9192.0,30784.0,28340
28342,9192.0,30886.0,28341
28343,9192.0,30314.0,28342
28344,9192.0,30088.0,28343
28345,9192.0,30030.0,28344
28346,9192.0,30030.0,28345
28347,9192.0,31436.0,28346
28348,9192.0,31329.0,28347
28349,9192.0,30709.0,28348
28350,9192.0,30790.0,28349
28351,9192.0,30944.0,28350
28352,9192.0,30400.0,28351
28353,9192.0,30381.0,28352
28354,9192.0,30791.0,28353
28355,9192.0,30791.0,28354
28356,9192.0,30702.0,28355
28357,9192.0,30244.0,28356
28358,9192.0,30180.0,28357
28359,9192.0,30310.0,28358
28360,9192.0,30310.0,28359
28361,9192.0,30100.0,28360
28362,9192.0,30255.0,28361
28363,9192.0,29125.0,28362
28364,9192.0,29124.0,28363
28365,9192.0,28870.0,28364
28366,9192.0,28302.0,28365
28367,9192.0,28234.0,28366
28368,9192.0,28561.0,28367
28369,9192.0,29328.0,28368
28370,9192.0,27995.0,28369
28371,9192.0,28159.0,28370
28372,9192.0,29244.0,28371
28373,9192.0,29926.0,28372
28374,9192.0,29640.0,28373
28375,9192.0,29737.0,28374
28376,9192.0,30360.0,28375
28377,9192.0,29486.0,28376
28378,9192.0,29443.0,28377
28379,9192.0,29104.0,28378
28380,9192.0,28873.0,28379
28381,9192.0,27376.0,28380
28382,9192.0,27389.0,28381
28383,9192.0,27255.0,28382
28384,9192.0,27159.0,28383
28385,9192.0,27552.0,28384
28386,9192.0,27477.0,28385
28387,9192.0,27791.0,28386
28388,9192.0,27538.0,28387
28389,9192.0,27193.0,28388
28390,9192.0,27827.0,28389
28391,9192.0,28033.0,28390
28392,9192.0,27197.0,28391
28393,9192.0,27181.0,28392
28394,9192.0,28027.0,28393
28395,9192.0,28055.0,28394
28396,9192.0,27894.0,28395
28397,9192.0,27712.0,28396
28398,9192.0,27543.0,28397
28399,9192.0,27778.0,28398
28400,9192.0,27646.0,28399
28401,9192.0,27974.0,28400
28402,9192.0,27673.0,28401
28403,9192.0,28140.0,28402
28404,9192.0,28498.0,28403
28405,9192.0,30332.0,28404
28406,9192.0,30735.0,28405
28407,9192.0,30701.0,28406
28408,9192.0,30478.0,28407
28409,9192.0,30438.0,28408
28410,9192.0,31728.0,28409
28411,9192.0,31998.0,28410
28412,9192.0,31363.0,28411
28413,9192.0,31832.0,28412
28414,9192.0,31439.0,28413
28415,9192.0,31439.0,28414
28416,9192.0,31464.0,28415
28417,9192.0,31431.0,28416
28418,9192.0,31404.0,28417
28419,9192.0,31265.0,28418
28420,9192.0,30865.0,28419
28421,9192.0,30865.0,28420
28422,9192.0,30162.0,28421
28423,9192.0,29267.0,28422
28424,9192.0,30379.0,28423
28425,9192.0,30214.0,28424
28426,9192.0,30206.0,28425
28427,9192.0,29425.0,28426
28428,9192.0,29429.0,28427
28429,9192.0,29189.0,28428
28430,9192.0,28871.0,28429
28431,9192.0,28906.0,28430
28432,9192.0,28250.0,28431
28433,9192.0,28460.0,28432
28434,9192.0,28460.0,28433
28435,9192.0,27597.0,28434
28436,9192.0,28519.0,28435
28437,9192.0,29200.0,28436
28438,9192.0,28987.0,28437
28439,9192.0,29142.0,28438
28440,9192.0,29160.0,28439
28441,9192.0,30004.0,28440
28442,9192.0,30154.0,28441
28443,9192.0,30604.0,28442
28444,9192.0,30610.0,28443
28445,9192.0,30358.0,28444
28446,9192.0,30981.0,28445
28447,9192.0,30955.0,28446
28448,9192.0,29910.0,28447
28449,9192.0,30323.0,28448
28450,9192.0,30903.0,28449
28451,9192.0,30903.0,28450
28452,9192.0,30753.0,28451
28453,9192.0,30344.0,28452
28454,9192.0,30564.0,28453
28455,9192.0,31297.0,28454
28456,9192.0,30668.0,28455
28457,9192.0,30580.0,28456
28458,9192.0,30635.0,28457
28459,9192.0,30403.0,28458
28460,9192.0,30412.0,28459
28461,9192.0,30463.0,28460
28462,9192.0,30584.0,28461
28463,9192.0,30835.0,28462
28464,9192.0,30356.0,28463
28465,9192.0,29678.0,28464
28466,9192.0,29605.0,28465
28467,9192.0,29570.0,28466
28468,9192.0,29951.0,28467
28469,9192.0,29868.0,28468
28470,9192.0,29711.0,28469
28471,9192.0,30647.0,28470
28472,9192.0,30497.0,28471
28473,9192.0,30317.0,28472
28474,9192.0,29720.0,28473
28475,9192.0,30151.0,28474
28476,9192.0,30395.0,28475
28477,9192.0,30062.0,28476
28478,9192.0,29146.0,28477
28479,9192.0,29771.0,28478
28480,9192.0,29523.0,28479
28481,9192.0,28375.0,28480
28482,9192.0,28171.0,28481
28483,9192.0,27705.0,28482
28484,9192.0,27600.0,28483
28485,9192.0,28055.0,28484
28486,9192.0,28450.0,28485
28487,9192.0,28771.0,28486
28488,9192.0,28932.0,28487
28489,9192.0,29140.0,28488
28490,9192.0,29166.0,28489
28491,9192.0,29360.0,28490
28492,9192.0,29441.0,28491
28493,9192.0,29259.0,28492
28494,9192.0,30195.0,28493
28495,9192.0,30007.0,28494
28496,9192.0,29683.0,28495
28497,9192.0,29083.0,28496
28498,9192.0,29387.0,28497
28499,9192.0,29621.0,28498
28500,9192.0,29501.0,28499
28501,9192.0,29619.0,28500
28502,9192.0,29684.0,28501
28503,9192.0,30010.0,28502
28504,9192.0,30035.0,28503
28505,9192.0,29718.0,28504
28506,9192.0,30030.0,28505
28507,9192.0,29531.0,28506
28508,9192.0,29457.0,28507
28509,9192.0,29171.0,28508
28510,9192.0,29177.0,28509
28511,9192.0,29182.0,28510
28512,9192.0,29009.0,28511
28513,9192.0,28734.0,28512
28514,9192.0,28767.0,28513
28515,9192.0,28929.0,28514
28516,9192.0,29610.0,28515
28517,9192.0,29184.0,28516
28518,9192.0,29157.0,28517
28519,9192.0,29183.0,28518
28520,9192.0,28757.0,28519
28521,9192.0,28195.0,28520
28522,9192.0,28492.0,28521
28523,9192.0,28614.0,28522
28524,9192.0,28853.0,28523
28525,9192.0,28934.0,28524
28526,9192.0,28934.0,28525
28527,9192.0,28959.0,28526
28528,9192.0,29118.0,28527
28529,9192.0,29118.0,28528
28530,9192.0,29031.0,28529
28531,9192.0,28456.0,28530
28532,9192.0,28456.0,28531
28533,9192.0,27933.0,28532
28534,9192.0,27708.0,28533
28535,9192.0,27759.0,28534
28536,9192.0,27814.0,28535
28537,9192.0,27773.0,28536
28538,9192.0,27777.0,28537
28539,9192.0,27916.0,28538
28540,9192.0,27994.0,28539
28541,9192.0,28081.0,28540
28542,9192.0,28206.0,28541
28543,9192.0,28589.0,28542
28544,9192.0,29117.0,28543
28545,9192.0,29521.0,28544
28546,9192.0,29225.0,28545
28547,9192.0,29133.0,28546
28548,9192.0,28265.0,28547
28549,9192.0,29713.0,28548
28550,9192.0,30419.0,28549
28551,9192.0,30354.0,28550
28552,9192.0,30659.0,28551
28553,9192.0,30514.0,28552
28554,9192.0,30663.0,28553
28555,9192.0,30654.0,28554
28556,9192.0,30523.0,28555
28557,9192.0,30575.0,28556
28558,9192.0,30726.0,28557
28559,9192.0,30688.0,28558
28560,9192.0,30659.0,28559
28561,9192.0,30590.0,28560
28562,9192.0,31055.0,28561
28563,9192.0,31077.0,28562
28564,9192.0,31154.0,28563
28565,9192.0,31484.0,28564
28566,9192.0,31304.0,28565
28567,9192.0,31396.0,28566
28568,9192.0,30913.0,28567
28569,9192.0,30819.0,28568
28570,9192.0,30821.0,28569
28571,9192.0,30631.0,28570
28572,9192.0,30626.0,28571
28573,9192.0,30069.0,28572
28574,9192.0,30019.0,28573
28575,9192.0,29838.0,28574
28576,9192.0,29484.0,28575
28577,9192.0,29313.0,28576
28578,9192.0,28058.0,28577
28579,9192.0,28799.0,28578
28580,9192.0,28811.0,28579
28581,9192.0,28811.0,28580
28582,9192.0,28811.0,28581
28583,9192.0,28811.0,28582
28584,9192.0,29732.0,28583
28585,9192.0,29655.0,28584
28586,9192.0,30112.0,28585
28587,9192.0,29860.0,28586
28588,9192.0,30195.0,28587
28589,9192.0,30199.0,28588
28590,9192.0,30199.0,28589
28591,9192.0,30370.0,28590
28592,9192.0,30370.0,28591
28593,9192.0,30871.0,28592
28594,9192.0,30748.0,28593
28595,9192.0,30529.0,28594
28596,9192.0,30706.0,28595
28597,9192.0,30811.0,28596
28598,9192.0,31197.0,28597
28599,9192.0,30206.0,28598
28600,9192.0,30277.0,28599
28601,9192.0,30180.0,28600
28602,9192.0,30405.0,28601
28603,9192.0,30462.0,28602
28604,9192.0,30313.0,28603
28605,9192.0,29700.0,28604
28606,9192.0,30468.0,28605
28607,9192.0,30461.0,28606
28608,9192.0,30556.0,28607
28609,9192.0,30508.0,28608
28610,9192.0,30459.0,28609
28611,9192.0,30512.0,28610
28612,9192.0,30437.0,28611
28613,9192.0,28678.0,28612
28614,9192.0,28678.0,28613
28615,9192.0,28124.0,28614
28616,9192.0,28821.0,28615
28617,9192.0,28678.0,28616
28618,9192.0,27715.0,28617
28619,9192.0,27505.0,28618
28620,9192.0,27286.0,28619
28621,9192.0,27214.0,28620
28622,9192.0,27521.0,28621
28623,9192.0,27074.0,28622
28624,9192.0,26996.0,28623
28625,9192.0,27154.0,28624
28626,9192.0,27999.0,28625
28627,9192.0,28694.0,28626
28628,9192.0,28523.0,28627
28629,9192.0,28523.0,28628
28630,9192.0,28493.0,28629
28631,9192.0,28493.0,28630
28632,9192.0,28676.0,28631
28633,9192.0,29021.0,28632
28634,9192.0,28987.0,28633
28635,9192.0,29045.0,28634
28636,9192.0,29090.0,28635
28637,9192.0,28768.0,28636
28638,9192.0,27723.0,28637
28639,9192.0,27274.0,28638
28640,9192.0,27278.0,28639
28641,9192.0,27555.0,28640
28642,9192.0,27555.0,28641
28643,9192.0,28348.0,28642
28644,9192.0,29543.0,28643
28645,9192.0,29570.0,28644
28646,9192.0,29361.0,28645
28647,9192.0,28975.0,28646
28648,9192.0,29008.0,28647
28649,9192.0,29190.0,28648
28650,9192.0,29487.0,28649
28651,9192.0,29756.0,28650
28652,9192.0,29799.0,28651
28653,9192.0,29954.0,28652
28654,9192.0,30190.0,28653
28655,9192.0,30190.0,28654
28656,9192.0,30264.0,28655
28657,9192.0,29770.0,28656
28658,9192.0,29808.0,28657
28659,9192.0,29892.0,28658
28660,9192.0,30057.0,28659
28661,9192.0,30253.0,28660
28662,9192.0,30434.0,28661
28663,9192.0,30838.0,28662
28664,9192.0,30601.0,28663
28665,9192.0,30051.0,28664
28666,9192.0,30348.0,28665
28667,9192.0,30972.0,28666
28668,9192.0,30996.0,28667
28669,9192.0,30844.0,28668
28670,9192.0,30175.0,28669
28671,9192.0,30093.0,28670
28672,9192.0,30476.0,28671
28673,9192.0,30945.0,28672
28674,9192.0,30822.0,28673
28675,9192.0,29489.0,28674
28676,9192.0,29422.0,28675
28677,9192.0,29972.0,28676
28678,9192.0,29786.0,28677
28679,9192.0,29691.0,28678
28680,9192.0,29325.0,28679
28681,9192.0,29306.0,28680
28682,9192.0,29750.0,28681
28683,9192.0,30633.0,28682
28684,9192.0,30674.0,28683
28685,9192.0,31502.0,28684
28686,9192.0,30852.0,28685
28687,9192.0,30299.0,28686
28688,9192.0,30510.0,28687
28689,9192.0,30417.0,28688
28690,9192.0,29483.0,28689
28691,9192.0,29483.0,28690
28692,9192.0,29619.0,28691
28693,9192.0,29617.0,28692
28694,9192.0,29386.0,28693
28695,9192.0,29440.0,28694
28696,9192.0,29534.0,28695
28697,9192.0,30027.0,28696
28698,9192.0,30027.0,28697
28699,9192.0,29408.0,28698
28700,9192.0,29895.0,28699
28701,9192.0,29875.0,28700
28702,9192.0,29922.0,28701
28703,9192.0,29655.0,28702
28704,9192.0,29175.0,28703
28705,9192.0,28246.0,28704
28706,9192.0,28005.0,28705
28707,9192.0,28005.0,28706
28708,9192.0,28025.0,28707
28709,9192.0,28741.0,28708
28710,9192.0,28893.0,28709
28711,9192.0,28716.0,28710
28712,9192.0,28716.0,28711
28713,9192.0,29083.0,28712
28714,9192.0,28851.0,28713
28715,9192.0,28850.0,28714
28716,9192.0,29080.0,28715
28717,9192.0,29080.0,28716
28718,9192.0,28925.0,28717
28719,9192.0,28925.0,28718
28720,9192.0,28346.0,28719
28721,9192.0,28955.0,28720
28722,9192.0,29006.0,28721
28723,9192.0,29163.0,28722
28724,9192.0,29527.0,28723
28725,9192.0,29459.0,28724
28726,9192.0,28383.0,28725
28727,9192.0,28401.0,28726
28728,9192.0,28827.0,28727
28729,9192.0,29106.0,28728
28730,9192.0,28753.0,28729
28731,9192.0,28724.0,28730
28732,9192.0,28724.0,28731
28733,9192.0,28878.0,28732
28734,9192.0,28883.0,28733
28735,9192.0,29174.0,28734
28736,9192.0,29352.0,28735
28737,9192.0,29175.0,28736
28738,9192.0,29355.0,28737
28739,9192.0,28688.0,28738
28740,9192.0,28598.0,28739
28741,9192.0,29147.0,28740
28742,9192.0,29173.0,28741
28743,9192.0,28870.0,28742
28744,9192.0,28870.0,28743
28745,9192.0,28702.0,28744
28746,9192.0,28709.0,28745
28747,9192.0,29082.0,28746
28748,9192.0,29470.0,28747
28749,9192.0,29465.0,28748
28750,9192.0,29435.0,28749
28751,9192.0,30218.0,28750
28752,9192.0,30453.0,28751
28753,9192.0,30704.0,28752
28754,9192.0,30325.0,28753
28755,9192.0,30146.0,28754
28756,9192.0,30297.0,28755
28757,9192.0,30257.0,28756
28758,9192.0,30189.0,28757
28759,9192.0,30239.0,28758
28760,9192.0,30049.0,28759
28761,9192.0,30123.0,28760
28762,9192.0,29663.0,28761
28763,9192.0,29176.0,28762
28764,9192.0,29030.0,28763
28765,9192.0,28765.0,28764
28766,9192.0,28751.0,28765
28767,9192.0,28758.0,28766
28768,9192.0,28896.0,28767
28769,9192.0,28733.0,28768
28770,9192.0,28520.0,28769
28771,9192.0,28560.0,28770
28772,9192.0,28810.0,28771
28773,9192.0,29092.0,28772
28774,9192.0,29230.0,28773
28775,9192.0,29137.0,28774
28776,9192.0,29265.0,28775
28777,9192.0,29603.0,28776
28778,9192.0,28976.0,28777
28779,9192.0,29481.0,28778
28780,9192.0,29270.0,28779
28781,9192.0,29270.0,28780
28782,9192.0,29851.0,28781
28783,9192.0,29623.0,28782
28784,9192.0,29566.0,28783
28785,9192.0,29539.0,28784
28786,9192.0,29576.0,28785
28787,9192.0,29352.0,28786
28788,9192.0,29342.0,28787
28789,9192.0,30289.0,28788
28790,9192.0,30250.0,28789
28791,9192.0,30298.0,28790
28792,9192.0,30528.0,28791
28793,9192.0,29858.0,28792
28794,9192.0,30010.0,28793
28795,9192.0,29753.0,28794
28796,9192.0,29804.0,28795
28797,9192.0,29865.0,28796
28798,9192.0,29592.0,28797
28799,9192.0,29385.0,28798
28800,9192.0,29544.0,28799
28801,9192.0,29719.0,28800
28802,9192.0,29460.0,28801
28803,9192.0,29542.0,28802
28804,9192.0,28810.0,28803
28805,9192.0,28181.0,28804
28806,9192.0,28387.0,28805
28807,9192.0,29258.0,28806
28808,9192.0,29258.0,28807
28809,9192.0,29294.0,28808
28810,9192.0,29438.0,28809
28811,9192.0,29378.0,28810
28812,9192.0,29393.0,28811
28813,9192.0,29393.0,28812
28814,9192.0,29326.0,28813
28815,9192.0,29234.0,28814
28816,9192.0,28912.0,28815
28817,9192.0,29003.0,28816
28818,9192.0,28974.0,28817
28819,9192.0,28757.0,28818
28820,9192.0,28757.0,28819
28821,9192.0,28281.0,28820
28822,9192.0,28370.0,28821
28823,9192.0,27729.0,28822
28824,9192.0,27717.0,28823
28825,9192.0,27093.0,28824
28826,9192.0,26930.0,28825
28827,9192.0,27002.0,28826
28828,9192.0,26561.0,28827
28829,9192.0,26646.0,28828
28830,9192.0,26616.0,28829
28831,9192.0,26862.0,28830
28832,9192.0,27292.0,28831
28833,9192.0,26805.0,28832
28834,9192.0,26805.0,28833
28835,9192.0,26327.0,28834
28836,9192.0,26729.0,28835
28837,9192.0,26800.0,28836
28838,9192.0,27046.0,28837
28839,9192.0,27111.0,28838
28840,9192.0,27122.0,28839
28841,9192.0,26983.0,28840
28842,9192.0,26772.0,28841
28843,9192.0,26708.0,28842
28844,9192.0,26547.0,28843
28845,9192.0,26231.0,28844
28846,9192.0,26233.0,28845
28847,9192.0,26237.0,28846
28848,9192.0,26310.0,28847
28849,9192.0,26247.0,28848
28850,9192.0,26415.0,28849
28851,9192.0,26943.0,28850
28852,9192.0,26928.0,28851
28853,9192.0,27130.0,28852
28854,9192.0,27290.0,28853
28855,9192.0,27290.0,28854
28856,9192.0,27938.0,28855
28857,9192.0,29071.0,28856
28858,9192.0,29383.0,28857
28859,9192.0,29076.0,28858
28860,9192.0,28480.0,28859
28861,9192.0,28684.0,28860
28862,9192.0,29156.0,28861
28863,9192.0,29156.0,28862
28864,9192.0,28278.0,28863
28865,9192.0,28492.0,28864
28866,9192.0,28685.0,28865
28867,9192.0,28514.0,28866
28868,9192.0,28553.0,28867
28869,9192.0,28775.0,28868
28870,9192.0,26858.0,28869
28871,9192.0,26118.0,28870
28872,9192.0,27013.0,28871
28873,9192.0,27605.0,28872
28874,9192.0,28126.0,28873
28875,9192.0,28248.0,28874
28876,9192.0,28032.0,28875
28877,9192.0,28044.0,28876
28878,9192.0,28538.0,28877
28879,9192.0,29192.0,28878
28880,9192.0,28431.0,28879
28881,9192.0,29328.0,28880
28882,9192.0,28902.0,28881
28883,9192.0,28808.0,28882
28884,9192.0,30074.0,28883
28885,9192.0,29138.0,28884
28886,9192.0,29014.0,28885
28887,9192.0,29071.0,28886
28888,9192.0,28817.0,28887
28889,9192.0,28875.0,28888
28890,9192.0,28840.0,28889
28891,9192.0,28840.0,28890
28892,9192.0,28547.0,28891
28893,9192.0,28962.0,28892
28894,9192.0,28954.0,28893
28895,9192.0,29027.0,28894
28896,9192.0,27888.0,28895
28897,9192.0,28017.0,28896
28898,9192.0,28177.0,28897
28899,9192.0,28265.0,28898
28900,9192.0,28386.0,28899
28901,9192.0,28570.0,28900
28902,9192.0,28570.0,28901
28903,9192.0,28988.0,28902
28904,9192.0,28889.0,28903
28905,9192.0,28854.0,28904
28906,9192.0,28854.0,28905
28907,9192.0,29713.0,28906
28908,9192.0,29654.0,28907
28909,9192.0,29491.0,28908
28910,9192.0,29509.0,28909
28911,9192.0,29399.0,28910
28912,9192.0,29342.0,28911
28913,9192.0,29648.0,28912
28914,9192.0,29107.0,28913
28915,9192.0,29078.0,28914
28916,9192.0,28859.0,28915
28917,9192.0,29346.0,28916
28918,9192.0,28949.0,28917
28919,9192.0,29036.0,28918
28920,9192.0,29436.0,28919
28921,9192.0,28302.0,28920
28922,9192.0,27482.0,28921
28923,9192.0,27538.0,28922
28924,9192.0,27590.0,28923
28925,9192.0,27870.0,28924
28926,9192.0,27870.0,28925
28927,9192.0,27920.0,28926
28928,9192.0,27935.0,28927
28929,9192.0,27935.0,28928
28930,9192.0,28153.0,28929
28931,9192.0,28116.0,28930
28932,9192.0,28639.0,28931
28933,9192.0,29121.0,28932
28934,9192.0,28483.0,28933
28935,9192.0,28727.0,28934
28936,9192.0,29127.0,28935
28937,9192.0,29156.0,28936
28938,9192.0,29094.0,28937
28939,9192.0,29257.0,28938
28940,9192.0,30110.0,28939
28941,9192.0,30181.0,28940
28942,9192.0,29836.0,28941
28943,9192.0,29117.0,28942
28944,9192.0,29146.0,28943
28945,9192.0,28904.0,28944
28946,9192.0,28983.0,28945
28947,9192.0,28988.0,28946
28948,9192.0,28988.0,28947
28949,9192.0,28988.0,28948
28950,9192.0,29681.0,28949
28951,9192.0,29681.0,28950
28952,9192.0,29639.0,28951
28953,9192.0,29648.0,28952
28954,9192.0,29208.0,28953
28955,9192.0,28961.0,28954
28956,9192.0,28867.0,28955
28957,9192.0,28392.0,28956
28958,9192.0,28800.0,28957
28959,9192.0,29532.0,28958
28960,9192.0,29575.0,28959
28961,9192.0,29522.0,28960
28962,9192.0,27895.0,28961
28963,9192.0,27895.0,28962
28964,9192.0,27826.0,28963
28965,9192.0,27205.0,28964
28966,9192.0,27179.0,28965
28967,9192.0,26533.0,28966
28968,9192.0,26421.0,28967
28969,9192.0,26740.0,28968
28970,9192.0,26440.0,28969
28971,9192.0,26702.0,28970
28972,9192.0,27257.0,28971
28973,9192.0,27691.0,28972
28974,9192.0,27689.0,28973
28975,9192.0,27834.0,28974
28976,9192.0,27901.0,28975
28977,9192.0,27901.0,28976
28978,9192.0,28804.0,28977
28979,9192.0,28735.0,28978
28980,9192.0,28309.0,28979
28981,9192.0,28111.0,28980
28982,9192.0,28432.0,28981
28983,9192.0,28525.0,28982
28984,9192.0,28856.0,28983
28985,9192.0,28653.0,28984
28986,9192.0,28383.0,28985
28987,9192.0,28501.0,28986
28988,9192.0,28489.0,28987
28989,9192.0,28473.0,28988
28990,9192.0,28482.0,28989
28991,9192.0,29050.0,28990
28992,9192.0,29050.0,28991
28993,9192.0,28744.0,28992
28994,9192.0,28744.0,28993
28995,9192.0,28730.0,28994
28996,9192.0,27757.0,28995
28997,9192.0,26791.0,28996
28998,9192.0,26087.0,28997
28999,9192.0,26049.0,28998
29000,9192.0,26118.0,28999
29001,9192.0,27771.0,29000
29002,9192.0,27712.0,29001
29003,9192.0,27554.0,29002
29004,9192.0,29549.0,29003
29005,9192.0,29519.0,29004
29006,9192.0,29756.0,29005
29007,9192.0,29756.0,29006
29008,9192.0,29717.0,29007
29009,9192.0,29786.0,29008
29010,9192.0,29952.0,29009
29011,9192.0,30619.0,29010
29012,9192.0,29934.0,29011
29013,9192.0,29801.0,29012
29014,9192.0,30000.0,29013
29015,9192.0,30632.0,29014
29016,9192.0,31076.0,29015
29017,9192.0,30696.0,29016
29018,9192.0,30952.0,29017
29019,9192.0,30463.0,29018
29020,9192.0,30943.0,29019
29021,9192.0,30832.0,29020
29022,9192.0,31113.0,29021
29023,9192.0,29982.0,29022
29024,9192.0,29946.0,29023
29025,9192.0,29646.0,29024
29026,9192.0,29766.0,29025
29027,9192.0,29914.0,29026
29028,9192.0,30537.0,29027
29029,9192.0,30264.0,29028
29030,9192.0,30282.0,29029
29031,9192.0,30135.0,29030
29032,9192.0,30192.0,29031
29033,9192.0,29763.0,29032
29034,9192.0,29781.0,29033
29035,9192.0,31422.0,29034
29036,9192.0,31428.0,29035
29037,9192.0,31428.0,29036
29038,9192.0,30654.0,29037
29039,9192.0,30311.0,29038
29040,9192.0,30329.0,29039
29041,9192.0,30616.0,29040
29042,9192.0,30880.0,29041
29043,9192.0,29906.0,29042
29044,9192.0,30108.0,29043
29045,9192.0,30184.0,29044
29046,9192.0,29933.0,29045
29047,9192.0,29923.0,29046
29048,9192.0,30539.0,29047
29049,9192.0,30541.0,29048
29050,9192.0,30418.0,29049
29051,9192.0,30167.0,29050
29052,9192.0,30148.0,29051
29053,9192.0,30547.0,29052
29054,9192.0,30313.0,29053
29055,9192.0,30304.0,29054
29056,9192.0,30476.0,29055
29057,9192.0,30027.0,29056
29058,9192.0,29670.0,29057
29059,9192.0,30419.0,29058
29060,9192.0,30308.0,29059
29061,9192.0,29975.0,29060
29062,9192.0,29742.0,29061
29063,9192.0,30194.0,29062
29064,9192.0,30280.0,29063
29065,9192.0,30437.0,29064
29066,9192.0,30596.0,29065
29067,9192.0,30617.0,29066
29068,9192.0,30620.0,29067
29069,9192.0,30410.0,29068
29070,9192.0,30084.0,29069
29071,9192.0,29858.0,29070
29072,9192.0,29514.0,29071
29073,9192.0,29789.0,29072
29074,9192.0,28568.0,29073
29075,9192.0,28714.0,29074
29076,9192.0,28830.0,29075
29077,9192.0,29018.0,29076
29078,9192.0,28594.0,29077
29079,9192.0,27912.0,29078
29080,9192.0,27783.0,29079
29081,9192.0,27847.0,29080
29082,9192.0,27845.0,29081
29083,9192.0,27311.0,29082
29084,9192.0,27250.0,29083
29085,9192.0,26922.0,29084
29086,9192.0,26708.0,29085
29087,9192.0,28114.0,29086
29088,9192.0,28121.0,29087
29089,9192.0,28658.0,29088
29090,9192.0,29012.0,29089
29091,9192.0,30694.0,29090
29092,9192.0,30667.0,29091
29093,9192.0,30370.0,29092
29094,9192.0,30370.0,29093
29095,9192.0,29875.0,29094
29096,9192.0,30021.0,29095
29097,9192.0,30073.0,29096
29098,9192.0,30119.0,29097
29099,9192.0,29974.0,29098
29100,9192.0,30512.0,29099
29101,9192.0,30755.0,29100
29102,9192.0,30763.0,29101
29103,9192.0,30763.0,29102
29104,9192.0,30087.0,29103
29105,9192.0,30142.0,29104
29106,9192.0,30369.0,29105
29107,9192.0,30393.0,29106
29108,9192.0,30570.0,29107
29109,9192.0,30814.0,29108
29110,9192.0,30866.0,29109
29111,9192.0,31732.0,29110
29112,9192.0,31608.0,29111
29113,9192.0,31506.0,29112
29114,9192.0,31556.0,29113
29115,9192.0,31256.0,29114
29116,9192.0,31537.0,29115
29117,9192.0,30708.0,29116
29118,9192.0,30719.0,29117
29119,9192.0,30338.0,29118
29120,9192.0,29648.0,29119
29121,9192.0,28994.0,29120
29122,9192.0,29093.0,29121
29123,9192.0,29103.0,29122
29124,9192.0,29103.0,29123
29125,9192.0,29242.0,29124
29126,9192.0,29508.0,29125
29127,9192.0,29297.0,29126
29128,9192.0,30014.0,29127
29129,9192.0,29996.0,29128
29130,9192.0,31865.0,29129
29131,9192.0,31832.0,29130
29132,9192.0,31892.0,29131
29133,9192.0,31533.0,29132
29134,9192.0,31950.0,29133
29135,9192.0,31212.0,29134
29136,9192.0,31164.0,29135
29137,9192.0,28372.0,29136
29138,9192.0,27702.0,29137
29139,9192.0,27459.0,29138
29140,9192.0,26916.0,29139
29141,9192.0,28654.0,29140
29142,9192.0,28775.0,29141
29143,9192.0,28431.0,29142
29144,9192.0,28757.0,29143
29145,9192.0,28766.0,29144
29146,9192.0,29247.0,29145
29147,9192.0,29069.0,29146
29148,9192.0,29105.0,29147
29149,9192.0,28931.0,29148
29150,9192.0,29198.0,29149
29151,9192.0,28946.0,29150
29152,9192.0,28946.0,29151
29153,9192.0,29140.0,29152
29154,9192.0,29302.0,29153
29155,9192.0,29127.0,29154
29156,9192.0,29072.0,29155
29157,9192.0,29104.0,29156
29158,9192.0,28270.0,29157
29159,9192.0,28297.0,29158
29160,9192.0,28769.0,29159
29161,9192.0,28385.0,29160
29162,9192.0,28380.0,29161
29163,9192.0,28400.0,29162
29164,9192.0,28988.0,29163
29165,9192.0,29028.0,29164
29166,9192.0,28818.0,29165
29167,9192.0,29123.0,29166
29168,9192.0,29260.0,29167
29169,9192.0,28870.0,29168
29170,9192.0,28870.0,29169
29171,9192.0,28870.0,29170
29172,9192.0,28654.0,29171
29173,9192.0,28533.0,29172
29174,9192.0,28614.0,29173
29175,9192.0,28614.0,29174
29176,9192.0,28699.0,29175
29177,9192.0,28931.0,29176
29178,9192.0,29164.0,29177
29179,9192.0,29337.0,29178
29180,9192.0,29123.0,29179
29181,9192.0,29531.0,29180
29182,9192.0,29587.0,29181
29183,9192.0,29587.0,29182
29184,9192.0,29885.0,29183
29185,9192.0,30610.0,29184
29186,9192.0,30297.0,29185
29187,9192.0,31112.0,29186
29188,9192.0,31191.0,29187
29189,9192.0,31106.0,29188
29190,9192.0,31370.0,29189
29191,9192.0,31063.0,29190
29192,9192.0,31046.0,29191
29193,9192.0,30822.0,29192
29194,9192.0,30000.0,29193
29195,9192.0,29859.0,29194
29196,9192.0,29647.0,29195
29197,9192.0,29492.0,29196
29198,9192.0,29487.0,29197
29199,9192.0,30423.0,29198
29200,9192.0,29949.0,29199
29201,9192.0,29437.0,29200
29202,9192.0,28564.0,29201
29203,9192.0,28268.0,29202
29204,9192.0,29778.0,29203
29205,9192.0,29705.0,29204
29206,9192.0,30168.0,29205
29207,9192.0,30432.0,29206
29208,9192.0,30435.0,29207
29209,9192.0,30661.0,29208
29210,9192.0,30661.0,29209
29211,9192.0,30609.0,29210
29212,9192.0,30643.0,29211
29213,9192.0,28390.0,29212
29214,9192.0,27899.0,29213
29215,9192.0,28969.0,29214
29216,9192.0,28969.0,29215
29217,9192.0,29011.0,29216
29218,9192.0,29097.0,29217
29219,9192.0,28882.0,29218
29220,9192.0,28955.0,29219
29221,9192.0,29181.0,29220
29222,9192.0,29213.0,29221
29223,9192.0,29004.0,29222
29224,9192.0,29462.0,29223
29225,9192.0,29595.0,29224
29226,9192.0,29229.0,29225
29227,9192.0,29627.0,29226
29228,9192.0,29789.0,29227
29229,9192.0,29735.0,29228
29230,9192.0,29443.0,29229
29231,9192.0,29860.0,29230
29232,9192.0,30127.0,29231
29233,9192.0,29598.0,29232
29234,9192.0,30454.0,29233
29235,9192.0,30544.0,29234
29236,9192.0,30860.0,29235
29237,9192.0,30705.0,29236
29238,9192.0,30705.0,29237
29239,9192.0,30378.0,29238
29240,9192.0,30475.0,29239
29241,9192.0,30488.0,29240
29242,9192.0,30959.0,29241
29243,9192.0,31453.0,29242
29244,9192.0,31467.0,29243
29245,9192.0,31553.0,29244
29246,9192.0,31525.0,29245
29247,9192.0,31589.0,29246
29248,9192.0,31557.0,29247
29249,9192.0,31085.0,29248
29250,9192.0,31129.0,29249
29251,9192.0,31242.0,29250
29252,9192.0,31278.0,29251
29253,9192.0,29701.0,29252
29254,9192.0,29103.0,29253
29255,9192.0,29118.0,29254
29256,9192.0,29486.0,29255
29257,9192.0,27907.0,29256
29258,9192.0,27969.0,29257
29259,9192.0,27715.0,29258
29260,9192.0,27715.0,29259
29261,9192.0,26809.0,29260
29262,9192.0,26307.0,29261
29263,9192.0,26305.0,29262
29264,9192.0,25721.0,29263
29265,9192.0,26304.0,29264
29266,9192.0,26577.0,29265
29267,9192.0,26664.0,29266
29268,9192.0,26270.0,29267
29269,9192.0,26055.0,29268
29270,9192.0,25288.0,29269
29271,9192.0,25259.0,29270
29272,9192.0,24827.0,29271
29273,9192.0,24827.0,29272
29274,9192.0,24731.0,29273
29275,9192.0,24734.0,29274
29276,9192.0,25062.0,29275
29277,9192.0,24757.0,29276
29278,9192.0,26349.0,29277
29279,9192.0,26579.0,29278
29280,9192.0,27099.0,29279
29281,9192.0,27156.0,29280
29282,9192.0,27155.0,29281
29283,9192.0,26882.0,29282
29284,9192.0,26296.0,29283
29285,9192.0,26553.0,29284
29286,9192.0,26320.0,29285
29287,9192.0,26691.0,29286
29288,9192.0,26997.0,29287
29289,9192.0,26574.0,29288
29290,9192.0,26481.0,29289
29291,9192.0,26573.0,29290
29292,9192.0,26592.0,29291
29293,9192.0,26550.0,29292
29294,9192.0,25621.0,29293
29295,9192.0,25620.0,29294
29296,9192.0,27045.0,29295
29297,9192.0,27037.0,29296
29298,9192.0,26653.0,29297
29299,9192.0,26984.0,29298
29300,9192.0,26991.0,29299
29301,9192.0,27211.0,29300
29302,9192.0,26389.0,29301
29303,9192.0,26428.0,29302
29304,9192.0,27059.0,29303
29305,9192.0,27673.0,29304
29306,9192.0,27185.0,29305
29307,9192.0,27631.0,29306
29308,9192.0,27895.0,29307
29309,9192.0,27843.0,29308
29310,9192.0,27843.0,29309
29311,9192.0,27855.0,29310
29312,9192.0,28007.0,29311
29313,9192.0,28088.0,29312
29314,9192.0,28088.0,29313
29315,9192.0,28418.0,29314
29316,9192.0,28414.0,29315
29317,9192.0,28441.0,29316
29318,9192.0,27538.0,29317
29319,9192.0,27295.0,29318
29320,9192.0,27960.0,29319
29321,9192.0,27738.0,29320
29322,9192.0,27909.0,29321
29323,9192.0,27909.0,29322
29324,9192.0,27909.0,29323
29325,9192.0,27763.0,29324
29326,9192.0,27044.0,29325
29327,9192.0,26957.0,29326
29328,9192.0,27255.0,29327
29329,9192.0,26656.0,29328
29330,9192.0,26656.0,29329
29331,9192.0,26334.0,29330
29332,9192.0,26329.0,29331
29333,9192.0,26368.0,29332
29334,9192.0,26268.0,29333
29335,9192.0,26517.0,29334
29336,9192.0,26446.0,29335
29337,9192.0,26521.0,29336
29338,9192.0,26601.0,29337
29339,9192.0,26798.0,29338
29340,9192.0,26411.0,29339
29341,9192.0,27036.0,29340
29342,9192.0,27439.0,29341
29343,9192.0,27475.0,29342
29344,9192.0,27141.0,29343
29345,9192.0,28038.0,29344
29346,9192.0,28038.0,29345
29347,9192.0,28847.0,29346
29348,9192.0,28834.0,29347
29349,9192.0,29323.0,29348
29350,9192.0,29323.0,29349
29351,9192.0,29831.0,29350
29352,9192.0,29650.0,29351
29353,9192.0,29840.0,29352
29354,9192.0,29547.0,29353
29355,9192.0,29225.0,29354
29356,9192.0,29000.0,29355
29357,9192.0,29051.0,29356
29358,9192.0,28759.0,29357
29359,9192.0,28424.0,29358
29360,9192.0,28492.0,29359
29361,9192.0,28924.0,29360
29362,9192.0,29115.0,29361
29363,9192.0,29422.0,29362
29364,9192.0,29646.0,29363
29365,9192.0,29627.0,29364
29366,9192.0,29653.0,29365
29367,9192.0,29698.0,29366
29368,9192.0,30341.0,29367
29369,9192.0,30809.0,29368
29370,9192.0,30675.0,29369
29371,9192.0,30297.0,29370
29372,9192.0,30572.0,29371
29373,9192.0,29763.0,29372
29374,9192.0,31418.0,29373
29375,9192.0,31442.0,29374
29376,9192.0,31540.0,29375
29377,9192.0,30975.0,29376
29378,9192.0,30259.0,29377
29379,9192.0,30204.0,29378
29380,9192.0,29803.0,29379
29381,9192.0,29760.0,29380
29382,9192.0,29204.0,29381
29383,9192.0,28978.0,29382
29384,9192.0,28967.0,29383
29385,9192.0,28709.0,29384
29386,9192.0,29899.0,29385
29387,9192.0,29369.0,29386
29388,9192.0,28995.0,29387
29389,9192.0,29434.0,29388
29390,9192.0,29432.0,29389
29391,9192.0,29818.0,29390
29392,9192.0,29418.0,29391
29393,9192.0,29195.0,29392
29394,9192.0,29321.0,29393
29395,9192.0,29321.0,29394
29396,9192.0,29321.0,29395
29397,9192.0,29233.0,29396
29398,9192.0,29392.0,29397
29399,9192.0,29415.0,29398
29400,9192.0,29415.0,29399
29401,9192.0,29727.0,29400
29402,9192.0,29913.0,29401
29403,9192.0,29599.0,29402
29404,9192.0,29703.0,29403
29405,9192.0,30441.0,29404
29406,9192.0,31178.0,29405
29407,9192.0,31293.0,29406
29408,9192.0,31090.0,29407
29409,9192.0,30921.0,29408
29410,9192.0,30994.0,29409
29411,9192.0,30621.0,29410
29412,9192.0,31644.0,29411
29413,9192.0,31543.0,29412
29414,9192.0,30754.0,29413
29415,9192.0,30850.0,29414
29416,9192.0,30452.0,29415
29417,9192.0,30385.0,29416
29418,9192.0,29938.0,29417
29419,9192.0,30116.0,29418
29420,9192.0,30395.0,29419
29421,9192.0,30446.0,29420
29422,9192.0,30285.0,29421
29423,9192.0,30441.0,29422
29424,9192.0,29985.0,29423
29425,9192.0,29985.0,29424
29426,9192.0,30039.0,29425
29427,9192.0,29944.0,29426
29428,9192.0,29944.0,29427
29429,9192.0,29910.0,29428
29430,9192.0,29151.0,29429
29431,9192.0,29500.0,29430
29432,9192.0,29492.0,29431
29433,9192.0,28737.0,29432
29434,9192.0,29158.0,29433
29435,9192.0,29464.0,29434
29436,9192.0,29464.0,29435
29437,9192.0,30026.0,29436
29438,9192.0,30367.0,29437
29439,9192.0,30194.0,29438
29440,9192.0,29729.0,29439
29441,9192.0,29666.0,29440
29442,9192.0,29685.0,29441
29443,9192.0,29945.0,29442
29444,9192.0,30007.0,29443
29445,9192.0,29327.0,29444
29446,9192.0,28895.0,29445
29447,9192.0,28810.0,29446
29448,9192.0,29098.0,29447
29449,9192.0,28801.0,29448
29450,9192.0,29002.0,29449
29451,9192.0,27788.0,29450
29452,9192.0,27698.0,29451
29453,9192.0,27743.0,29452
29454,9192.0,27743.0,29453
29455,9192.0,27349.0,29454
29456,9192.0,27221.0,29455
29457,9192.0,28706.0,29456
29458,9192.0,29284.0,29457
29459,9192.0,29284.0,29458
29460,9192.0,29268.0,29459
29461,9192.0,29633.0,29460
29462,9192.0,29262.0,29461
29463,9192.0,30020.0,29462
29464,9192.0,30213.0,29463
29465,9192.0,30983.0,29464
29466,9192.0,30790.0,29465
29467,9192.0,31249.0,29466
29468,9192.0,29511.0,29467
29469,9192.0,29839.0,29468
29470,9192.0,30448.0,29469
29471,9192.0,30308.0,29470
29472,9192.0,30116.0,29471
29473,9192.0,30073.0,29472
29474,9192.0,30193.0,29473
29475,9192.0,29837.0,29474
29476,9192.0,29907.0,29475
29477,9192.0,30730.0,29476
29478,9192.0,31596.0,29477
29479,9192.0,31653.0,29478
29480,9192.0,31567.0,29479
29481,9192.0,31692.0,29480
29482,9192.0,31635.0,29481
29483,9192.0,31606.0,29482
29484,9192.0,31567.0,29483
29485,9192.0,31722.0,29484
29486,9192.0,31032.0,29485
29487,9192.0,30916.0,29486
29488,9192.0,32372.0,29487
29489,9192.0,32189.0,29488
29490,9192.0,32186.0,29489
29491,9192.0,32023.0,29490
29492,9192.0,31478.0,29491
29493,9192.0,31463.0,29492
29494,9192.0,31524.0,29493
29495,9192.0,31663.0,29494
29496,9192.0,31603.0,29495
29497,9192.0,31687.0,29496
29498,9192.0,31568.0,29497
29499,9192.0,31578.0,29498
29500,9192.0,31939.0,29499
29501,9192.0,31948.0,29500
29502,9192.0,31974.0,29501
29503,9192.0,31131.0,29502
29504,9192.0,31131.0,29503
29505,9192.0,30542.0,29504
29506,9192.0,30907.0,29505
29507,9192.0,30824.0,29506
29508,9192.0,31621.0,29507
29509,9192.0,31819.0,29508
29510,9192.0,31710.0,29509
29511,9192.0,31741.0,29510
29512,9192.0,31721.0,29511
29513,9192.0,31721.0,29512
29514,9192.0,31867.0,29513
29515,9192.0,32051.0,29514
29516,9192.0,31960.0,29515
29517,9192.0,31960.0,29516
29518,9192.0,32141.0,29517
29519,9192.0,32095.0,29518
29520,9192.0,31293.0,29519
29521,9192.0,31325.0,29520
29522,9192.0,30283.0,29521
29523,9192.0,30527.0,29522
29524,9192.0,30304.0,29523
29525,9192.0,30269.0,29524
29526,9192.0,30068.0,29525
29527,9192.0,30252.0,29526
29528,9192.0,30127.0,29527
29529,9192.0,30357.0,29528
29530,9192.0,30054.0,29529
29531,9192.0,30068.0,29530
29532,9192.0,29121.0,29531
29533,9192.0,29121.0,29532
29534,9192.0,29044.0,29533
29535,9192.0,28699.0,29534
29536,9192.0,28252.0,29535
29537,9192.0,27745.0,29536
29538,9192.0,27698.0,29537
29539,9192.0,27705.0,29538
29540,9192.0,28537.0,29539
29541,9192.0,28629.0,29540
29542,9192.0,28680.0,29541
29543,9192.0,28680.0,29542
29544,9192.0,29039.0,29543
29545,9192.0,29024.0,29544
29546,9192.0,28901.0,29545
29547,9192.0,28690.0,29546
29548,9192.0,28653.0,29547
29549,9192.0,28653.0,29548
29550,9192.0,28779.0,29549
29551,9192.0,28839.0,29550
29552,9192.0,27724.0,29551
29553,9192.0,27930.0,29552
29554,9192.0,28555.0,29553
29555,9192.0,28447.0,29554
29556,9192.0,28610.0,29555
29557,9192.0,28993.0,29556
29558,9192.0,28988.0,29557
29559,9192.0,28778.0,29558
29560,9192.0,28427.0,29559
29561,9192.0,28427.0,29560
29562,9192.0,28367.0,29561
29563,9192.0,28357.0,29562
29564,9192.0,28365.0,29563
29565,9192.0,28627.0,29564
29566,9192.0,28437.0,29565
29567,9192.0,28639.0,29566
29568,9192.0,29105.0,29567
29569,9192.0,29105.0,29568
29570,9192.0,28981.0,29569
29571,9192.0,30478.0,29570
29572,9192.0,30349.0,29571
29573,9192.0,29723.0,29572
29574,9192.0,29833.0,29573
29575,9192.0,30081.0,29574
29576,9192.0,30075.0,29575
29577,9192.0,29921.0,29576
29578,9192.0,29991.0,29577
29579,9192.0,30460.0,29578
29580,9192.0,30247.0,29579
29581,9192.0,30472.0,29580
29582,9192.0,30297.0,29581
29583,9192.0,30272.0,29582
29584,9192.0,30413.0,29583
29585,9192.0,30087.0,29584
29586,9192.0,30090.0,29585
29587,9192.0,29806.0,29586
29588,9192.0,29620.0,29587
29589,9192.0,28560.0,29588
29590,9192.0,28543.0,29589
29591,9192.0,28613.0,29590
29592,9192.0,27995.0,29591
29593,9192.0,28023.0,29592
29594,9192.0,28029.0,29593
29595,9192.0,28038.0,29594
29596,9192.0,27980.0,29595
29597,9192.0,27614.0,29596
29598,9192.0,27143.0,29597
29599,9192.0,27143.0,29598
29600,9192.0,27143.0,29599
29601,9192.0,27272.0,29600
29602,9192.0,27186.0,29601
29603,9192.0,26965.0,29602
29604,9192.0,26950.0,29603
29605,9192.0,26503.0,29604
29606,9192.0,27335.0,29605
29607,9192.0,27329.0,29606
29608,9192.0,27488.0,29607
29609,9192.0,26840.0,29608
29610,9192.0,27160.0,29609
29611,9192.0,27406.0,29610
29612,9192.0,27849.0,29611
29613,9192.0,27755.0,29612
29614,9192.0,28564.0,29613
29615,9192.0,28545.0,29614
29616,9192.0,28411.0,29615
29617,9192.0,28142.0,29616
29618,9192.0,27754.0,29617
29619,9192.0,27983.0,29618
29620,9192.0,27901.0,29619
29621,9192.0,28385.0,29620
29622,9192.0,28413.0,29621
29623,9192.0,30159.0,29622
29624,9192.0,30081.0,29623
29625,9192.0,30089.0,29624
29626,9192.0,28953.0,29625
29627,9192.0,29161.0,29626
29628,9192.0,29167.0,29627
29629,9192.0,28915.0,29628
29630,9192.0,28977.0,29629
29631,9192.0,28728.0,29630
29632,9192.0,28583.0,29631
29633,9192.0,28696.0,29632
29634,9192.0,28861.0,29633
29635,9192.0,28106.0,29634
29636,9192.0,27825.0,29635
29637,9192.0,28108.0,29636
29638,9192.0,29013.0,29637
29639,9192.0,29484.0,29638
29640,9192.0,29956.0,29639
29641,9192.0,29931.0,29640
29642,9192.0,29924.0,29641
29643,9192.0,30544.0,29642
29644,9192.0,30943.0,29643
29645,9192.0,31151.0,29644
29646,9192.0,31122.0,29645
29647,9192.0,30934.0,29646
29648,9192.0,30952.0,29647
29649,9192.0,30692.0,29648
29650,9192.0,30309.0,29649
29651,9192.0,30276.0,29650
29652,9192.0,29832.0,29651
29653,9192.0,29986.0,29652
29654,9192.0,30546.0,29653
29655,9192.0,30243.0,29654
29656,9192.0,29972.0,29655
29657,9192.0,30887.0,29656
29658,9192.0,31181.0,29657
29659,9192.0,31051.0,29658
29660,9192.0,31426.0,29659
29661,9192.0,31165.0,29660
29662,9192.0,30985.0,29661
29663,9192.0,31307.0,29662
29664,9192.0,29610.0,29663
29665,9192.0,29114.0,29664
29666,9192.0,29102.0,29665
29667,9192.0,29435.0,29666
29668,9192.0,29677.0,29667
29669,9192.0,29672.0,29668
29670,9192.0,30786.0,29669
29671,9192.0,31251.0,29670
29672,9192.0,31029.0,29671
29673,9192.0,30563.0,29672
29674,9192.0,30621.0,29673
29675,9192.0,30383.0,29674
29676,9192.0,30380.0,29675
29677,9192.0,30235.0,29676
29678,9192.0,30235.0,29677
29679,9192.0,28707.0,29678
29680,9192.0,28178.0,29679
29681,9192.0,28178.0,29680
29682,9192.0,28178.0,29681
29683,9192.0,28226.0,29682
29684,9192.0,28300.0,29683
29685,9192.0,28053.0,29684
29686,9192.0,28217.0,29685
29687,9192.0,28857.0,29686
29688,9192.0,28311.0,29687
29689,9192.0,28357.0,29688
29690,9192.0,28357.0,29689
29691,9192.0,28313.0,29690
29692,9192.0,28325.0,29691
29693,9192.0,29750.0,29692
29694,9192.0,29660.0,29693
29695,9192.0,29702.0,29694
29696,9192.0,29788.0,29695
29697,9192.0,29763.0,29696
29698,9192.0,29404.0,29697
29699,9192.0,28928.0,29698
29700,9192.0,27403.0,29699
29701,9192.0,27646.0,29700
29702,9192.0,27512.0,29701
29703,9192.0,26726.0,29702
29704,9192.0,26839.0,29703
29705,9192.0,27491.0,29704
29706,9192.0,27083.0,29705
29707,9192.0,27469.0,29706
29708,9192.0,27000.0,29707
29709,9192.0,26589.0,29708
29710,9192.0,26632.0,29709
29711,9192.0,26623.0,29710
29712,9192.0,26623.0,29711
29713,9192.0,26401.0,29712
29714,9192.0,26393.0,29713
29715,9192.0,26313.0,29714
29716,9192.0,26284.0,29715
29717,9192.0,26144.0,29716
29718,9192.0,26150.0,29717
29719,9192.0,26158.0,29718
29720,9192.0,26172.0,29719
29721,9192.0,26293.0,29720
29722,9192.0,27759.0,29721
29723,9192.0,28056.0,29722
29724,9192.0,28334.0,29723
29725,9192.0,28342.0,29724
29726,9192.0,29110.0,29725
29727,9192.0,29321.0,29726
29728,9192.0,29744.0,29727
29729,9192.0,29708.0,29728
29730,9192.0,29708.0,29729
29731,9192.0,29714.0,29730
29732,9192.0,30028.0,29731
29733,9192.0,30041.0,29732
29734,9192.0,29447.0,29733
29735,9192.0,28643.0,29734
29736,9192.0,28654.0,29735
29737,9192.0,28720.0,29736
29738,9192.0,28766.0,29737
29739,9192.0,28924.0,29738
29740,9192.0,28924.0,29739
29741,9192.0,28869.0,29740
29742,9192.0,28620.0,29741
29743,9192.0,29478.0,29742
29744,9192.0,29492.0,29743
29745,9192.0,28951.0,29744
29746,9192.0,28616.0,29745
29747,9192.0,28616.0,29746
29748,9192.0,28898.0,29747
29749,9192.0,29027.0,29748
29750,9192.0,28972.0,29749
29751,9192.0,29123.0,29750
29752,9192.0,27377.0,29751
29753,9192.0,27467.0,29752
29754,9192.0,27217.0,29753
29755,9192.0,26949.0,29754
29756,9192.0,26737.0,29755
29757,9192.0,26755.0,29756
29758,9192.0,26896.0,29757
29759,9192.0,26444.0,29758
29760,9192.0,26444.0,29759
29761,9192.0,26417.0,29760
29762,9192.0,26617.0,29761
29763,9192.0,26141.0,29762
29764,9192.0,26146.0,29763
29765,9192.0,25916.0,29764
29766,9192.0,25740.0,29765
29767,9192.0,25721.0,29766
29768,9192.0,25485.0,29767
29769,9192.0,25400.0,29768
29770,9192.0,25559.0,29769
29771,9192.0,25504.0,29770
29772,9192.0,25482.0,29771
29773,9192.0,25086.0,29772
29774,9192.0,25841.0,29773
29775,9192.0,26157.0,29774
29776,9192.0,26188.0,29775
29777,9192.0,26118.0,29776
29778,9192.0,25737.0,29777
29779,9192.0,25835.0,29778
29780,9192.0,25908.0,29779
29781,9192.0,25885.0,29780
29782,9192.0,27041.0,29781
29783,9192.0,27041.0,29782
29784,9192.0,26948.0,29783
29785,9192.0,26788.0,29784
29786,9192.0,27131.0,29785
29787,9192.0,27000.0,29786
29788,9192.0,26885.0,29787
29789,9192.0,28319.0,29788
29790,9192.0,27592.0,29789
29791,9192.0,27668.0,29790
29792,9192.0,27739.0,29791
29793,9192.0,28024.0,29792
29794,9192.0,30021.0,29793
29795,9192.0,29956.0,29794
29796,9192.0,31377.0,29795
29797,9192.0,31074.0,29796
29798,9192.0,30839.0,29797
29799,9192.0,30904.0,29798
29800,9192.0,31099.0,29799
29801,9192.0,31082.0,29800
29802,9192.0,31023.0,29801
29803,9192.0,31023.0,29802
29804,9192.0,31023.0,29803
29805,9192.0,31211.0,29804
29806,9192.0,31426.0,29805
29807,9192.0,31408.0,29806
29808,9192.0,31105.0,29807
29809,9192.0,31129.0,29808
29810,9192.0,31322.0,29809
29811,9192.0,31230.0,29810
29812,9192.0,31316.0,29811
29813,9192.0,31484.0,29812
29814,9192.0,31708.0,29813
29815,9192.0,31691.0,29814
29816,9192.0,31801.0,29815
29817,9192.0,31788.0,29816
29818,9192.0,32119.0,29817
29819,9192.0,31949.0,29818
29820,9192.0,31405.0,29819
29821,9192.0,31408.0,29820
29822,9192.0,32169.0,29821
29823,9192.0,32146.0,29822
29824,9192.0,32168.0,29823
29825,9192.0,32914.0,29824
29826,9192.0,32405.0,29825
29827,9192.0,32529.0,29826
29828,9192.0,32604.0,29827
29829,9192.0,32369.0,29828
29830,9192.0,32519.0,29829
29831,9192.0,32239.0,29830
29832,9192.0,32313.0,29831
29833,9192.0,31975.0,29832
29834,9192.0,32009.0,29833
29835,9192.0,32052.0,29834
29836,9192.0,31883.0,29835
29837,9192.0,30911.0,29836
29838,9192.0,31083.0,29837
29839,9192.0,31438.0,29838
29840,9192.0,31534.0,29839
29841,9192.0,31263.0,29840
29842,9192.0,31258.0,29841
29843,9192.0,31288.0,29842
29844,9192.0,31489.0,29843
29845,9192.0,31197.0,29844
29846,9192.0,30821.0,29845
29847,9192.0,29953.0,29846
29848,9192.0,29964.0,29847
29849,9192.0,29262.0,29848
29850,9192.0,28657.0,29849
29851,9192.0,27570.0,29850
29852,9192.0,27631.0,29851
29853,9192.0,27111.0,29852
29854,9192.0,26962.0,29853
29855,9192.0,26244.0,29854
29856,9192.0,25580.0,29855
29857,9192.0,25586.0,29856
29858,9192.0,25662.0,29857
29859,9192.0,25867.0,29858
29860,9192.0,26903.0,29859
29861,9192.0,27609.0,29860
29862,9192.0,27465.0,29861
29863,9192.0,27317.0,29862
29864,9192.0,28414.0,29863
29865,9192.0,28312.0,29864
29866,9192.0,28293.0,29865
29867,9192.0,29183.0,29866
29868,9192.0,29724.0,29867
29869,9192.0,29430.0,29868
29870,9192.0,29500.0,29869
29871,9192.0,29450.0,29870
29872,9192.0,30017.0,29871
29873,9192.0,30164.0,29872
29874,9192.0,30196.0,29873
29875,9192.0,30154.0,29874
29876,9192.0,29117.0,29875
29877,9192.0,29161.0,29876
29878,9192.0,29606.0,29877
29879,9192.0,29502.0,29878
29880,9192.0,29653.0,29879
29881,9192.0,29593.0,29880
29882,9192.0,29415.0,29881
29883,9192.0,29362.0,29882
29884,9192.0,29816.0,29883
29885,9192.0,28291.0,29884
29886,9192.0,27642.0,29885
29887,9192.0,27908.0,29886
29888,9192.0,27851.0,29887
29889,9192.0,26777.0,29888
29890,9192.0,27136.0,29889
29891,9192.0,27340.0,29890
29892,9192.0,26990.0,29891
29893,9192.0,27281.0,29892
29894,9192.0,27139.0,29893
29895,9192.0,27134.0,29894
29896,9192.0,26584.0,29895
29897,9192.0,27163.0,29896
29898,9192.0,27382.0,29897
29899,9192.0,27474.0,29898
29900,9192.0,27543.0,29899
29901,9192.0,27551.0,29900
29902,9192.0,27804.0,29901
29903,9192.0,27515.0,29902
29904,9192.0,27378.0,29903
29905,9192.0,27332.0,29904
29906,9192.0,27970.0,29905
29907,9192.0,27909.0,29906
29908,9192.0,27909.0,29907
29909,9192.0,27909.0,29908
29910,9192.0,28553.0,29909
29911,9192.0,29422.0,29910
29912,9192.0,29429.0,29911
29913,9192.0,29397.0,29912
29914,9192.0,29397.0,29913
29915,9192.0,29561.0,29914
29916,9192.0,30040.0,29915
29917,9192.0,29683.0,29916
29918,9192.0,29325.0,29917
29919,9192.0,29198.0,29918
29920,9192.0,29078.0,29919
29921,9192.0,28795.0,29920
29922,9192.0,28924.0,29921
29923,9192.0,28927.0,29922
29924,9192.0,28912.0,29923
29925,9192.0,28857.0,29924
29926,9192.0,28842.0,29925
29927,9192.0,28881.0,29926
29928,9192.0,29296.0,29927
29929,9192.0,28686.0,29928
29930,9192.0,28484.0,29929
29931,9192.0,28396.0,29930
29932,9192.0,29030.0,29931
29933,9192.0,28123.0,29932
29934,9192.0,27824.0,29933
29935,9192.0,27834.0,29934
29936,9192.0,27614.0,29935
29937,9192.0,27454.0,29936
29938,9192.0,27509.0,29937
29939,9192.0,27010.0,29938
29940,9192.0,27426.0,29939
29941,9192.0,27035.0,29940
29942,9192.0,26633.0,29941
29943,9192.0,28000.0,29942
29944,9192.0,27711.0,29943
29945,9192.0,27587.0,29944
29946,9192.0,27101.0,29945
29947,9192.0,26007.0,29946
29948,9192.0,26415.0,29947
29949,9192.0,26497.0,29948
29950,9192.0,26343.0,29949
29951,9192.0,26504.0,29950
29952,9192.0,26745.0,29951
29953,9192.0,26778.0,29952
29954,9192.0,27152.0,29953
29955,9192.0,27152.0,29954
29956,9192.0,27152.0,29955
29957,9192.0,27183.0,29956
29958,9192.0,27058.0,29957
29959,9192.0,27552.0,29958
29960,9192.0,27581.0,29959
29961,9192.0,27632.0,29960
29962,9192.0,27534.0,29961
29963,9192.0,27642.0,29962
29964,9192.0,27766.0,29963
29965,9192.0,27766.0,29964
29966,9192.0,27945.0,29965
29967,9192.0,27945.0,29966
29968,9192.0,27929.0,29967
29969,9192.0,27769.0,29968
29970,9192.0,27719.0,29969
29971,9192.0,28400.0,29970
29972,9192.0,28052.0,29971
29973,9192.0,28688.0,29972
29974,9192.0,29721.0,29973
29975,9192.0,29477.0,29974
29976,9192.0,28988.0,29975
29977,9192.0,28988.0,29976
29978,9192.0,29294.0,29977
29979,9192.0,29360.0,29978
29980,9192.0,29060.0,29979
29981,9192.0,29089.0,29980
29982,9192.0,29331.0,29981
29983,9192.0,28726.0,29982
29984,9192.0,28063.0,29983
29985,9192.0,28067.0,29984
29986,9192.0,27770.0,29985
29987,9192.0,28242.0,29986
29988,9192.0,28365.0,29987
29989,9192.0,28090.0,29988
29990,9192.0,28699.0,29989
29991,9192.0,28533.0,29990
29992,9192.0,28733.0,29991
29993,9192.0,28397.0,29992
29994,9192.0,28697.0,29993
29995,9192.0,30142.0,29994
29996,9192.0,30359.0,29995
29997,9192.0,30249.0,29996
29998,9192.0,29614.0,29997
29999,9192.0,30013.0,29998
30000,9192.0,29956.0,29999
30001,9192.0,29950.0,30000
30002,9192.0,29923.0,30001
30003,9192.0,30106.0,30002
30004,9192.0,30446.0,30003
30005,9192.0,30619.0,30004
30006,9192.0,29865.0,30005
30007,9192.0,30715.0,30006
30008,9192.0,30625.0,30007
30009,9192.0,30400.0,30008
30010,9192.0,30255.0,30009
30011,9192.0,30539.0,30010
30012,9192.0,30818.0,30011
30013,9192.0,29343.0,30012
30014,9192.0,30145.0,30013
30015,9192.0,30079.0,30014
30016,9192.0,30079.0,30015
30017,9192.0,30172.0,30016
30018,9192.0,30422.0,30017
30019,9192.0,30051.0,30018
30020,9192.0,29864.0,30019
30021,9192.0,29895.0,30020
30022,9192.0,30327.0,30021
30023,9192.0,29895.0,30022
30024,9192.0,29629.0,30023
30025,9192.0,29306.0,30024
30026,9192.0,29132.0,30025
30027,9192.0,29142.0,30026
30028,9192.0,29049.0,30027
30029,9192.0,29050.0,30028
30030,9192.0,29613.0,30029
30031,9192.0,29888.0,30030
30032,9192.0,30003.0,30031
30033,9192.0,30626.0,30032
30034,9192.0,31030.0,30033
30035,9192.0,31342.0,30034
30036,9192.0,31174.0,30035
30037,9192.0,31040.0,30036
30038,9192.0,30533.0,30037
30039,9192.0,30275.0,30038
30040,9192.0,30060.0,30039
30041,9192.0,29897.0,30040
30042,9192.0,30295.0,30041
30043,9192.0,30267.0,30042
30044,9192.0,30555.0,30043
30045,9192.0,30736.0,30044
30046,9192.0,30198.0,30045
30047,9192.0,30492.0,30046
30048,9192.0,30226.0,30047
30049,9192.0,30041.0,30048
30050,9192.0,30498.0,30049
30051,9192.0,29772.0,30050
30052,9192.0,29460.0,30051
30053,9192.0,29623.0,30052
30054,9192.0,29746.0,30053
30055,9192.0,29711.0,30054
30056,9192.0,29714.0,30055
30057,9192.0,29585.0,30056
30058,9192.0,28991.0,30057
30059,9192.0,30080.0,30058
30060,9192.0,30080.0,30059
30061,9192.0,30611.0,30060
30062,9192.0,30958.0,30061
30063,9192.0,30968.0,30062
30064,9192.0,29918.0,30063
30065,9192.0,29932.0,30064
30066,9192.0,29697.0,30065
30067,9192.0,30102.0,30066
30068,9192.0,30140.0,30067
30069,9192.0,29939.0,30068
30070,9192.0,30276.0,30069
30071,9192.0,30148.0,30070
30072,9192.0,29700.0,30071
30073,9192.0,29700.0,30072
30074,9192.0,29818.0,30073
30075,9192.0,29818.0,30074
30076,9192.0,29818.0,30075
30077,9192.0,30044.0,30076
30078,9192.0,29957.0,30077
30079,9192.0,30330.0,30078
30080,9192.0,30681.0,30079
30081,9192.0,31921.0,30080
30082,9192.0,32233.0,30081
30083,9192.0,32312.0,30082
30084,9192.0,32355.0,30083
30085,9192.0,31869.0,30084
30086,9192.0,31037.0,30085
30087,9192.0,31097.0,30086
30088,9192.0,31533.0,30087
30089,9192.0,31550.0,30088
30090,9192.0,31434.0,30089
30091,9192.0,31760.0,30090
30092,9192.0,31964.0,30091
30093,9192.0,31754.0,30092
30094,9192.0,31445.0,30093
30095,9192.0,30823.0,30094
30096,9192.0,30768.0,30095
30097,9192.0,30765.0,30096
30098,9192.0,31423.0,30097
30099,9192.0,31399.0,30098
30100,9192.0,31423.0,30099
30101,9192.0,31423.0,30100
30102,9192.0,31255.0,30101
30103,9192.0,30905.0,30102
30104,9192.0,31275.0,30103
30105,9192.0,30751.0,30104
30106,9192.0,30753.0,30105
30107,9192.0,30803.0,30106
30108,9192.0,30892.0,30107
30109,9192.0,29498.0,30108
30110,9192.0,29450.0,30109
30111,9192.0,29596.0,30110
30112,9192.0,29550.0,30111
30113,9192.0,29052.0,30112
30114,9192.0,29318.0,30113
30115,9192.0,29318.0,30114
30116,9192.0,29391.0,30115
30117,9192.0,29432.0,30116
30118,9192.0,29290.0,30117
30119,9192.0,29624.0,30118
30120,9192.0,29635.0,30119
30121,9192.0,29223.0,30120
30122,9192.0,29400.0,30121
30123,9192.0,29218.0,30122
30124,9192.0,29811.0,30123
30125,9192.0,29952.0,30124
30126,9192.0,29880.0,30125
30127,9192.0,30120.0,30126
30128,9192.0,29273.0,30127
30129,9192.0,29239.0,30128
30130,9192.0,29301.0,30129
30131,9192.0,28913.0,30130
30132,9192.0,28426.0,30131
30133,9192.0,28332.0,30132
30134,9192.0,27785.0,30133
30135,9192.0,27575.0,30134
30136,9192.0,27278.0,30135
30137,9192.0,27437.0,30136
30138,9192.0,27739.0,30137
30139,9192.0,27666.0,30138
30140,9192.0,27764.0,30139
30141,9192.0,27764.0,30140
30142,9192.0,27750.0,30141
30143,9192.0,27838.0,30142
30144,9192.0,28069.0,30143
30145,9192.0,28069.0,30144
30146,9192.0,27667.0,30145
30147,9192.0,27268.0,30146
30148,9192.0,27027.0,30147
30149,9192.0,27094.0,30148
30150,9192.0,27101.0,30149
30151,9192.0,26902.0,30150
30152,9192.0,25810.0,30151
30153,9192.0,25810.0,30152
30154,9192.0,25684.0,30153
30155,9192.0,25684.0,30154
30156,9192.0,25709.0,30155
30157,9192.0,25889.0,30156
30158,9192.0,26933.0,30157
30159,9192.0,26330.0,30158
30160,9192.0,26235.0,30159
30161,9192.0,27411.0,30160
30162,9192.0,27411.0,30161
30163,9192.0,27174.0,30162
30164,9192.0,27174.0,30163
30165,9192.0,26418.0,30164
30166,9192.0,26605.0,30165
30167,9192.0,27217.0,30166
30168,9192.0,27314.0,30167
30169,9192.0,28329.0,30168
30170,9192.0,28272.0,30169
30171,9192.0,28185.0,30170
30172,9192.0,29087.0,30171
30173,9192.0,28989.0,30172
30174,9192.0,29265.0,30173
30175,9192.0,29426.0,30174
30176,9192.0,29499.0,30175
30177,9192.0,29598.0,30176
30178,9192.0,29375.0,30177
30179,9192.0,29510.0,30178
30180,9192.0,29897.0,30179
30181,9192.0,29937.0,30180
30182,9192.0,29883.0,30181
30183,9192.0,29911.0,30182
30184,9192.0,29900.0,30183
30185,9192.0,30106.0,30184
30186,9192.0,29890.0,30185
30187,9192.0,30895.0,30186
30188,9192.0,30852.0,30187
30189,9192.0,30168.0,30188
30190,9192.0,30118.0,30189
30191,9192.0,29661.0,30190
30192,9192.0,30063.0,30191
30193,9192.0,30349.0,30192
30194,9192.0,30054.0,30193
30195,9192.0,30333.0,30194
30196,9192.0,30333.0,30195
30197,9192.0,30363.0,30196
30198,9192.0,30363.0,30197
30199,9192.0,30646.0,30198
30200,9192.0,30914.0,30199
30201,9192.0,30985.0,30200
30202,9192.0,30884.0,30201
30203,9192.0,30853.0,30202
30204,9192.0,30993.0,30203
30205,9192.0,30986.0,30204
30206,9192.0,30422.0,30205
30207,9192.0,30438.0,30206
30208,9192.0,31083.0,30207
30209,9192.0,31112.0,30208
30210,9192.0,31112.0,30209
30211,9192.0,30783.0,30210
30212,9192.0,30598.0,30211
30213,9192.0,30632.0,30212
30214,9192.0,30376.0,30213
30215,9192.0,30504.0,30214
30216,9192.0,30037.0,30215
30217,9192.0,30274.0,30216
30218,9192.0,30229.0,30217
30219,9192.0,29179.0,30218
30220,9192.0,30216.0,30219
30221,9192.0,30343.0,30220
30222,9192.0,31275.0,30221
30223,9192.0,31371.0,30222
30224,9192.0,31443.0,30223
30225,9192.0,31354.0,30224
30226,9192.0,31258.0,30225
30227,9192.0,31179.0,30226
30228,9192.0,31379.0,30227
30229,9192.0,31393.0,30228
30230,9192.0,30729.0,30229
30231,9192.0,30607.0,30230
30232,9192.0,31254.0,30231
30233,9192.0,31254.0,30232
30234,9192.0,31350.0,30233
30235,9192.0,31186.0,30234
30236,9192.0,30952.0,30235
30237,9192.0,30340.0,30236
30238,9192.0,30068.0,30237
30239,9192.0,30075.0,30238
30240,9192.0,29484.0,30239
30241,9192.0,29484.0,30240
30242,9192.0,28910.0,30241
30243,9192.0,28974.0,30242
30244,9192.0,29601.0,30243
30245,9192.0,29507.0,30244
30246,9192.0,29425.0,30245
30247,9192.0,29413.0,30246
30248,9192.0,29353.0,30247
30249,9192.0,29307.0,30248
30250,9192.0,29458.0,30249
30251,9192.0,28783.0,30250
30252,9192.0,28743.0,30251
30253,9192.0,29116.0,30252
30254,9192.0,29234.0,30253
30255,9192.0,29490.0,30254
30256,9192.0,29309.0,30255
30257,9192.0,29448.0,30256
30258,9192.0,29421.0,30257
30259,9192.0,28381.0,30258
30260,9192.0,28527.0,30259
30261,9192.0,29423.0,30260
30262,9192.0,29523.0,30261
30263,9192.0,28880.0,30262
30264,9192.0,29036.0,30263
30265,9192.0,29049.0,30264
30266,9192.0,28711.0,30265
30267,9192.0,28615.0,30266
30268,9192.0,28775.0,30267
30269,9192.0,28493.0,30268
30270,9192.0,28618.0,30269
30271,9192.0,28570.0,30270
30272,9192.0,28437.0,30271
30273,9192.0,29001.0,30272
30274,9192.0,27896.0,30273
30275,9192.0,28041.0,30274
30276,9192.0,28041.0,30275
30277,9192.0,28373.0,30276
30278,9192.0,28419.0,30277
30279,9192.0,28024.0,30278
30280,9192.0,28024.0,30279
30281,9192.0,28158.0,30280
30282,9192.0,28239.0,30281
30283,9192.0,28453.0,30282
30284,9192.0,28777.0,30283
30285,9192.0,27884.0,30284
30286,9192.0,28019.0,30285
30287,9192.0,28277.0,30286
30288,9192.0,28277.0,30287
30289,9192.0,28772.0,30288
30290,9192.0,28747.0,30289
30291,9192.0,28702.0,30290
30292,9192.0,29120.0,30291
30293,9192.0,28757.0,30292
30294,9192.0,28878.0,30293
30295,9192.0,28833.0,30294
30296,9192.0,28867.0,30295
30297,9192.0,28867.0,30296
30298,9192.0,28756.0,30297
30299,9192.0,28416.0,30298
30300,9192.0,28347.0,30299
30301,9192.0,28347.0,30300
30302,9192.0,28818.0,30301
30303,9192.0,29333.0,30302
30304,9192.0,29333.0,30303
30305,9192.0,29541.0,30304
30306,9192.0,29517.0,30305
30307,9192.0,29960.0,30306
30308,9192.0,29893.0,30307
30309,9192.0,29933.0,30308
30310,9192.0,29933.0,30309
30311,9192.0,30377.0,30310
30312,9192.0,30315.0,30311
30313,9192.0,30169.0,30312
30314,9192.0,29817.0,30313
30315,9192.0,29770.0,30314
30316,9192.0,30090.0,30315
30317,9192.0,29063.0,30316
30318,9192.0,28979.0,30317
30319,9192.0,28867.0,30318
30320,9192.0,28163.0,30319
30321,9192.0,28856.0,30320
30322,9192.0,28651.0,30321
30323,9192.0,27879.0,30322
30324,9192.0,27787.0,30323
30325,9192.0,27388.0,30324
30326,9192.0,28098.0,30325
30327,9192.0,28098.0,30326
30328,9192.0,27562.0,30327
30329,9192.0,27919.0,30328
30330,9192.0,27525.0,30329
30331,9192.0,27472.0,30330
30332,9192.0,28656.0,30331
30333,9192.0,28923.0,30332
30334,9192.0,28060.0,30333
30335,9192.0,27179.0,30334
30336,9192.0,27668.0,30335
30337,9192.0,27407.0,30336
30338,9192.0,27407.0,30337
30339,9192.0,27407.0,30338
30340,9192.0,27377.0,30339
30341,9192.0,26822.0,30340
30342,9192.0,26822.0,30341
30343,9192.0,26818.0,30342
30344,9192.0,26673.0,30343
30345,9192.0,26678.0,30344
30346,9192.0,26678.0,30345
30347,9192.0,26626.0,30346
30348,9192.0,28126.0,30347
30349,9192.0,28633.0,30348
30350,9192.0,28225.0,30349
30351,9192.0,27725.0,30350
30352,9192.0,27772.0,30351
30353,9192.0,27011.0,30352
30354,9192.0,26965.0,30353
30355,9192.0,26286.0,30354
30356,9192.0,26371.0,30355
30357,9192.0,27195.0,30356
30358,9192.0,27195.0,30357
30359,9192.0,27241.0,30358
30360,9192.0,27238.0,30359
30361,9192.0,27745.0,30360
30362,9192.0,27595.0,30361
30363,9192.0,27555.0,30362
30364,9192.0,28119.0,30363
30365,9192.0,28383.0,30364
30366,9192.0,28383.0,30365
30367,9192.0,28147.0,30366
30368,9192.0,28129.0,30367
30369,9192.0,27780.0,30368
30370,9192.0,27874.0,30369
30371,9192.0,27874.0,30370
30372,9192.0,27879.0,30371
30373,9192.0,28410.0,30372
30374,9192.0,29176.0,30373
30375,9192.0,29301.0,30374
30376,9192.0,29209.0,30375
30377,9192.0,29077.0,30376
30378,9192.0,29367.0,30377
30379,9192.0,29042.0,30378
30380,9192.0,29021.0,30379
30381,9192.0,28677.0,30380
30382,9192.0,28952.0,30381
30383,9192.0,29098.0,30382
30384,9192.0,29165.0,30383
30385,9192.0,29109.0,30384
30386,9192.0,28442.0,30385
30387,9192.0,28438.0,30386
30388,9192.0,28274.0,30387
30389,9192.0,28392.0,30388
30390,9192.0,28459.0,30389
30391,9192.0,27920.0,30390
30392,9192.0,27508.0,30391
30393,9192.0,27598.0,30392
30394,9192.0,27908.0,30393
30395,9192.0,28390.0,30394
30396,9192.0,28072.0,30395
30397,9192.0,27996.0,30396
30398,9192.0,28013.0,30397
30399,9192.0,29355.0,30398
30400,9192.0,29487.0,30399
30401,9192.0,29510.0,30400
30402,9192.0,29471.0,30401
30403,9192.0,29471.0,30402
30404,9192.0,30274.0,30403
30405,9192.0,30473.0,30404
30406,9192.0,29716.0,30405
30407,9192.0,30028.0,30406
30408,9192.0,30599.0,30407
30409,9192.0,30383.0,30408
30410,9192.0,31096.0,30409
30411,9192.0,31096.0,30410
30412,9192.0,30801.0,30411
30413,9192.0,30829.0,30412
30414,9192.0,30844.0,30413
30415,9192.0,30125.0,30414
30416,9192.0,29692.0,30415
30417,9192.0,29759.0,30416
30418,9192.0,29293.0,30417
30419,9192.0,29281.0,30418
30420,9192.0,28858.0,30419
30421,9192.0,28682.0,30420
30422,9192.0,28929.0,30421
30423,9192.0,29450.0,30422
30424,9192.0,29112.0,30423
30425,9192.0,27770.0,30424
30426,9192.0,27578.0,30425
30427,9192.0,27615.0,30426
30428,9192.0,27400.0,30427
30429,9192.0,26657.0,30428
30430,9192.0,26664.0,30429
30431,9192.0,26761.0,30430
30432,9192.0,26756.0,30431
30433,9192.0,27123.0,30432
30434,9192.0,25169.0,30433
30435,9192.0,25391.0,30434
30436,9192.0,25886.0,30435
30437,9192.0,25845.0,30436
30438,9192.0,25824.0,30437
30439,9192.0,25670.0,30438
30440,9192.0,25354.0,30439
30441,9192.0,25477.0,30440
30442,9192.0,25314.0,30441
30443,9192.0,25303.0,30442
30444,9192.0,25303.0,30443
30445,9192.0,25761.0,30444
30446,9192.0,27528.0,30445
30447,9192.0,27407.0,30446
30448,9192.0,27387.0,30447
30449,9192.0,27412.0,30448
30450,9192.0,27537.0,30449
30451,9192.0,26981.0,30450
30452,9192.0,27543.0,30451
30453,9192.0,26850.0,30452
30454,9192.0,26578.0,30453
30455,9192.0,26848.0,30454
30456,9192.0,26814.0,30455
30457,9192.0,26814.0,30456
30458,9192.0,26227.0,30457
30459,9192.0,26566.0,30458
30460,9192.0,26820.0,30459
30461,9192.0,26459.0,30460
30462,9192.0,26345.0,30461
30463,9192.0,26746.0,30462
30464,9192.0,26813.0,30463
30465,9192.0,26121.0,30464
30466,9192.0,26902.0,30465
30467,9192.0,26739.0,30466
30468,9192.0,26975.0,30467
30469,9192.0,26975.0,30468
30470,9192.0,26896.0,30469
30471,9192.0,26644.0,30470
30472,9192.0,26643.0,30471
30473,9192.0,27316.0,30472
30474,9192.0,27300.0,30473
30475,9192.0,27646.0,30474
30476,9192.0,27829.0,30475
30477,9192.0,28242.0,30476
30478,9192.0,27627.0,30477
30479,9192.0,29820.0,30478
30480,9192.0,29055.0,30479
30481,9192.0,28714.0,30480
30482,9192.0,28216.0,30481
30483,9192.0,28216.0,30482
30484,9192.0,29090.0,30483
30485,9192.0,29091.0,30484
30486,9192.0,28896.0,30485
30487,9192.0,28865.0,30486
30488,9192.0,28380.0,30487
30489,9192.0,28235.0,30488
30490,9192.0,28235.0,30489
30491,9192.0,28250.0,30490
30492,9192.0,28245.0,30491
30493,9192.0,28724.0,30492
30494,9192.0,28895.0,30493
30495,9192.0,28911.0,30494
30496,9192.0,28752.0,30495
30497,9192.0,28612.0,30496
30498,9192.0,28818.0,30497
30499,9192.0,28599.0,30498
30500,9192.0,28756.0,30499
30501,9192.0,28987.0,30500
30502,9192.0,29031.0,30501
30503,9192.0,28953.0,30502
30504,9192.0,28953.0,30503
30505,9192.0,29679.0,30504
30506,9192.0,29459.0,30505
30507,9192.0,27789.0,30506
30508,9192.0,27384.0,30507
30509,9192.0,27970.0,30508
30510,9192.0,27985.0,30509
30511,9192.0,27793.0,30510
30512,9192.0,27636.0,30511
30513,9192.0,26764.0,30512
30514,9192.0,27055.0,30513
30515,9192.0,27210.0,30514
30516,9192.0,27210.0,30515
30517,9192.0,27336.0,30516
30518,9192.0,27395.0,30517
30519,9192.0,27640.0,30518
30520,9192.0,27595.0,30519
30521,9192.0,27578.0,30520
30522,9192.0,27496.0,30521
30523,9192.0,26673.0,30522
30524,9192.0,27211.0,30523
30525,9192.0,27226.0,30524
30526,9192.0,26790.0,30525
30527,9192.0,27514.0,30526
30528,9192.0,27729.0,30527
30529,9192.0,28382.0,30528
30530,9192.0,29205.0,30529
30531,9192.0,29404.0,30530
30532,9192.0,29836.0,30531
30533,9192.0,29517.0,30532
30534,9192.0,29164.0,30533
30535,9192.0,29336.0,30534
30536,9192.0,29323.0,30535
30537,9192.0,29502.0,30536
30538,9192.0,29343.0,30537
30539,9192.0,29401.0,30538
30540,9192.0,29108.0,30539
30541,9192.0,28918.0,30540
30542,9192.0,29238.0,30541
30543,9192.0,29176.0,30542
30544,9192.0,28967.0,30543
30545,9192.0,28900.0,30544
30546,9192.0,28903.0,30545
30547,9192.0,29463.0,30546
30548,9192.0,29213.0,30547
30549,9192.0,29174.0,30548
30550,9192.0,29238.0,30549
30551,9192.0,29238.0,30550
30552,9192.0,29401.0,30551
30553,9192.0,29554.0,30552
30554,9192.0,29424.0,30553
30555,9192.0,29435.0,30554
30556,9192.0,29691.0,30555
30557,9192.0,29811.0,30556
30558,9192.0,29830.0,30557
30559,9192.0,30099.0,30558
30560,9192.0,29907.0,30559
30561,9192.0,29922.0,30560
30562,9192.0,28875.0,30561
30563,9192.0,28728.0,30562
30564,9192.0,28512.0,30563
30565,9192.0,28006.0,30564
30566,9192.0,28023.0,30565
30567,9192.0,27858.0,30566
30568,9192.0,27897.0,30567
30569,9192.0,27837.0,30568
30570,9192.0,28752.0,30569
30571,9192.0,27785.0,30570
30572,9192.0,28351.0,30571
30573,9192.0,29353.0,30572
30574,9192.0,29905.0,30573
30575,9192.0,29929.0,30574
30576,9192.0,30340.0,30575
30577,9192.0,29612.0,30576
30578,9192.0,28120.0,30577
30579,9192.0,28980.0,30578
30580,9192.0,29051.0,30579
30581,9192.0,28973.0,30580
30582,9192.0,28953.0,30581
30583,9192.0,29505.0,30582
30584,9192.0,29503.0,30583
30585,9192.0,29844.0,30584
30586,9192.0,30085.0,30585
30587,9192.0,30329.0,30586
30588,9192.0,30546.0,30587
30589,9192.0,31267.0,30588
30590,9192.0,31252.0,30589
30591,9192.0,31361.0,30590
30592,9192.0,31361.0,30591
30593,9192.0,32166.0,30592
30594,9192.0,31452.0,30593
30595,9192.0,29731.0,30594
30596,9192.0,29652.0,30595
30597,9192.0,29668.0,30596
30598,9192.0,30036.0,30597
30599,9192.0,30036.0,30598
30600,9192.0,30036.0,30599
30601,9192.0,30535.0,30600
30602,9192.0,30535.0,30601
30603,9192.0,30742.0,30602
30604,9192.0,30960.0,30603
30605,9192.0,30881.0,30604
30606,9192.0,30487.0,30605
30607,9192.0,30080.0,30606
30608,9192.0,30397.0,30607
30609,9192.0,30583.0,30608
30610,9192.0,29697.0,30609
30611,9192.0,28828.0,30610
30612,9192.0,29724.0,30611
30613,9192.0,29639.0,30612
30614,9192.0,29674.0,30613
30615,9192.0,28804.0,30614
30616,9192.0,28782.0,30615
30617,9192.0,28782.0,30616
30618,9192.0,28914.0,30617
30619,9192.0,28517.0,30618
30620,9192.0,28546.0,30619
30621,9192.0,29517.0,30620
30622,9192.0,28888.0,30621
30623,9192.0,29087.0,30622
30624,9192.0,28950.0,30623
30625,9192.0,27050.0,30624
30626,9192.0,26746.0,30625
30627,9192.0,26853.0,30626
30628,9192.0,27491.0,30627
30629,9192.0,28241.0,30628
30630,9192.0,28409.0,30629
30631,9192.0,28417.0,30630
30632,9192.0,30379.0,30631
30633,9192.0,30503.0,30632
30634,9192.0,30441.0,30633
30635,9192.0,30931.0,30634
30636,9192.0,30903.0,30635
30637,9192.0,30698.0,30636
30638,9192.0,30768.0,30637
30639,9192.0,30543.0,30638
30640,9192.0,29672.0,30639
30641,9192.0,29105.0,30640
30642,9192.0,29208.0,30641
30643,9192.0,29313.0,30642
30644,9192.0,29325.0,30643
30645,9192.0,27809.0,30644
30646,9192.0,27752.0,30645
30647,9192.0,27771.0,30646
30648,9192.0,27693.0,30647
30649,9192.0,28867.0,30648
30650,9192.0,29498.0,30649
30651,9192.0,28012.0,30650
30652,9192.0,28629.0,30651
30653,9192.0,28429.0,30652
30654,9192.0,28549.0,30653
30655,9192.0,28480.0,30654
30656,9192.0,28565.0,30655
30657,9192.0,28565.0,30656
30658,9192.0,28881.0,30657
30659,9192.0,28800.0,30658
30660,9192.0,28820.0,30659
30661,9192.0,28736.0,30660
30662,9192.0,28436.0,30661
30663,9192.0,27304.0,30662
30664,9192.0,27122.0,30663
30665,9192.0,27071.0,30664
30666,9192.0,27070.0,30665
30667,9192.0,27535.0,30666
30668,9192.0,27405.0,30667
30669,9192.0,27402.0,30668
30670,9192.0,27263.0,30669
30671,9192.0,28496.0,30670
30672,9192.0,28496.0,30671
30673,9192.0,29315.0,30672
30674,9192.0,28339.0,30673
30675,9192.0,28581.0,30674
30676,9192.0,29882.0,30675
30677,9192.0,29797.0,30676
30678,9192.0,29940.0,30677
30679,9192.0,30002.0,30678
30680,9192.0,30015.0,30679
30681,9192.0,29963.0,30680
30682,9192.0,29875.0,30681
30683,9192.0,29770.0,30682
30684,9192.0,29616.0,30683
30685,9192.0,29758.0,30684
30686,9192.0,30294.0,30685
30687,9192.0,30227.0,30686
30688,9192.0,30374.0,30687
30689,9192.0,29870.0,30688
30690,9192.0,30153.0,30689
30691,9192.0,30163.0,30690
30692,9192.0,30273.0,30691
30693,9192.0,29972.0,30692
30694,9192.0,31056.0,30693
30695,9192.0,31568.0,30694
30696,9192.0,31912.0,30695
30697,9192.0,32216.0,30696
30698,9192.0,33782.0,30697
30699,9192.0,33681.0,30698
30700,9192.0,32600.0,30699
30701,9192.0,32056.0,30700
30702,9192.0,32059.0,30701
30703,9192.0,31033.0,30702
30704,9192.0,31005.0,30703
30705,9192.0,30862.0,30704
30706,9192.0,31572.0,30705
30707,9192.0,31550.0,30706
30708,9192.0,31558.0,30707
30709,9192.0,29459.0,30708
30710,9192.0,29674.0,30709
30711,9192.0,29491.0,30710
30712,9192.0,29491.0,30711
30713,9192.0,29417.0,30712
30714,9192.0,30007.0,30713
30715,9192.0,29861.0,30714
30716,9192.0,29564.0,30715
30717,9192.0,29455.0,30716
30718,9192.0,29469.0,30717
30719,9192.0,29169.0,30718
30720,9192.0,29171.0,30719
30721,9192.0,29171.0,30720
30722,9192.0,29005.0,30721
30723,9192.0,27872.0,30722
30724,9192.0,29434.0,30723
30725,9192.0,29746.0,30724
30726,9192.0,29632.0,30725
30727,9192.0,29461.0,30726
30728,9192.0,29694.0,30727
30729,9192.0,29945.0,30728
30730,9192.0,30866.0,30729
30731,9192.0,30866.0,30730
30732,9192.0,30675.0,30731
30733,9192.0,29322.0,30732
30734,9192.0,28740.0,30733
30735,9192.0,28273.0,30734
30736,9192.0,28097.0,30735
30737,9192.0,27823.0,30736
30738,9192.0,28302.0,30737
30739,9192.0,28300.0,30738
30740,9192.0,28134.0,30739
30741,9192.0,27842.0,30740
30742,9192.0,27842.0,30741
30743,9192.0,27365.0,30742
30744,9192.0,29060.0,30743
30745,9192.0,30987.0,30744
30746,9192.0,30712.0,30745
30747,9192.0,30050.0,30746
30748,9192.0,30311.0,30747
30749,9192.0,30404.0,30748
30750,9192.0,30873.0,30749
30751,9192.0,30553.0,30750
30752,9192.0,30277.0,30751
30753,9192.0,28609.0,30752
30754,9192.0,28460.0,30753
30755,9192.0,28041.0,30754
30756,9192.0,28209.0,30755
30757,9192.0,28121.0,30756
30758,9192.0,26361.0,30757
30759,9192.0,26183.0,30758
30760,9192.0,27221.0,30759
30761,9192.0,27272.0,30760
30762,9192.0,27214.0,30761
30763,9192.0,27684.0,30762
30764,9192.0,27836.0,30763
30765,9192.0,27900.0,30764
30766,9192.0,27161.0,30765
30767,9192.0,27127.0,30766
30768,9192.0,27243.0,30767
30769,9192.0,27243.0,30768
30770,9192.0,27266.0,30769
30771,9192.0,27734.0,30770
30772,9192.0,27734.0,30771
30773,9192.0,27734.0,30772
30774,9192.0,27179.0,30773
30775,9192.0,27179.0,30774
30776,9192.0,27279.0,30775
30777,9192.0,27367.0,30776
30778,9192.0,26891.0,30777
30779,9192.0,27022.0,30778
30780,9192.0,27651.0,30779
30781,9192.0,27957.0,30780
30782,9192.0,27994.0,30781
30783,9192.0,27994.0,30782
30784,9192.0,27628.0,30783
30785,9192.0,28930.0,30784
30786,9192.0,28929.0,30785
30787,9192.0,28931.0,30786
30788,9192.0,28942.0,30787
30789,9192.0,28253.0,30788
30790,9192.0,27599.0,30789
30791,9192.0,27779.0,30790
30792,9192.0,28106.0,30791
30793,9192.0,28362.0,30792
30794,9192.0,27875.0,30793
30795,9192.0,27875.0,30794
30796,9192.0,27875.0,30795
30797,9192.0,27294.0,30796
30798,9192.0,27038.0,30797
30799,9192.0,27750.0,30798
30800,9192.0,28224.0,30799
30801,9192.0,28174.0,30800
30802,9192.0,27950.0,30801
30803,9192.0,27839.0,30802
30804,9192.0,27370.0,30803
30805,9192.0,27410.0,30804
30806,9192.0,27252.0,30805
30807,9192.0,27498.0,30806
30808,9192.0,27162.0,30807
30809,9192.0,27310.0,30808
30810,9192.0,27068.0,30809
30811,9192.0,27854.0,30810
30812,9192.0,27901.0,30811
30813,9192.0,27636.0,30812
30814,9192.0,27691.0,30813
30815,9192.0,27618.0,30814
30816,9192.0,27528.0,30815
30817,9192.0,27528.0,30816
30818,9192.0,27295.0,30817
30819,9192.0,27365.0,30818
30820,9192.0,27277.0,30819
30821,9192.0,27052.0,30820
30822,9192.0,27176.0,30821
30823,9192.0,27475.0,30822
30824,9192.0,27458.0,30823
30825,9192.0,26217.0,30824
30826,9192.0,26105.0,30825
30827,9192.0,26621.0,30826
30828,9192.0,26621.0,30827
30829,9192.0,26625.0,30828
30830,9192.0,27099.0,30829
30831,9192.0,26686.0,30830
30832,9192.0,26936.0,30831
30833,9192.0,27148.0,30832
30834,9192.0,27267.0,30833
30835,9192.0,27267.0,30834
30836,9192.0,27233.0,30835
30837,9192.0,27370.0,30836
30838,9192.0,28029.0,30837
30839,9192.0,27967.0,30838
30840,9192.0,27936.0,30839
30841,9192.0,29268.0,30840
30842,9192.0,29268.0,30841
30843,9192.0,29262.0,30842
30844,9192.0,28813.0,30843
30845,9192.0,29732.0,30844
30846,9192.0,29165.0,30845
30847,9192.0,29125.0,30846
30848,9192.0,29024.0,30847
30849,9192.0,28956.0,30848
30850,9192.0,28864.0,30849
30851,9192.0,28864.0,30850
30852,9192.0,28684.0,30851
30853,9192.0,28008.0,30852
30854,9192.0,28118.0,30853
30855,9192.0,28321.0,30854
30856,9192.0,28128.0,30855
30857,9192.0,28210.0,30856
30858,9192.0,28440.0,30857
30859,9192.0,28633.0,30858
30860,9192.0,28633.0,30859
30861,9192.0,30080.0,30860
30862,9192.0,30092.0,30861
30863,9192.0,30348.0,30862
30864,9192.0,30469.0,30863
30865,9192.0,30185.0,30864
30866,9192.0,29470.0,30865
30867,9192.0,29809.0,30866
30868,9192.0,29807.0,30867
30869,9192.0,29499.0,30868
30870,9192.0,29057.0,30869
30871,9192.0,29700.0,30870
30872,9192.0,29650.0,30871
30873,9192.0,30020.0,30872
30874,9192.0,30310.0,30873
30875,9192.0,30092.0,30874
30876,9192.0,30406.0,30875
30877,9192.0,30370.0,30876
30878,9192.0,30447.0,30877
30879,9192.0,30030.0,30878
30880,9192.0,29780.0,30879
30881,9192.0,29841.0,30880
30882,9192.0,29263.0,30881
30883,9192.0,28668.0,30882
30884,9192.0,28668.0,30883
30885,9192.0,29559.0,30884
30886,9192.0,29570.0,30885
30887,9192.0,29570.0,30886
30888,9192.0,29525.0,30887
30889,9192.0,29392.0,30888
30890,9192.0,29396.0,30889
30891,9192.0,28159.0,30890
30892,9192.0,28445.0,30891
30893,9192.0,28544.0,30892
30894,9192.0,28821.0,30893
30895,9192.0,28526.0,30894
30896,9192.0,28619.0,30895
30897,9192.0,28619.0,30896
30898,9192.0,29210.0,30897
30899,9192.0,29331.0,30898
30900,9192.0,29075.0,30899
30901,9192.0,29364.0,30900
30902,9192.0,29023.0,30901
30903,9192.0,29207.0,30902
30904,9192.0,29172.0,30903
30905,9192.0,29142.0,30904
30906,9192.0,29514.0,30905
30907,9192.0,29830.0,30906
30908,9192.0,29393.0,30907
30909,9192.0,29413.0,30908
30910,9192.0,28756.0,30909
30911,9192.0,29066.0,30910
30912,9192.0,29675.0,30911
30913,9192.0,28116.0,30912
30914,9192.0,28108.0,30913
30915,9192.0,28164.0,30914
30916,9192.0,28222.0,30915
30917,9192.0,27971.0,30916
30918,9192.0,27202.0,30917
30919,9192.0,27198.0,30918
30920,9192.0,27640.0,30919
30921,9192.0,27961.0,30920
30922,9192.0,27961.0,30921
30923,9192.0,28668.0,30922
30924,9192.0,27452.0,30923
30925,9192.0,27495.0,30924
30926,9192.0,28558.0,30925
30927,9192.0,27744.0,30926
30928,9192.0,27933.0,30927
30929,9192.0,28862.0,30928
30930,9192.0,27668.0,30929
30931,9192.0,27668.0,30930
30932,9192.0,26812.0,30931
30933,9192.0,26787.0,30932
30934,9192.0,26741.0,30933
30935,9192.0,27103.0,30934
30936,9192.0,27942.0,30935
30937,9192.0,27694.0,30936
30938,9192.0,27694.0,30937
30939,9192.0,27661.0,30938
30940,9192.0,28543.0,30939
30941,9192.0,28251.0,30940
30942,9192.0,28290.0,30941
30943,9192.0,27886.0,30942
30944,9192.0,28103.0,30943
30945,9192.0,28052.0,30944
30946,9192.0,28242.0,30945
30947,9192.0,29335.0,30946
30948,9192.0,29335.0,30947
30949,9192.0,29501.0,30948
30950,9192.0,28890.0,30949
30951,9192.0,29062.0,30950
30952,9192.0,29080.0,30951
30953,9192.0,29129.0,30952
30954,9192.0,29517.0,30953
30955,9192.0,28781.0,30954
30956,9192.0,28296.0,30955
30957,9192.0,27574.0,30956
30958,9192.0,28133.0,30957
30959,9192.0,28133.0,30958
30960,9192.0,27857.0,30959
30961,9192.0,28600.0,30960
30962,9192.0,28621.0,30961
30963,9192.0,28396.0,30962
30964,9192.0,28678.0,30963
30965,9192.0,28738.0,30964
30966,9192.0,29162.0,30965
30967,9192.0,29565.0,30966
30968,9192.0,29567.0,30967
30969,9192.0,29620.0,30968
30970,9192.0,29663.0,30969
30971,9192.0,30658.0,30970
30972,9192.0,30495.0,30971
30973,9192.0,30310.0,30972
30974,9192.0,29667.0,30973
30975,9192.0,28890.0,30974
30976,9192.0,28944.0,30975
30977,9192.0,28925.0,30976
30978,9192.0,29051.0,30977
30979,9192.0,28795.0,30978
30980,9192.0,28236.0,30979
30981,9192.0,28638.0,30980
30982,9192.0,28666.0,30981
30983,9192.0,28795.0,30982
30984,9192.0,28710.0,30983
30985,9192.0,29097.0,30984
30986,9192.0,27426.0,30985
30987,9192.0,27883.0,30986
30988,9192.0,27590.0,30987
30989,9192.0,26849.0,30988
30990,9192.0,26800.0,30989
30991,9192.0,27693.0,30990
30992,9192.0,27698.0,30991
30993,9192.0,27631.0,30992
30994,9192.0,27048.0,30993
30995,9192.0,27494.0,30994
30996,9192.0,27579.0,30995
30997,9192.0,27615.0,30996
30998,9192.0,27621.0,30997
30999,9192.0,27504.0,30998
31000,9192.0,27498.0,30999
31001,9192.0,27311.0,31000
31002,9192.0,27164.0,31001
31003,9192.0,27816.0,31002
31004,9192.0,27984.0,31003
31005,9192.0,28044.0,31004
31006,9192.0,28458.0,31005
31007,9192.0,28458.0,31006
31008,9192.0,28579.0,31007
31009,9192.0,28208.0,31008
31010,9192.0,28219.0,31009
31011,9192.0,28624.0,31010
31012,9192.0,28076.0,31011
31013,9192.0,28362.0,31012
31014,9192.0,28659.0,31013
31015,9192.0,28921.0,31014
31016,9192.0,28961.0,31015
31017,9192.0,29330.0,31016
31018,9192.0,30058.0,31017
31019,9192.0,29768.0,31018
31020,9192.0,29820.0,31019
31021,9192.0,29313.0,31020
31022,9192.0,27833.0,31021
31023,9192.0,27611.0,31022
31024,9192.0,27160.0,31023
31025,9192.0,27673.0,31024
31026,9192.0,27581.0,31025
31027,9192.0,27715.0,31026
31028,9192.0,27506.0,31027
31029,9192.0,27506.0,31028
31030,9192.0,27511.0,31029
31031,9192.0,28358.0,31030
31032,9192.0,27765.0,31031
31033,9192.0,27328.0,31032
31034,9192.0,27940.0,31033
31035,9192.0,28083.0,31034
31036,9192.0,28345.0,31035
31037,9192.0,28344.0,31036
31038,9192.0,29041.0,31037
31039,9192.0,29486.0,31038
31040,9192.0,29718.0,31039
31041,9192.0,29728.0,31040
31042,9192.0,29700.0,31041
31043,9192.0,29161.0,31042
31044,9192.0,29092.0,31043
31045,9192.0,28523.0,31044
31046,9192.0,28562.0,31045
31047,9192.0,28494.0,31046
31048,9192.0,28495.0,31047
31049,9192.0,28187.0,31048
31050,9192.0,28246.0,31049
31051,9192.0,28006.0,31050
31052,9192.0,27868.0,31051
31053,9192.0,28966.0,31052
31054,9192.0,29274.0,31053
31055,9192.0,29261.0,31054
31056,9192.0,29657.0,31055
31057,9192.0,28622.0,31056
31058,9192.0,28293.0,31057
31059,9192.0,28341.0,31058
31060,9192.0,28151.0,31059
31061,9192.0,27824.0,31060
31062,9192.0,27824.0,31061
31063,9192.0,27135.0,31062
31064,9192.0,27165.0,31063
31065,9192.0,27213.0,31064
31066,9192.0,27072.0,31065
31067,9192.0,26982.0,31066
31068,9192.0,26982.0,31067
31069,9192.0,26764.0,31068
31070,9192.0,27351.0,31069
31071,9192.0,27306.0,31070
31072,9192.0,27651.0,31071
31073,9192.0,27896.0,31072
31074,9192.0,28596.0,31073
31075,9192.0,28596.0,31074
31076,9192.0,28734.0,31075
31077,9192.0,29003.0,31076
31078,9192.0,29149.0,31077
31079,9192.0,29299.0,31078
31080,9192.0,29360.0,31079
31081,9192.0,30368.0,31080
31082,9192.0,31725.0,31081
31083,9192.0,32371.0,31082
31084,9192.0,31709.0,31083
31085,9192.0,32137.0,31084
31086,9192.0,32330.0,31085
31087,9192.0,31800.0,31086
31088,9192.0,32292.0,31087
31089,9192.0,31246.0,31088
31090,9192.0,31246.0,31089
31091,9192.0,31246.0,31090
31092,9192.0,31349.0,31091
31093,9192.0,30925.0,31092
31094,9192.0,30494.0,31093
31095,9192.0,29492.0,31094
31096,9192.0,29472.0,31095
31097,9192.0,29484.0,31096
31098,9192.0,29405.0,31097
31099,9192.0,29675.0,31098
31100,9192.0,29823.0,31099
31101,9192.0,29641.0,31100
31102,9192.0,29610.0,31101
31103,9192.0,30065.0,31102
31104,9192.0,30038.0,31103
31105,9192.0,29971.0,31104
31106,9192.0,29962.0,31105
31107,9192.0,30284.0,31106
31108,9192.0,30411.0,31107
31109,9192.0,31368.0,31108
31110,9192.0,31314.0,31109
31111,9192.0,31023.0,31110
31112,9192.0,31023.0,31111
31113,9192.0,31451.0,31112
31114,9192.0,31148.0,31113
31115,9192.0,31208.0,31114
31116,9192.0,30940.0,31115
31117,9192.0,31206.0,31116
31118,9192.0,31178.0,31117
31119,9192.0,31324.0,31118
31120,9192.0,30830.0,31119
31121,9192.0,30904.0,31120
31122,9192.0,30924.0,31121
31123,9192.0,30924.0,31122
31124,9192.0,29228.0,31123
31125,9192.0,29351.0,31124
31126,9192.0,29154.0,31125
31127,9192.0,28970.0,31126
31128,9192.0,28661.0,31127
31129,9192.0,28915.0,31128
31130,9192.0,29058.0,31129
31131,9192.0,29074.0,31130
31132,9192.0,28665.0,31131
31133,9192.0,27664.0,31132
31134,9192.0,27412.0,31133
31135,9192.0,27756.0,31134
31136,9192.0,27751.0,31135
31137,9192.0,27752.0,31136
31138,9192.0,27752.0,31137
31139,9192.0,27779.0,31138
31140,9192.0,27940.0,31139
31141,9192.0,28342.0,31140
31142,9192.0,28561.0,31141
31143,9192.0,27665.0,31142
31144,9192.0,28086.0,31143
31145,9192.0,28086.0,31144
31146,9192.0,28046.0,31145
31147,9192.0,28046.0,31146
31148,9192.0,29387.0,31147
31149,9192.0,29691.0,31148
31150,9192.0,29733.0,31149
31151,9192.0,28735.0,31150
31152,9192.0,28608.0,31151
31153,9192.0,29241.0,31152
31154,9192.0,29711.0,31153
31155,9192.0,29382.0,31154
31156,9192.0,29326.0,31155
31157,9192.0,28677.0,31156
31158,9192.0,27369.0,31157
31159,9192.0,27369.0,31158
31160,9192.0,27779.0,31159
31161,9192.0,27579.0,31160
31162,9192.0,27572.0,31161
31163,9192.0,27599.0,31162
31164,9192.0,27815.0,31163
31165,9192.0,27878.0,31164
31166,9192.0,27860.0,31165
31167,9192.0,27681.0,31166
31168,9192.0,27693.0,31167
31169,9192.0,27142.0,31168
31170,9192.0,26878.0,31169
31171,9192.0,26997.0,31170
31172,9192.0,26476.0,31171
31173,9192.0,26514.0,31172
31174,9192.0,28022.0,31173
31175,9192.0,28737.0,31174
31176,9192.0,28704.0,31175
31177,9192.0,29150.0,31176
31178,9192.0,28951.0,31177
31179,9192.0,29065.0,31178
31180,9192.0,30004.0,31179
31181,9192.0,30423.0,31180
31182,9192.0,30462.0,31181
31183,9192.0,30479.0,31182
31184,9192.0,30489.0,31183
31185,9192.0,31113.0,31184
31186,9192.0,31076.0,31185
31187,9192.0,30386.0,31186
31188,9192.0,31513.0,31187
31189,9192.0,31435.0,31188
31190,9192.0,31443.0,31189
31191,9192.0,31494.0,31190
31192,9192.0,31422.0,31191
31193,9192.0,31192.0,31192
31194,9192.0,31420.0,31193
31195,9192.0,31412.0,31194
31196,9192.0,31319.0,31195
31197,9192.0,31444.0,31196
31198,9192.0,31415.0,31197
31199,9192.0,31386.0,31198
31200,9192.0,31386.0,31199
31201,9192.0,31303.0,31200
31202,9192.0,31058.0,31201
31203,9192.0,29860.0,31202
31204,9192.0,29963.0,31203
31205,9192.0,29963.0,31204
31206,9192.0,30102.0,31205
31207,9192.0,29716.0,31206
31208,9192.0,29750.0,31207
31209,9192.0,29821.0,31208
31210,9192.0,30264.0,31209
31211,9192.0,30608.0,31210
31212,9192.0,30608.0,31211
31213,9192.0,30679.0,31212
31214,9192.0,29471.0,31213
31215,9192.0,30650.0,31214
31216,9192.0,29705.0,31215
31217,9192.0,28574.0,31216
31218,9192.0,28691.0,31217
31219,9192.0,28718.0,31218
31220,9192.0,28398.0,31219
31221,9192.0,28323.0,31220
31222,9192.0,29100.0,31221
31223,9192.0,29693.0,31222
31224,9192.0,29877.0,31223
31225,9192.0,29877.0,31224
31226,9192.0,30073.0,31225
31227,9192.0,30734.0,31226
31228,9192.0,28829.0,31227
31229,9192.0,28829.0,31228
31230,9192.0,28596.0,31229
31231,9192.0,28374.0,31230
31232,9192.0,28374.0,31231
31233,9192.0,27978.0,31232
31234,9192.0,27961.0,31233
31235,9192.0,28465.0,31234
31236,9192.0,28374.0,31235
31237,9192.0,28549.0,31236
31238,9192.0,29103.0,31237
31239,9192.0,30593.0,31238
31240,9192.0,30080.0,31239
31241,9192.0,29729.0,31240
31242,9192.0,29298.0,31241
31243,9192.0,29283.0,31242
31244,9192.0,29954.0,31243
31245,9192.0,29180.0,31244
31246,9192.0,29132.0,31245
31247,9192.0,29340.0,31246
31248,9192.0,28640.0,31247
31249,9192.0,28496.0,31248
31250,9192.0,28500.0,31249
31251,9192.0,27906.0,31250
31252,9192.0,28110.0,31251
31253,9192.0,28109.0,31252
31254,9192.0,28109.0,31253
31255,9192.0,28643.0,31254
31256,9192.0,28829.0,31255
31257,9192.0,29050.0,31256
31258,9192.0,29685.0,31257
31259,9192.0,29843.0,31258
31260,9192.0,29308.0,31259
31261,9192.0,30427.0,31260
31262,9192.0,29099.0,31261
31263,9192.0,29046.0,31262
31264,9192.0,28884.0,31263
31265,9192.0,29060.0,31264
31266,9192.0,29155.0,31265
31267,9192.0,28958.0,31266
31268,9192.0,28843.0,31267
31269,9192.0,28315.0,31268
31270,9192.0,28567.0,31269
31271,9192.0,28733.0,31270
31272,9192.0,29488.0,31271
31273,9192.0,29054.0,31272
31274,9192.0,29426.0,31273
31275,9192.0,29537.0,31274
31276,9192.0,29627.0,31275
31277,9192.0,29675.0,31276
31278,9192.0,29690.0,31277
31279,9192.0,29910.0,31278
31280,9192.0,30204.0,31279
31281,9192.0,30487.0,31280
31282,9192.0,30379.0,31281
31283,9192.0,30385.0,31282
31284,9192.0,30065.0,31283
31285,9192.0,30065.0,31284
31286,9192.0,29921.0,31285
31287,9192.0,29941.0,31286
31288,9192.0,30233.0,31287
31289,9192.0,29706.0,31288
31290,9192.0,29634.0,31289
31291,9192.0,29354.0,31290
31292,9192.0,29105.0,31291
31293,9192.0,28642.0,31292
31294,9192.0,28513.0,31293
31295,9192.0,28933.0,31294
31296,9192.0,28898.0,31295
31297,9192.0,28226.0,31296
31298,9192.0,28422.0,31297
31299,9192.0,28775.0,31298
31300,9192.0,28838.0,31299
31301,9192.0,28942.0,31300
31302,9192.0,28935.0,31301
31303,9192.0,29495.0,31302
31304,9192.0,29812.0,31303
31305,9192.0,29072.0,31304
31306,9192.0,29080.0,31305
31307,9192.0,29974.0,31306
31308,9192.0,30196.0,31307
31309,9192.0,29695.0,31308
31310,9192.0,30100.0,31309
31311,9192.0,30100.0,31310
31312,9192.0,30391.0,31311
31313,9192.0,30298.0,31312
31314,9192.0,30294.0,31313
31315,9192.0,30403.0,31314
31316,9192.0,30536.0,31315
31317,9192.0,30539.0,31316
31318,9192.0,30539.0,31317
31319,9192.0,30329.0,31318
31320,9192.0,30329.0,31319
31321,9192.0,29629.0,31320
31322,9192.0,29744.0,31321
31323,9192.0,29576.0,31322
31324,9192.0,30210.0,31323
31325,9192.0,30230.0,31324
31326,9192.0,30590.0,31325
31327,9192.0,31068.0,31326
31328,9192.0,29907.0,31327
31329,9192.0,29900.0,31328
31330,9192.0,29900.0,31329
31331,9192.0,30488.0,31330
31332,9192.0,30725.0,31331
31333,9192.0,30794.0,31332
31334,9192.0,30609.0,31333
31335,9192.0,30385.0,31334
31336,9192.0,30346.0,31335
31337,9192.0,30325.0,31336
31338,9192.0,29876.0,31337
31339,9192.0,29612.0,31338
31340,9192.0,29868.0,31339
31341,9192.0,28942.0,31340
31342,9192.0,29135.0,31341
31343,9192.0,29363.0,31342
31344,9192.0,29010.0,31343
31345,9192.0,28757.0,31344
31346,9192.0,27710.0,31345
31347,9192.0,27135.0,31346
31348,9192.0,27725.0,31347
31349,9192.0,27807.0,31348
31350,9192.0,28787.0,31349
31351,9192.0,28696.0,31350
31352,9192.0,27748.0,31351
31353,9192.0,27384.0,31352
31354,9192.0,27593.0,31353
31355,9192.0,27593.0,31354
31356,9192.0,27075.0,31355
31357,9192.0,27082.0,31356
31358,9192.0,27082.0,31357
31359,9192.0,26753.0,31358
31360,9192.0,25719.0,31359
31361,9192.0,26965.0,31360
31362,9192.0,27898.0,31361
31363,9192.0,29533.0,31362
31364,9192.0,29519.0,31363
31365,9192.0,29947.0,31364
31366,9192.0,29621.0,31365
31367,9192.0,29613.0,31366
31368,9192.0,29657.0,31367
31369,9192.0,29329.0,31368
31370,9192.0,29555.0,31369
31371,9192.0,29723.0,31370
31372,9192.0,29456.0,31371
31373,9192.0,29177.0,31372
31374,9192.0,29172.0,31373
31375,9192.0,29444.0,31374
31376,9192.0,29046.0,31375
31377,9192.0,30029.0,31376
31378,9192.0,30224.0,31377
31379,9192.0,29434.0,31378
31380,9192.0,29789.0,31379
31381,9192.0,30897.0,31380
31382,9192.0,31007.0,31381
31383,9192.0,31081.0,31382
31384,9192.0,31081.0,31383
31385,9192.0,31115.0,31384
31386,9192.0,30900.0,31385
31387,9192.0,31324.0,31386
31388,9192.0,31836.0,31387
31389,9192.0,31533.0,31388
31390,9192.0,31191.0,31389
31391,9192.0,31077.0,31390
31392,9192.0,30996.0,31391
31393,9192.0,30770.0,31392
31394,9192.0,31261.0,31393
31395,9192.0,31220.0,31394
31396,9192.0,30861.0,31395
31397,9192.0,30808.0,31396
31398,9192.0,30881.0,31397
31399,9192.0,30812.0,31398
31400,9192.0,30523.0,31399
31401,9192.0,30229.0,31400
31402,9192.0,30197.0,31401
31403,9192.0,30844.0,31402
31404,9192.0,31141.0,31403
31405,9192.0,31086.0,31404
31406,9192.0,30582.0,31405
31407,9192.0,30394.0,31406
31408,9192.0,30878.0,31407
31409,9192.0,30221.0,31408
31410,9192.0,30429.0,31409
31411,9192.0,30465.0,31410
31412,9192.0,30477.0,31411
31413,9192.0,30432.0,31412
31414,9192.0,30501.0,31413
31415,9192.0,29816.0,31414
31416,9192.0,29735.0,31415
31417,9192.0,29916.0,31416
31418,9192.0,29906.0,31417
31419,9192.0,29795.0,31418
31420,9192.0,30367.0,31419
31421,9192.0,31028.0,31420
31422,9192.0,31189.0,31421
31423,9192.0,31714.0,31422
31424,9192.0,31035.0,31423
31425,9192.0,31046.0,31424
31426,9192.0,31057.0,31425
31427,9192.0,31240.0,31426
31428,9192.0,30376.0,31427
31429,9192.0,29665.0,31428
31430,9192.0,29876.0,31429
31431,9192.0,28449.0,31430
31432,9192.0,28449.0,31431
31433,9192.0,28299.0,31432
31434,9192.0,28424.0,31433
31435,9192.0,28390.0,31434
31436,9192.0,28464.0,31435
31437,9192.0,28177.0,31436
31438,9192.0,28099.0,31437
31439,9192.0,28137.0,31438
31440,9192.0,27818.0,31439
31441,9192.0,27768.0,31440
31442,9192.0,28705.0,31441
31443,9192.0,28545.0,31442
31444,9192.0,28542.0,31443
31445,9192.0,29176.0,31444
31446,9192.0,29544.0,31445
31447,9192.0,29865.0,31446
31448,9192.0,30255.0,31447
31449,9192.0,29321.0,31448
31450,9192.0,29323.0,31449
31451,9192.0,29085.0,31450
31452,9192.0,29648.0,31451
31453,9192.0,30288.0,31452
31454,9192.0,30342.0,31453
31455,9192.0,30739.0,31454
31456,9192.0,30605.0,31455
31457,9192.0,29435.0,31456
31458,9192.0,28236.0,31457
31459,9192.0,28187.0,31458
31460,9192.0,27949.0,31459
31461,9192.0,27949.0,31460
31462,9192.0,27829.0,31461
31463,9192.0,27905.0,31462
31464,9192.0,27873.0,31463
31465,9192.0,27873.0,31464
31466,9192.0,27752.0,31465
31467,9192.0,27516.0,31466
31468,9192.0,27362.0,31467
31469,9192.0,27302.0,31468
31470,9192.0,27389.0,31469
31471,9192.0,29046.0,31470
31472,9192.0,28979.0,31471
31473,9192.0,28848.0,31472
31474,9192.0,28848.0,31473
31475,9192.0,28664.0,31474
31476,9192.0,28295.0,31475
31477,9192.0,27991.0,31476
31478,9192.0,27523.0,31477
31479,9192.0,27452.0,31478
31480,9192.0,28006.0,31479
31481,9192.0,28815.0,31480
31482,9192.0,28024.0,31481
31483,9192.0,28277.0,31482
31484,9192.0,28381.0,31483
31485,9192.0,29195.0,31484
31486,9192.0,28479.0,31485
31487,9192.0,28941.0,31486
31488,9192.0,28462.0,31487
31489,9192.0,28462.0,31488
31490,9192.0,28818.0,31489
31491,9192.0,29492.0,31490
31492,9192.0,30239.0,31491
31493,9192.0,30311.0,31492
31494,9192.0,30776.0,31493
31495,9192.0,30333.0,31494
31496,9192.0,30132.0,31495
31497,9192.0,29524.0,31496
31498,9192.0,30905.0,31497
31499,9192.0,30905.0,31498
31500,9192.0,30905.0,31499
31501,9192.0,30450.0,31500
31502,9192.0,30745.0,31501
31503,9192.0,31155.0,31502
31504,9192.0,30966.0,31503
31505,9192.0,30966.0,31504
31506,9192.0,30685.0,31505
31507,9192.0,30692.0,31506
31508,9192.0,31496.0,31507
31509,9192.0,31788.0,31508
31510,9192.0,30372.0,31509
31511,9192.0,30371.0,31510
31512,9192.0,30322.0,31511
31513,9192.0,30343.0,31512
31514,9192.0,30679.0,31513
31515,9192.0,30681.0,31514
31516,9192.0,30910.0,31515
31517,9192.0,31117.0,31516
31518,9192.0,30811.0,31517
31519,9192.0,32053.0,31518
31520,9192.0,31659.0,31519
31521,9192.0,31735.0,31520
31522,9192.0,31438.0,31521
31523,9192.0,31295.0,31522
31524,9192.0,30762.0,31523
31525,9192.0,30219.0,31524
31526,9192.0,30219.0,31525
31527,9192.0,30203.0,31526
31528,9192.0,30508.0,31527
31529,9192.0,31243.0,31528
31530,9192.0,30694.0,31529
31531,9192.0,29781.0,31530
31532,9192.0,29707.0,31531
31533,9192.0,29394.0,31532
31534,9192.0,29662.0,31533
31535,9192.0,29777.0,31534
31536,9192.0,29995.0,31535
31537,9192.0,30179.0,31536
31538,9192.0,30147.0,31537
31539,9192.0,30127.0,31538
31540,9192.0,30014.0,31539
31541,9192.0,29976.0,31540
31542,9192.0,30032.0,31541
31543,9192.0,30117.0,31542
31544,9192.0,30297.0,31543
31545,9192.0,30444.0,31544
31546,9192.0,31030.0,31545
31547,9192.0,30877.0,31546
31548,9192.0,30829.0,31547
31549,9192.0,30795.0,31548
31550,9192.0,30554.0,31549
31551,9192.0,30554.0,31550
31552,9192.0,30531.0,31551
31553,9192.0,30581.0,31552
31554,9192.0,30581.0,31553
31555,9192.0,30222.0,31554
31556,9192.0,30837.0,31555
31557,9192.0,30527.0,31556
31558,9192.0,30894.0,31557
31559,9192.0,30450.0,31558
31560,9192.0,30472.0,31559
31561,9192.0,30573.0,31560
31562,9192.0,30406.0,31561
31563,9192.0,30545.0,31562
31564,9192.0,30439.0,31563
31565,9192.0,28954.0,31564
31566,9192.0,29432.0,31565
31567,9192.0,29407.0,31566
31568,9192.0,29390.0,31567
31569,9192.0,29035.0,31568
31570,9192.0,28799.0,31569
31571,9192.0,28239.0,31570
31572,9192.0,28325.0,31571
31573,9192.0,28325.0,31572
31574,9192.0,28119.0,31573
31575,9192.0,28119.0,31574
31576,9192.0,27984.0,31575
31577,9192.0,28543.0,31576
31578,9192.0,28484.0,31577
31579,9192.0,28658.0,31578
31580,9192.0,28976.0,31579
31581,9192.0,29504.0,31580
31582,9192.0,29992.0,31581
31583,9192.0,30056.0,31582
31584,9192.0,30108.0,31583
31585,9192.0,30229.0,31584
31586,9192.0,30114.0,31585
31587,9192.0,29789.0,31586
31588,9192.0,29123.0,31587
31589,9192.0,29435.0,31588
31590,9192.0,28098.0,31589
31591,9192.0,28108.0,31590
31592,9192.0,28108.0,31591
31593,9192.0,28017.0,31592
31594,9192.0,28870.0,31593
31595,9192.0,28886.0,31594
31596,9192.0,28948.0,31595
31597,9192.0,29131.0,31596
31598,9192.0,31183.0,31597
31599,9192.0,32045.0,31598
31600,9192.0,32406.0,31599
31601,9192.0,31747.0,31600
31602,9192.0,31326.0,31601
31603,9192.0,30101.0,31602
31604,9192.0,30006.0,31603
31605,9192.0,29452.0,31604
31606,9192.0,29348.0,31605
31607,9192.0,28796.0,31606
31608,9192.0,28620.0,31607
31609,9192.0,28795.0,31608
31610,9192.0,28614.0,31609
31611,9192.0,28628.0,31610
31612,9192.0,28845.0,31611
31613,9192.0,28439.0,31612
31614,9192.0,28418.0,31613
31615,9192.0,28391.0,31614
31616,9192.0,26997.0,31615
31617,9192.0,26854.0,31616
31618,9192.0,26904.0,31617
31619,9192.0,26809.0,31618
31620,9192.0,27143.0,31619
31621,9192.0,27195.0,31620
31622,9192.0,27689.0,31621
31623,9192.0,28022.0,31622
31624,9192.0,28041.0,31623
31625,9192.0,28464.0,31624
31626,9192.0,28499.0,31625
31627,9192.0,28435.0,31626
31628,9192.0,29091.0,31627
31629,9192.0,29375.0,31628
31630,9192.0,28935.0,31629
31631,9192.0,29993.0,31630
31632,9192.0,29686.0,31631
31633,9192.0,29534.0,31632
31634,9192.0,29432.0,31633
31635,9192.0,29302.0,31634
31636,9192.0,29276.0,31635
31637,9192.0,28959.0,31636
31638,9192.0,29059.0,31637
31639,9192.0,30266.0,31638
31640,9192.0,30265.0,31639
31641,9192.0,30516.0,31640
31642,9192.0,30415.0,31641
31643,9192.0,30539.0,31642
31644,9192.0,30850.0,31643
31645,9192.0,30879.0,31644
31646,9192.0,30351.0,31645
31647,9192.0,30351.0,31646
31648,9192.0,30438.0,31647
31649,9192.0,30656.0,31648
31650,9192.0,30660.0,31649
31651,9192.0,31255.0,31650
31652,9192.0,31544.0,31651
31653,9192.0,31810.0,31652
31654,9192.0,31049.0,31653
31655,9192.0,30964.0,31654
31656,9192.0,30335.0,31655
31657,9192.0,30369.0,31656
31658,9192.0,30451.0,31657
31659,9192.0,31927.0,31658
31660,9192.0,31081.0,31659
31661,9192.0,30974.0,31660
31662,9192.0,30942.0,31661
31663,9192.0,30891.0,31662
31664,9192.0,30492.0,31663
31665,9192.0,30361.0,31664
31666,9192.0,30413.0,31665
31667,9192.0,29682.0,31666
31668,9192.0,29013.0,31667
31669,9192.0,29199.0,31668
31670,9192.0,29819.0,31669
31671,9192.0,29819.0,31670
31672,9192.0,29714.0,31671
31673,9192.0,29374.0,31672
31674,9192.0,29402.0,31673
31675,9192.0,29270.0,31674
31676,9192.0,29197.0,31675
31677,9192.0,29438.0,31676
31678,9192.0,29730.0,31677
31679,9192.0,29730.0,31678
31680,9192.0,29645.0,31679
31681,9192.0,29550.0,31680
31682,9192.0,29752.0,31681
31683,9192.0,29441.0,31682
31684,9192.0,29201.0,31683
31685,9192.0,29144.0,31684
31686,9192.0,28998.0,31685
31687,9192.0,29040.0,31686
31688,9192.0,29024.0,31687
31689,9192.0,29181.0,31688
31690,9192.0,29181.0,31689
31691,9192.0,29504.0,31690
31692,9192.0,29891.0,31691
31693,9192.0,29891.0,31692
31694,9192.0,29896.0,31693
31695,9192.0,30311.0,31694
31696,9192.0,30207.0,31695
31697,9192.0,30908.0,31696
31698,9192.0,30080.0,31697
31699,9192.0,30690.0,31698
31700,9192.0,30690.0,31699
31701,9192.0,30830.0,31700
31702,9192.0,30718.0,31701
31703,9192.0,30626.0,31702
31704,9192.0,29873.0,31703
31705,9192.0,29549.0,31704
31706,9192.0,29135.0,31705
31707,9192.0,29210.0,31706
31708,9192.0,29478.0,31707
31709,9192.0,29230.0,31708
31710,9192.0,28958.0,31709
31711,9192.0,28597.0,31710
31712,9192.0,29583.0,31711
31713,9192.0,29494.0,31712
31714,9192.0,29165.0,31713
31715,9192.0,29348.0,31714
31716,9192.0,28945.0,31715
31717,9192.0,28683.0,31716
31718,9192.0,28962.0,31717
31719,9192.0,28962.0,31718
31720,9192.0,29189.0,31719
31721,9192.0,29066.0,31720
31722,9192.0,29066.0,31721
31723,9192.0,28905.0,31722
31724,9192.0,28479.0,31723
31725,9192.0,28419.0,31724
31726,9192.0,29249.0,31725
31727,9192.0,29016.0,31726
31728,9192.0,29025.0,31727
31729,9192.0,29118.0,31728
31730,9192.0,29308.0,31729
31731,9192.0,28895.0,31730
31732,9192.0,28900.0,31731
31733,9192.0,28895.0,31732
31734,9192.0,29106.0,31733
31735,9192.0,28909.0,31734
31736,9192.0,28688.0,31735
31737,9192.0,28540.0,31736
31738,9192.0,28514.0,31737
31739,9192.0,29065.0,31738
31740,9192.0,28962.0,31739
31741,9192.0,29390.0,31740
31742,9192.0,29303.0,31741
31743,9192.0,29300.0,31742
31744,9192.0,29175.0,31743
31745,9192.0,29223.0,31744
31746,9192.0,29840.0,31745
31747,9192.0,29840.0,31746
31748,9192.0,29986.0,31747
31749,9192.0,30391.0,31748
31750,9192.0,29957.0,31749
31751,9192.0,29872.0,31750
31752,9192.0,28399.0,31751
31753,9192.0,28659.0,31752
31754,9192.0,28923.0,31753
31755,9192.0,28799.0,31754
31756,9192.0,28391.0,31755
31757,9192.0,28636.0,31756
31758,9192.0,28670.0,31757
31759,9192.0,28948.0,31758
31760,9192.0,28670.0,31759
31761,9192.0,28723.0,31760
31762,9192.0,28834.0,31761
31763,9192.0,28502.0,31762
31764,9192.0,28184.0,31763
31765,9192.0,28701.0,31764
31766,9192.0,29605.0,31765
31767,9192.0,29483.0,31766
31768,9192.0,29008.0,31767
31769,9192.0,29053.0,31768
31770,9192.0,29024.0,31769
31771,9192.0,28939.0,31770
31772,9192.0,29783.0,31771
31773,9192.0,30898.0,31772
31774,9192.0,30577.0,31773
31775,9192.0,30292.0,31774
31776,9192.0,30354.0,31775
31777,9192.0,30502.0,31776
31778,9192.0,30251.0,31777
31779,9192.0,30251.0,31778
31780,9192.0,30372.0,31779
31781,9192.0,30584.0,31780
31782,9192.0,30461.0,31781
31783,9192.0,30421.0,31782
31784,9192.0,29819.0,31783
31785,9192.0,28641.0,31784
31786,9192.0,28711.0,31785
31787,9192.0,28717.0,31786
31788,9192.0,28717.0,31787
31789,9192.0,28167.0,31788
31790,9192.0,28335.0,31789
31791,9192.0,28450.0,31790
31792,9192.0,28221.0,31791
31793,9192.0,28065.0,31792
31794,9192.0,27282.0,31793
31795,9192.0,27231.0,31794
31796,9192.0,27299.0,31795
31797,9192.0,28515.0,31796
31798,9192.0,28808.0,31797
31799,9192.0,29059.0,31798
31800,9192.0,29276.0,31799
31801,9192.0,29782.0,31800
31802,9192.0,29297.0,31801
31803,9192.0,29575.0,31802
31804,9192.0,29266.0,31803
31805,9192.0,29384.0,31804
31806,9192.0,28360.0,31805
31807,9192.0,28351.0,31806
31808,9192.0,28204.0,31807
31809,9192.0,28555.0,31808
31810,9192.0,28056.0,31809
31811,9192.0,28056.0,31810
31812,9192.0,29258.0,31811
31813,9192.0,29525.0,31812
31814,9192.0,29341.0,31813
31815,9192.0,29295.0,31814
31816,9192.0,29426.0,31815
31817,9192.0,29441.0,31816
31818,9192.0,29162.0,31817
31819,9192.0,29274.0,31818
31820,9192.0,29608.0,31819
31821,9192.0,29625.0,31820
31822,9192.0,29578.0,31821
31823,9192.0,29533.0,31822
31824,9192.0,30230.0,31823
31825,9192.0,31155.0,31824
31826,9192.0,32849.0,31825
31827,9192.0,32538.0,31826
31828,9192.0,32942.0,31827
31829,9192.0,32942.0,31828
31830,9192.0,32482.0,31829
31831,9192.0,31835.0,31830
31832,9192.0,31892.0,31831
31833,9192.0,31309.0,31832
31834,9192.0,30378.0,31833
31835,9192.0,30548.0,31834
31836,9192.0,30009.0,31835
31837,9192.0,28614.0,31836
31838,9192.0,26972.0,31837
31839,9192.0,27026.0,31838
31840,9192.0,27026.0,31839
31841,9192.0,27026.0,31840
31842,9192.0,27029.0,31841
31843,9192.0,27228.0,31842
31844,9192.0,27228.0,31843
31845,9192.0,27245.0,31844
31846,9192.0,27308.0,31845
31847,9192.0,27422.0,31846
31848,9192.0,27414.0,31847
31849,9192.0,27505.0,31848
31850,9192.0,27454.0,31849
31851,9192.0,27508.0,31850
31852,9192.0,27360.0,31851
31853,9192.0,27450.0,31852
31854,9192.0,27417.0,31853
31855,9192.0,27466.0,31854
31856,9192.0,27300.0,31855
31857,9192.0,27125.0,31856
31858,9192.0,27125.0,31857
31859,9192.0,27106.0,31858
31860,9192.0,27151.0,31859
31861,9192.0,27529.0,31860
31862,9192.0,28131.0,31861
31863,9192.0,28345.0,31862
31864,9192.0,28583.0,31863
31865,9192.0,28789.0,31864
31866,9192.0,29001.0,31865
31867,9192.0,28741.0,31866
31868,9192.0,27942.0,31867
31869,9192.0,27942.0,31868
31870,9192.0,27858.0,31869
31871,9192.0,27858.0,31870
31872,9192.0,27811.0,31871
31873,9192.0,28721.0,31872
31874,9192.0,28705.0,31873
31875,9192.0,28936.0,31874
31876,9192.0,29028.0,31875
31877,9192.0,28669.0,31876
31878,9192.0,28679.0,31877
31879,9192.0,28835.0,31878
31880,9192.0,28119.0,31879
31881,9192.0,27683.0,31880
31882,9192.0,27564.0,31881
31883,9192.0,27413.0,31882
31884,9192.0,26229.0,31883
31885,9192.0,26313.0,31884
31886,9192.0,26326.0,31885
31887,9192.0,26087.0,31886
31888,9192.0,26119.0,31887
31889,9192.0,25519.0,31888
31890,9192.0,25714.0,31889
31891,9192.0,25988.0,31890
31892,9192.0,27343.0,31891
31893,9192.0,28353.0,31892
31894,9192.0,28854.0,31893
31895,9192.0,28826.0,31894
31896,9192.0,28979.0,31895
31897,9192.0,29110.0,31896
31898,9192.0,28837.0,31897
31899,9192.0,29020.0,31898
31900,9192.0,29186.0,31899
31901,9192.0,29075.0,31900
31902,9192.0,29075.0,31901
31903,9192.0,29075.0,31902
31904,9192.0,29075.0,31903
31905,9192.0,29001.0,31904
31906,9192.0,29001.0,31905
31907,9192.0,29037.0,31906
31908,9192.0,28998.0,31907
31909,9192.0,29083.0,31908
31910,9192.0,29239.0,31909
31911,9192.0,29102.0,31910
31912,9192.0,29156.0,31911
31913,9192.0,29203.0,31912
31914,9192.0,29263.0,31913
31915,9192.0,29182.0,31914
31916,9192.0,29168.0,31915
31917,9192.0,28335.0,31916
31918,9192.0,29254.0,31917
31919,9192.0,29389.0,31918
31920,9192.0,29265.0,31919
31921,9192.0,28294.0,31920
31922,9192.0,28521.0,31921
31923,9192.0,28346.0,31922
31924,9192.0,28167.0,31923
31925,9192.0,29101.0,31924
31926,9192.0,29673.0,31925
31927,9192.0,29670.0,31926
31928,9192.0,29849.0,31927
31929,9192.0,29963.0,31928
31930,9192.0,30291.0,31929
31931,9192.0,30291.0,31930
31932,9192.0,30361.0,31931
31933,9192.0,29568.0,31932
31934,9192.0,28862.0,31933
31935,9192.0,28956.0,31934
31936,9192.0,29215.0,31935
31937,9192.0,29215.0,31936
31938,9192.0,29146.0,31937
31939,9192.0,29989.0,31938
31940,9192.0,29924.0,31939
31941,9192.0,29353.0,31940
31942,9192.0,29354.0,31941
31943,9192.0,28679.0,31942
31944,9192.0,28948.0,31943
31945,9192.0,28593.0,31944
31946,9192.0,29646.0,31945
31947,9192.0,30118.0,31946
31948,9192.0,30130.0,31947
31949,9192.0,30164.0,31948
31950,9192.0,30376.0,31949
31951,9192.0,30632.0,31950
31952,9192.0,30332.0,31951
31953,9192.0,30597.0,31952
31954,9192.0,30629.0,31953
31955,9192.0,31504.0,31954
31956,9192.0,30994.0,31955
31957,9192.0,30857.0,31956
31958,9192.0,30630.0,31957
31959,9192.0,30645.0,31958
31960,9192.0,30879.0,31959
31961,9192.0,30810.0,31960
31962,9192.0,30427.0,31961
31963,9192.0,29761.0,31962
31964,9192.0,29631.0,31963
31965,9192.0,29511.0,31964
31966,9192.0,29065.0,31965
31967,9192.0,30742.0,31966
31968,9192.0,30235.0,31967
31969,9192.0,30141.0,31968
31970,9192.0,30141.0,31969
31971,9192.0,30318.0,31970
31972,9192.0,30294.0,31971
31973,9192.0,30131.0,31972
31974,9192.0,30131.0,31973
31975,9192.0,29881.0,31974
31976,9192.0,27825.0,31975
31977,9192.0,27825.0,31976
31978,9192.0,27412.0,31977
31979,9192.0,27412.0,31978
31980,9192.0,27412.0,31979
31981,9192.0,27230.0,31980
31982,9192.0,26288.0,31981
31983,9192.0,26093.0,31982
31984,9192.0,26220.0,31983
31985,9192.0,25698.0,31984
31986,9192.0,26034.0,31985
31987,9192.0,26627.0,31986
31988,9192.0,27858.0,31987
31989,9192.0,27539.0,31988
31990,9192.0,26893.0,31989
31991,9192.0,27391.0,31990
31992,9192.0,27566.0,31991
31993,9192.0,27450.0,31992
31994,9192.0,27913.0,31993
31995,9192.0,28448.0,31994
31996,9192.0,28448.0,31995
31997,9192.0,28053.0,31996
31998,9192.0,28631.0,31997
31999,9192.0,28951.0,31998
32000,9192.0,28636.0,31999
32001,9192.0,29011.0,32000
32002,9192.0,28129.0,32001
32003,9192.0,27658.0,32002
32004,9192.0,26660.0,32003
32005,9192.0,26904.0,32004
32006,9192.0,26907.0,32005
32007,9192.0,26955.0,32006
32008,9192.0,26769.0,32007
32009,9192.0,27185.0,32008
32010,9192.0,26753.0,32009
32011,9192.0,26989.0,32010
32012,9192.0,27870.0,32011
32013,9192.0,27814.0,32012
32014,9192.0,27473.0,32013
32015,9192.0,26971.0,32014
32016,9192.0,26962.0,32015
32017,9192.0,28060.0,32016
32018,9192.0,28059.0,32017
32019,9192.0,26982.0,32018
32020,9192.0,27962.0,32019
32021,9192.0,28977.0,32020
32022,9192.0,28178.0,32021
32023,9192.0,28241.0,32022
32024,9192.0,28245.0,32023
32025,9192.0,27394.0,32024
32026,9192.0,27039.0,32025
32027,9192.0,27086.0,32026
32028,9192.0,27114.0,32027
32029,9192.0,27083.0,32028
32030,9192.0,26345.0,32029
32031,9192.0,26701.0,32030
32032,9192.0,26870.0,32031
32033,9192.0,26870.0,32032
32034,9192.0,27374.0,32033
32035,9192.0,27554.0,32034
32036,9192.0,27472.0,32035
32037,9192.0,27308.0,32036
32038,9192.0,28064.0,32037
32039,9192.0,27263.0,32038
32040,9192.0,27102.0,32039
32041,9192.0,26360.0,32040
32042,9192.0,26370.0,32041
32043,9192.0,26370.0,32042
32044,9192.0,27321.0,32043
32045,9192.0,27974.0,32044
32046,9192.0,28187.0,32045
32047,9192.0,28189.0,32046
32048,9192.0,28287.0,32047
32049,9192.0,28396.0,32048
32050,9192.0,28633.0,32049
32051,9192.0,28816.0,32050
32052,9192.0,28145.0,32051
32053,9192.0,28056.0,32052
32054,9192.0,27909.0,32053
32055,9192.0,28620.0,32054
32056,9192.0,28654.0,32055
32057,9192.0,28072.0,32056
32058,9192.0,27106.0,32057
32059,9192.0,26859.0,32058
32060,9192.0,26836.0,32059
32061,9192.0,27598.0,32060
32062,9192.0,27576.0,32061
32063,9192.0,27951.0,32062
32064,9192.0,27875.0,32063
32065,9192.0,27841.0,32064
32066,9192.0,27841.0,32065
32067,9192.0,27689.0,32066
32068,9192.0,27892.0,32067
32069,9192.0,27490.0,32068
32070,9192.0,27551.0,32069
32071,9192.0,27555.0,32070
32072,9192.0,27489.0,32071
32073,9192.0,27707.0,32072
32074,9192.0,27702.0,32073
32075,9192.0,27820.0,32074
32076,9192.0,27691.0,32075
32077,9192.0,28774.0,32076
32078,9192.0,28524.0,32077
32079,9192.0,29935.0,32078
32080,9192.0,29758.0,32079
32081,9192.0,29846.0,32080
32082,9192.0,29811.0,32081
32083,9192.0,30508.0,32082
32084,9192.0,30240.0,32083
32085,9192.0,30228.0,32084
32086,9192.0,29754.0,32085
32087,9192.0,29754.0,32086
32088,9192.0,30955.0,32087
32089,9192.0,30737.0,32088
32090,9192.0,30847.0,32089
32091,9192.0,31032.0,32090
32092,9192.0,31753.0,32091
32093,9192.0,31593.0,32092
32094,9192.0,31160.0,32093
32095,9192.0,32191.0,32094
32096,9192.0,32101.0,32095
32097,9192.0,32089.0,32096
32098,9192.0,32532.0,32097
32099,9192.0,32664.0,32098
32100,9192.0,32847.0,32099
32101,9192.0,32637.0,32100
32102,9192.0,33178.0,32101
32103,9192.0,32486.0,32102
32104,9192.0,31749.0,32103
32105,9192.0,31564.0,32104
32106,9192.0,31020.0,32105
32107,9192.0,31093.0,32106
32108,9192.0,30602.0,32107
32109,9192.0,30650.0,32108
32110,9192.0,30788.0,32109
32111,9192.0,30697.0,32110
32112,9192.0,30625.0,32111
32113,9192.0,30997.0,32112
32114,9192.0,31198.0,32113
32115,9192.0,29142.0,32114
32116,9192.0,28578.0,32115
32117,9192.0,28427.0,32116
32118,9192.0,28310.0,32117
32119,9192.0,28539.0,32118
32120,9192.0,29640.0,32119
32121,9192.0,30122.0,32120
32122,9192.0,29753.0,32121
32123,9192.0,30575.0,32122
32124,9192.0,30575.0,32123
32125,9192.0,30391.0,32124
32126,9192.0,30647.0,32125
32127,9192.0,30630.0,32126
32128,9192.0,30733.0,32127
32129,9192.0,30446.0,32128
32130,9192.0,30461.0,32129
32131,9192.0,31236.0,32130
32132,9192.0,30997.0,32131
32133,9192.0,30354.0,32132
32134,9192.0,30034.0,32133
32135,9192.0,30016.0,32134
32136,9192.0,29957.0,32135
32137,9192.0,29920.0,32136
32138,9192.0,29867.0,32137
32139,9192.0,29867.0,32138
32140,9192.0,28879.0,32139
32141,9192.0,28879.0,32140
32142,9192.0,28074.0,32141
32143,9192.0,28690.0,32142
32144,9192.0,28293.0,32143
32145,9192.0,27984.0,32144
32146,9192.0,26916.0,32145
32147,9192.0,27375.0,32146
32148,9192.0,27407.0,32147
32149,9192.0,28263.0,32148
32150,9192.0,27185.0,32149
32151,9192.0,27806.0,32150
32152,9192.0,27806.0,32151
32153,9192.0,27590.0,32152
32154,9192.0,27437.0,32153
32155,9192.0,27754.0,32154
32156,9192.0,27903.0,32155
32157,9192.0,27364.0,32156
32158,9192.0,27250.0,32157
32159,9192.0,27260.0,32158
32160,9192.0,27265.0,32159
32161,9192.0,27460.0,32160
32162,9192.0,27460.0,32161
32163,9192.0,27446.0,32162
32164,9192.0,27410.0,32163
32165,9192.0,27417.0,32164
32166,9192.0,27390.0,32165
32167,9192.0,27496.0,32166
32168,9192.0,27632.0,32167
32169,9192.0,27950.0,32168
32170,9192.0,27723.0,32169
32171,9192.0,27779.0,32170
32172,9192.0,27193.0,32171
32173,9192.0,26974.0,32172
32174,9192.0,26958.0,32173
32175,9192.0,27981.0,32174
32176,9192.0,27840.0,32175
32177,9192.0,28184.0,32176
32178,9192.0,28207.0,32177
32179,9192.0,28139.0,32178
32180,9192.0,28585.0,32179
32181,9192.0,28967.0,32180
32182,9192.0,28967.0,32181
32183,9192.0,29523.0,32182
32184,9192.0,29563.0,32183
32185,9192.0,29532.0,32184
32186,9192.0,29694.0,32185
32187,9192.0,29491.0,32186
32188,9192.0,29550.0,32187
32189,9192.0,29550.0,32188
32190,9192.0,30814.0,32189
32191,9192.0,30860.0,32190
32192,9192.0,29618.0,32191
32193,9192.0,28985.0,32192
32194,9192.0,28931.0,32193
32195,9192.0,30624.0,32194
32196,9192.0,30360.0,32195
32197,9192.0,30703.0,32196
32198,9192.0,30661.0,32197
32199,9192.0,30657.0,32198
32200,9192.0,30994.0,32199
32201,9192.0,31598.0,32200
32202,9192.0,31253.0,32201
32203,9192.0,31253.0,32202
32204,9192.0,31243.0,32203
32205,9192.0,30778.0,32204
32206,9192.0,30165.0,32205
32207,9192.0,30191.0,32206
32208,9192.0,30063.0,32207
32209,9192.0,30531.0,32208
32210,9192.0,30644.0,32209
32211,9192.0,32325.0,32210
32212,9192.0,32360.0,32211
32213,9192.0,31287.0,32212
32214,9192.0,31315.0,32213
32215,9192.0,31380.0,32214
32216,9192.0,30729.0,32215
32217,9192.0,31235.0,32216
32218,9192.0,31498.0,32217
32219,9192.0,31488.0,32218
32220,9192.0,31613.0,32219
32221,9192.0,31645.0,32220
32222,9192.0,31540.0,32221
32223,9192.0,31660.0,32222
32224,9192.0,30986.0,32223
32225,9192.0,30268.0,32224
32226,9192.0,30285.0,32225
32227,9192.0,30559.0,32226
32228,9192.0,30247.0,32227
32229,9192.0,30450.0,32228
32230,9192.0,30319.0,32229
32231,9192.0,30287.0,32230
32232,9192.0,30497.0,32231
32233,9192.0,30681.0,32232
32234,9192.0,30681.0,32233
32235,9192.0,30254.0,32234
32236,9192.0,30567.0,32235
32237,9192.0,30601.0,32236
32238,9192.0,30685.0,32237
32239,9192.0,30754.0,32238
32240,9192.0,30762.0,32239
32241,9192.0,30853.0,32240
32242,9192.0,30594.0,32241
32243,9192.0,30518.0,32242
32244,9192.0,30503.0,32243
32245,9192.0,30639.0,32244
32246,9192.0,30771.0,32245
32247,9192.0,29280.0,32246
32248,9192.0,29508.0,32247
32249,9192.0,29671.0,32248
32250,9192.0,29960.0,32249
32251,9192.0,30020.0,32250
32252,9192.0,29847.0,32251
32253,9192.0,30023.0,32252
32254,9192.0,30257.0,32253
32255,9192.0,30251.0,32254
32256,9192.0,29988.0,32255
32257,9192.0,29497.0,32256
32258,9192.0,29732.0,32257
32259,9192.0,29682.0,32258
32260,9192.0,29861.0,32259
32261,9192.0,29683.0,32260
32262,9192.0,29842.0,32261
32263,9192.0,29704.0,32262
32264,9192.0,29907.0,32263
32265,9192.0,29896.0,32264
32266,9192.0,30038.0,32265
32267,9192.0,30211.0,32266
32268,9192.0,29629.0,32267
32269,9192.0,29620.0,32268
32270,9192.0,29134.0,32269
32271,9192.0,28840.0,32270
32272,9192.0,28570.0,32271
32273,9192.0,28154.0,32272
32274,9192.0,28181.0,32273
32275,9192.0,28284.0,32274
32276,9192.0,28200.0,32275
32277,9192.0,28059.0,32276
32278,9192.0,28309.0,32277
32279,9192.0,28440.0,32278
32280,9192.0,28425.0,32279
32281,9192.0,27817.0,32280
32282,9192.0,27924.0,32281
32283,9192.0,27783.0,32282
32284,9192.0,28093.0,32283
32285,9192.0,28653.0,32284
32286,9192.0,29359.0,32285
32287,9192.0,29816.0,32286
32288,9192.0,29926.0,32287
32289,9192.0,29932.0,32288
32290,9192.0,29830.0,32289
32291,9192.0,29855.0,32290
32292,9192.0,28892.0,32291
32293,9192.0,28546.0,32292
32294,9192.0,28557.0,32293
32295,9192.0,28680.0,32294
32296,9192.0,28831.0,32295
32297,9192.0,28203.0,32296
32298,9192.0,28061.0,32297
32299,9192.0,27979.0,32298
32300,9192.0,27962.0,32299
32301,9192.0,27659.0,32300
32302,9192.0,27710.0,32301
32303,9192.0,28205.0,32302
32304,9192.0,28940.0,32303
32305,9192.0,29030.0,32304
32306,9192.0,28507.0,32305
32307,9192.0,27433.0,32306
32308,9192.0,27431.0,32307
32309,9192.0,27431.0,32308
32310,9192.0,27440.0,32309
32311,9192.0,26685.0,32310
32312,9192.0,26155.0,32311
32313,9192.0,26513.0,32312
32314,9192.0,25470.0,32313
32315,9192.0,25615.0,32314
32316,9192.0,24675.0,32315
32317,9192.0,24445.0,32316
32318,9192.0,24088.0,32317
32319,9192.0,23910.0,32318
32320,9192.0,23975.0,32319
32321,9192.0,24334.0,32320
32322,9192.0,24733.0,32321
32323,9192.0,24733.0,32322
32324,9192.0,24743.0,32323
32325,9192.0,25660.0,32324
32326,9192.0,25546.0,32325
32327,9192.0,25672.0,32326
32328,9192.0,25672.0,32327
32329,9192.0,24276.0,32328
32330,9192.0,24803.0,32329
32331,9192.0,24588.0,32330
32332,9192.0,24203.0,32331
32333,9192.0,24005.0,32332
32334,9192.0,24363.0,32333
32335,9192.0,26116.0,32334
32336,9192.0,26116.0,32335
32337,9192.0,25994.0,32336
32338,9192.0,25953.0,32337
32339,9192.0,26813.0,32338
32340,9192.0,26753.0,32339
32341,9192.0,27420.0,32340
32342,9192.0,26642.0,32341
32343,9192.0,27272.0,32342
32344,9192.0,26917.0,32343
32345,9192.0,27440.0,32344
32346,9192.0,27609.0,32345
32347,9192.0,28486.0,32346
32348,9192.0,28886.0,32347
32349,9192.0,28246.0,32348
32350,9192.0,28228.0,32349
32351,9192.0,27962.0,32350
32352,9192.0,27274.0,32351
32353,9192.0,27274.0,32352
32354,9192.0,27408.0,32353
32355,9192.0,28359.0,32354
32356,9192.0,27829.0,32355
32357,9192.0,27398.0,32356
32358,9192.0,27272.0,32357
32359,9192.0,28324.0,32358
32360,9192.0,28462.0,32359
32361,9192.0,28766.0,32360
32362,9192.0,28086.0,32361
32363,9192.0,28086.0,32362
32364,9192.0,28165.0,32363
32365,9192.0,27026.0,32364
32366,9192.0,27217.0,32365
32367,9192.0,27256.0,32366
32368,9192.0,27500.0,32367
32369,9192.0,28630.0,32368
32370,9192.0,28159.0,32369
32371,9192.0,28530.0,32370
32372,9192.0,29439.0,32371
32373,9192.0,29321.0,32372
32374,9192.0,29196.0,32373
32375,9192.0,29376.0,32374
32376,9192.0,29356.0,32375
32377,9192.0,29859.0,32376
32378,9192.0,29909.0,32377
32379,9192.0,30099.0,32378
32380,9192.0,30099.0,32379
32381,9192.0,30010.0,32380
32382,9192.0,30381.0,32381
32383,9192.0,30808.0,32382
32384,9192.0,30901.0,32383
32385,9192.0,30957.0,32384
32386,9192.0,31295.0,32385
32387,9192.0,31514.0,32386
32388,9192.0,31510.0,32387
32389,9192.0,31741.0,32388
32390,9192.0,30984.0,32389
32391,9192.0,28366.0,32390
32392,9192.0,27939.0,32391
32393,9192.0,27939.0,32392
32394,9192.0,28073.0,32393
32395,9192.0,27588.0,32394
32396,9192.0,27468.0,32395
32397,9192.0,27468.0,32396
32398,9192.0,28295.0,32397
32399,9192.0,28875.0,32398
32400,9192.0,29080.0,32399
32401,9192.0,29154.0,32400
32402,9192.0,29019.0,32401
32403,9192.0,28708.0,32402
32404,9192.0,28802.0,32403
32405,9192.0,28802.0,32404
32406,9192.0,28205.0,32405
32407,9192.0,28801.0,32406
32408,9192.0,29423.0,32407
32409,9192.0,29338.0,32408
32410,9192.0,29354.0,32409
32411,9192.0,29501.0,32410
32412,9192.0,29360.0,32411
32413,9192.0,29416.0,32412
32414,9192.0,29111.0,32413
32415,9192.0,28799.0,32414
32416,9192.0,28559.0,32415
32417,9192.0,28816.0,32416
32418,9192.0,28909.0,32417
32419,9192.0,29887.0,32418
32420,9192.0,29610.0,32419
32421,9192.0,29362.0,32420
32422,9192.0,29380.0,32421
32423,9192.0,28982.0,32422
32424,9192.0,28982.0,32423
32425,9192.0,28112.0,32424
32426,9192.0,27474.0,32425
32427,9192.0,28040.0,32426
32428,9192.0,27838.0,32427
32429,9192.0,28108.0,32428
32430,9192.0,28080.0,32429
32431,9192.0,28869.0,32430
32432,9192.0,28695.0,32431
32433,9192.0,28597.0,32432
32434,9192.0,28556.0,32433
32435,9192.0,29292.0,32434
32436,9192.0,29413.0,32435
32437,9192.0,29421.0,32436
32438,9192.0,29221.0,32437
32439,9192.0,29350.0,32438
32440,9192.0,28951.0,32439
32441,9192.0,28987.0,32440
32442,9192.0,28767.0,32441
32443,9192.0,28643.0,32442
32444,9192.0,28643.0,32443
32445,9192.0,28270.0,32444
32446,9192.0,28001.0,32445
32447,9192.0,28223.0,32446
32448,9192.0,28223.0,32447
32449,9192.0,27676.0,32448
32450,9192.0,27676.0,32449
32451,9192.0,28010.0,32450
32452,9192.0,28779.0,32451
32453,9192.0,28965.0,32452
32454,9192.0,29210.0,32453
32455,9192.0,29215.0,32454
32456,9192.0,29215.0,32455
32457,9192.0,29272.0,32456
32458,9192.0,29350.0,32457
32459,9192.0,29358.0,32458
32460,9192.0,29204.0,32459
32461,9192.0,30076.0,32460
32462,9192.0,29269.0,32461
32463,9192.0,29931.0,32462
32464,9192.0,29471.0,32463
32465,9192.0,29772.0,32464
32466,9192.0,29980.0,32465
32467,9192.0,30187.0,32466
32468,9192.0,30949.0,32467
32469,9192.0,30986.0,32468
32470,9192.0,30731.0,32469
32471,9192.0,30693.0,32470
32472,9192.0,30803.0,32471
32473,9192.0,30803.0,32472
32474,9192.0,30808.0,32473
32475,9192.0,30164.0,32474
32476,9192.0,30432.0,32475
32477,9192.0,30697.0,32476
32478,9192.0,30714.0,32477
32479,9192.0,29337.0,32478
32480,9192.0,29232.0,32479
32481,9192.0,29531.0,32480
32482,9192.0,29762.0,32481
32483,9192.0,29812.0,32482
32484,9192.0,29306.0,32483
32485,9192.0,29147.0,32484
32486,9192.0,29977.0,32485
32487,9192.0,29890.0,32486
32488,9192.0,29097.0,32487
32489,9192.0,28907.0,32488
32490,9192.0,28323.0,32489
32491,9192.0,28319.0,32490
32492,9192.0,28307.0,32491
32493,9192.0,28845.0,32492
32494,9192.0,27938.0,32493
32495,9192.0,28203.0,32494
32496,9192.0,27543.0,32495
32497,9192.0,27529.0,32496
32498,9192.0,27474.0,32497
32499,9192.0,27042.0,32498
32500,9192.0,27042.0,32499
32501,9192.0,27090.0,32500
32502,9192.0,27238.0,32501
32503,9192.0,27595.0,32502
32504,9192.0,27595.0,32503
32505,9192.0,27591.0,32504
32506,9192.0,27594.0,32505
32507,9192.0,27356.0,32506
32508,9192.0,26382.0,32507
32509,9192.0,26950.0,32508
32510,9192.0,26749.0,32509
32511,9192.0,26731.0,32510
32512,9192.0,27872.0,32511
32513,9192.0,27890.0,32512
32514,9192.0,27921.0,32513
32515,9192.0,27921.0,32514
32516,9192.0,28399.0,32515
32517,9192.0,28807.0,32516
32518,9192.0,29592.0,32517
32519,9192.0,29462.0,32518
32520,9192.0,30187.0,32519
32521,9192.0,29604.0,32520
32522,9192.0,29905.0,32521
32523,9192.0,29613.0,32522
32524,9192.0,29339.0,32523
32525,9192.0,29826.0,32524
32526,9192.0,29603.0,32525
32527,9192.0,30395.0,32526
32528,9192.0,29813.0,32527
32529,9192.0,29814.0,32528
32530,9192.0,29887.0,32529
32531,9192.0,29782.0,32530
32532,9192.0,30001.0,32531
32533,9192.0,30001.0,32532
32534,9192.0,29650.0,32533
32535,9192.0,29716.0,32534
32536,9192.0,29449.0,32535
32537,9192.0,29445.0,32536
32538,9192.0,29280.0,32537
32539,9192.0,29331.0,32538
32540,9192.0,29202.0,32539
32541,9192.0,28838.0,32540
32542,9192.0,29931.0,32541
32543,9192.0,30392.0,32542
32544,9192.0,30392.0,32543
32545,9192.0,30366.0,32544
32546,9192.0,29800.0,32545
32547,9192.0,29845.0,32546
32548,9192.0,29677.0,32547
32549,9192.0,27910.0,32548
32550,9192.0,27547.0,32549
32551,9192.0,27659.0,32550
32552,9192.0,27821.0,32551
32553,9192.0,27821.0,32552
32554,9192.0,27788.0,32553
32555,9192.0,27825.0,32554
32556,9192.0,27785.0,32555
32557,9192.0,27884.0,32556
32558,9192.0,26962.0,32557
32559,9192.0,27201.0,32558
32560,9192.0,27221.0,32559
32561,9192.0,27100.0,32560
32562,9192.0,27692.0,32561
32563,9192.0,27588.0,32562
32564,9192.0,28554.0,32563
32565,9192.0,28364.0,32564
32566,9192.0,28174.0,32565
32567,9192.0,28308.0,32566
32568,9192.0,28377.0,32567
32569,9192.0,28314.0,32568
32570,9192.0,28491.0,32569
32571,9192.0,28817.0,32570
32572,9192.0,28873.0,32571
32573,9192.0,28873.0,32572
32574,9192.0,28841.0,32573
32575,9192.0,28671.0,32574
32576,9192.0,28132.0,32575
32577,9192.0,28722.0,32576
32578,9192.0,28049.0,32577
32579,9192.0,28049.0,32578
32580,9192.0,28023.0,32579
32581,9192.0,28347.0,32580
32582,9192.0,28357.0,32581
32583,9192.0,28357.0,32582
32584,9192.0,27855.0,32583
32585,9192.0,27855.0,32584
32586,9192.0,27115.0,32585
32587,9192.0,26067.0,32586
32588,9192.0,25876.0,32587
32589,9192.0,25854.0,32588
32590,9192.0,26832.0,32589
32591,9192.0,27093.0,32590
32592,9192.0,26932.0,32591
32593,9192.0,26664.0,32592
32594,9192.0,27095.0,32593
32595,9192.0,27095.0,32594
32596,9192.0,27496.0,32595
32597,9192.0,27466.0,32596
32598,9192.0,27692.0,32597
32599,9192.0,27678.0,32598
32600,9192.0,27779.0,32599
32601,9192.0,28105.0,32600
32602,9192.0,28442.0,32601
32603,9192.0,28442.0,32602
32604,9192.0,28628.0,32603
32605,9192.0,28235.0,32604
32606,9192.0,29075.0,32605
32607,9192.0,29072.0,32606
32608,9192.0,28565.0,32607
32609,9192.0,28170.0,32608
32610,9192.0,28170.0,32609
32611,9192.0,28032.0,32610
32612,9192.0,27903.0,32611
32613,9192.0,28273.0,32612
32614,9192.0,27883.0,32613
32615,9192.0,27883.0,32614
32616,9192.0,27920.0,32615
32617,9192.0,27705.0,32616
32618,9192.0,27899.0,32617
32619,9192.0,27871.0,32618
32620,9192.0,27860.0,32619
32621,9192.0,27698.0,32620
32622,9192.0,28007.0,32621
32623,9192.0,27202.0,32622
32624,9192.0,27202.0,32623
32625,9192.0,27630.0,32624
32626,9192.0,28247.0,32625
32627,9192.0,28177.0,32626
32628,9192.0,28109.0,32627
32629,9192.0,27902.0,32628
32630,9192.0,27895.0,32629
32631,9192.0,27895.0,32630
32632,9192.0,27462.0,32631
32633,9192.0,27424.0,32632
32634,9192.0,27727.0,32633
32635,9192.0,29040.0,32634
32636,9192.0,28318.0,32635
32637,9192.0,28323.0,32636
32638,9192.0,27901.0,32637
32639,9192.0,28543.0,32638
32640,9192.0,28561.0,32639
32641,9192.0,27375.0,32640
32642,9192.0,27957.0,32641
32643,9192.0,28287.0,32642
32644,9192.0,28287.0,32643
32645,9192.0,28278.0,32644
32646,9192.0,28604.0,32645
32647,9192.0,28505.0,32646
32648,9192.0,28058.0,32647
32649,9192.0,28523.0,32648
32650,9192.0,28320.0,32649
32651,9192.0,28960.0,32650
32652,9192.0,29441.0,32651
32653,9192.0,28372.0,32652
32654,9192.0,28380.0,32653
32655,9192.0,29164.0,32654
32656,9192.0,29236.0,32655
32657,9192.0,29244.0,32656
32658,9192.0,29520.0,32657
32659,9192.0,29036.0,32658
32660,9192.0,28658.0,32659
32661,9192.0,29572.0,32660
32662,9192.0,29868.0,32661
32663,9192.0,29626.0,32662
32664,9192.0,30581.0,32663
32665,9192.0,29912.0,32664
32666,9192.0,30033.0,32665
32667,9192.0,29967.0,32666
32668,9192.0,29921.0,32667
32669,9192.0,29566.0,32668
32670,9192.0,29674.0,32669
32671,9192.0,29759.0,32670
32672,9192.0,29759.0,32671
32673,9192.0,29771.0,32672
32674,9192.0,29573.0,32673
32675,9192.0,29117.0,32674
32676,9192.0,28543.0,32675
32677,9192.0,28693.0,32676
32678,9192.0,29228.0,32677
32679,9192.0,29562.0,32678
32680,9192.0,29085.0,32679
32681,9192.0,27126.0,32680
32682,9192.0,27382.0,32681
32683,9192.0,27389.0,32682
32684,9192.0,26748.0,32683
32685,9192.0,26961.0,32684
32686,9192.0,27186.0,32685
32687,9192.0,27274.0,32686
32688,9192.0,27387.0,32687
32689,9192.0,27737.0,32688
32690,9192.0,26992.0,32689
32691,9192.0,26965.0,32690
32692,9192.0,26900.0,32691
32693,9192.0,27060.0,32692
32694,9192.0,26837.0,32693
32695,9192.0,26069.0,32694
32696,9192.0,27280.0,32695
32697,9192.0,27220.0,32696
32698,9192.0,28133.0,32697
32699,9192.0,28127.0,32698
32700,9192.0,28267.0,32699
32701,9192.0,27342.0,32700
32702,9192.0,27342.0,32701
32703,9192.0,27561.0,32702
32704,9192.0,28887.0,32703
32705,9192.0,29081.0,32704
32706,9192.0,29220.0,32705
32707,9192.0,29260.0,32706
32708,9192.0,29291.0,32707
32709,9192.0,29244.0,32708
32710,9192.0,29344.0,32709
32711,9192.0,28925.0,32710
32712,9192.0,29120.0,32711
32713,9192.0,28937.0,32712
32714,9192.0,28937.0,32713
32715,9192.0,29143.0,32714
32716,9192.0,28061.0,32715
32717,9192.0,28726.0,32716
32718,9192.0,28622.0,32717
32719,9192.0,29708.0,32718
32720,9192.0,27490.0,32719
32721,9192.0,27476.0,32720
32722,9192.0,27450.0,32721
32723,9192.0,26912.0,32722
32724,9192.0,27073.0,32723
32725,9192.0,26885.0,32724
32726,9192.0,26885.0,32725
32727,9192.0,26688.0,32726
32728,9192.0,25747.0,32727
32729,9192.0,25353.0,32728
32730,9192.0,24225.0,32729
32731,9192.0,23863.0,32730
32732,9192.0,23665.0,32731
32733,9192.0,23893.0,32732
32734,9192.0,24382.0,32733
32735,9192.0,24196.0,32734
32736,9192.0,24082.0,32735
32737,9192.0,24082.0,32736
32738,9192.0,24095.0,32737
32739,9192.0,24095.0,32738
32740,9192.0,24118.0,32739
32741,9192.0,25016.0,32740
32742,9192.0,25072.0,32741
32743,9192.0,24870.0,32742
32744,9192.0,24982.0,32743
32745,9192.0,25855.0,32744
32746,9192.0,25619.0,32745
32747,9192.0,26768.0,32746
32748,9192.0,26654.0,32747
32749,9192.0,27118.0,32748
32750,9192.0,27562.0,32749
32751,9192.0,27562.0,32750
32752,9192.0,27404.0,32751
32753,9192.0,27418.0,32752
32754,9192.0,26970.0,32753
32755,9192.0,27649.0,32754
32756,9192.0,27650.0,32755
32757,9192.0,27460.0,32756
32758,9192.0,27291.0,32757
32759,9192.0,28065.0,32758
32760,9192.0,27919.0,32759
32761,9192.0,27940.0,32760
32762,9192.0,27935.0,32761
32763,9192.0,28125.0,32762
32764,9192.0,27510.0,32763
32765,9192.0,27191.0,32764
32766,9192.0,27138.0,32765
32767,9192.0,28207.0,32766
32768,9192.0,28001.0,32767
32769,9192.0,27363.0,32768
32770,9192.0,27244.0,32769
32771,9192.0,27473.0,32770
32772,9192.0,27473.0,32771
32773,9192.0,27935.0,32772
32774,9192.0,27966.0,32773
32775,9192.0,27798.0,32774
32776,9192.0,28045.0,32775
32777,9192.0,28180.0,32776
32778,9192.0,28531.0,32777
32779,9192.0,28531.0,32778
32780,9192.0,28881.0,32779
32781,9192.0,27140.0,32780
32782,9192.0,27543.0,32781
32783,9192.0,28009.0,32782
32784,9192.0,28026.0,32783
32785,9192.0,27610.0,32784
32786,9192.0,27055.0,32785
32787,9192.0,27055.0,32786
32788,9192.0,27058.0,32787
32789,9192.0,26799.0,32788
32790,9192.0,27095.0,32789
32791,9192.0,26945.0,32790
32792,9192.0,26945.0,32791
32793,9192.0,27002.0,32792
32794,9192.0,26590.0,32793
32795,9192.0,26590.0,32794
32796,9192.0,26978.0,32795
32797,9192.0,26586.0,32796
32798,9192.0,26586.0,32797
32799,9192.0,27102.0,32798
32800,9192.0,28243.0,32799
32801,9192.0,28238.0,32800
32802,9192.0,28238.0,32801
32803,9192.0,28265.0,32802
32804,9192.0,28451.0,32803
32805,9192.0,28250.0,32804
32806,9192.0,28250.0,32805
32807,9192.0,28250.0,32806
32808,9192.0,28032.0,32807
32809,9192.0,27702.0,32808
32810,9192.0,27965.0,32809
32811,9192.0,28279.0,32810
32812,9192.0,28379.0,32811
32813,9192.0,29212.0,32812
32814,9192.0,28864.0,32813
32815,9192.0,28089.0,32814
32816,9192.0,28044.0,32815
32817,9192.0,27648.0,32816
32818,9192.0,28026.0,32817
32819,9192.0,27889.0,32818
32820,9192.0,27898.0,32819
32821,9192.0,27920.0,32820
32822,9192.0,27855.0,32821
32823,9192.0,27726.0,32822
32824,9192.0,27703.0,32823
32825,9192.0,27718.0,32824
32826,9192.0,27956.0,32825
32827,9192.0,28224.0,32826
32828,9192.0,28422.0,32827
32829,9192.0,28583.0,32828
32830,9192.0,28464.0,32829
32831,9192.0,29232.0,32830
32832,9192.0,29462.0,32831
32833,9192.0,28955.0,32832
32834,9192.0,29139.0,32833
32835,9192.0,30250.0,32834
32836,9192.0,30250.0,32835
32837,9192.0,30907.0,32836
32838,9192.0,30917.0,32837
32839,9192.0,30917.0,32838
32840,9192.0,30601.0,32839
32841,9192.0,30559.0,32840
32842,9192.0,30430.0,32841
32843,9192.0,30474.0,32842
32844,9192.0,30512.0,32843
32845,9192.0,30050.0,32844
32846,9192.0,30090.0,32845
32847,9192.0,30643.0,32846
32848,9192.0,30524.0,32847
32849,9192.0,30529.0,32848
32850,9192.0,30028.0,32849
32851,9192.0,30279.0,32850
32852,9192.0,30197.0,32851
32853,9192.0,30671.0,32852
32854,9192.0,32164.0,32853
32855,9192.0,31764.0,32854
32856,9192.0,32252.0,32855
32857,9192.0,31210.0,32856
32858,9192.0,31210.0,32857
32859,9192.0,31219.0,32858
32860,9192.0,30882.0,32859
32861,9192.0,30280.0,32860
32862,9192.0,30694.0,32861
32863,9192.0,31491.0,32862
32864,9192.0,30848.0,32863
32865,9192.0,30848.0,32864
32866,9192.0,30848.0,32865
32867,9192.0,30695.0,32866
32868,9192.0,30445.0,32867
32869,9192.0,30319.0,32868
32870,9192.0,29533.0,32869
32871,9192.0,29486.0,32870
32872,9192.0,29513.0,32871
32873,9192.0,29498.0,32872
32874,9192.0,29796.0,32873
32875,9192.0,29955.0,32874
32876,9192.0,29953.0,32875
32877,9192.0,29965.0,32876
32878,9192.0,29846.0,32877
32879,9192.0,29878.0,32878
32880,9192.0,30027.0,32879
32881,9192.0,30109.0,32880
32882,9192.0,30112.0,32881
32883,9192.0,30357.0,32882
32884,9192.0,30406.0,32883
32885,9192.0,29998.0,32884
32886,9192.0,29737.0,32885
32887,9192.0,30275.0,32886
32888,9192.0,28510.0,32887
32889,9192.0,28058.0,32888
32890,9192.0,28142.0,32889
32891,9192.0,28204.0,32890
32892,9192.0,28204.0,32891
32893,9192.0,27465.0,32892
32894,9192.0,26488.0,32893
32895,9192.0,26378.0,32894
32896,9192.0,26691.0,32895
32897,9192.0,26704.0,32896
32898,9192.0,27140.0,32897
32899,9192.0,26875.0,32898
32900,9192.0,26899.0,32899
32901,9192.0,26678.0,32900
32902,9192.0,27590.0,32901
32903,9192.0,27590.0,32902
32904,9192.0,28503.0,32903
32905,9192.0,28500.0,32904
32906,9192.0,28613.0,32905
32907,9192.0,28573.0,32906
32908,9192.0,28590.0,32907
32909,9192.0,28735.0,32908
32910,9192.0,28645.0,32909
32911,9192.0,27964.0,32910
32912,9192.0,26807.0,32911
32913,9192.0,26267.0,32912
32914,9192.0,26115.0,32913
32915,9192.0,24966.0,32914
32916,9192.0,25792.0,32915
32917,9192.0,25868.0,32916
32918,9192.0,26634.0,32917
32919,9192.0,26904.0,32918
32920,9192.0,27037.0,32919
32921,9192.0,26741.0,32920
32922,9192.0,27395.0,32921
32923,9192.0,28553.0,32922
32924,9192.0,29180.0,32923
32925,9192.0,29867.0,32924
32926,9192.0,29867.0,32925
32927,9192.0,29867.0,32926
32928,9192.0,29847.0,32927
32929,9192.0,29891.0,32928
32930,9192.0,30250.0,32929
32931,9192.0,30241.0,32930
32932,9192.0,30456.0,32931
32933,9192.0,30706.0,32932
32934,9192.0,30083.0,32933
32935,9192.0,30923.0,32934
32936,9192.0,31036.0,32935
32937,9192.0,30653.0,32936
32938,9192.0,30654.0,32937
32939,9192.0,30473.0,32938
32940,9192.0,30517.0,32939
32941,9192.0,30827.0,32940
32942,9192.0,30845.0,32941
32943,9192.0,30656.0,32942
32944,9192.0,29796.0,32943
32945,9192.0,29900.0,32944
32946,9192.0,29450.0,32945
32947,9192.0,29801.0,32946
32948,9192.0,29505.0,32947
32949,9192.0,29561.0,32948
32950,9192.0,29774.0,32949
32951,9192.0,29848.0,32950
32952,9192.0,29832.0,32951
32953,9192.0,30033.0,32952
32954,9192.0,29833.0,32953
32955,9192.0,29905.0,32954
32956,9192.0,29839.0,32955
32957,9192.0,29756.0,32956
32958,9192.0,29732.0,32957
32959,9192.0,29516.0,32958
32960,9192.0,28828.0,32959
32961,9192.0,28702.0,32960
32962,9192.0,28628.0,32961
32963,9192.0,28556.0,32962
32964,9192.0,28726.0,32963
32965,9192.0,28587.0,32964
32966,9192.0,28344.0,32965
32967,9192.0,28478.0,32966
32968,9192.0,28935.0,32967
32969,9192.0,28711.0,32968
32970,9192.0,29166.0,32969
32971,9192.0,29166.0,32970
32972,9192.0,29166.0,32971
32973,9192.0,29709.0,32972
32974,9192.0,29277.0,32973
32975,9192.0,28676.0,32974
32976,9192.0,28900.0,32975
32977,9192.0,28808.0,32976
32978,9192.0,29316.0,32977
32979,9192.0,29316.0,32978
32980,9192.0,29108.0,32979
32981,9192.0,29802.0,32980
32982,9192.0,29497.0,32981
32983,9192.0,29497.0,32982
32984,9192.0,29719.0,32983
32985,9192.0,29462.0,32984
32986,9192.0,29293.0,32985
32987,9192.0,29232.0,32986
32988,9192.0,29353.0,32987
32989,9192.0,30067.0,32988
32990,9192.0,30737.0,32989
32991,9192.0,30756.0,32990
32992,9192.0,29704.0,32991
32993,9192.0,29753.0,32992
32994,9192.0,29759.0,32993
32995,9192.0,29859.0,32994
32996,9192.0,29073.0,32995
32997,9192.0,29216.0,32996
32998,9192.0,29216.0,32997
32999,9192.0,31008.0,32998
33000,9192.0,31221.0,32999
33001,9192.0,30925.0,33000
33002,9192.0,30925.0,33001
33003,9192.0,30896.0,33002
33004,9192.0,30348.0,33003
33005,9192.0,30797.0,33004
33006,9192.0,30800.0,33005
33007,9192.0,30785.0,33006
33008,9192.0,30916.0,33007
33009,9192.0,29711.0,33008
33010,9192.0,29682.0,33009
33011,9192.0,29999.0,33010
33012,9192.0,29369.0,33011
33013,9192.0,29565.0,33012
33014,9192.0,29684.0,33013
33015,9192.0,29556.0,33014
33016,9192.0,29285.0,33015
33017,9192.0,29209.0,33016
33018,9192.0,28961.0,33017
33019,9192.0,28670.0,33018
33020,9192.0,28424.0,33019
33021,9192.0,28678.0,33020
33022,9192.0,29242.0,33021
33023,9192.0,28938.0,33022
33024,9192.0,29050.0,33023
33025,9192.0,29583.0,33024
33026,9192.0,29923.0,33025
33027,9192.0,29950.0,33026
33028,9192.0,29950.0,33027
33029,9192.0,31121.0,33028
33030,9192.0,31125.0,33029
33031,9192.0,31006.0,33030
33032,9192.0,30986.0,33031
33033,9192.0,31148.0,33032
33034,9192.0,31053.0,33033
33035,9192.0,31659.0,33034
33036,9192.0,31922.0,33035
33037,9192.0,31598.0,33036
33038,9192.0,31267.0,33037
33039,9192.0,31321.0,33038
33040,9192.0,31469.0,33039
33041,9192.0,31075.0,33040
33042,9192.0,31082.0,33041
33043,9192.0,30765.0,33042
33044,9192.0,30900.0,33043
33045,9192.0,30867.0,33044
33046,9192.0,30867.0,33045
33047,9192.0,30840.0,33046
33048,9192.0,30691.0,33047
33049,9192.0,30511.0,33048
33050,9192.0,29976.0,33049
33051,9192.0,29470.0,33050
33052,9192.0,29906.0,33051
33053,9192.0,29815.0,33052
33054,9192.0,29944.0,33053
33055,9192.0,29268.0,33054
33056,9192.0,29268.0,33055
33057,9192.0,29082.0,33056
33058,9192.0,28856.0,33057
33059,9192.0,29225.0,33058
33060,9192.0,30759.0,33059
33061,9192.0,30420.0,33060
33062,9192.0,30080.0,33061
33063,9192.0,29840.0,33062
33064,9192.0,29576.0,33063
33065,9192.0,29576.0,33064
33066,9192.0,30575.0,33065
33067,9192.0,29471.0,33066
33068,9192.0,29910.0,33067
33069,9192.0,30378.0,33068
33070,9192.0,30600.0,33069
33071,9192.0,30504.0,33070
33072,9192.0,29925.0,33071
33073,9192.0,29728.0,33072
33074,9192.0,29726.0,33073
33075,9192.0,29726.0,33074
33076,9192.0,28633.0,33075
33077,9192.0,28240.0,33076
33078,9192.0,28181.0,33077
33079,9192.0,27911.0,33078
33080,9192.0,26679.0,33079
33081,9192.0,27787.0,33080
33082,9192.0,27017.0,33081
33083,9192.0,26525.0,33082
33084,9192.0,26521.0,33083
33085,9192.0,25223.0,33084
33086,9192.0,24735.0,33085
33087,9192.0,24735.0,33086
33088,9192.0,25223.0,33087
33089,9192.0,25546.0,33088
33090,9192.0,25106.0,33089
33091,9192.0,25090.0,33090
33092,9192.0,25262.0,33091
33093,9192.0,25262.0,33092
33094,9192.0,25248.0,33093
33095,9192.0,25221.0,33094
33096,9192.0,25344.0,33095
33097,9192.0,25399.0,33096
33098,9192.0,25889.0,33097
33099,9192.0,27381.0,33098
33100,9192.0,27508.0,33099
33101,9192.0,27508.0,33100
33102,9192.0,27632.0,33101
33103,9192.0,27511.0,33102
33104,9192.0,27511.0,33103
33105,9192.0,27504.0,33104
33106,9192.0,27555.0,33105
33107,9192.0,27418.0,33106
33108,9192.0,27518.0,33107
33109,9192.0,27213.0,33108
33110,9192.0,27209.0,33109
33111,9192.0,27288.0,33110
33112,9192.0,26988.0,33111
33113,9192.0,27022.0,33112
33114,9192.0,27012.0,33113
33115,9192.0,26997.0,33114
33116,9192.0,26929.0,33115
33117,9192.0,27897.0,33116
33118,9192.0,27844.0,33117
33119,9192.0,28456.0,33118
33120,9192.0,28444.0,33119
33121,9192.0,28444.0,33120
33122,9192.0,26930.0,33121
33123,9192.0,27077.0,33122
33124,9192.0,27127.0,33123
33125,9192.0,26875.0,33124
33126,9192.0,26220.0,33125
33127,9192.0,25683.0,33126
33128,9192.0,27173.0,33127
33129,9192.0,27180.0,33128
33130,9192.0,27180.0,33129
33131,9192.0,27066.0,33130
33132,9192.0,27210.0,33131
33133,9192.0,27322.0,33132
33134,9192.0,26962.0,33133
33135,9192.0,26962.0,33134
33136,9192.0,27380.0,33135
33137,9192.0,27395.0,33136
33138,9192.0,27395.0,33137
33139,9192.0,26855.0,33138
33140,9192.0,27082.0,33139
33141,9192.0,27056.0,33140
33142,9192.0,27575.0,33141
33143,9192.0,27796.0,33142
33144,9192.0,28026.0,33143
33145,9192.0,28027.0,33144
33146,9192.0,28061.0,33145
33147,9192.0,28061.0,33146
33148,9192.0,28749.0,33147
33149,9192.0,28483.0,33148
33150,9192.0,28519.0,33149
33151,9192.0,27722.0,33150
33152,9192.0,27641.0,33151
33153,9192.0,26216.0,33152
33154,9192.0,25662.0,33153
33155,9192.0,26031.0,33154
33156,9192.0,26146.0,33155
33157,9192.0,26403.0,33156
33158,9192.0,26447.0,33157
33159,9192.0,26914.0,33158
33160,9192.0,26851.0,33159
33161,9192.0,27066.0,33160
33162,9192.0,27914.0,33161
33163,9192.0,27598.0,33162
33164,9192.0,27509.0,33163
33165,9192.0,28289.0,33164
33166,9192.0,28846.0,33165
33167,9192.0,28818.0,33166
33168,9192.0,28921.0,33167
33169,9192.0,29165.0,33168
33170,9192.0,29095.0,33169
33171,9192.0,29118.0,33170
33172,9192.0,29159.0,33171
33173,9192.0,29187.0,33172
33174,9192.0,29172.0,33173
33175,9192.0,28894.0,33174
33176,9192.0,29276.0,33175
33177,9192.0,29148.0,33176
33178,9192.0,28794.0,33177
33179,9192.0,28304.0,33178
33180,9192.0,29786.0,33179
33181,9192.0,30968.0,33180
33182,9192.0,31078.0,33181
33183,9192.0,30777.0,33182
33184,9192.0,30329.0,33183
33185,9192.0,30331.0,33184
33186,9192.0,30141.0,33185
33187,9192.0,29702.0,33186
33188,9192.0,28298.0,33187
33189,9192.0,27309.0,33188
33190,9192.0,27226.0,33189
33191,9192.0,27357.0,33190
33192,9192.0,27347.0,33191
33193,9192.0,27116.0,33192
33194,9192.0,26970.0,33193
33195,9192.0,26227.0,33194
33196,9192.0,26226.0,33195
33197,9192.0,26249.0,33196
33198,9192.0,26466.0,33197
33199,9192.0,26621.0,33198
33200,9192.0,26528.0,33199
33201,9192.0,26732.0,33200
33202,9192.0,26732.0,33201
33203,9192.0,26508.0,33202
33204,9192.0,26592.0,33203
33205,9192.0,26697.0,33204
33206,9192.0,26696.0,33205
33207,9192.0,26696.0,33206
33208,9192.0,27637.0,33207
33209,9192.0,27642.0,33208
33210,9192.0,28203.0,33209
33211,9192.0,28422.0,33210
33212,9192.0,28180.0,33211
33213,9192.0,28042.0,33212
33214,9192.0,28249.0,33213
33215,9192.0,28242.0,33214
33216,9192.0,28462.0,33215
33217,9192.0,28402.0,33216
33218,9192.0,28187.0,33217
33219,9192.0,28243.0,33218
33220,9192.0,28288.0,33219
33221,9192.0,28266.0,33220
33222,9192.0,28313.0,33221
33223,9192.0,28460.0,33222
33224,9192.0,28575.0,33223
33225,9192.0,28929.0,33224
33226,9192.0,28420.0,33225
33227,9192.0,28432.0,33226
33228,9192.0,28216.0,33227
33229,9192.0,27749.0,33228
33230,9192.0,27749.0,33229
33231,9192.0,28019.0,33230
33232,9192.0,28681.0,33231
33233,9192.0,28499.0,33232
33234,9192.0,28501.0,33233
33235,9192.0,28341.0,33234
33236,9192.0,27997.0,33235
33237,9192.0,27994.0,33236
33238,9192.0,27668.0,33237
33239,9192.0,27826.0,33238
33240,9192.0,28045.0,33239
33241,9192.0,28045.0,33240
33242,9192.0,28333.0,33241
33243,9192.0,28296.0,33242
33244,9192.0,28296.0,33243
33245,9192.0,28210.0,33244
33246,9192.0,28207.0,33245
33247,9192.0,28027.0,33246
33248,9192.0,28118.0,33247
33249,9192.0,28140.0,33248
33250,9192.0,27573.0,33249
33251,9192.0,27623.0,33250
33252,9192.0,28687.0,33251
33253,9192.0,28850.0,33252
33254,9192.0,28766.0,33253
33255,9192.0,28683.0,33254
33256,9192.0,28905.0,33255
33257,9192.0,28799.0,33256
33258,9192.0,28577.0,33257
33259,9192.0,30224.0,33258
33260,9192.0,29986.0,33259
33261,9192.0,29598.0,33260
33262,9192.0,29990.0,33261
33263,9192.0,29324.0,33262
33264,9192.0,29324.0,33263
33265,9192.0,29304.0,33264
33266,9192.0,29019.0,33265
33267,9192.0,31110.0,33266
33268,9192.0,30933.0,33267
33269,9192.0,30929.0,33268
33270,9192.0,31279.0,33269
33271,9192.0,31337.0,33270
33272,9192.0,31594.0,33271
33273,9192.0,31594.0,33272
33274,9192.0,30729.0,33273
33275,9192.0,30668.0,33274
33276,9192.0,30323.0,33275
33277,9192.0,29779.0,33276
33278,9192.0,29088.0,33277
33279,9192.0,29904.0,33278
33280,9192.0,30057.0,33279
33281,9192.0,30355.0,33280
33282,9192.0,30604.0,33281
33283,9192.0,30621.0,33282
33284,9192.0,30807.0,33283
33285,9192.0,30376.0,33284
33286,9192.0,29205.0,33285
33287,9192.0,29435.0,33286
33288,9192.0,29425.0,33287
33289,9192.0,29047.0,33288
33290,9192.0,29880.0,33289
33291,9192.0,29907.0,33290
33292,9192.0,30399.0,33291
33293,9192.0,30399.0,33292
33294,9192.0,30305.0,33293
33295,9192.0,30245.0,33294
33296,9192.0,30195.0,33295
33297,9192.0,30036.0,33296
33298,9192.0,29782.0,33297
33299,9192.0,29862.0,33298
33300,9192.0,29862.0,33299
33301,9192.0,29826.0,33300
33302,9192.0,29330.0,33301
33303,9192.0,29382.0,33302
33304,9192.0,29523.0,33303
33305,9192.0,29720.0,33304
33306,9192.0,29978.0,33305
33307,9192.0,30230.0,33306
33308,9192.0,30031.0,33307
33309,9192.0,30140.0,33308
33310,9192.0,30140.0,33309
33311,9192.0,29331.0,33310
33312,9192.0,29336.0,33311
33313,9192.0,29053.0,33312
33314,9192.0,29116.0,33313
33315,9192.0,28991.0,33314
33316,9192.0,29487.0,33315
33317,9192.0,29678.0,33316
33318,9192.0,29789.0,33317
33319,9192.0,29750.0,33318
33320,9192.0,29856.0,33319
33321,9192.0,29760.0,33320
33322,9192.0,29767.0,33321
33323,9192.0,29752.0,33322
33324,9192.0,29748.0,33323
33325,9192.0,29748.0,33324
33326,9192.0,29670.0,33325
33327,9192.0,29670.0,33326
33328,9192.0,29622.0,33327
33329,9192.0,29258.0,33328
33330,9192.0,29484.0,33329
33331,9192.0,29458.0,33330
33332,9192.0,28830.0,33331
33333,9192.0,28907.0,33332
33334,9192.0,28980.0,33333
33335,9192.0,29119.0,33334
33336,9192.0,29647.0,33335
33337,9192.0,29625.0,33336
33338,9192.0,29345.0,33337
33339,9192.0,28779.0,33338
33340,9192.0,28538.0,33339
33341,9192.0,28742.0,33340
33342,9192.0,27201.0,33341
33343,9192.0,27239.0,33342
33344,9192.0,27105.0,33343
33345,9192.0,27186.0,33344
33346,9192.0,27093.0,33345
33347,9192.0,26935.0,33346
33348,9192.0,26604.0,33347
33349,9192.0,26676.0,33348
33350,9192.0,26664.0,33349
33351,9192.0,26592.0,33350
33352,9192.0,25990.0,33351
33353,9192.0,25966.0,33352
33354,9192.0,25966.0,33353
33355,9192.0,26237.0,33354
33356,9192.0,25821.0,33355
33357,9192.0,26459.0,33356
33358,9192.0,26234.0,33357
33359,9192.0,25800.0,33358
33360,9192.0,25987.0,33359
33361,9192.0,25792.0,33360
33362,9192.0,25709.0,33361
33363,9192.0,25898.0,33362
33364,9192.0,27722.0,33363
33365,9192.0,27576.0,33364
33366,9192.0,27696.0,33365
33367,9192.0,27051.0,33366
33368,9192.0,26424.0,33367
33369,9192.0,26620.0,33368
33370,9192.0,26957.0,33369
33371,9192.0,26191.0,33370
33372,9192.0,25431.0,33371
33373,9192.0,25535.0,33372
33374,9192.0,25490.0,33373
33375,9192.0,25473.0,33374
33376,9192.0,26506.0,33375
33377,9192.0,26511.0,33376
33378,9192.0,26376.0,33377
33379,9192.0,26586.0,33378
33380,9192.0,27306.0,33379
33381,9192.0,27009.0,33380
33382,9192.0,27490.0,33381
33383,9192.0,27469.0,33382
33384,9192.0,27541.0,33383
33385,9192.0,27185.0,33384
33386,9192.0,27606.0,33385
33387,9192.0,28551.0,33386
33388,9192.0,28549.0,33387
33389,9192.0,28202.0,33388
33390,9192.0,27969.0,33389
33391,9192.0,27928.0,33390
33392,9192.0,27953.0,33391
33393,9192.0,27720.0,33392
33394,9192.0,27698.0,33393
33395,9192.0,28019.0,33394
33396,9192.0,29298.0,33395
33397,9192.0,28760.0,33396
33398,9192.0,28841.0,33397
33399,9192.0,28792.0,33398
33400,9192.0,28934.0,33399
33401,9192.0,28640.0,33400
33402,9192.0,28937.0,33401
33403,9192.0,28891.0,33402
33404,9192.0,28820.0,33403
33405,9192.0,28688.0,33404
33406,9192.0,27955.0,33405
33407,9192.0,27982.0,33406
33408,9192.0,27354.0,33407
33409,9192.0,27171.0,33408
33410,9192.0,27570.0,33409
33411,9192.0,28053.0,33410
33412,9192.0,28599.0,33411
33413,9192.0,28801.0,33412
33414,9192.0,29221.0,33413
33415,9192.0,28425.0,33414
33416,9192.0,29033.0,33415
33417,9192.0,29569.0,33416
33418,9192.0,29602.0,33417
33419,9192.0,29807.0,33418
33420,9192.0,30238.0,33419
33421,9192.0,30238.0,33420
33422,9192.0,30254.0,33421
33423,9192.0,30348.0,33422
33424,9192.0,30348.0,33423
33425,9192.0,30800.0,33424
33426,9192.0,30800.0,33425
33427,9192.0,31547.0,33426
33428,9192.0,31324.0,33427
33429,9192.0,31333.0,33428
33430,9192.0,31386.0,33429
33431,9192.0,31376.0,33430
33432,9192.0,31225.0,33431
33433,9192.0,31294.0,33432
33434,9192.0,31167.0,33433
33435,9192.0,30808.0,33434
33436,9192.0,30479.0,33435
33437,9192.0,30745.0,33436
33438,9192.0,30964.0,33437
33439,9192.0,30382.0,33438
33440,9192.0,30011.0,33439
33441,9192.0,30422.0,33440
33442,9192.0,30861.0,33441
33443,9192.0,30655.0,33442
33444,9192.0,30655.0,33443
33445,9192.0,30052.0,33444
33446,9192.0,29710.0,33445
33447,9192.0,29755.0,33446
33448,9192.0,29769.0,33447
33449,9192.0,29656.0,33448
33450,9192.0,29656.0,33449
33451,9192.0,29758.0,33450
33452,9192.0,29548.0,33451
33453,9192.0,29873.0,33452
33454,9192.0,29647.0,33453
33455,9192.0,29567.0,33454
33456,9192.0,30045.0,33455
33457,9192.0,29634.0,33456
33458,9192.0,30364.0,33457
33459,9192.0,30100.0,33458
33460,9192.0,30473.0,33459
33461,9192.0,29936.0,33460
33462,9192.0,30073.0,33461
33463,9192.0,30626.0,33462
33464,9192.0,30626.0,33463
33465,9192.0,30626.0,33464
33466,9192.0,29937.0,33465
33467,9192.0,29726.0,33466
33468,9192.0,29015.0,33467
33469,9192.0,29041.0,33468
33470,9192.0,28874.0,33469
33471,9192.0,28740.0,33470
33472,9192.0,29354.0,33471
33473,9192.0,29596.0,33472
33474,9192.0,29076.0,33473
33475,9192.0,29076.0,33474
33476,9192.0,29938.0,33475
33477,9192.0,29786.0,33476
33478,9192.0,29623.0,33477
33479,9192.0,29475.0,33478
33480,9192.0,29125.0,33479
33481,9192.0,29699.0,33480
33482,9192.0,29024.0,33481
33483,9192.0,29028.0,33482
33484,9192.0,29071.0,33483
33485,9192.0,28975.0,33484
33486,9192.0,28975.0,33485
33487,9192.0,29174.0,33486
33488,9192.0,28814.0,33487
33489,9192.0,28241.0,33488
33490,9192.0,28036.0,33489
33491,9192.0,28036.0,33490
33492,9192.0,28022.0,33491
33493,9192.0,28022.0,33492
33494,9192.0,26911.0,33493
33495,9192.0,26948.0,33494
33496,9192.0,27247.0,33495
33497,9192.0,26925.0,33496
33498,9192.0,26706.0,33497
33499,9192.0,26407.0,33498
33500,9192.0,26406.0,33499
33501,9192.0,26406.0,33500
33502,9192.0,26619.0,33501
33503,9192.0,26909.0,33502
33504,9192.0,27624.0,33503
33505,9192.0,28164.0,33504
33506,9192.0,28208.0,33505
33507,9192.0,28606.0,33506
33508,9192.0,28559.0,33507
33509,9192.0,29212.0,33508
33510,9192.0,29181.0,33509
33511,9192.0,29429.0,33510
33512,9192.0,29472.0,33511
33513,9192.0,29899.0,33512
33514,9192.0,28977.0,33513
33515,9192.0,28403.0,33514
33516,9192.0,29600.0,33515
33517,9192.0,29413.0,33516
33518,9192.0,28930.0,33517
33519,9192.0,28845.0,33518
33520,9192.0,29389.0,33519
33521,9192.0,29389.0,33520
33522,9192.0,29221.0,33521
33523,9192.0,29319.0,33522
33524,9192.0,28954.0,33523
33525,9192.0,29459.0,33524
33526,9192.0,29553.0,33525
33527,9192.0,29552.0,33526
33528,9192.0,29735.0,33527
33529,9192.0,30010.0,33528
33530,9192.0,30123.0,33529
33531,9192.0,30069.0,33530
33532,9192.0,30564.0,33531
33533,9192.0,30478.0,33532
33534,9192.0,30311.0,33533
33535,9192.0,30060.0,33534
33536,9192.0,30878.0,33535
33537,9192.0,30574.0,33536
33538,9192.0,30652.0,33537
33539,9192.0,31509.0,33538
33540,9192.0,31305.0,33539
33541,9192.0,31020.0,33540
33542,9192.0,31358.0,33541
33543,9192.0,31552.0,33542
33544,9192.0,31417.0,33543
33545,9192.0,31304.0,33544
33546,9192.0,31864.0,33545
33547,9192.0,31730.0,33546
33548,9192.0,31697.0,33547
33549,9192.0,31749.0,33548
33550,9192.0,31880.0,33549
33551,9192.0,32195.0,33550
33552,9192.0,31930.0,33551
33553,9192.0,31999.0,33552
33554,9192.0,31782.0,33553
33555,9192.0,31577.0,33554
33556,9192.0,30647.0,33555
33557,9192.0,30322.0,33556
33558,9192.0,30635.0,33557
33559,9192.0,31077.0,33558
33560,9192.0,31518.0,33559
33561,9192.0,31379.0,33560
33562,9192.0,31516.0,33561
33563,9192.0,31563.0,33562
33564,9192.0,31838.0,33563
33565,9192.0,31836.0,33564
33566,9192.0,31454.0,33565
33567,9192.0,31516.0,33566
33568,9192.0,31696.0,33567
33569,9192.0,31666.0,33568
33570,9192.0,31794.0,33569
33571,9192.0,32057.0,33570
33572,9192.0,32521.0,33571
33573,9192.0,32678.0,33572
33574,9192.0,32566.0,33573
33575,9192.0,32368.0,33574
33576,9192.0,32313.0,33575
33577,9192.0,32588.0,33576
33578,9192.0,32423.0,33577
33579,9192.0,32691.0,33578
33580,9192.0,32628.0,33579
33581,9192.0,32628.0,33580
33582,9192.0,32133.0,33581
33583,9192.0,31645.0,33582
33584,9192.0,31618.0,33583
33585,9192.0,31049.0,33584
33586,9192.0,30918.0,33585
33587,9192.0,30880.0,33586
33588,9192.0,30449.0,33587
33589,9192.0,30389.0,33588
33590,9192.0,29357.0,33589
33591,9192.0,28750.0,33590
33592,9192.0,28604.0,33591
33593,9192.0,28613.0,33592
33594,9192.0,28349.0,33593
33595,9192.0,28118.0,33594
33596,9192.0,28118.0,33595
33597,9192.0,27993.0,33596
33598,9192.0,27850.0,33597
33599,9192.0,27115.0,33598
33600,9192.0,27309.0,33599
33601,9192.0,27314.0,33600
33602,9192.0,28330.0,33601
33603,9192.0,27779.0,33602
33604,9192.0,27779.0,33603
33605,9192.0,28058.0,33604
33606,9192.0,28401.0,33605
33607,9192.0,28368.0,33606
33608,9192.0,28368.0,33607
33609,9192.0,28483.0,33608
33610,9192.0,28391.0,33609
33611,9192.0,28391.0,33610
33612,9192.0,28391.0,33611
33613,9192.0,27969.0,33612
33614,9192.0,27949.0,33613
33615,9192.0,28401.0,33614
33616,9192.0,28469.0,33615
33617,9192.0,28419.0,33616
33618,9192.0,28314.0,33617
33619,9192.0,27990.0,33618
33620,9192.0,26929.0,33619
33621,9192.0,27487.0,33620
33622,9192.0,27549.0,33621
33623,9192.0,27668.0,33622
33624,9192.0,27778.0,33623
33625,9192.0,27701.0,33624
33626,9192.0,28146.0,33625
33627,9192.0,28158.0,33626
33628,9192.0,28235.0,33627
33629,9192.0,28188.0,33628
33630,9192.0,27737.0,33629
33631,9192.0,28194.0,33630
33632,9192.0,28530.0,33631
33633,9192.0,28725.0,33632
33634,9192.0,28966.0,33633
33635,9192.0,28517.0,33634
33636,9192.0,28681.0,33635
33637,9192.0,28685.0,33636
33638,9192.0,29393.0,33637
33639,9192.0,29351.0,33638
33640,9192.0,29334.0,33639
33641,9192.0,29334.0,33640
33642,9192.0,28664.0,33641
33643,9192.0,27214.0,33642
33644,9192.0,28542.0,33643
33645,9192.0,28322.0,33644
33646,9192.0,28263.0,33645
33647,9192.0,29111.0,33646
33648,9192.0,29030.0,33647
33649,9192.0,28658.0,33648
33650,9192.0,29839.0,33649
33651,9192.0,29957.0,33650
33652,9192.0,29334.0,33651
33653,9192.0,30912.0,33652
33654,9192.0,30940.0,33653
33655,9192.0,28456.0,33654
33656,9192.0,28678.0,33655
33657,9192.0,29004.0,33656
33658,9192.0,29010.0,33657
33659,9192.0,29264.0,33658
33660,9192.0,29098.0,33659
33661,9192.0,28725.0,33660
33662,9192.0,28735.0,33661
33663,9192.0,29002.0,33662
33664,9192.0,30639.0,33663
33665,9192.0,30954.0,33664
33666,9192.0,30651.0,33665
33667,9192.0,30858.0,33666
33668,9192.0,30530.0,33667
33669,9192.0,30729.0,33668
33670,9192.0,30638.0,33669
33671,9192.0,30817.0,33670
33672,9192.0,30776.0,33671
33673,9192.0,30464.0,33672
33674,9192.0,29770.0,33673
33675,9192.0,29696.0,33674
33676,9192.0,30034.0,33675
33677,9192.0,30056.0,33676
33678,9192.0,29938.0,33677
33679,9192.0,30080.0,33678
33680,9192.0,29623.0,33679
33681,9192.0,29651.0,33680
33682,9192.0,29414.0,33681
33683,9192.0,29310.0,33682
33684,9192.0,29618.0,33683
33685,9192.0,29618.0,33684
33686,9192.0,30300.0,33685
33687,9192.0,31670.0,33686
33688,9192.0,30633.0,33687
33689,9192.0,30767.0,33688
33690,9192.0,29397.0,33689
33691,9192.0,28233.0,33690
33692,9192.0,28173.0,33691
33693,9192.0,28140.0,33692
33694,9192.0,27823.0,33693
33695,9192.0,27640.0,33694
33696,9192.0,27756.0,33695
33697,9192.0,27563.0,33696
33698,9192.0,26751.0,33697
33699,9192.0,26884.0,33698
33700,9192.0,26785.0,33699
33701,9192.0,26786.0,33700
33702,9192.0,27595.0,33701
33703,9192.0,27413.0,33702
33704,9192.0,27844.0,33703
33705,9192.0,27669.0,33704
33706,9192.0,27693.0,33705
33707,9192.0,27656.0,33706
33708,9192.0,27709.0,33707
33709,9192.0,27571.0,33708
33710,9192.0,27284.0,33709
33711,9192.0,27695.0,33710
33712,9192.0,27828.0,33711
33713,9192.0,27992.0,33712
33714,9192.0,27880.0,33713
33715,9192.0,27880.0,33714
33716,9192.0,27917.0,33715
33717,9192.0,28195.0,33716
33718,9192.0,28195.0,33717
33719,9192.0,28483.0,33718
33720,9192.0,28483.0,33719
33721,9192.0,28927.0,33720
33722,9192.0,28917.0,33721
33723,9192.0,29017.0,33722
33724,9192.0,29204.0,33723
33725,9192.0,28760.0,33724
33726,9192.0,28763.0,33725
33727,9192.0,28079.0,33726
33728,9192.0,27793.0,33727
33729,9192.0,26824.0,33728
33730,9192.0,26918.0,33729
33731,9192.0,26427.0,33730
33732,9192.0,26382.0,33731
33733,9192.0,26439.0,33732
33734,9192.0,25408.0,33733
33735,9192.0,25595.0,33734
33736,9192.0,26365.0,33735
33737,9192.0,25799.0,33736
33738,9192.0,26100.0,33737
33739,9192.0,26100.0,33738
33740,9192.0,26142.0,33739
33741,9192.0,26652.0,33740
33742,9192.0,26604.0,33741
33743,9192.0,26604.0,33742
33744,9192.0,26426.0,33743
33745,9192.0,26428.0,33744
33746,9192.0,26384.0,33745
33747,9192.0,26091.0,33746
33748,9192.0,26212.0,33747
33749,9192.0,26071.0,33748
33750,9192.0,26071.0,33749
33751,9192.0,26126.0,33750
33752,9192.0,26123.0,33751
33753,9192.0,26376.0,33752
33754,9192.0,27525.0,33753
33755,9192.0,27558.0,33754
33756,9192.0,27602.0,33755
33757,9192.0,27543.0,33756
33758,9192.0,28108.0,33757
33759,9192.0,27654.0,33758
33760,9192.0,27538.0,33759
33761,9192.0,27538.0,33760
33762,9192.0,27638.0,33761
33763,9192.0,30220.0,33762
33764,9192.0,30130.0,33763
33765,9192.0,30300.0,33764
33766,9192.0,29846.0,33765
33767,9192.0,29856.0,33766
33768,9192.0,28674.0,33767
33769,9192.0,28301.0,33768
33770,9192.0,28204.0,33769
33771,9192.0,28346.0,33770
33772,9192.0,28194.0,33771
33773,9192.0,29109.0,33772
33774,9192.0,29148.0,33773
33775,9192.0,29212.0,33774
33776,9192.0,29243.0,33775
33777,9192.0,28812.0,33776
33778,9192.0,28975.0,33777
33779,9192.0,29265.0,33778
33780,9192.0,29478.0,33779
33781,9192.0,29478.0,33780
33782,9192.0,29337.0,33781
33783,9192.0,29430.0,33782
33784,9192.0,29420.0,33783
33785,9192.0,29420.0,33784
33786,9192.0,29127.0,33785
33787,9192.0,29144.0,33786
33788,9192.0,29131.0,33787
33789,9192.0,29497.0,33788
33790,9192.0,29459.0,33789
33791,9192.0,29451.0,33790
33792,9192.0,29279.0,33791
33793,9192.0,28556.0,33792
33794,9192.0,28701.0,33793
33795,9192.0,29630.0,33794
33796,9192.0,29866.0,33795
33797,9192.0,29345.0,33796
33798,9192.0,29345.0,33797
33799,9192.0,29705.0,33798
33800,9192.0,29705.0,33799
33801,9192.0,29712.0,33800
33802,9192.0,29176.0,33801
33803,9192.0,28756.0,33802
33804,9192.0,28500.0,33803
33805,9192.0,28465.0,33804
33806,9192.0,28969.0,33805
33807,9192.0,29262.0,33806
33808,9192.0,29276.0,33807
33809,9192.0,29843.0,33808
33810,9192.0,30024.0,33809
33811,9192.0,29414.0,33810
33812,9192.0,29413.0,33811
33813,9192.0,28447.0,33812
33814,9192.0,28254.0,33813
33815,9192.0,28205.0,33814
33816,9192.0,28266.0,33815
33817,9192.0,27575.0,33816
33818,9192.0,27707.0,33817
33819,9192.0,27693.0,33818
33820,9192.0,27693.0,33819
33821,9192.0,27600.0,33820
33822,9192.0,28772.0,33821
33823,9192.0,29436.0,33822
33824,9192.0,29436.0,33823
33825,9192.0,29426.0,33824
33826,9192.0,29664.0,33825
33827,9192.0,29023.0,33826
33828,9192.0,28939.0,33827
33829,9192.0,28894.0,33828
33830,9192.0,28719.0,33829
33831,9192.0,28536.0,33830
33832,9192.0,29537.0,33831
33833,9192.0,29391.0,33832
33834,9192.0,30169.0,33833
33835,9192.0,30368.0,33834
33836,9192.0,30457.0,33835
33837,9192.0,30457.0,33836
33838,9192.0,30462.0,33837
33839,9192.0,29785.0,33838
33840,9192.0,29686.0,33839
33841,9192.0,29451.0,33840
33842,9192.0,29585.0,33841
33843,9192.0,29585.0,33842
33844,9192.0,29429.0,33843
33845,9192.0,29592.0,33844
33846,9192.0,30232.0,33845
33847,9192.0,29087.0,33846
33848,9192.0,29095.0,33847
33849,9192.0,28835.0,33848
33850,9192.0,28597.0,33849
33851,9192.0,29167.0,33850
33852,9192.0,29734.0,33851
33853,9192.0,30101.0,33852
33854,9192.0,30523.0,33853
33855,9192.0,30523.0,33854
33856,9192.0,30298.0,33855
33857,9192.0,30381.0,33856
33858,9192.0,29895.0,33857
33859,9192.0,29515.0,33858
33860,9192.0,29502.0,33859
33861,9192.0,29695.0,33860
33862,9192.0,29222.0,33861
33863,9192.0,29694.0,33862
33864,9192.0,29756.0,33863
33865,9192.0,29071.0,33864
33866,9192.0,28835.0,33865
33867,9192.0,28586.0,33866
33868,9192.0,28752.0,33867
33869,9192.0,28820.0,33868
33870,9192.0,28990.0,33869
33871,9192.0,29050.0,33870
33872,9192.0,28871.0,33871
33873,9192.0,28800.0,33872
33874,9192.0,28847.0,33873
33875,9192.0,28884.0,33874
33876,9192.0,28968.0,33875
33877,9192.0,29433.0,33876
33878,9192.0,29288.0,33877
33879,9192.0,29281.0,33878
33880,9192.0,28684.0,33879
33881,9192.0,28565.0,33880
33882,9192.0,27243.0,33881
33883,9192.0,28374.0,33882
33884,9192.0,28076.0,33883
33885,9192.0,28197.0,33884
33886,9192.0,28249.0,33885
33887,9192.0,27609.0,33886
33888,9192.0,28080.0,33887
33889,9192.0,28080.0,33888
33890,9192.0,28045.0,33889
33891,9192.0,28045.0,33890
33892,9192.0,27321.0,33891
33893,9192.0,28024.0,33892
33894,9192.0,27566.0,33893
33895,9192.0,27566.0,33894
33896,9192.0,28377.0,33895
33897,9192.0,28491.0,33896
33898,9192.0,28395.0,33897
33899,9192.0,28128.0,33898
33900,9192.0,27889.0,33899
33901,9192.0,28191.0,33900
33902,9192.0,28287.0,33901
33903,9192.0,28345.0,33902
33904,9192.0,28241.0,33903
33905,9192.0,28991.0,33904
33906,9192.0,29052.0,33905
33907,9192.0,29737.0,33906
33908,9192.0,29414.0,33907
33909,9192.0,29414.0,33908
33910,9192.0,29414.0,33909
33911,9192.0,29469.0,33910
33912,9192.0,29513.0,33911
33913,9192.0,29322.0,33912
33914,9192.0,28666.0,33913
33915,9192.0,28012.0,33914
33916,9192.0,27938.0,33915
33917,9192.0,28237.0,33916
33918,9192.0,27955.0,33917
33919,9192.0,27751.0,33918
33920,9192.0,27743.0,33919
33921,9192.0,27764.0,33920
33922,9192.0,28424.0,33921
33923,9192.0,27127.0,33922
33924,9192.0,27300.0,33923
33925,9192.0,27671.0,33924
33926,9192.0,28510.0,33925
33927,9192.0,28509.0,33926
33928,9192.0,28373.0,33927
33929,9192.0,28871.0,33928
33930,9192.0,28814.0,33929
33931,9192.0,28158.0,33930
33932,9192.0,28164.0,33931
33933,9192.0,28121.0,33932
33934,9192.0,28043.0,33933
33935,9192.0,27608.0,33934
33936,9192.0,27802.0,33935
33937,9192.0,28250.0,33936
33938,9192.0,28108.0,33937
33939,9192.0,27781.0,33938
33940,9192.0,27250.0,33939
33941,9192.0,27309.0,33940
33942,9192.0,27402.0,33941
33943,9192.0,26994.0,33942
33944,9192.0,26442.0,33943
33945,9192.0,26999.0,33944
33946,9192.0,26894.0,33945
33947,9192.0,26894.0,33946
33948,9192.0,26450.0,33947
33949,9192.0,26006.0,33948
33950,9192.0,26311.0,33949
33951,9192.0,26222.0,33950
33952,9192.0,25878.0,33951
33953,9192.0,26416.0,33952
33954,9192.0,27018.0,33953
33955,9192.0,27037.0,33954
33956,9192.0,27004.0,33955
33957,9192.0,27228.0,33956
33958,9192.0,28121.0,33957
33959,9192.0,28272.0,33958
33960,9192.0,28268.0,33959
33961,9192.0,28268.0,33960
33962,9192.0,28600.0,33961
33963,9192.0,28749.0,33962
33964,9192.0,29256.0,33963
33965,9192.0,29045.0,33964
33966,9192.0,29040.0,33965
33967,9192.0,28157.0,33966
33968,9192.0,28151.0,33967
33969,9192.0,28004.0,33968
33970,9192.0,28178.0,33969
33971,9192.0,27965.0,33970
33972,9192.0,27878.0,33971
33973,9192.0,27843.0,33972
33974,9192.0,27843.0,33973
33975,9192.0,27686.0,33974
33976,9192.0,27720.0,33975
33977,9192.0,27368.0,33976
33978,9192.0,27370.0,33977
33979,9192.0,27370.0,33978
33980,9192.0,27246.0,33979
33981,9192.0,27246.0,33980
33982,9192.0,27551.0,33981
33983,9192.0,27876.0,33982
33984,9192.0,27582.0,33983
33985,9192.0,27566.0,33984
33986,9192.0,28123.0,33985
33987,9192.0,28133.0,33986
33988,9192.0,27455.0,33987
33989,9192.0,27216.0,33988
33990,9192.0,27223.0,33989
33991,9192.0,27359.0,33990
33992,9192.0,27286.0,33991
33993,9192.0,26478.0,33992
33994,9192.0,26493.0,33993
33995,9192.0,26493.0,33994
33996,9192.0,26092.0,33995
33997,9192.0,26215.0,33996
33998,9192.0,26216.0,33997
33999,9192.0,26885.0,33998
34000,9192.0,26898.0,33999
34001,9192.0,27557.0,34000
34002,9192.0,27938.0,34001
34003,9192.0,28310.0,34002
34004,9192.0,28149.0,34003
34005,9192.0,27617.0,34004
34006,9192.0,27249.0,34005
34007,9192.0,26937.0,34006
34008,9192.0,28301.0,34007
34009,9192.0,28574.0,34008
34010,9192.0,28454.0,34009
34011,9192.0,28625.0,34010
34012,9192.0,29178.0,34011
34013,9192.0,29178.0,34012
34014,9192.0,28844.0,34013
34015,9192.0,28854.0,34014
34016,9192.0,28919.0,34015
34017,9192.0,28956.0,34016
34018,9192.0,28956.0,34017
34019,9192.0,28800.0,34018
34020,9192.0,28800.0,34019
34021,9192.0,28476.0,34020
34022,9192.0,28858.0,34021
34023,9192.0,28914.0,34022
34024,9192.0,29365.0,34023
34025,9192.0,29238.0,34024
34026,9192.0,29087.0,34025
34027,9192.0,29087.0,34026
34028,9192.0,29087.0,34027
34029,9192.0,29094.0,34028
34030,9192.0,29141.0,34029
34031,9192.0,29700.0,34030
34032,9192.0,29681.0,34031
34033,9192.0,29770.0,34032
34034,9192.0,29222.0,34033
34035,9192.0,29439.0,34034
34036,9192.0,29308.0,34035
34037,9192.0,29027.0,34036
34038,9192.0,29080.0,34037
34039,9192.0,29400.0,34038
34040,9192.0,29256.0,34039
34041,9192.0,28960.0,34040
34042,9192.0,28916.0,34041
34043,9192.0,28588.0,34042
34044,9192.0,28591.0,34043
34045,9192.0,28470.0,34044
34046,9192.0,28036.0,34045
34047,9192.0,28036.0,34046
34048,9192.0,28603.0,34047
34049,9192.0,28878.0,34048
34050,9192.0,28878.0,34049
34051,9192.0,29319.0,34050
34052,9192.0,28936.0,34051
34053,9192.0,28814.0,34052
34054,9192.0,28376.0,34053
34055,9192.0,28622.0,34054
34056,9192.0,29322.0,34055
34057,9192.0,29083.0,34056
34058,9192.0,29131.0,34057
34059,9192.0,28815.0,34058
34060,9192.0,28815.0,34059
34061,9192.0,28988.0,34060
34062,9192.0,29335.0,34061
34063,9192.0,28856.0,34062
34064,9192.0,28811.0,34063
34065,9192.0,29404.0,34064
34066,9192.0,29389.0,34065
34067,9192.0,29278.0,34066
34068,9192.0,30060.0,34067
34069,9192.0,30046.0,34068
34070,9192.0,30091.0,34069
34071,9192.0,30112.0,34070
34072,9192.0,30311.0,34071
34073,9192.0,29532.0,34072
34074,9192.0,29820.0,34073
34075,9192.0,29920.0,34074
34076,9192.0,30289.0,34075
34077,9192.0,28903.0,34076
34078,9192.0,28903.0,34077
34079,9192.0,28903.0,34078
34080,9192.0,29462.0,34079
34081,9192.0,29597.0,34080
34082,9192.0,29754.0,34081
34083,9192.0,29978.0,34082
34084,9192.0,30217.0,34083
34085,9192.0,30071.0,34084
34086,9192.0,29610.0,34085
34087,9192.0,29166.0,34086
34088,9192.0,29222.0,34087
34089,9192.0,29308.0,34088
34090,9192.0,29546.0,34089
34091,9192.0,29864.0,34090
34092,9192.0,30166.0,34091
34093,9192.0,30015.0,34092
34094,9192.0,30206.0,34093
34095,9192.0,29457.0,34094
34096,9192.0,29457.0,34095
34097,9192.0,29635.0,34096
34098,9192.0,29394.0,34097
34099,9192.0,29732.0,34098
34100,9192.0,29601.0,34099
34101,9192.0,29974.0,34100
34102,9192.0,29763.0,34101
34103,9192.0,29738.0,34102
34104,9192.0,29801.0,34103
34105,9192.0,29774.0,34104
34106,9192.0,29528.0,34105
34107,9192.0,29732.0,34106
34108,9192.0,30144.0,34107
34109,9192.0,30420.0,34108
34110,9192.0,30384.0,34109
34111,9192.0,30294.0,34110
34112,9192.0,30090.0,34111
34113,9192.0,30090.0,34112
34114,9192.0,29263.0,34113
34115,9192.0,29252.0,34114
34116,9192.0,29640.0,34115
34117,9192.0,29682.0,34116
34118,9192.0,29229.0,34117
34119,9192.0,29455.0,34118
34120,9192.0,28853.0,34119
34121,9192.0,28861.0,34120
34122,9192.0,28924.0,34121
34123,9192.0,28935.0,34122
34124,9192.0,29625.0,34123
34125,9192.0,29237.0,34124
34126,9192.0,28835.0,34125
34127,9192.0,28826.0,34126
34128,9192.0,28826.0,34127
34129,9192.0,28042.0,34128
34130,9192.0,28040.0,34129
34131,9192.0,28542.0,34130
34132,9192.0,28204.0,34131
34133,9192.0,27533.0,34132
34134,9192.0,27236.0,34133
34135,9192.0,27555.0,34134
34136,9192.0,27420.0,34135
34137,9192.0,27437.0,34136
34138,9192.0,28136.0,34137
34139,9192.0,27936.0,34138
34140,9192.0,28182.0,34139
34141,9192.0,28182.0,34140
34142,9192.0,28101.0,34141
34143,9192.0,28216.0,34142
34144,9192.0,28237.0,34143
34145,9192.0,28200.0,34144
34146,9192.0,27108.0,34145
34147,9192.0,27108.0,34146
34148,9192.0,27696.0,34147
34149,9192.0,27682.0,34148
34150,9192.0,27648.0,34149
34151,9192.0,27680.0,34150
34152,9192.0,27781.0,34151
34153,9192.0,27179.0,34152
34154,9192.0,28127.0,34153
34155,9192.0,28035.0,34154
34156,9192.0,28845.0,34155
34157,9192.0,28295.0,34156
34158,9192.0,28332.0,34157
34159,9192.0,28305.0,34158
34160,9192.0,28644.0,34159
34161,9192.0,29075.0,34160
34162,9192.0,28740.0,34161
34163,9192.0,28285.0,34162
34164,9192.0,28206.0,34163
34165,9192.0,28418.0,34164
34166,9192.0,28205.0,34165
34167,9192.0,28215.0,34166
34168,9192.0,29939.0,34167
34169,9192.0,30014.0,34168
34170,9192.0,29523.0,34169
34171,9192.0,29717.0,34170
34172,9192.0,29595.0,34171
34173,9192.0,29551.0,34172
34174,9192.0,29097.0,34173
34175,9192.0,29247.0,34174
34176,9192.0,29648.0,34175
34177,9192.0,29492.0,34176
34178,9192.0,29558.0,34177
34179,9192.0,29491.0,34178
34180,9192.0,29491.0,34179
34181,9192.0,30324.0,34180
34182,9192.0,30233.0,34181
34183,9192.0,30977.0,34182
34184,9192.0,30962.0,34183
34185,9192.0,29445.0,34184
34186,9192.0,29746.0,34185
34187,9192.0,29615.0,34186
34188,9192.0,29612.0,34187
34189,9192.0,29460.0,34188
34190,9192.0,29231.0,34189
34191,9192.0,30301.0,34190
34192,9192.0,30285.0,34191
34193,9192.0,30076.0,34192
34194,9192.0,29513.0,34193
34195,9192.0,29561.0,34194
34196,9192.0,29452.0,34195
34197,9192.0,29517.0,34196
34198,9192.0,29539.0,34197
34199,9192.0,29539.0,34198
34200,9192.0,29556.0,34199
34201,9192.0,28849.0,34200
34202,9192.0,29551.0,34201
34203,9192.0,29906.0,34202
34204,9192.0,29036.0,34203
34205,9192.0,28216.0,34204
34206,9192.0,28430.0,34205
34207,9192.0,28439.0,34206
34208,9192.0,27758.0,34207
34209,9192.0,28697.0,34208
34210,9192.0,28724.0,34209
34211,9192.0,28724.0,34210
34212,9192.0,29574.0,34211
34213,9192.0,29400.0,34212
34214,9192.0,29202.0,34213
34215,9192.0,29196.0,34214
34216,9192.0,29169.0,34215
34217,9192.0,29503.0,34216
34218,9192.0,29448.0,34217
34219,9192.0,29223.0,34218
34220,9192.0,29479.0,34219
34221,9192.0,28954.0,34220
34222,9192.0,28431.0,34221
34223,9192.0,28665.0,34222
34224,9192.0,28299.0,34223
34225,9192.0,28777.0,34224
34226,9192.0,28828.0,34225
34227,9192.0,27399.0,34226
34228,9192.0,27229.0,34227
34229,9192.0,27225.0,34228
34230,9192.0,27222.0,34229
34231,9192.0,26903.0,34230
34232,9192.0,27182.0,34231
34233,9192.0,26823.0,34232
34234,9192.0,26583.0,34233
34235,9192.0,26583.0,34234
34236,9192.0,26200.0,34235
34237,9192.0,26574.0,34236
34238,9192.0,27610.0,34237
34239,9192.0,27119.0,34238
34240,9192.0,27119.0,34239
34241,9192.0,27254.0,34240
34242,9192.0,27276.0,34241
34243,9192.0,27397.0,34242
34244,9192.0,27384.0,34243
34245,9192.0,28693.0,34244
34246,9192.0,28813.0,34245
34247,9192.0,28509.0,34246
34248,9192.0,28438.0,34247
34249,9192.0,28300.0,34248
34250,9192.0,28503.0,34249
34251,9192.0,28503.0,34250
34252,9192.0,28503.0,34251
34253,9192.0,29035.0,34252
34254,9192.0,29634.0,34253
34255,9192.0,29775.0,34254
34256,9192.0,29981.0,34255
34257,9192.0,30114.0,34256
34258,9192.0,29896.0,34257
34259,9192.0,30075.0,34258
34260,9192.0,30206.0,34259
34261,9192.0,29497.0,34260
34262,9192.0,29673.0,34261
34263,9192.0,29756.0,34262
34264,9192.0,29738.0,34263
34265,9192.0,29738.0,34264
34266,9192.0,29482.0,34265
34267,9192.0,29058.0,34266
34268,9192.0,28377.0,34267
34269,9192.0,28230.0,34268
34270,9192.0,28345.0,34269
34271,9192.0,27904.0,34270
34272,9192.0,28116.0,34271
34273,9192.0,27943.0,34272
34274,9192.0,28076.0,34273
34275,9192.0,28093.0,34274
34276,9192.0,28061.0,34275
34277,9192.0,27846.0,34276
34278,9192.0,27557.0,34277
34279,9192.0,27461.0,34278
34280,9192.0,27669.0,34279
34281,9192.0,27532.0,34280
34282,9192.0,27280.0,34281
34283,9192.0,27668.0,34282
34284,9192.0,27122.0,34283
34285,9192.0,26980.0,34284
34286,9192.0,27667.0,34285
34287,9192.0,28133.0,34286
34288,9192.0,29071.0,34287
34289,9192.0,27957.0,34288
34290,9192.0,27962.0,34289
34291,9192.0,27968.0,34290
34292,9192.0,28042.0,34291
34293,9192.0,28419.0,34292
34294,9192.0,28653.0,34293
34295,9192.0,29153.0,34294
34296,9192.0,29195.0,34295
34297,9192.0,29126.0,34296
34298,9192.0,29162.0,34297
34299,9192.0,29480.0,34298
34300,9192.0,29453.0,34299
34301,9192.0,29660.0,34300
34302,9192.0,29965.0,34301
34303,9192.0,29945.0,34302
34304,9192.0,29457.0,34303
34305,9192.0,29804.0,34304
34306,9192.0,28817.0,34305
34307,9192.0,28808.0,34306
34308,9192.0,28335.0,34307
34309,9192.0,28366.0,34308
34310,9192.0,28561.0,34309
34311,9192.0,28612.0,34310
34312,9192.0,27863.0,34311
34313,9192.0,27870.0,34312
34314,9192.0,28414.0,34313
34315,9192.0,28167.0,34314
34316,9192.0,28288.0,34315
34317,9192.0,27664.0,34316
34318,9192.0,26425.0,34317
34319,9192.0,27118.0,34318
34320,9192.0,27020.0,34319
34321,9192.0,27078.0,34320
34322,9192.0,27252.0,34321
34323,9192.0,26959.0,34322
34324,9192.0,26959.0,34323
34325,9192.0,27319.0,34324
34326,9192.0,27490.0,34325
34327,9192.0,27490.0,34326
34328,9192.0,28360.0,34327
34329,9192.0,28169.0,34328
34330,9192.0,28202.0,34329
34331,9192.0,27863.0,34330
34332,9192.0,28485.0,34331
34333,9192.0,29324.0,34332
34334,9192.0,29661.0,34333
34335,9192.0,29349.0,34334
34336,9192.0,28960.0,34335
34337,9192.0,28596.0,34336
34338,9192.0,28978.0,34337
34339,9192.0,29211.0,34338
34340,9192.0,29298.0,34339
34341,9192.0,28610.0,34340
34342,9192.0,29441.0,34341
34343,9192.0,29138.0,34342
34344,9192.0,28831.0,34343
34345,9192.0,28835.0,34344
34346,9192.0,29263.0,34345
34347,9192.0,29609.0,34346
34348,9192.0,29522.0,34347
34349,9192.0,29522.0,34348
34350,9192.0,29013.0,34349
34351,9192.0,28412.0,34350
34352,9192.0,29539.0,34351
34353,9192.0,29622.0,34352
34354,9192.0,28089.0,34353
34355,9192.0,28183.0,34354
34356,9192.0,28175.0,34355
34357,9192.0,28800.0,34356
34358,9192.0,29765.0,34357
34359,9192.0,29744.0,34358
34360,9192.0,30329.0,34359
34361,9192.0,31087.0,34360
34362,9192.0,31087.0,34361
34363,9192.0,31087.0,34362
34364,9192.0,31194.0,34363
34365,9192.0,31282.0,34364
34366,9192.0,30072.0,34365
34367,9192.0,29565.0,34366
34368,9192.0,29592.0,34367
34369,9192.0,29833.0,34368
34370,9192.0,29845.0,34369
34371,9192.0,29774.0,34370
34372,9192.0,29635.0,34371
34373,9192.0,29576.0,34372
34374,9192.0,29938.0,34373
34375,9192.0,30863.0,34374
34376,9192.0,30083.0,34375
34377,9192.0,30340.0,34376
34378,9192.0,30383.0,34377
34379,9192.0,31027.0,34378
34380,9192.0,30786.0,34379
34381,9192.0,30600.0,34380
34382,9192.0,30554.0,34381
34383,9192.0,30000.0,34382
34384,9192.0,29873.0,34383
34385,9192.0,29814.0,34384
34386,9192.0,29160.0,34385
34387,9192.0,28943.0,34386
34388,9192.0,28863.0,34387
34389,9192.0,29098.0,34388
34390,9192.0,29251.0,34389
34391,9192.0,29251.0,34390
34392,9192.0,30058.0,34391
34393,9192.0,28874.0,34392
34394,9192.0,29216.0,34393
34395,9192.0,28777.0,34394
34396,9192.0,28820.0,34395
34397,9192.0,28748.0,34396
34398,9192.0,28944.0,34397
34399,9192.0,28911.0,34398
34400,9192.0,28510.0,34399
34401,9192.0,28413.0,34400
34402,9192.0,28886.0,34401
34403,9192.0,28503.0,34402
34404,9192.0,27925.0,34403
34405,9192.0,27867.0,34404
34406,9192.0,28875.0,34405
34407,9192.0,29894.0,34406
34408,9192.0,29511.0,34407
34409,9192.0,29283.0,34408
34410,9192.0,29382.0,34409
34411,9192.0,29163.0,34410
34412,9192.0,29221.0,34411
34413,9192.0,29317.0,34412
34414,9192.0,28915.0,34413
34415,9192.0,28915.0,34414
34416,9192.0,28140.0,34415
34417,9192.0,27385.0,34416
34418,9192.0,26766.0,34417
34419,9192.0,26311.0,34418
34420,9192.0,26262.0,34419
34421,9192.0,26330.0,34420
34422,9192.0,26584.0,34421
34423,9192.0,26965.0,34422
34424,9192.0,25582.0,34423
34425,9192.0,25739.0,34424
34426,9192.0,25739.0,34425
34427,9192.0,26662.0,34426
34428,9192.0,26519.0,34427
34429,9192.0,26832.0,34428
34430,9192.0,26058.0,34429
34431,9192.0,26829.0,34430
34432,9192.0,26531.0,34431
34433,9192.0,26366.0,34432
34434,9192.0,26168.0,34433
34435,9192.0,26347.0,34434
34436,9192.0,26128.0,34435
34437,9192.0,25935.0,34436
34438,9192.0,26278.0,34437
34439,9192.0,25409.0,34438
34440,9192.0,25222.0,34439
34441,9192.0,25788.0,34440
34442,9192.0,25702.0,34441
34443,9192.0,25800.0,34442
34444,9192.0,25712.0,34443
34445,9192.0,25380.0,34444
34446,9192.0,26463.0,34445
34447,9192.0,26489.0,34446
34448,9192.0,26489.0,34447
34449,9192.0,26406.0,34448
34450,9192.0,26411.0,34449
34451,9192.0,27017.0,34450
34452,9192.0,27017.0,34451
34453,9192.0,27204.0,34452
34454,9192.0,26669.0,34453
34455,9192.0,27852.0,34454
34456,9192.0,28901.0,34455
34457,9192.0,29217.0,34456
34458,9192.0,29133.0,34457
34459,9192.0,29245.0,34458
34460,9192.0,27206.0,34459
34461,9192.0,27296.0,34460
34462,9192.0,27367.0,34461
34463,9192.0,27286.0,34462
34464,9192.0,26971.0,34463
34465,9192.0,27663.0,34464
34466,9192.0,27531.0,34465
34467,9192.0,27293.0,34466
34468,9192.0,27179.0,34467
34469,9192.0,27443.0,34468
34470,9192.0,27461.0,34469
34471,9192.0,27128.0,34470
34472,9192.0,27026.0,34471
34473,9192.0,27088.0,34472
34474,9192.0,27476.0,34473
34475,9192.0,28357.0,34474
34476,9192.0,28381.0,34475
34477,9192.0,28223.0,34476
34478,9192.0,28223.0,34477
34479,9192.0,28262.0,34478
34480,9192.0,28853.0,34479
34481,9192.0,28866.0,34480
34482,9192.0,28979.0,34481
34483,9192.0,29164.0,34482
34484,9192.0,29195.0,34483
34485,9192.0,28966.0,34484
34486,9192.0,29020.0,34485
34487,9192.0,29584.0,34486
34488,9192.0,29374.0,34487
34489,9192.0,29372.0,34488
34490,9192.0,29401.0,34489
34491,9192.0,28951.0,34490
34492,9192.0,28911.0,34491
34493,9192.0,30124.0,34492
34494,9192.0,30560.0,34493
34495,9192.0,30467.0,34494
34496,9192.0,30294.0,34495
34497,9192.0,30294.0,34496
34498,9192.0,31245.0,34497
34499,9192.0,30103.0,34498
34500,9192.0,30068.0,34499
34501,9192.0,30257.0,34500
34502,9192.0,30028.0,34501
34503,9192.0,29959.0,34502
34504,9192.0,30113.0,34503
34505,9192.0,30060.0,34504
34506,9192.0,30042.0,34505
34507,9192.0,29806.0,34506
34508,9192.0,29915.0,34507
34509,9192.0,29502.0,34508
34510,9192.0,29502.0,34509
34511,9192.0,28303.0,34510
34512,9192.0,28303.0,34511
34513,9192.0,28034.0,34512
34514,9192.0,27909.0,34513
34515,9192.0,27945.0,34514
34516,9192.0,27744.0,34515
34517,9192.0,27560.0,34516
34518,9192.0,27638.0,34517
34519,9192.0,27472.0,34518
34520,9192.0,27389.0,34519
34521,9192.0,26944.0,34520
34522,9192.0,26862.0,34521
34523,9192.0,26376.0,34522
34524,9192.0,26242.0,34523
34525,9192.0,26262.0,34524
34526,9192.0,26471.0,34525
34527,9192.0,25911.0,34526
34528,9192.0,26495.0,34527
34529,9192.0,26817.0,34528
34530,9192.0,26817.0,34529
34531,9192.0,26896.0,34530
34532,9192.0,26423.0,34531
34533,9192.0,26894.0,34532
34534,9192.0,27307.0,34533
34535,9192.0,27244.0,34534
34536,9192.0,27259.0,34535
34537,9192.0,27759.0,34536
34538,9192.0,27777.0,34537
34539,9192.0,27138.0,34538
34540,9192.0,27819.0,34539
34541,9192.0,27727.0,34540
34542,9192.0,27167.0,34541
34543,9192.0,27144.0,34542
34544,9192.0,27215.0,34543
34545,9192.0,27223.0,34544
34546,9192.0,26771.0,34545
34547,9192.0,27277.0,34546
34548,9192.0,27273.0,34547
34549,9192.0,28122.0,34548
34550,9192.0,28549.0,34549
34551,9192.0,28540.0,34550
34552,9192.0,28347.0,34551
34553,9192.0,28824.0,34552
34554,9192.0,28824.0,34553
34555,9192.0,28806.0,34554
34556,9192.0,28349.0,34555
34557,9192.0,28381.0,34556
34558,9192.0,28791.0,34557
34559,9192.0,28741.0,34558
34560,9192.0,28771.0,34559
34561,9192.0,28834.0,34560
34562,9192.0,28660.0,34561
34563,9192.0,28703.0,34562
34564,9192.0,28267.0,34563
34565,9192.0,27857.0,34564
34566,9192.0,27926.0,34565
34567,9192.0,28147.0,34566
34568,9192.0,25736.0,34567
34569,9192.0,25781.0,34568
34570,9192.0,26584.0,34569
34571,9192.0,26799.0,34570
34572,9192.0,26799.0,34571
34573,9192.0,26728.0,34572
34574,9192.0,26206.0,34573
34575,9192.0,26206.0,34574
34576,9192.0,25663.0,34575
34577,9192.0,25497.0,34576
34578,9192.0,25644.0,34577
34579,9192.0,25644.0,34578
34580,9192.0,25626.0,34579
34581,9192.0,25626.0,34580
34582,9192.0,26145.0,34581
34583,9192.0,27644.0,34582
34584,9192.0,28206.0,34583
34585,9192.0,28454.0,34584
34586,9192.0,28345.0,34585
34587,9192.0,28363.0,34586
34588,9192.0,28345.0,34587
34589,9192.0,28086.0,34588
34590,9192.0,27955.0,34589
34591,9192.0,28322.0,34590
34592,9192.0,27981.0,34591
34593,9192.0,28300.0,34592
34594,9192.0,28959.0,34593
34595,9192.0,30183.0,34594
34596,9192.0,30249.0,34595
34597,9192.0,30559.0,34596
34598,9192.0,29495.0,34597
34599,9192.0,28648.0,34598
34600,9192.0,28643.0,34599
34601,9192.0,28643.0,34600
34602,9192.0,28191.0,34601
34603,9192.0,28140.0,34602
34604,9192.0,28154.0,34603
34605,9192.0,26952.0,34604
34606,9192.0,26943.0,34605
34607,9192.0,26788.0,34606
34608,9192.0,28891.0,34607
34609,9192.0,29066.0,34608
34610,9192.0,29098.0,34609
34611,9192.0,29113.0,34610
34612,9192.0,29325.0,34611
34613,9192.0,29179.0,34612
34614,9192.0,28850.0,34613
34615,9192.0,28883.0,34614
34616,9192.0,28883.0,34615
34617,9192.0,28882.0,34616
34618,9192.0,28761.0,34617
34619,9192.0,29195.0,34618
34620,9192.0,28596.0,34619
34621,9192.0,28596.0,34620
34622,9192.0,29589.0,34621
34623,9192.0,29589.0,34622
34624,9192.0,30404.0,34623
34625,9192.0,30404.0,34624
34626,9192.0,31109.0,34625
34627,9192.0,30996.0,34626
34628,9192.0,30666.0,34627
34629,9192.0,30679.0,34628
34630,9192.0,30490.0,34629
34631,9192.0,30373.0,34630
34632,9192.0,30519.0,34631
34633,9192.0,30673.0,34632
34634,9192.0,30852.0,34633
34635,9192.0,31376.0,34634
34636,9192.0,31333.0,34635
34637,9192.0,31345.0,34636
34638,9192.0,30324.0,34637
34639,9192.0,30967.0,34638
34640,9192.0,31219.0,34639
34641,9192.0,30406.0,34640
34642,9192.0,31143.0,34641
34643,9192.0,30929.0,34642
34644,9192.0,30973.0,34643
34645,9192.0,30973.0,34644
34646,9192.0,30880.0,34645
34647,9192.0,30069.0,34646
34648,9192.0,30191.0,34647
34649,9192.0,30086.0,34648
34650,9192.0,30097.0,34649
34651,9192.0,30097.0,34650
34652,9192.0,30171.0,34651
34653,9192.0,30750.0,34652
34654,9192.0,30094.0,34653
34655,9192.0,29584.0,34654
34656,9192.0,29141.0,34655
34657,9192.0,29154.0,34656
34658,9192.0,28567.0,34657
34659,9192.0,29430.0,34658
34660,9192.0,29212.0,34659
34661,9192.0,29212.0,34660
34662,9192.0,29046.0,34661
34663,9192.0,28770.0,34662
34664,9192.0,29090.0,34663
34665,9192.0,29930.0,34664
34666,9192.0,29983.0,34665
34667,9192.0,29987.0,34666
34668,9192.0,29450.0,34667
34669,9192.0,29450.0,34668
34670,9192.0,29272.0,34669
34671,9192.0,29194.0,34670
34672,9192.0,27957.0,34671
34673,9192.0,28225.0,34672
34674,9192.0,28816.0,34673
34675,9192.0,28401.0,34674
34676,9192.0,28566.0,34675
34677,9192.0,28506.0,34676
34678,9192.0,29469.0,34677
34679,9192.0,29835.0,34678
34680,9192.0,29132.0,34679
34681,9192.0,28833.0,34680
34682,9192.0,28833.0,34681
34683,9192.0,28824.0,34682
34684,9192.0,29179.0,34683
34685,9192.0,28616.0,34684
34686,9192.0,28467.0,34685
34687,9192.0,28742.0,34686
34688,9192.0,28496.0,34687
34689,9192.0,28856.0,34688
34690,9192.0,29081.0,34689
34691,9192.0,29334.0,34690
34692,9192.0,29602.0,34691
34693,9192.0,28703.0,34692
34694,9192.0,28840.0,34693
34695,9192.0,28703.0,34694
34696,9192.0,28556.0,34695
34697,9192.0,28740.0,34696
34698,9192.0,29045.0,34697
34699,9192.0,28988.0,34698
34700,9192.0,29816.0,34699
34701,9192.0,29691.0,34700
34702,9192.0,29510.0,34701
34703,9192.0,29510.0,34702
34704,9192.0,29798.0,34703
34705,9192.0,30040.0,34704
34706,9192.0,29536.0,34705
34707,9192.0,29239.0,34706
34708,9192.0,29470.0,34707
34709,9192.0,29407.0,34708
34710,9192.0,29555.0,34709
34711,9192.0,29555.0,34710
34712,9192.0,29888.0,34711
34713,9192.0,29731.0,34712
34714,9192.0,28907.0,34713
34715,9192.0,28826.0,34714
34716,9192.0,28801.0,34715
34717,9192.0,28309.0,34716
34718,9192.0,28569.0,34717
34719,9192.0,28569.0,34718
34720,9192.0,28434.0,34719
34721,9192.0,28764.0,34720
34722,9192.0,28630.0,34721
34723,9192.0,28630.0,34722
34724,9192.0,28328.0,34723
34725,9192.0,28333.0,34724
34726,9192.0,28301.0,34725
34727,9192.0,28186.0,34726
34728,9192.0,27291.0,34727
34729,9192.0,27794.0,34728
34730,9192.0,28067.0,34729
34731,9192.0,28141.0,34730
34732,9192.0,29156.0,34731
34733,9192.0,29156.0,34732
34734,9192.0,29364.0,34733
34735,9192.0,29364.0,34734
34736,9192.0,29364.0,34735
34737,9192.0,29364.0,34736
34738,9192.0,29512.0,34737
34739,9192.0,28960.0,34738
34740,9192.0,28963.0,34739
34741,9192.0,27492.0,34740
34742,9192.0,27792.0,34741
34743,9192.0,27767.0,34742
34744,9192.0,27833.0,34743
34745,9192.0,27833.0,34744
34746,9192.0,28013.0,34745
34747,9192.0,28108.0,34746
34748,9192.0,28135.0,34747
34749,9192.0,28709.0,34748
34750,9192.0,28193.0,34749
34751,9192.0,28193.0,34750
34752,9192.0,28251.0,34751
34753,9192.0,27956.0,34752
34754,9192.0,28406.0,34753
34755,9192.0,28324.0,34754
34756,9192.0,28273.0,34755
34757,9192.0,28782.0,34756
34758,9192.0,28404.0,34757
34759,9192.0,28414.0,34758
34760,9192.0,28263.0,34759
34761,9192.0,28263.0,34760
34762,9192.0,28265.0,34761
34763,9192.0,28635.0,34762
34764,9192.0,28595.0,34763
34765,9192.0,29686.0,34764
34766,9192.0,29594.0,34765
34767,9192.0,29124.0,34766
34768,9192.0,29182.0,34767
34769,9192.0,29376.0,34768
34770,9192.0,29060.0,34769
34771,9192.0,29557.0,34770
34772,9192.0,29558.0,34771
34773,9192.0,29589.0,34772
34774,9192.0,29589.0,34773
34775,9192.0,29573.0,34774
34776,9192.0,28904.0,34775
34777,9192.0,29316.0,34776
34778,9192.0,29137.0,34777
34779,9192.0,27868.0,34778
34780,9192.0,27847.0,34779
34781,9192.0,27455.0,34780
34782,9192.0,27676.0,34781
34783,9192.0,27239.0,34782
34784,9192.0,26396.0,34783
34785,9192.0,28025.0,34784
34786,9192.0,27714.0,34785
34787,9192.0,28270.0,34786
34788,9192.0,27592.0,34787
34789,9192.0,27699.0,34788
34790,9192.0,26740.0,34789
34791,9192.0,27271.0,34790
34792,9192.0,27012.0,34791
34793,9192.0,27921.0,34792
34794,9192.0,27761.0,34793
34795,9192.0,27627.0,34794
34796,9192.0,27637.0,34795
34797,9192.0,27638.0,34796
34798,9192.0,27638.0,34797
34799,9192.0,27638.0,34798
34800,9192.0,27436.0,34799
34801,9192.0,26338.0,34800
34802,9192.0,26917.0,34801
34803,9192.0,27181.0,34802
34804,9192.0,27344.0,34803
34805,9192.0,27344.0,34804
34806,9192.0,27427.0,34805
34807,9192.0,28018.0,34806
34808,9192.0,28634.0,34807
34809,9192.0,27978.0,34808
34810,9192.0,27966.0,34809
34811,9192.0,28417.0,34810
34812,9192.0,28396.0,34811
34813,9192.0,28396.0,34812
34814,9192.0,27530.0,34813
34815,9192.0,27122.0,34814
34816,9192.0,27261.0,34815
34817,9192.0,27261.0,34816
34818,9192.0,27077.0,34817
34819,9192.0,27175.0,34818
34820,9192.0,27001.0,34819
34821,9192.0,26797.0,34820
34822,9192.0,26788.0,34821
34823,9192.0,26124.0,34822
34824,9192.0,26576.0,34823
34825,9192.0,26499.0,34824
34826,9192.0,26594.0,34825
34827,9192.0,27256.0,34826
34828,9192.0,28025.0,34827
34829,9192.0,28810.0,34828
34830,9192.0,28846.0,34829
34831,9192.0,29377.0,34830
34832,9192.0,29712.0,34831
34833,9192.0,29885.0,34832
34834,9192.0,29463.0,34833
34835,9192.0,29653.0,34834
34836,9192.0,29587.0,34835
34837,9192.0,29591.0,34836
34838,9192.0,29527.0,34837
34839,9192.0,29749.0,34838
34840,9192.0,29599.0,34839
34841,9192.0,29609.0,34840
34842,9192.0,29695.0,34841
34843,9192.0,29611.0,34842
34844,9192.0,28880.0,34843
34845,9192.0,28143.0,34844
34846,9192.0,28777.0,34845
34847,9192.0,28628.0,34846
34848,9192.0,29103.0,34847
34849,9192.0,29103.0,34848
34850,9192.0,29283.0,34849
34851,9192.0,29260.0,34850
34852,9192.0,29430.0,34851
34853,9192.0,30631.0,34852
34854,9192.0,30914.0,34853
34855,9192.0,30987.0,34854
34856,9192.0,30910.0,34855
34857,9192.0,30879.0,34856
34858,9192.0,30163.0,34857
34859,9192.0,30521.0,34858
34860,9192.0,30047.0,34859
34861,9192.0,30840.0,34860
34862,9192.0,30717.0,34861
34863,9192.0,30614.0,34862
34864,9192.0,30648.0,34863
34865,9192.0,30397.0,34864
34866,9192.0,30313.0,34865
34867,9192.0,30504.0,34866
34868,9192.0,29230.0,34867
34869,9192.0,29332.0,34868
34870,9192.0,29034.0,34869
34871,9192.0,29086.0,34870
34872,9192.0,29340.0,34871
34873,9192.0,28498.0,34872
34874,9192.0,28498.0,34873
34875,9192.0,28432.0,34874
34876,9192.0,28466.0,34875
34877,9192.0,28346.0,34876
34878,9192.0,28241.0,34877
34879,9192.0,28120.0,34878
34880,9192.0,28483.0,34879
34881,9192.0,28245.0,34880
34882,9192.0,28169.0,34881
34883,9192.0,28043.0,34882
34884,9192.0,28210.0,34883
34885,9192.0,27730.0,34884
34886,9192.0,27730.0,34885
34887,9192.0,28220.0,34886
34888,9192.0,28248.0,34887
34889,9192.0,28298.0,34888
34890,9192.0,28298.0,34889
34891,9192.0,28865.0,34890
34892,9192.0,28865.0,34891
34893,9192.0,28883.0,34892
34894,9192.0,29013.0,34893
34895,9192.0,29010.0,34894
34896,9192.0,29302.0,34895
34897,9192.0,29288.0,34896
34898,9192.0,30383.0,34897
34899,9192.0,30669.0,34898
34900,9192.0,31488.0,34899
34901,9192.0,30936.0,34900
34902,9192.0,31009.0,34901
34903,9192.0,30489.0,34902
34904,9192.0,30416.0,34903
34905,9192.0,31478.0,34904
34906,9192.0,31077.0,34905
34907,9192.0,31010.0,34906
34908,9192.0,30639.0,34907
34909,9192.0,30804.0,34908
34910,9192.0,31343.0,34909
34911,9192.0,30708.0,34910
34912,9192.0,30658.0,34911
34913,9192.0,30621.0,34912
34914,9192.0,30464.0,34913
34915,9192.0,30887.0,34914
34916,9192.0,30868.0,34915
34917,9192.0,30862.0,34916
34918,9192.0,30809.0,34917
34919,9192.0,30813.0,34918
34920,9192.0,31315.0,34919
34921,9192.0,31063.0,34920
34922,9192.0,30944.0,34921
34923,9192.0,31539.0,34922
34924,9192.0,30447.0,34923
34925,9192.0,29996.0,34924
34926,9192.0,29308.0,34925
34927,9192.0,28808.0,34926
34928,9192.0,28493.0,34927
34929,9192.0,28721.0,34928
34930,9192.0,28469.0,34929
34931,9192.0,28439.0,34930
34932,9192.0,28743.0,34931
34933,9192.0,28743.0,34932
34934,9192.0,28956.0,34933
34935,9192.0,28852.0,34934
34936,9192.0,27981.0,34935
34937,9192.0,27795.0,34936
34938,9192.0,27795.0,34937
34939,9192.0,27377.0,34938
34940,9192.0,27354.0,34939
34941,9192.0,27036.0,34940
34942,9192.0,26690.0,34941
34943,9192.0,26860.0,34942
34944,9192.0,26797.0,34943
34945,9192.0,26797.0,34944
34946,9192.0,26949.0,34945
34947,9192.0,27901.0,34946
34948,9192.0,27930.0,34947
34949,9192.0,28061.0,34948
34950,9192.0,28680.0,34949
34951,9192.0,28493.0,34950
34952,9192.0,28859.0,34951
34953,9192.0,29562.0,34952
34954,9192.0,29388.0,34953
34955,9192.0,29731.0,34954
34956,9192.0,29655.0,34955
34957,9192.0,29279.0,34956
34958,9192.0,29140.0,34957
34959,9192.0,28923.0,34958
34960,9192.0,28721.0,34959
34961,9192.0,28750.0,34960
34962,9192.0,28526.0,34961
34963,9192.0,27476.0,34962
34964,9192.0,27520.0,34963
34965,9192.0,27505.0,34964
34966,9192.0,28899.0,34965
34967,9192.0,29092.0,34966
34968,9192.0,29718.0,34967
34969,9192.0,30008.0,34968
34970,9192.0,29971.0,34969
34971,9192.0,30063.0,34970
34972,9192.0,30793.0,34971
34973,9192.0,30857.0,34972
34974,9192.0,30807.0,34973
34975,9192.0,30709.0,34974
34976,9192.0,30709.0,34975
34977,9192.0,30838.0,34976
34978,9192.0,30892.0,34977
34979,9192.0,30529.0,34978
34980,9192.0,30532.0,34979
34981,9192.0,30532.0,34980
34982,9192.0,30908.0,34981
34983,9192.0,30349.0,34982
34984,9192.0,30423.0,34983
34985,9192.0,30591.0,34984
34986,9192.0,30693.0,34985
34987,9192.0,30623.0,34986
34988,9192.0,29386.0,34987
34989,9192.0,29305.0,34988
34990,9192.0,29272.0,34989
34991,9192.0,29550.0,34990
34992,9192.0,29810.0,34991
34993,9192.0,29832.0,34992
34994,9192.0,29810.0,34993
34995,9192.0,29837.0,34994
34996,9192.0,28921.0,34995
34997,9192.0,29213.0,34996
34998,9192.0,29213.0,34997
34999,9192.0,28012.0,34998
35000,9192.0,27465.0,34999
35001,9192.0,27365.0,35000
35002,9192.0,26903.0,35001
35003,9192.0,28253.0,35002
35004,9192.0,29497.0,35003
35005,9192.0,29373.0,35004
35006,9192.0,29422.0,35005
35007,9192.0,29345.0,35006
35008,9192.0,29023.0,35007
35009,9192.0,28889.0,35008
35010,9192.0,28838.0,35009
35011,9192.0,28838.0,35010
35012,9192.0,29125.0,35011
35013,9192.0,28717.0,35012
35014,9192.0,28808.0,35013
35015,9192.0,28621.0,35014
35016,9192.0,28475.0,35015
35017,9192.0,28366.0,35016
35018,9192.0,28382.0,35017
35019,9192.0,28329.0,35018
35020,9192.0,29028.0,35019
35021,9192.0,28620.0,35020
35022,9192.0,28415.0,35021
35023,9192.0,28391.0,35022
35024,9192.0,28391.0,35023
35025,9192.0,28470.0,35024
35026,9192.0,28548.0,35025
35027,9192.0,29275.0,35026
35028,9192.0,29300.0,35027
35029,9192.0,29301.0,35028
35030,9192.0,29420.0,35029
35031,9192.0,29750.0,35030
35032,9192.0,31138.0,35031
35033,9192.0,31138.0,35032
35034,9192.0,31631.0,35033
35035,9192.0,31761.0,35034
35036,9192.0,31513.0,35035
35037,9192.0,31541.0,35036
35038,9192.0,31555.0,35037
35039,9192.0,31555.0,35038
35040,9192.0,31598.0,35039
35041,9192.0,31312.0,35040
35042,9192.0,31513.0,35041
35043,9192.0,31925.0,35042
35044,9192.0,31996.0,35043
35045,9192.0,32113.0,35044
35046,9192.0,32007.0,35045
35047,9192.0,32134.0,35046
35048,9192.0,32328.0,35047
35049,9192.0,32227.0,35048
35050,9192.0,32229.0,35049
35051,9192.0,32160.0,35050
35052,9192.0,31758.0,35051
35053,9192.0,32350.0,35052
35054,9192.0,32786.0,35053
35055,9192.0,33076.0,35054
35056,9192.0,32609.0,35055
35057,9192.0,32792.0,35056
35058,9192.0,32905.0,35057
35059,9192.0,32745.0,35058
35060,9192.0,32780.0,35059
35061,9192.0,32305.0,35060
35062,9192.0,32178.0,35061
35063,9192.0,32193.0,35062
35064,9192.0,31476.0,35063
35065,9192.0,31380.0,35064
35066,9192.0,31380.0,35065
35067,9192.0,31376.0,35066
35068,9192.0,30491.0,35067
35069,9192.0,30466.0,35068
35070,9192.0,30673.0,35069
35071,9192.0,29969.0,35070
35072,9192.0,29740.0,35071
35073,9192.0,28871.0,35072
35074,9192.0,27931.0,35073
35075,9192.0,27830.0,35074
35076,9192.0,28285.0,35075
35077,9192.0,28271.0,35076
35078,9192.0,28440.0,35077
35079,9192.0,28270.0,35078
35080,9192.0,28422.0,35079
35081,9192.0,29335.0,35080
35082,9192.0,29235.0,35081
35083,9192.0,27840.0,35082
35084,9192.0,27840.0,35083
35085,9192.0,27668.0,35084
35086,9192.0,27649.0,35085
35087,9192.0,29061.0,35086
35088,9192.0,29086.0,35087
35089,9192.0,29777.0,35088
35090,9192.0,29939.0,35089
35091,9192.0,29901.0,35090
35092,9192.0,29721.0,35091
35093,9192.0,29882.0,35092
35094,9192.0,29176.0,35093
35095,9192.0,29826.0,35094
35096,9192.0,29412.0,35095
35097,9192.0,29412.0,35096
35098,9192.0,29470.0,35097
35099,9192.0,29460.0,35098
35100,9192.0,29469.0,35099
35101,9192.0,29214.0,35100
35102,9192.0,29127.0,35101
35103,9192.0,29281.0,35102
35104,9192.0,27931.0,35103
35105,9192.0,28148.0,35104
35106,9192.0,27830.0,35105
35107,9192.0,27970.0,35106
35108,9192.0,27970.0,35107
35109,9192.0,27854.0,35108
35110,9192.0,27479.0,35109
35111,9192.0,28402.0,35110
35112,9192.0,28502.0,35111
35113,9192.0,29079.0,35112
35114,9192.0,28875.0,35113
35115,9192.0,29443.0,35114
35116,9192.0,29389.0,35115
35117,9192.0,30076.0,35116
35118,9192.0,29875.0,35117
35119,9192.0,29996.0,35118
35120,9192.0,30239.0,35119
35121,9192.0,29097.0,35120
35122,9192.0,30492.0,35121
35123,9192.0,30109.0,35122
35124,9192.0,30114.0,35123
35125,9192.0,29333.0,35124
35126,9192.0,29527.0,35125
35127,9192.0,29954.0,35126
35128,9192.0,29668.0,35127
35129,9192.0,29668.0,35128
35130,9192.0,29626.0,35129
35131,9192.0,29745.0,35130
35132,9192.0,29473.0,35131
35133,9192.0,29467.0,35132
35134,9192.0,29554.0,35133
35135,9192.0,29446.0,35134
35136,9192.0,29541.0,35135
35137,9192.0,29971.0,35136
35138,9192.0,29220.0,35137
35139,9192.0,28985.0,35138
35140,9192.0,28985.0,35139
35141,9192.0,28641.0,35140
35142,9192.0,28231.0,35141
35143,9192.0,27888.0,35142
35144,9192.0,27897.0,35143
35145,9192.0,27242.0,35144
35146,9192.0,27549.0,35145
35147,9192.0,28094.0,35146
35148,9192.0,28089.0,35147
35149,9192.0,28063.0,35148
35150,9192.0,28389.0,35149
35151,9192.0,28454.0,35150
35152,9192.0,29273.0,35151
35153,9192.0,29473.0,35152
35154,9192.0,30288.0,35153
35155,9192.0,30351.0,35154
35156,9192.0,30534.0,35155
35157,9192.0,30805.0,35156
35158,9192.0,30904.0,35157
35159,9192.0,30675.0,35158
35160,9192.0,30948.0,35159
35161,9192.0,30902.0,35160
35162,9192.0,30576.0,35161
35163,9192.0,31027.0,35162
35164,9192.0,29706.0,35163
35165,9192.0,30313.0,35164
35166,9192.0,30592.0,35165
35167,9192.0,30408.0,35166
35168,9192.0,29475.0,35167
35169,9192.0,28696.0,35168
35170,9192.0,28756.0,35169
35171,9192.0,28902.0,35170
35172,9192.0,28878.0,35171
35173,9192.0,28549.0,35172
35174,9192.0,27365.0,35173
35175,9192.0,27402.0,35174
35176,9192.0,27409.0,35175
35177,9192.0,27943.0,35176
35178,9192.0,27160.0,35177
35179,9192.0,27178.0,35178
35180,9192.0,27052.0,35179
35181,9192.0,27627.0,35180
35182,9192.0,27781.0,35181
35183,9192.0,29118.0,35182
35184,9192.0,29290.0,35183
35185,9192.0,29351.0,35184
35186,9192.0,29335.0,35185
35187,9192.0,30092.0,35186
35188,9192.0,29981.0,35187
35189,9192.0,29856.0,35188
35190,9192.0,29839.0,35189
35191,9192.0,29407.0,35190
35192,9192.0,29420.0,35191
35193,9192.0,28959.0,35192
35194,9192.0,29067.0,35193
35195,9192.0,29427.0,35194
35196,9192.0,29413.0,35195
35197,9192.0,29453.0,35196
35198,9192.0,30376.0,35197
35199,9192.0,30304.0,35198
35200,9192.0,30174.0,35199
35201,9192.0,29684.0,35200
35202,9192.0,29841.0,35201
35203,9192.0,29850.0,35202
35204,9192.0,30190.0,35203
35205,9192.0,29822.0,35204
35206,9192.0,29662.0,35205
35207,9192.0,29369.0,35206
35208,9192.0,28146.0,35207
35209,9192.0,28743.0,35208
35210,9192.0,28734.0,35209
35211,9192.0,28748.0,35210
35212,9192.0,28925.0,35211
35213,9192.0,29862.0,35212
35214,9192.0,29554.0,35213
35215,9192.0,30372.0,35214
35216,9192.0,29742.0,35215
35217,9192.0,28780.0,35216
35218,9192.0,28604.0,35217
35219,9192.0,28378.0,35218
35220,9192.0,27554.0,35219
35221,9192.0,27333.0,35220
35222,9192.0,27335.0,35221
35223,9192.0,27552.0,35222
35224,9192.0,27427.0,35223
35225,9192.0,27957.0,35224
35226,9192.0,28518.0,35225
35227,9192.0,28543.0,35226
35228,9192.0,28307.0,35227
35229,9192.0,29282.0,35228
35230,9192.0,28900.0,35229
35231,9192.0,29193.0,35230
35232,9192.0,30105.0,35231
35233,9192.0,29754.0,35232
35234,9192.0,29754.0,35233
35235,9192.0,29871.0,35234
35236,9192.0,29871.0,35235
35237,9192.0,30237.0,35236
35238,9192.0,29776.0,35237
35239,9192.0,30105.0,35238
35240,9192.0,30087.0,35239
35241,9192.0,30451.0,35240
35242,9192.0,29864.0,35241
35243,9192.0,29112.0,35242
35244,9192.0,28951.0,35243
35245,9192.0,28232.0,35244
35246,9192.0,27437.0,35245
35247,9192.0,27803.0,35246
35248,9192.0,27701.0,35247
35249,9192.0,29187.0,35248
35250,9192.0,29623.0,35249
35251,9192.0,29346.0,35250
35252,9192.0,29328.0,35251
35253,9192.0,29053.0,35252
35254,9192.0,29053.0,35253
35255,9192.0,28566.0,35254
35256,9192.0,28243.0,35255
35257,9192.0,29128.0,35256
35258,9192.0,29846.0,35257
35259,9192.0,29843.0,35258
35260,9192.0,29862.0,35259
35261,9192.0,30996.0,35260
35262,9192.0,31037.0,35261
35263,9192.0,31037.0,35262
35264,9192.0,31035.0,35263
35265,9192.0,30568.0,35264
35266,9192.0,30697.0,35265
35267,9192.0,31180.0,35266
35268,9192.0,31004.0,35267
35269,9192.0,31800.0,35268
35270,9192.0,31685.0,35269
35271,9192.0,31588.0,35270
35272,9192.0,31384.0,35271
35273,9192.0,31235.0,35272
35274,9192.0,31199.0,35273
35275,9192.0,30785.0,35274
35276,9192.0,30717.0,35275
35277,9192.0,30359.0,35276
35278,9192.0,29746.0,35277
35279,9192.0,29656.0,35278
35280,9192.0,29710.0,35279
35281,9192.0,29726.0,35280
35282,9192.0,29608.0,35281
35283,9192.0,29392.0,35282
35284,9192.0,29392.0,35283
35285,9192.0,29126.0,35284
35286,9192.0,29207.0,35285
35287,9192.0,29207.0,35286
35288,9192.0,29327.0,35287
35289,9192.0,29322.0,35288
35290,9192.0,29268.0,35289
35291,9192.0,29204.0,35290
35292,9192.0,29558.0,35291
35293,9192.0,30543.0,35292
35294,9192.0,30189.0,35293
35295,9192.0,30259.0,35294
35296,9192.0,30195.0,35295
35297,9192.0,30805.0,35296
35298,9192.0,30818.0,35297
35299,9192.0,30946.0,35298
35300,9192.0,31133.0,35299
35301,9192.0,31542.0,35300
35302,9192.0,31479.0,35301
35303,9192.0,30833.0,35302
35304,9192.0,30827.0,35303
35305,9192.0,31011.0,35304
35306,9192.0,31365.0,35305
35307,9192.0,31102.0,35306
35308,9192.0,31026.0,35307
35309,9192.0,31026.0,35308
35310,9192.0,30937.0,35309
35311,9192.0,30126.0,35310
35312,9192.0,29810.0,35311
35313,9192.0,29614.0,35312
35314,9192.0,29348.0,35313
35315,9192.0,29439.0,35314
35316,9192.0,29602.0,35315
35317,9192.0,29810.0,35316
35318,9192.0,29895.0,35317
35319,9192.0,29214.0,35318
35320,9192.0,29238.0,35319
35321,9192.0,28468.0,35320
35322,9192.0,29771.0,35321
35323,9192.0,29380.0,35322
35324,9192.0,28921.0,35323
35325,9192.0,28580.0,35324
35326,9192.0,28980.0,35325
35327,9192.0,28941.0,35326
35328,9192.0,28677.0,35327
35329,9192.0,28708.0,35328
35330,9192.0,28065.0,35329
35331,9192.0,28162.0,35330
35332,9192.0,28223.0,35331
35333,9192.0,28625.0,35332
35334,9192.0,29275.0,35333
35335,9192.0,29335.0,35334
35336,9192.0,28200.0,35335
35337,9192.0,28200.0,35336
35338,9192.0,27175.0,35337
35339,9192.0,27175.0,35338
35340,9192.0,26723.0,35339
35341,9192.0,26539.0,35340
35342,9192.0,26539.0,35341
35343,9192.0,26564.0,35342
35344,9192.0,26698.0,35343
35345,9192.0,27040.0,35344
35346,9192.0,26947.0,35345
35347,9192.0,27146.0,35346
35348,9192.0,27146.0,35347
35349,9192.0,27625.0,35348
35350,9192.0,27628.0,35349
35351,9192.0,27450.0,35350
35352,9192.0,27950.0,35351
35353,9192.0,27837.0,35352
35354,9192.0,27748.0,35353
35355,9192.0,27956.0,35354
35356,9192.0,28373.0,35355
35357,9192.0,28796.0,35356
35358,9192.0,29774.0,35357
35359,9192.0,30459.0,35358
35360,9192.0,30013.0,35359
35361,9192.0,29073.0,35360
35362,9192.0,29911.0,35361
35363,9192.0,29993.0,35362
35364,9192.0,30134.0,35363
35365,9192.0,30154.0,35364
35366,9192.0,30123.0,35365
35367,9192.0,30589.0,35366
35368,9192.0,29614.0,35367
35369,9192.0,29660.0,35368
35370,9192.0,29830.0,35369
35371,9192.0,29809.0,35370
35372,9192.0,29371.0,35371
35373,9192.0,29657.0,35372
35374,9192.0,29657.0,35373
35375,9192.0,30202.0,35374
35376,9192.0,30212.0,35375
35377,9192.0,29892.0,35376
35378,9192.0,30151.0,35377
35379,9192.0,30111.0,35378
35380,9192.0,28958.0,35379
35381,9192.0,28958.0,35380
35382,9192.0,28932.0,35381
35383,9192.0,28577.0,35382
35384,9192.0,28476.0,35383
35385,9192.0,28651.0,35384
35386,9192.0,28651.0,35385
35387,9192.0,30075.0,35386
35388,9192.0,30005.0,35387
35389,9192.0,29381.0,35388
35390,9192.0,29097.0,35389
35391,9192.0,29360.0,35390
35392,9192.0,30504.0,35391
35393,9192.0,30340.0,35392
35394,9192.0,28712.0,35393
35395,9192.0,28638.0,35394
35396,9192.0,28638.0,35395
35397,9192.0,28328.0,35396
35398,9192.0,28233.0,35397
35399,9192.0,28162.0,35398
35400,9192.0,27587.0,35399
35401,9192.0,28000.0,35400
35402,9192.0,27821.0,35401
35403,9192.0,27856.0,35402
35404,9192.0,27277.0,35403
35405,9192.0,27196.0,35404
35406,9192.0,26838.0,35405
35407,9192.0,26838.0,35406
35408,9192.0,26946.0,35407
35409,9192.0,26829.0,35408
35410,9192.0,26894.0,35409
35411,9192.0,26894.0,35410
35412,9192.0,27722.0,35411
35413,9192.0,27840.0,35412
35414,9192.0,27965.0,35413
35415,9192.0,27967.0,35414
35416,9192.0,27986.0,35415
35417,9192.0,29204.0,35416
35418,9192.0,29074.0,35417
35419,9192.0,28718.0,35418
35420,9192.0,28746.0,35419
35421,9192.0,28558.0,35420
35422,9192.0,28645.0,35421
35423,9192.0,28579.0,35422
35424,9192.0,28675.0,35423
35425,9192.0,30419.0,35424
35426,9192.0,30681.0,35425
35427,9192.0,30979.0,35426
35428,9192.0,30849.0,35427
35429,9192.0,31783.0,35428
35430,9192.0,31783.0,35429
35431,9192.0,31763.0,35430
35432,9192.0,30756.0,35431
35433,9192.0,31107.0,35432
35434,9192.0,30997.0,35433
35435,9192.0,30958.0,35434
35436,9192.0,31705.0,35435
35437,9192.0,31550.0,35436
35438,9192.0,31587.0,35437
35439,9192.0,31527.0,35438
35440,9192.0,31552.0,35439
35441,9192.0,31628.0,35440
35442,9192.0,31515.0,35441
35443,9192.0,31515.0,35442
35444,9192.0,31515.0,35443
35445,9192.0,31198.0,35444
35446,9192.0,30179.0,35445
35447,9192.0,30145.0,35446
35448,9192.0,29777.0,35447
35449,9192.0,29759.0,35448
35450,9192.0,29167.0,35449
35451,9192.0,29186.0,35450
35452,9192.0,29447.0,35451
35453,9192.0,29282.0,35452
35454,9192.0,29305.0,35453
35455,9192.0,27521.0,35454
35456,9192.0,27365.0,35455
35457,9192.0,27244.0,35456
35458,9192.0,27244.0,35457
35459,9192.0,27218.0,35458
35460,9192.0,27218.0,35459
35461,9192.0,27218.0,35460
35462,9192.0,25543.0,35461
35463,9192.0,24485.0,35462
35464,9192.0,24464.0,35463
35465,9192.0,25055.0,35464
35466,9192.0,25852.0,35465
35467,9192.0,25980.0,35466
35468,9192.0,27416.0,35467
35469,9192.0,27157.0,35468
35470,9192.0,27168.0,35469
35471,9192.0,27243.0,35470
35472,9192.0,27233.0,35471
35473,9192.0,27542.0,35472
35474,9192.0,27541.0,35473
35475,9192.0,27550.0,35474
35476,9192.0,27422.0,35475
35477,9192.0,27290.0,35476
35478,9192.0,27152.0,35477
35479,9192.0,27263.0,35478
35480,9192.0,27263.0,35479
35481,9192.0,27058.0,35480
35482,9192.0,27036.0,35481
35483,9192.0,27030.0,35482
35484,9192.0,28240.0,35483
35485,9192.0,28399.0,35484
35486,9192.0,28457.0,35485
35487,9192.0,29554.0,35486
35488,9192.0,29547.0,35487
35489,9192.0,30165.0,35488
35490,9192.0,31027.0,35489
35491,9192.0,30792.0,35490
35492,9192.0,31206.0,35491
35493,9192.0,31298.0,35492
35494,9192.0,31463.0,35493
35495,9192.0,32081.0,35494
35496,9192.0,32543.0,35495
35497,9192.0,32133.0,35496
35498,9192.0,32269.0,35497
35499,9192.0,31970.0,35498
35500,9192.0,32272.0,35499
35501,9192.0,31903.0,35500
35502,9192.0,31739.0,35501
35503,9192.0,32042.0,35502
35504,9192.0,31814.0,35503
35505,9192.0,31827.0,35504
35506,9192.0,32437.0,35505
35507,9192.0,32261.0,35506
35508,9192.0,32355.0,35507
35509,9192.0,32103.0,35508
35510,9192.0,32192.0,35509
35511,9192.0,32062.0,35510
35512,9192.0,32173.0,35511
35513,9192.0,32211.0,35512
35514,9192.0,31819.0,35513
35515,9192.0,31997.0,35514
35516,9192.0,31069.0,35515
35517,9192.0,31445.0,35516
35518,9192.0,31418.0,35517
35519,9192.0,31169.0,35518
35520,9192.0,31544.0,35519
35521,9192.0,31687.0,35520
35522,9192.0,31687.0,35521
35523,9192.0,31292.0,35522
35524,9192.0,30669.0,35523
35525,9192.0,30478.0,35524
35526,9192.0,30901.0,35525
35527,9192.0,30834.0,35526
35528,9192.0,29189.0,35527
35529,9192.0,29062.0,35528
35530,9192.0,29066.0,35529
35531,9192.0,29071.0,35530
35532,9192.0,29071.0,35531
35533,9192.0,28836.0,35532
35534,9192.0,28686.0,35533
35535,9192.0,29053.0,35534
35536,9192.0,28747.0,35535
35537,9192.0,30120.0,35536
35538,9192.0,29605.0,35537
35539,9192.0,29726.0,35538
35540,9192.0,29686.0,35539
35541,9192.0,30017.0,35540
35542,9192.0,28584.0,35541
35543,9192.0,28602.0,35542
35544,9192.0,28536.0,35543
35545,9192.0,28178.0,35544
35546,9192.0,29479.0,35545
35547,9192.0,29894.0,35546
35548,9192.0,29814.0,35547
35549,9192.0,30371.0,35548
35550,9192.0,30205.0,35549
35551,9192.0,29493.0,35550
35552,9192.0,29493.0,35551
35553,9192.0,29422.0,35552
35554,9192.0,29566.0,35553
35555,9192.0,29566.0,35554
35556,9192.0,29459.0,35555
35557,9192.0,29792.0,35556
35558,9192.0,29620.0,35557
35559,9192.0,30259.0,35558
35560,9192.0,30259.0,35559
35561,9192.0,30210.0,35560
35562,9192.0,30158.0,35561
35563,9192.0,29817.0,35562
35564,9192.0,29817.0,35563
35565,9192.0,29675.0,35564
35566,9192.0,29665.0,35565
35567,9192.0,30367.0,35566
35568,9192.0,29883.0,35567
35569,9192.0,29839.0,35568
35570,9192.0,29701.0,35569
35571,9192.0,29548.0,35570
35572,9192.0,29709.0,35571
35573,9192.0,29614.0,35572
35574,9192.0,29499.0,35573
35575,9192.0,29662.0,35574
35576,9192.0,29682.0,35575
35577,9192.0,29773.0,35576
35578,9192.0,29778.0,35577
35579,9192.0,29752.0,35578
35580,9192.0,29535.0,35579
35581,9192.0,29551.0,35580
35582,9192.0,29252.0,35581
35583,9192.0,28952.0,35582
35584,9192.0,29257.0,35583
35585,9192.0,29215.0,35584
35586,9192.0,29783.0,35585
35587,9192.0,30428.0,35586
35588,9192.0,29939.0,35587
35589,9192.0,29939.0,35588
35590,9192.0,29918.0,35589
35591,9192.0,29830.0,35590
35592,9192.0,29953.0,35591
35593,9192.0,30132.0,35592
35594,9192.0,29978.0,35593
35595,9192.0,29885.0,35594
35596,9192.0,29751.0,35595
35597,9192.0,29408.0,35596
35598,9192.0,29008.0,35597
35599,9192.0,29008.0,35598
35600,9192.0,28546.0,35599
35601,9192.0,28540.0,35600
35602,9192.0,28702.0,35601
35603,9192.0,28187.0,35602
35604,9192.0,28360.0,35603
35605,9192.0,29010.0,35604
35606,9192.0,29010.0,35605
35607,9192.0,28926.0,35606
35608,9192.0,28957.0,35607
35609,9192.0,29231.0,35608
35610,9192.0,26531.0,35609
35611,9192.0,27018.0,35610
35612,9192.0,27018.0,35611
35613,9192.0,27149.0,35612
35614,9192.0,26973.0,35613
35615,9192.0,27235.0,35614
35616,9192.0,27264.0,35615
35617,9192.0,27620.0,35616
35618,9192.0,27822.0,35617
35619,9192.0,28059.0,35618
35620,9192.0,28214.0,35619
35621,9192.0,27251.0,35620
35622,9192.0,27251.0,35621
35623,9192.0,27193.0,35622
35624,9192.0,27377.0,35623
35625,9192.0,27217.0,35624
35626,9192.0,27283.0,35625
35627,9192.0,27477.0,35626
35628,9192.0,28123.0,35627
35629,9192.0,27477.0,35628
35630,9192.0,28120.0,35629
35631,9192.0,29287.0,35630
35632,9192.0,29221.0,35631
35633,9192.0,28692.0,35632
35634,9192.0,28641.0,35633
35635,9192.0,28573.0,35634
35636,9192.0,28227.0,35635
35637,9192.0,28197.0,35636
35638,9192.0,28735.0,35637
35639,9192.0,28836.0,35638
35640,9192.0,28815.0,35639
35641,9192.0,28974.0,35640
35642,9192.0,29285.0,35641
35643,9192.0,28827.0,35642
35644,9192.0,28821.0,35643
35645,9192.0,28489.0,35644
35646,9192.0,28676.0,35645
35647,9192.0,28762.0,35646
35648,9192.0,28515.0,35647
35649,9192.0,28068.0,35648
35650,9192.0,27566.0,35649
35651,9192.0,27179.0,35650
35652,9192.0,27713.0,35651
35653,9192.0,27775.0,35652
35654,9192.0,27561.0,35653
35655,9192.0,27532.0,35654
35656,9192.0,28750.0,35655
35657,9192.0,28750.0,35656
35658,9192.0,27504.0,35657
35659,9192.0,26781.0,35658
35660,9192.0,26834.0,35659
35661,9192.0,26274.0,35660
35662,9192.0,26243.0,35661
35663,9192.0,26325.0,35662
35664,9192.0,27185.0,35663
35665,9192.0,28156.0,35664
35666,9192.0,28130.0,35665
35667,9192.0,28546.0,35666
35668,9192.0,28146.0,35667
35669,9192.0,28131.0,35668
35670,9192.0,28027.0,35669
35671,9192.0,27541.0,35670
35672,9192.0,28046.0,35671
35673,9192.0,27687.0,35672
35674,9192.0,27703.0,35673
35675,9192.0,27097.0,35674
35676,9192.0,28116.0,35675
35677,9192.0,28902.0,35676
35678,9192.0,28816.0,35677
35679,9192.0,29062.0,35678
35680,9192.0,29589.0,35679
35681,9192.0,29619.0,35680
35682,9192.0,29683.0,35681
35683,9192.0,29700.0,35682
35684,9192.0,29362.0,35683
35685,9192.0,29624.0,35684
35686,9192.0,29115.0,35685
35687,9192.0,29307.0,35686
35688,9192.0,29307.0,35687
35689,9192.0,29165.0,35688
35690,9192.0,29392.0,35689
35691,9192.0,28410.0,35690
35692,9192.0,28900.0,35691
35693,9192.0,28900.0,35692
35694,9192.0,29263.0,35693
35695,9192.0,29433.0,35694
35696,9192.0,29433.0,35695
35697,9192.0,29344.0,35696
35698,9192.0,28082.0,35697
35699,9192.0,28159.0,35698
35700,9192.0,28780.0,35699
35701,9192.0,28642.0,35700
35702,9192.0,28826.0,35701
35703,9192.0,28655.0,35702
35704,9192.0,28593.0,35703
35705,9192.0,28303.0,35704
35706,9192.0,28330.0,35705
35707,9192.0,28101.0,35706
35708,9192.0,28037.0,35707
35709,9192.0,28710.0,35708
35710,9192.0,29004.0,35709
35711,9192.0,29693.0,35710
35712,9192.0,29706.0,35711
35713,9192.0,29369.0,35712
35714,9192.0,29411.0,35713
35715,9192.0,28157.0,35714
35716,9192.0,28177.0,35715
35717,9192.0,28170.0,35716
35718,9192.0,28254.0,35717
35719,9192.0,28217.0,35718
35720,9192.0,27741.0,35719
35721,9192.0,27701.0,35720
35722,9192.0,27784.0,35721
35723,9192.0,27905.0,35722
35724,9192.0,27348.0,35723
35725,9192.0,27876.0,35724
35726,9192.0,28740.0,35725
35727,9192.0,28212.0,35726
35728,9192.0,27955.0,35727
35729,9192.0,28109.0,35728
35730,9192.0,28261.0,35729
35731,9192.0,28883.0,35730
35732,9192.0,29205.0,35731
35733,9192.0,29095.0,35732
35734,9192.0,29095.0,35733
35735,9192.0,28381.0,35734
35736,9192.0,28388.0,35735
35737,9192.0,28356.0,35736
35738,9192.0,28107.0,35737
35739,9192.0,28402.0,35738
35740,9192.0,28344.0,35739
35741,9192.0,28191.0,35740
35742,9192.0,28136.0,35741
35743,9192.0,28345.0,35742
35744,9192.0,28118.0,35743
35745,9192.0,28066.0,35744
35746,9192.0,28459.0,35745
35747,9192.0,28349.0,35746
35748,9192.0,28349.0,35747
35749,9192.0,28528.0,35748
35750,9192.0,28589.0,35749
35751,9192.0,28514.0,35750
35752,9192.0,28400.0,35751
35753,9192.0,27692.0,35752
35754,9192.0,27258.0,35753
35755,9192.0,27623.0,35754
35756,9192.0,27620.0,35755
35757,9192.0,26958.0,35756
35758,9192.0,27597.0,35757
35759,9192.0,28335.0,35758
35760,9192.0,27352.0,35759
35761,9192.0,27009.0,35760
35762,9192.0,26954.0,35761
35763,9192.0,26954.0,35762
35764,9192.0,25812.0,35763
35765,9192.0,25764.0,35764
35766,9192.0,25730.0,35765
35767,9192.0,25921.0,35766
35768,9192.0,25445.0,35767
35769,9192.0,25466.0,35768
35770,9192.0,25355.0,35769
35771,9192.0,25355.0,35770
35772,9192.0,25360.0,35771
35773,9192.0,25543.0,35772
35774,9192.0,25586.0,35773
35775,9192.0,25973.0,35774
35776,9192.0,25973.0,35775
35777,9192.0,25973.0,35776
35778,9192.0,25980.0,35777
35779,9192.0,26055.0,35778
35780,9192.0,26055.0,35779
35781,9192.0,26467.0,35780
35782,9192.0,26704.0,35781
35783,9192.0,26704.0,35782
35784,9192.0,27502.0,35783
35785,9192.0,27550.0,35784
35786,9192.0,27457.0,35785
35787,9192.0,27856.0,35786
35788,9192.0,29180.0,35787
35789,9192.0,29588.0,35788
35790,9192.0,29509.0,35789
35791,9192.0,29392.0,35790
35792,9192.0,29603.0,35791
35793,9192.0,29650.0,35792
35794,9192.0,29763.0,35793
35795,9192.0,29667.0,35794
35796,9192.0,29942.0,35795
35797,9192.0,29908.0,35796
35798,9192.0,29634.0,35797
35799,9192.0,29640.0,35798
35800,9192.0,29640.0,35799
35801,9192.0,29241.0,35800
35802,9192.0,29286.0,35801
35803,9192.0,29423.0,35802
35804,9192.0,29454.0,35803
35805,9192.0,29202.0,35804
35806,9192.0,29036.0,35805
35807,9192.0,29071.0,35806
35808,9192.0,28959.0,35807
35809,9192.0,29318.0,35808
35810,9192.0,29371.0,35809
35811,9192.0,29363.0,35810
35812,9192.0,29212.0,35811
35813,9192.0,29387.0,35812
35814,9192.0,29235.0,35813
35815,9192.0,28938.0,35814
35816,9192.0,28812.0,35815
35817,9192.0,28590.0,35816
35818,9192.0,29068.0,35817
35819,9192.0,28305.0,35818
35820,9192.0,28434.0,35819
35821,9192.0,28381.0,35820
35822,9192.0,28430.0,35821
35823,9192.0,28945.0,35822
35824,9192.0,29109.0,35823
35825,9192.0,29109.0,35824
35826,9192.0,28865.0,35825
35827,9192.0,28967.0,35826
35828,9192.0,28912.0,35827
35829,9192.0,28656.0,35828
35830,9192.0,28656.0,35829
35831,9192.0,28815.0,35830
35832,9192.0,29070.0,35831
35833,9192.0,30045.0,35832
35834,9192.0,30130.0,35833
35835,9192.0,30301.0,35834
35836,9192.0,30566.0,35835
35837,9192.0,30977.0,35836
35838,9192.0,31110.0,35837
35839,9192.0,31058.0,35838
35840,9192.0,31907.0,35839
35841,9192.0,31809.0,35840
35842,9192.0,31596.0,35841
35843,9192.0,32606.0,35842
35844,9192.0,32439.0,35843
35845,9192.0,32143.0,35844
35846,9192.0,31494.0,35845
35847,9192.0,31777.0,35846
35848,9192.0,31808.0,35847
35849,9192.0,31666.0,35848
35850,9192.0,31217.0,35849
35851,9192.0,31325.0,35850
35852,9192.0,31448.0,35851
35853,9192.0,30981.0,35852
35854,9192.0,30962.0,35853
35855,9192.0,30952.0,35854
35856,9192.0,30545.0,35855
35857,9192.0,30394.0,35856
35858,9192.0,30677.0,35857
35859,9192.0,30677.0,35858
35860,9192.0,30851.0,35859
35861,9192.0,30692.0,35860
35862,9192.0,31064.0,35861
35863,9192.0,30896.0,35862
35864,9192.0,30956.0,35863
35865,9192.0,30956.0,35864
35866,9192.0,30745.0,35865
35867,9192.0,31192.0,35866
35868,9192.0,30974.0,35867
35869,9192.0,31369.0,35868
35870,9192.0,31293.0,35869
35871,9192.0,31326.0,35870
35872,9192.0,31192.0,35871
35873,9192.0,31412.0,35872
35874,9192.0,31356.0,35873
35875,9192.0,31480.0,35874
35876,9192.0,31465.0,35875
35877,9192.0,31703.0,35876
35878,9192.0,31704.0,35877
35879,9192.0,31801.0,35878
35880,9192.0,31896.0,35879
35881,9192.0,32141.0,35880
35882,9192.0,32224.0,35881
35883,9192.0,32684.0,35882
35884,9192.0,32519.0,35883
35885,9192.0,32926.0,35884
35886,9192.0,31921.0,35885
35887,9192.0,31833.0,35886
35888,9192.0,31179.0,35887
35889,9192.0,31179.0,35888
35890,9192.0,30921.0,35889
35891,9192.0,30774.0,35890
35892,9192.0,30663.0,35891
35893,9192.0,30685.0,35892
35894,9192.0,30290.0,35893
35895,9192.0,29807.0,35894
35896,9192.0,30499.0,35895
35897,9192.0,30971.0,35896
35898,9192.0,30859.0,35897
35899,9192.0,29797.0,35898
35900,9192.0,28297.0,35899
35901,9192.0,28177.0,35900
35902,9192.0,28188.0,35901
35903,9192.0,28188.0,35902
35904,9192.0,29829.0,35903
35905,9192.0,30067.0,35904
35906,9192.0,30385.0,35905
35907,9192.0,29957.0,35906
35908,9192.0,30054.0,35907
35909,9192.0,29924.0,35908
35910,9192.0,29514.0,35909
35911,9192.0,29659.0,35910
35912,9192.0,29659.0,35911
35913,9192.0,29331.0,35912
35914,9192.0,29144.0,35913
35915,9192.0,29073.0,35914
35916,9192.0,29314.0,35915
35917,9192.0,29225.0,35916
35918,9192.0,28812.0,35917
35919,9192.0,28010.0,35918
35920,9192.0,28256.0,35919
35921,9192.0,28213.0,35920
35922,9192.0,28417.0,35921
35923,9192.0,28993.0,35922
35924,9192.0,29416.0,35923
35925,9192.0,29308.0,35924
35926,9192.0,28924.0,35925
35927,9192.0,28831.0,35926
35928,9192.0,28776.0,35927
35929,9192.0,28113.0,35928
35930,9192.0,28062.0,35929
35931,9192.0,28332.0,35930
35932,9192.0,28159.0,35931
35933,9192.0,28120.0,35932
35934,9192.0,29032.0,35933
35935,9192.0,28822.0,35934
35936,9192.0,29151.0,35935
35937,9192.0,29074.0,35936
35938,9192.0,29712.0,35937
35939,9192.0,30234.0,35938
35940,9192.0,30486.0,35939
35941,9192.0,30295.0,35940
35942,9192.0,30432.0,35941
35943,9192.0,30441.0,35942
35944,9192.0,30171.0,35943
35945,9192.0,30315.0,35944
35946,9192.0,30418.0,35945
35947,9192.0,29813.0,35946
35948,9192.0,29041.0,35947
35949,9192.0,29538.0,35948
35950,9192.0,29003.0,35949
35951,9192.0,29151.0,35950
35952,9192.0,28858.0,35951
35953,9192.0,29009.0,35952
35954,9192.0,28990.0,35953
35955,9192.0,29738.0,35954
35956,9192.0,29986.0,35955
35957,9192.0,30291.0,35956
35958,9192.0,30039.0,35957
35959,9192.0,30032.0,35958
35960,9192.0,30332.0,35959
35961,9192.0,30426.0,35960
35962,9192.0,30426.0,35961
35963,9192.0,29359.0,35962
35964,9192.0,30270.0,35963
35965,9192.0,30270.0,35964
35966,9192.0,30183.0,35965
35967,9192.0,30161.0,35966
35968,9192.0,29813.0,35967
35969,9192.0,29510.0,35968
35970,9192.0,29707.0,35969
35971,9192.0,30062.0,35970
35972,9192.0,30438.0,35971
35973,9192.0,31719.0,35972
35974,9192.0,31560.0,35973
35975,9192.0,29532.0,35974
35976,9192.0,29223.0,35975
35977,9192.0,29285.0,35976
35978,9192.0,29082.0,35977
35979,9192.0,28678.0,35978
35980,9192.0,28757.0,35979
35981,9192.0,29036.0,35980
35982,9192.0,29199.0,35981
35983,9192.0,29363.0,35982
35984,9192.0,29660.0,35983
35985,9192.0,29726.0,35984
35986,9192.0,28444.0,35985
35987,9192.0,28407.0,35986
35988,9192.0,28429.0,35987
35989,9192.0,28309.0,35988
35990,9192.0,28262.0,35989
35991,9192.0,28879.0,35990
35992,9192.0,29079.0,35991
35993,9192.0,29180.0,35992
35994,9192.0,29493.0,35993
35995,9192.0,29855.0,35994
35996,9192.0,30101.0,35995
35997,9192.0,29875.0,35996
35998,9192.0,30247.0,35997
35999,9192.0,30237.0,35998
36000,9192.0,30271.0,35999
36001,9192.0,29824.0,36000
36002,9192.0,30613.0,36001
36003,9192.0,30810.0,36002
36004,9192.0,30117.0,36003
36005,9192.0,30182.0,36004
36006,9192.0,30204.0,36005
36007,9192.0,31161.0,36006
36008,9192.0,30495.0,36007
36009,9192.0,30222.0,36008
36010,9192.0,29548.0,36009
36011,9192.0,29181.0,36010
36012,9192.0,29025.0,36011
36013,9192.0,29018.0,36012
36014,9192.0,28974.0,36013
36015,9192.0,29043.0,36014
36016,9192.0,28874.0,36015
36017,9192.0,28807.0,36016
36018,9192.0,29156.0,36017
36019,9192.0,29390.0,36018
36020,9192.0,30114.0,36019
36021,9192.0,30264.0,36020
36022,9192.0,28538.0,36021
36023,9192.0,28492.0,36022
36024,9192.0,29948.0,36023
36025,9192.0,29838.0,36024
36026,9192.0,30118.0,36025
36027,9192.0,29843.0,36026
36028,9192.0,29799.0,36027
36029,9192.0,29797.0,36028
36030,9192.0,29212.0,36029
36031,9192.0,28794.0,36030
36032,9192.0,28794.0,36031
36033,9192.0,29278.0,36032
36034,9192.0,29327.0,36033
36035,9192.0,29327.0,36034
36036,9192.0,29376.0,36035
36037,9192.0,29380.0,36036
36038,9192.0,28412.0,36037
36039,9192.0,28324.0,36038
36040,9192.0,28047.0,36039
36041,9192.0,28026.0,36040
36042,9192.0,28082.0,36041
36043,9192.0,28082.0,36042
36044,9192.0,27818.0,36043
36045,9192.0,27838.0,36044
36046,9192.0,28143.0,36045
36047,9192.0,28164.0,36046
36048,9192.0,27702.0,36047
36049,9192.0,27496.0,36048
36050,9192.0,27496.0,36049
36051,9192.0,27314.0,36050
36052,9192.0,27340.0,36051
36053,9192.0,28164.0,36052
36054,9192.0,28384.0,36053
36055,9192.0,28364.0,36054
36056,9192.0,29094.0,36055
36057,9192.0,29833.0,36056
36058,9192.0,29943.0,36057
36059,9192.0,30161.0,36058
36060,9192.0,29309.0,36059
36061,9192.0,29691.0,36060
36062,9192.0,29567.0,36061
36063,9192.0,29299.0,36062
36064,9192.0,29269.0,36063
36065,9192.0,28958.0,36064
36066,9192.0,28914.0,36065
36067,9192.0,29569.0,36066
36068,9192.0,30837.0,36067
36069,9192.0,31304.0,36068
36070,9192.0,31233.0,36069
36071,9192.0,30642.0,36070
36072,9192.0,30693.0,36071
36073,9192.0,30693.0,36072
36074,9192.0,30859.0,36073
36075,9192.0,31265.0,36074
36076,9192.0,31056.0,36075
36077,9192.0,31092.0,36076
36078,9192.0,30929.0,36077
36079,9192.0,30397.0,36078
36080,9192.0,30520.0,36079
36081,9192.0,30015.0,36080
36082,9192.0,30015.0,36081
36083,9192.0,29592.0,36082
36084,9192.0,29772.0,36083
36085,9192.0,28892.0,36084
36086,9192.0,28940.0,36085
36087,9192.0,28454.0,36086
36088,9192.0,28394.0,36087
36089,9192.0,28503.0,36088
36090,9192.0,28542.0,36089
36091,9192.0,28765.0,36090
36092,9192.0,28457.0,36091
36093,9192.0,28498.0,36092
36094,9192.0,28090.0,36093
36095,9192.0,27791.0,36094
36096,9192.0,28468.0,36095
36097,9192.0,29252.0,36096
36098,9192.0,29153.0,36097
36099,9192.0,29580.0,36098
36100,9192.0,29947.0,36099
36101,9192.0,29419.0,36100
36102,9192.0,29789.0,36101
36103,9192.0,29339.0,36102
36104,9192.0,29164.0,36103
36105,9192.0,29221.0,36104
36106,9192.0,28891.0,36105
36107,9192.0,28415.0,36106
36108,9192.0,28040.0,36107
36109,9192.0,28183.0,36108
36110,9192.0,28988.0,36109
36111,9192.0,29160.0,36110
36112,9192.0,28955.0,36111
36113,9192.0,28955.0,36112
36114,9192.0,28892.0,36113
36115,9192.0,29302.0,36114
36116,9192.0,28642.0,36115
36117,9192.0,28959.0,36116
36118,9192.0,29177.0,36117
36119,9192.0,28777.0,36118
36120,9192.0,28741.0,36119
36121,9192.0,28544.0,36120
36122,9192.0,28470.0,36121
36123,9192.0,28470.0,36122
36124,9192.0,28737.0,36123
36125,9192.0,28737.0,36124
36126,9192.0,28535.0,36125
36127,9192.0,28850.0,36126
36128,9192.0,28850.0,36127
36129,9192.0,28801.0,36128
36130,9192.0,28865.0,36129
36131,9192.0,29170.0,36130
36132,9192.0,29821.0,36131
36133,9192.0,29636.0,36132
36134,9192.0,29505.0,36133
36135,9192.0,29444.0,36134
36136,9192.0,28904.0,36135
36137,9192.0,29420.0,36136
36138,9192.0,29492.0,36137
36139,9192.0,28846.0,36138
36140,9192.0,27812.0,36139
36141,9192.0,27865.0,36140
36142,9192.0,29508.0,36141
36143,9192.0,29509.0,36142
36144,9192.0,29559.0,36143
36145,9192.0,29842.0,36144
36146,9192.0,29298.0,36145
36147,9192.0,28796.0,36146
36148,9192.0,28796.0,36147
36149,9192.0,29785.0,36148
36150,9192.0,29785.0,36149
36151,9192.0,28882.0,36150
36152,9192.0,28926.0,36151
36153,9192.0,28919.0,36152
36154,9192.0,29157.0,36153
36155,9192.0,29229.0,36154
36156,9192.0,29238.0,36155
36157,9192.0,28739.0,36156
36158,9192.0,28753.0,36157
36159,9192.0,30629.0,36158
36160,9192.0,30612.0,36159
36161,9192.0,30651.0,36160
36162,9192.0,30612.0,36161
36163,9192.0,31066.0,36162
36164,9192.0,31992.0,36163
36165,9192.0,31992.0,36164
36166,9192.0,31348.0,36165
36167,9192.0,30826.0,36166
36168,9192.0,30272.0,36167
36169,9192.0,30216.0,36168
36170,9192.0,30679.0,36169
36171,9192.0,31193.0,36170
36172,9192.0,31350.0,36171
36173,9192.0,32639.0,36172
36174,9192.0,32698.0,36173
36175,9192.0,32698.0,36174
36176,9192.0,31479.0,36175
36177,9192.0,31394.0,36176
36178,9192.0,30161.0,36177
36179,9192.0,30387.0,36178
36180,9192.0,30635.0,36179
36181,9192.0,30217.0,36180
36182,9192.0,30076.0,36181
36183,9192.0,29218.0,36182
36184,9192.0,29208.0,36183
36185,9192.0,28985.0,36184
36186,9192.0,29486.0,36185
36187,9192.0,30315.0,36186
36188,9192.0,30591.0,36187
36189,9192.0,30937.0,36188
36190,9192.0,31398.0,36189
36191,9192.0,32076.0,36190
36192,9192.0,31696.0,36191
36193,9192.0,31705.0,36192
36194,9192.0,31816.0,36193
36195,9192.0,31242.0,36194
36196,9192.0,29997.0,36195
36197,9192.0,29968.0,36196
36198,9192.0,29921.0,36197
36199,9192.0,30169.0,36198
36200,9192.0,30261.0,36199
36201,9192.0,30087.0,36200
36202,9192.0,30090.0,36201
36203,9192.0,29832.0,36202
36204,9192.0,31023.0,36203
36205,9192.0,31154.0,36204
36206,9192.0,31243.0,36205
36207,9192.0,31535.0,36206
36208,9192.0,31297.0,36207
36209,9192.0,31740.0,36208
36210,9192.0,31047.0,36209
36211,9192.0,31051.0,36210
36212,9192.0,31396.0,36211
36213,9192.0,31151.0,36212
36214,9192.0,31151.0,36213
36215,9192.0,31188.0,36214
36216,9192.0,31094.0,36215
36217,9192.0,30332.0,36216
36218,9192.0,29330.0,36217
36219,9192.0,29215.0,36218
36220,9192.0,29641.0,36219
36221,9192.0,29183.0,36220
36222,9192.0,29012.0,36221
36223,9192.0,29332.0,36222
36224,9192.0,29558.0,36223
36225,9192.0,29457.0,36224
36226,9192.0,29510.0,36225
36227,9192.0,29956.0,36226
36228,9192.0,30581.0,36227
36229,9192.0,30573.0,36228
36230,9192.0,30810.0,36229
36231,9192.0,30439.0,36230
36232,9192.0,30354.0,36231
36233,9192.0,30045.0,36232
36234,9192.0,29789.0,36233
36235,9192.0,29588.0,36234
36236,9192.0,29440.0,36235
36237,9192.0,28483.0,36236
36238,9192.0,29067.0,36237
36239,9192.0,28400.0,36238
36240,9192.0,28158.0,36239
36241,9192.0,27887.0,36240
36242,9192.0,27303.0,36241
36243,9192.0,27251.0,36242
36244,9192.0,27573.0,36243
36245,9192.0,27573.0,36244
36246,9192.0,27500.0,36245
36247,9192.0,27663.0,36246
36248,9192.0,27735.0,36247
36249,9192.0,27679.0,36248
36250,9192.0,27986.0,36249
36251,9192.0,27633.0,36250
36252,9192.0,27863.0,36251
36253,9192.0,28292.0,36252
36254,9192.0,27858.0,36253
36255,9192.0,27651.0,36254
36256,9192.0,27930.0,36255
36257,9192.0,28073.0,36256
36258,9192.0,28048.0,36257
36259,9192.0,28096.0,36258
36260,9192.0,28093.0,36259
36261,9192.0,28213.0,36260
36262,9192.0,28213.0,36261
36263,9192.0,28213.0,36262
36264,9192.0,28261.0,36263
36265,9192.0,28383.0,36264
36266,9192.0,28361.0,36265
36267,9192.0,28632.0,36266
36268,9192.0,28529.0,36267
36269,9192.0,26897.0,36268
36270,9192.0,26897.0,36269
36271,9192.0,27151.0,36270
36272,9192.0,28689.0,36271
36273,9192.0,28606.0,36272
36274,9192.0,28607.0,36273
36275,9192.0,28600.0,36274
36276,9192.0,28463.0,36275
36277,9192.0,28654.0,36276
36278,9192.0,28863.0,36277
36279,9192.0,28895.0,36278
36280,9192.0,28636.0,36279
36281,9192.0,28920.0,36280
36282,9192.0,29156.0,36281
36283,9192.0,28931.0,36282
36284,9192.0,28933.0,36283
36285,9192.0,29414.0,36284
36286,9192.0,29145.0,36285
36287,9192.0,30109.0,36286
36288,9192.0,29052.0,36287
36289,9192.0,28602.0,36288
36290,9192.0,27471.0,36289
36291,9192.0,27471.0,36290
36292,9192.0,27471.0,36291
36293,9192.0,28256.0,36292
36294,9192.0,29298.0,36293
36295,9192.0,29593.0,36294
36296,9192.0,30961.0,36295
36297,9192.0,30459.0,36296
36298,9192.0,30178.0,36297
36299,9192.0,30367.0,36298
36300,9192.0,29007.0,36299
36301,9192.0,28155.0,36300
36302,9192.0,28264.0,36301
36303,9192.0,28394.0,36302
36304,9192.0,28185.0,36303
36305,9192.0,26690.0,36304
36306,9192.0,26686.0,36305
36307,9192.0,27388.0,36306
36308,9192.0,26829.0,36307
36309,9192.0,26839.0,36308
36310,9192.0,27591.0,36309
36311,9192.0,28683.0,36310
36312,9192.0,28944.0,36311
36313,9192.0,29702.0,36312
36314,9192.0,29579.0,36313
36315,9192.0,29547.0,36314
36316,9192.0,29852.0,36315
36317,9192.0,29572.0,36316
36318,9192.0,29542.0,36317
36319,9192.0,29252.0,36318
36320,9192.0,29770.0,36319
36321,9192.0,29583.0,36320
36322,9192.0,29445.0,36321
36323,9192.0,29357.0,36322
36324,9192.0,29758.0,36323
36325,9192.0,29758.0,36324
36326,9192.0,27557.0,36325
36327,9192.0,27348.0,36326
36328,9192.0,27083.0,36327
36329,9192.0,27086.0,36328
36330,9192.0,27597.0,36329
36331,9192.0,27721.0,36330
36332,9192.0,27721.0,36331
36333,9192.0,27693.0,36332
36334,9192.0,29275.0,36333
36335,9192.0,30026.0,36334
36336,9192.0,29888.0,36335
36337,9192.0,29754.0,36336
36338,9192.0,29528.0,36337
36339,9192.0,28918.0,36338
36340,9192.0,29287.0,36339
36341,9192.0,29308.0,36340
36342,9192.0,29292.0,36341
36343,9192.0,28943.0,36342
36344,9192.0,28943.0,36343
36345,9192.0,29344.0,36344
36346,9192.0,28636.0,36345
36347,9192.0,28636.0,36346
36348,9192.0,28676.0,36347
36349,9192.0,28460.0,36348
36350,9192.0,28532.0,36349
36351,9192.0,29093.0,36350
36352,9192.0,28907.0,36351
36353,9192.0,29136.0,36352
36354,9192.0,29150.0,36353
36355,9192.0,29575.0,36354
36356,9192.0,29679.0,36355
36357,9192.0,29644.0,36356
36358,9192.0,29670.0,36357
36359,9192.0,29664.0,36358
36360,9192.0,29211.0,36359
36361,9192.0,29492.0,36360
36362,9192.0,29919.0,36361
36363,9192.0,29384.0,36362
36364,9192.0,27897.0,36363
36365,9192.0,29082.0,36364
36366,9192.0,28971.0,36365
36367,9192.0,29449.0,36366
36368,9192.0,29445.0,36367
36369,9192.0,29378.0,36368
36370,9192.0,29368.0,36369
36371,9192.0,29564.0,36370
36372,9192.0,29586.0,36371
36373,9192.0,30871.0,36372
36374,9192.0,30874.0,36373
36375,9192.0,30939.0,36374
36376,9192.0,30799.0,36375
36377,9192.0,31304.0,36376
36378,9192.0,31272.0,36377
36379,9192.0,31272.0,36378
36380,9192.0,31512.0,36379
36381,9192.0,32569.0,36380
36382,9192.0,31334.0,36381
36383,9192.0,31323.0,36382
36384,9192.0,31533.0,36383
36385,9192.0,31756.0,36384
36386,9192.0,31535.0,36385
36387,9192.0,31535.0,36386
36388,9192.0,31038.0,36387
36389,9192.0,31151.0,36388
36390,9192.0,30639.0,36389
36391,9192.0,31307.0,36390
36392,9192.0,31467.0,36391
36393,9192.0,30438.0,36392
36394,9192.0,30755.0,36393
36395,9192.0,30772.0,36394
36396,9192.0,29984.0,36395
36397,9192.0,29995.0,36396
36398,9192.0,30025.0,36397
36399,9192.0,30298.0,36398
36400,9192.0,30373.0,36399
36401,9192.0,30245.0,36400
36402,9192.0,29721.0,36401
36403,9192.0,29525.0,36402
36404,9192.0,29587.0,36403
36405,9192.0,29337.0,36404
36406,9192.0,29041.0,36405
36407,9192.0,28626.0,36406
36408,9192.0,28178.0,36407
36409,9192.0,28467.0,36408
36410,9192.0,28677.0,36409
36411,9192.0,28779.0,36410
36412,9192.0,28343.0,36411
36413,9192.0,28110.0,36412
36414,9192.0,28110.0,36413
36415,9192.0,28242.0,36414
36416,9192.0,27934.0,36415
36417,9192.0,27934.0,36416
36418,9192.0,28392.0,36417
36419,9192.0,29739.0,36418
36420,9192.0,29739.0,36419
36421,9192.0,29774.0,36420
36422,9192.0,29817.0,36421
36423,9192.0,29774.0,36422
36424,9192.0,29930.0,36423
36425,9192.0,29392.0,36424
36426,9192.0,28592.0,36425
36427,9192.0,27365.0,36426
36428,9192.0,27858.0,36427
36429,9192.0,28166.0,36428
36430,9192.0,27755.0,36429
36431,9192.0,27898.0,36430
36432,9192.0,28114.0,36431
36433,9192.0,27562.0,36432
36434,9192.0,27415.0,36433
36435,9192.0,27542.0,36434
36436,9192.0,27545.0,36435
36437,9192.0,27543.0,36436
36438,9192.0,27557.0,36437
36439,9192.0,27610.0,36438
36440,9192.0,27718.0,36439
36441,9192.0,27220.0,36440
36442,9192.0,27660.0,36441
36443,9192.0,27544.0,36442
36444,9192.0,27812.0,36443
36445,9192.0,28015.0,36444
36446,9192.0,27961.0,36445
36447,9192.0,27989.0,36446
36448,9192.0,27294.0,36447
36449,9192.0,27247.0,36448
36450,9192.0,28809.0,36449
36451,9192.0,28714.0,36450
36452,9192.0,28468.0,36451
36453,9192.0,28558.0,36452
36454,9192.0,28894.0,36453
36455,9192.0,28844.0,36454
36456,9192.0,29204.0,36455
36457,9192.0,29257.0,36456
36458,9192.0,29169.0,36457
36459,9192.0,29099.0,36458
36460,9192.0,29331.0,36459
36461,9192.0,29343.0,36460
36462,9192.0,29343.0,36461
36463,9192.0,29059.0,36462
36464,9192.0,28836.0,36463
36465,9192.0,28827.0,36464
36466,9192.0,29088.0,36465
36467,9192.0,29088.0,36466
36468,9192.0,29279.0,36467
36469,9192.0,29624.0,36468
36470,9192.0,30053.0,36469
36471,9192.0,30346.0,36470
36472,9192.0,30340.0,36471
36473,9192.0,30671.0,36472
36474,9192.0,30636.0,36473
36475,9192.0,30367.0,36474
36476,9192.0,30343.0,36475
36477,9192.0,31297.0,36476
36478,9192.0,31665.0,36477
36479,9192.0,31886.0,36478
36480,9192.0,31561.0,36479
36481,9192.0,31748.0,36480
36482,9192.0,32067.0,36481
36483,9192.0,32108.0,36482
36484,9192.0,30080.0,36483
36485,9192.0,31091.0,36484
36486,9192.0,31088.0,36485
36487,9192.0,30894.0,36486
36488,9192.0,30673.0,36487
36489,9192.0,30654.0,36488
36490,9192.0,30572.0,36489
36491,9192.0,30623.0,36490
36492,9192.0,30623.0,36491
36493,9192.0,30623.0,36492
36494,9192.0,29641.0,36493
36495,9192.0,28710.0,36494
36496,9192.0,28670.0,36495
36497,9192.0,28397.0,36496
36498,9192.0,28397.0,36497
36499,9192.0,28217.0,36498
36500,9192.0,28691.0,36499
36501,9192.0,28852.0,36500
36502,9192.0,28852.0,36501
36503,9192.0,29044.0,36502
36504,9192.0,28902.0,36503
36505,9192.0,28649.0,36504
36506,9192.0,29393.0,36505
36507,9192.0,29393.0,36506
36508,9192.0,29227.0,36507
36509,9192.0,29024.0,36508
36510,9192.0,28669.0,36509
36511,9192.0,28659.0,36510
36512,9192.0,28932.0,36511
36513,9192.0,29920.0,36512
36514,9192.0,29920.0,36513
36515,9192.0,29920.0,36514
36516,9192.0,29939.0,36515
36517,9192.0,29836.0,36516
36518,9192.0,29814.0,36517
36519,9192.0,31236.0,36518
36520,9192.0,31275.0,36519
36521,9192.0,31364.0,36520
36522,9192.0,31053.0,36521
36523,9192.0,30456.0,36522
36524,9192.0,30392.0,36523
36525,9192.0,30830.0,36524
36526,9192.0,31304.0,36525
36527,9192.0,31000.0,36526
36528,9192.0,30233.0,36527
36529,9192.0,30700.0,36528
36530,9192.0,30272.0,36529
36531,9192.0,30282.0,36530
36532,9192.0,29811.0,36531
36533,9192.0,29521.0,36532
36534,9192.0,29532.0,36533
36535,9192.0,29525.0,36534
36536,9192.0,29363.0,36535
36537,9192.0,29818.0,36536
36538,9192.0,29458.0,36537
36539,9192.0,29458.0,36538
36540,9192.0,29937.0,36539
36541,9192.0,29800.0,36540
36542,9192.0,30422.0,36541
36543,9192.0,30870.0,36542
36544,9192.0,31347.0,36543
36545,9192.0,31346.0,36544
36546,9192.0,31466.0,36545
36547,9192.0,31642.0,36546
36548,9192.0,31619.0,36547
36549,9192.0,30993.0,36548
36550,9192.0,30553.0,36549
36551,9192.0,30554.0,36550
36552,9192.0,29834.0,36551
36553,9192.0,29782.0,36552
36554,9192.0,30003.0,36553
36555,9192.0,29925.0,36554
36556,9192.0,29871.0,36555
36557,9192.0,29871.0,36556
36558,9192.0,29160.0,36557
36559,9192.0,29076.0,36558
36560,9192.0,29396.0,36559
36561,9192.0,29292.0,36560
36562,9192.0,28279.0,36561
36563,9192.0,29219.0,36562
36564,9192.0,29285.0,36563
36565,9192.0,29739.0,36564
36566,9192.0,29409.0,36565
36567,9192.0,29178.0,36566
36568,9192.0,29012.0,36567
36569,9192.0,29870.0,36568
36570,9192.0,29692.0,36569
36571,9192.0,29692.0,36570
36572,9192.0,29816.0,36571
36573,9192.0,29819.0,36572
36574,9192.0,29859.0,36573
36575,9192.0,30166.0,36574
36576,9192.0,31444.0,36575
36577,9192.0,31062.0,36576
36578,9192.0,31428.0,36577
36579,9192.0,31373.0,36578
36580,9192.0,31373.0,36579
36581,9192.0,31309.0,36580
36582,9192.0,31558.0,36581
36583,9192.0,31374.0,36582
36584,9192.0,31392.0,36583
36585,9192.0,31426.0,36584
36586,9192.0,29602.0,36585
36587,9192.0,29729.0,36586
36588,9192.0,30307.0,36587
36589,9192.0,30030.0,36588
36590,9192.0,30114.0,36589
36591,9192.0,30230.0,36590
36592,9192.0,29931.0,36591
36593,9192.0,30099.0,36592
36594,9192.0,29621.0,36593
36595,9192.0,29755.0,36594
36596,9192.0,29485.0,36595
36597,9192.0,28934.0,36596
36598,9192.0,29417.0,36597
36599,9192.0,29213.0,36598
36600,9192.0,28844.0,36599
36601,9192.0,28844.0,36600
36602,9192.0,29278.0,36601
36603,9192.0,29519.0,36602
36604,9192.0,29622.0,36603
36605,9192.0,30238.0,36604
36606,9192.0,30315.0,36605
36607,9192.0,30297.0,36606
36608,9192.0,30464.0,36607
36609,9192.0,30381.0,36608
36610,9192.0,30272.0,36609
36611,9192.0,29748.0,36610
36612,9192.0,29783.0,36611
36613,9192.0,29777.0,36612
36614,9192.0,29680.0,36613
36615,9192.0,30061.0,36614
36616,9192.0,28994.0,36615
36617,9192.0,29373.0,36616
36618,9192.0,28242.0,36617
36619,9192.0,28242.0,36618
36620,9192.0,28077.0,36619
36621,9192.0,27813.0,36620
36622,9192.0,28179.0,36621
36623,9192.0,27891.0,36622
36624,9192.0,28313.0,36623
36625,9192.0,27753.0,36624
36626,9192.0,27585.0,36625
36627,9192.0,27782.0,36626
36628,9192.0,28154.0,36627
36629,9192.0,28543.0,36628
36630,9192.0,28333.0,36629
36631,9192.0,29150.0,36630
36632,9192.0,28728.0,36631
36633,9192.0,28728.0,36632
36634,9192.0,28931.0,36633
36635,9192.0,29388.0,36634
36636,9192.0,29486.0,36635
36637,9192.0,29565.0,36636
36638,9192.0,29417.0,36637
36639,9192.0,29037.0,36638
36640,9192.0,29196.0,36639
36641,9192.0,29196.0,36640
36642,9192.0,29219.0,36641
36643,9192.0,29007.0,36642
36644,9192.0,29610.0,36643
36645,9192.0,28497.0,36644
36646,9192.0,28176.0,36645
36647,9192.0,28065.0,36646
36648,9192.0,28551.0,36647
36649,9192.0,28662.0,36648
36650,9192.0,28303.0,36649
36651,9192.0,28306.0,36650
36652,9192.0,27907.0,36651
36653,9192.0,26923.0,36652
36654,9192.0,26721.0,36653
36655,9192.0,26080.0,36654
36656,9192.0,25777.0,36655
36657,9192.0,25997.0,36656
36658,9192.0,25855.0,36657
36659,9192.0,24344.0,36658
36660,9192.0,24372.0,36659
36661,9192.0,25072.0,36660
36662,9192.0,23992.0,36661
36663,9192.0,23712.0,36662
36664,9192.0,23783.0,36663
36665,9192.0,24792.0,36664
36666,9192.0,25072.0,36665
36667,9192.0,25031.0,36666
36668,9192.0,25434.0,36667
36669,9192.0,25445.0,36668
36670,9192.0,26065.0,36669
36671,9192.0,26291.0,36670
36672,9192.0,26746.0,36671
36673,9192.0,26292.0,36672
36674,9192.0,25961.0,36673
36675,9192.0,26386.0,36674
36676,9192.0,25877.0,36675
36677,9192.0,25899.0,36676
36678,9192.0,25817.0,36677
36679,9192.0,25900.0,36678
36680,9192.0,25804.0,36679
36681,9192.0,26430.0,36680
36682,9192.0,26376.0,36681
36683,9192.0,26376.0,36682
36684,9192.0,27298.0,36683
36685,9192.0,27353.0,36684
36686,9192.0,28579.0,36685
36687,9192.0,28579.0,36686
36688,9192.0,28286.0,36687
36689,9192.0,28084.0,36688
36690,9192.0,28138.0,36689
36691,9192.0,28519.0,36690
36692,9192.0,28538.0,36691
36693,9192.0,28538.0,36692
36694,9192.0,27907.0,36693
36695,9192.0,28710.0,36694
36696,9192.0,28980.0,36695
36697,9192.0,28346.0,36696
36698,9192.0,28201.0,36697
36699,9192.0,28461.0,36698
36700,9192.0,28309.0,36699
36701,9192.0,28291.0,36700
36702,9192.0,28225.0,36701
36703,9192.0,28270.0,36702
36704,9192.0,28889.0,36703
36705,9192.0,28889.0,36704
36706,9192.0,29106.0,36705
36707,9192.0,28873.0,36706
36708,9192.0,29720.0,36707
36709,9192.0,29648.0,36708
36710,9192.0,29648.0,36709
36711,9192.0,29637.0,36710
36712,9192.0,29416.0,36711
36713,9192.0,29447.0,36712
36714,9192.0,29442.0,36713
36715,9192.0,29684.0,36714
36716,9192.0,29725.0,36715
36717,9192.0,30018.0,36716
36718,9192.0,29490.0,36717
36719,9192.0,29013.0,36718
36720,9192.0,28188.0,36719
36721,9192.0,27561.0,36720
36722,9192.0,28227.0,36721
36723,9192.0,28322.0,36722
36724,9192.0,27960.0,36723
36725,9192.0,27923.0,36724
36726,9192.0,27922.0,36725
36727,9192.0,28044.0,36726
36728,9192.0,28325.0,36727
36729,9192.0,27577.0,36728
36730,9192.0,28509.0,36729
36731,9192.0,28569.0,36730
36732,9192.0,28656.0,36731
36733,9192.0,28664.0,36732
36734,9192.0,28927.0,36733
36735,9192.0,28892.0,36734
36736,9192.0,28884.0,36735
36737,9192.0,28853.0,36736
36738,9192.0,29579.0,36737
36739,9192.0,30251.0,36738
36740,9192.0,30251.0,36739
36741,9192.0,30559.0,36740
36742,9192.0,31260.0,36741
36743,9192.0,31404.0,36742
36744,9192.0,30990.0,36743
36745,9192.0,30808.0,36744
36746,9192.0,30808.0,36745
36747,9192.0,31702.0,36746
36748,9192.0,31702.0,36747
36749,9192.0,32101.0,36748
36750,9192.0,32195.0,36749
36751,9192.0,32198.0,36750
36752,9192.0,32000.0,36751
36753,9192.0,32570.0,36752
36754,9192.0,32541.0,36753
36755,9192.0,32679.0,36754
36756,9192.0,31661.0,36755
36757,9192.0,31701.0,36756
36758,9192.0,31701.0,36757
36759,9192.0,32022.0,36758
36760,9192.0,32517.0,36759
36761,9192.0,31511.0,36760
36762,9192.0,31450.0,36761
36763,9192.0,31702.0,36762
36764,9192.0,31599.0,36763
36765,9192.0,31820.0,36764
36766,9192.0,32061.0,36765
36767,9192.0,32094.0,36766
36768,9192.0,32461.0,36767
36769,9192.0,32461.0,36768
36770,9192.0,32656.0,36769
36771,9192.0,31743.0,36770
36772,9192.0,31722.0,36771
36773,9192.0,31724.0,36772
36774,9192.0,31684.0,36773
36775,9192.0,31782.0,36774
36776,9192.0,31775.0,36775
36777,9192.0,31178.0,36776
36778,9192.0,31178.0,36777
36779,9192.0,31218.0,36778
36780,9192.0,31364.0,36779
36781,9192.0,31223.0,36780
36782,9192.0,31348.0,36781
36783,9192.0,31320.0,36782
36784,9192.0,31111.0,36783
36785,9192.0,30640.0,36784
36786,9192.0,30498.0,36785
36787,9192.0,29779.0,36786
36788,9192.0,29651.0,36787
36789,9192.0,29972.0,36788
36790,9192.0,30236.0,36789
36791,9192.0,29599.0,36790
36792,9192.0,29623.0,36791
36793,9192.0,29618.0,36792
36794,9192.0,28854.0,36793
36795,9192.0,28888.0,36794
36796,9192.0,28102.0,36795
36797,9192.0,28742.0,36796
36798,9192.0,28784.0,36797
36799,9192.0,29862.0,36798
36800,9192.0,30372.0,36799
36801,9192.0,29805.0,36800
36802,9192.0,29951.0,36801
36803,9192.0,30349.0,36802
36804,9192.0,30501.0,36803
36805,9192.0,30476.0,36804
36806,9192.0,29788.0,36805
36807,9192.0,29787.0,36806
36808,9192.0,31452.0,36807
36809,9192.0,32049.0,36808
36810,9192.0,31042.0,36809
36811,9192.0,31042.0,36810
36812,9192.0,31037.0,36811
36813,9192.0,31037.0,36812
36814,9192.0,30352.0,36813
36815,9192.0,30380.0,36814
36816,9192.0,30663.0,36815
36817,9192.0,30044.0,36816
36818,9192.0,29543.0,36817
36819,9192.0,29784.0,36818
36820,9192.0,29556.0,36819
36821,9192.0,29514.0,36820
36822,9192.0,29660.0,36821
36823,9192.0,29660.0,36822
36824,9192.0,29631.0,36823
36825,9192.0,29631.0,36824
36826,9192.0,30202.0,36825
36827,9192.0,29911.0,36826
36828,9192.0,30171.0,36827
36829,9192.0,30173.0,36828
36830,9192.0,30310.0,36829
36831,9192.0,30132.0,36830
36832,9192.0,29984.0,36831
36833,9192.0,30238.0,36832
36834,9192.0,29480.0,36833
36835,9192.0,29489.0,36834
36836,9192.0,29967.0,36835
36837,9192.0,29616.0,36836
36838,9192.0,29496.0,36837
36839,9192.0,29434.0,36838
36840,9192.0,29434.0,36839
36841,9192.0,29645.0,36840
36842,9192.0,28609.0,36841
36843,9192.0,28356.0,36842
36844,9192.0,28577.0,36843
36845,9192.0,28632.0,36844
36846,9192.0,28187.0,36845
36847,9192.0,28180.0,36846
36848,9192.0,26513.0,36847
36849,9192.0,26478.0,36848
36850,9192.0,26369.0,36849
36851,9192.0,26126.0,36850
36852,9192.0,27047.0,36851
36853,9192.0,27047.0,36852
36854,9192.0,27241.0,36853
36855,9192.0,28660.0,36854
36856,9192.0,28866.0,36855
36857,9192.0,28528.0,36856
36858,9192.0,27479.0,36857
36859,9192.0,27253.0,36858
36860,9192.0,27002.0,36859
36861,9192.0,27504.0,36860
36862,9192.0,27093.0,36861
36863,9192.0,27215.0,36862
36864,9192.0,27078.0,36863
36865,9192.0,27118.0,36864
36866,9192.0,27286.0,36865
36867,9192.0,27431.0,36866
36868,9192.0,27428.0,36867
36869,9192.0,27848.0,36868
36870,9192.0,27848.0,36869
36871,9192.0,28116.0,36870
36872,9192.0,28133.0,36871
36873,9192.0,28226.0,36872
36874,9192.0,28384.0,36873
36875,9192.0,28281.0,36874
36876,9192.0,28379.0,36875
36877,9192.0,28151.0,36876
36878,9192.0,29869.0,36877
36879,9192.0,29781.0,36878
36880,9192.0,29656.0,36879
36881,9192.0,29512.0,36880
36882,9192.0,28963.0,36881
36883,9192.0,29223.0,36882
36884,9192.0,29283.0,36883
36885,9192.0,29508.0,36884
36886,9192.0,29477.0,36885
36887,9192.0,29477.0,36886
36888,9192.0,30284.0,36887
36889,9192.0,30497.0,36888
36890,9192.0,30000.0,36889
36891,9192.0,29828.0,36890
36892,9192.0,29493.0,36891
36893,9192.0,28573.0,36892
36894,9192.0,27664.0,36893
36895,9192.0,27512.0,36894
36896,9192.0,27416.0,36895
36897,9192.0,27416.0,36896
36898,9192.0,27705.0,36897
36899,9192.0,27928.0,36898
36900,9192.0,28150.0,36899
36901,9192.0,30859.0,36900
36902,9192.0,30275.0,36901
36903,9192.0,30351.0,36902
36904,9192.0,30041.0,36903
36905,9192.0,30041.0,36904
36906,9192.0,29896.0,36905
36907,9192.0,29719.0,36906
36908,9192.0,30177.0,36907
36909,9192.0,30142.0,36908
36910,9192.0,30506.0,36909
36911,9192.0,30774.0,36910
36912,9192.0,30364.0,36911
36913,9192.0,30526.0,36912
36914,9192.0,30246.0,36913
36915,9192.0,30087.0,36914
36916,9192.0,29984.0,36915
36917,9192.0,30223.0,36916
36918,9192.0,30244.0,36917
36919,9192.0,30376.0,36918
36920,9192.0,30299.0,36919
36921,9192.0,30807.0,36920
36922,9192.0,30783.0,36921
36923,9192.0,30572.0,36922
36924,9192.0,30285.0,36923
36925,9192.0,30641.0,36924
36926,9192.0,30233.0,36925
36927,9192.0,30650.0,36926
36928,9192.0,30701.0,36927
36929,9192.0,30576.0,36928
36930,9192.0,30832.0,36929
36931,9192.0,31216.0,36930
36932,9192.0,30837.0,36931
36933,9192.0,30288.0,36932
36934,9192.0,30454.0,36933
36935,9192.0,30462.0,36934
36936,9192.0,30462.0,36935
36937,9192.0,30725.0,36936
36938,9192.0,30843.0,36937
36939,9192.0,30634.0,36938
36940,9192.0,30710.0,36939
36941,9192.0,31116.0,36940
36942,9192.0,30938.0,36941
36943,9192.0,30415.0,36942
36944,9192.0,30372.0,36943
36945,9192.0,29874.0,36944
36946,9192.0,28656.0,36945
36947,9192.0,28667.0,36946
36948,9192.0,28710.0,36947
36949,9192.0,28532.0,36948
36950,9192.0,28455.0,36949
36951,9192.0,28717.0,36950
36952,9192.0,28787.0,36951
36953,9192.0,29030.0,36952
36954,9192.0,29092.0,36953
36955,9192.0,28825.0,36954
36956,9192.0,28507.0,36955
36957,9192.0,28210.0,36956
36958,9192.0,27354.0,36957
36959,9192.0,27354.0,36958
36960,9192.0,27401.0,36959
36961,9192.0,27173.0,36960
36962,9192.0,26707.0,36961
36963,9192.0,26224.0,36962
36964,9192.0,26224.0,36963
36965,9192.0,26404.0,36964
36966,9192.0,26002.0,36965
36967,9192.0,26002.0,36966
36968,9192.0,25990.0,36967
36969,9192.0,25990.0,36968
36970,9192.0,25990.0,36969
36971,9192.0,26653.0,36970
36972,9192.0,27402.0,36971
36973,9192.0,28660.0,36972
36974,9192.0,28681.0,36973
36975,9192.0,28646.0,36974
36976,9192.0,28324.0,36975
36977,9192.0,28394.0,36976
36978,9192.0,29588.0,36977
36979,9192.0,29813.0,36978
36980,9192.0,30087.0,36979
36981,9192.0,30066.0,36980
36982,9192.0,30217.0,36981
36983,9192.0,31017.0,36982
36984,9192.0,31203.0,36983
36985,9192.0,30867.0,36984
36986,9192.0,30841.0,36985
36987,9192.0,31532.0,36986
36988,9192.0,31734.0,36987
36989,9192.0,31731.0,36988
36990,9192.0,31317.0,36989
36991,9192.0,31012.0,36990
36992,9192.0,30846.0,36991
36993,9192.0,30976.0,36992
36994,9192.0,30824.0,36993
36995,9192.0,30798.0,36994
36996,9192.0,30347.0,36995
36997,9192.0,30794.0,36996
36998,9192.0,30703.0,36997
36999,9192.0,30920.0,36998
37000,9192.0,31225.0,36999
37001,9192.0,31088.0,37000
37002,9192.0,31076.0,37001
37003,9192.0,31582.0,37002
37004,9192.0,31582.0,37003
37005,9192.0,32388.0,37004
37006,9192.0,32388.0,37005
37007,9192.0,32657.0,37006
37008,9192.0,32555.0,37007
37009,9192.0,32552.0,37008
37010,9192.0,31868.0,37009
37011,9192.0,31445.0,37010
37012,9192.0,31895.0,37011
37013,9192.0,31899.0,37012
37014,9192.0,31658.0,37013
37015,9192.0,31554.0,37014
37016,9192.0,30733.0,37015
37017,9192.0,30283.0,37016
37018,9192.0,30427.0,37017
37019,9192.0,30497.0,37018
37020,9192.0,30204.0,37019
37021,9192.0,29846.0,37020
37022,9192.0,30011.0,37021
37023,9192.0,29448.0,37022
37024,9192.0,29461.0,37023
37025,9192.0,29514.0,37024
37026,9192.0,29647.0,37025
37027,9192.0,29703.0,37026
37028,9192.0,29697.0,37027
37029,9192.0,29693.0,37028
37030,9192.0,30163.0,37029
37031,9192.0,30278.0,37030
37032,9192.0,30479.0,37031
37033,9192.0,31039.0,37032
37034,9192.0,29853.0,37033
37035,9192.0,30046.0,37034
37036,9192.0,29954.0,37035
37037,9192.0,29657.0,37036
37038,9192.0,29657.0,37037
37039,9192.0,29657.0,37038
37040,9192.0,29497.0,37039
37041,9192.0,29495.0,37040
37042,9192.0,29346.0,37041
37043,9192.0,29347.0,37042
37044,9192.0,29420.0,37043
37045,9192.0,28290.0,37044
37046,9192.0,28226.0,37045
37047,9192.0,28226.0,37046
37048,9192.0,28325.0,37047
37049,9192.0,28781.0,37048
37050,9192.0,28811.0,37049
37051,9192.0,29018.0,37050
37052,9192.0,28977.0,37051
37053,9192.0,28931.0,37052
37054,9192.0,29278.0,37053
37055,9192.0,28908.0,37054
37056,9192.0,28611.0,37055
37057,9192.0,28469.0,37056
37058,9192.0,28701.0,37057
37059,9192.0,28510.0,37058
37060,9192.0,28502.0,37059
37061,9192.0,29159.0,37060
37062,9192.0,29270.0,37061
37063,9192.0,30072.0,37062
37064,9192.0,30985.0,37063
37065,9192.0,29886.0,37064
37066,9192.0,30585.0,37065
37067,9192.0,30366.0,37066
37068,9192.0,31245.0,37067
37069,9192.0,30545.0,37068
37070,9192.0,30545.0,37069
37071,9192.0,31072.0,37070
37072,9192.0,31611.0,37071
37073,9192.0,31455.0,37072
37074,9192.0,31438.0,37073
37075,9192.0,32099.0,37074
37076,9192.0,31084.0,37075
37077,9192.0,30856.0,37076
37078,9192.0,30125.0,37077
37079,9192.0,30194.0,37078
37080,9192.0,30163.0,37079
37081,9192.0,29440.0,37080
37082,9192.0,29239.0,37081
37083,9192.0,29166.0,37082
37084,9192.0,29180.0,37083
37085,9192.0,27987.0,37084
37086,9192.0,27282.0,37085
37087,9192.0,27253.0,37086
37088,9192.0,27324.0,37087
37089,9192.0,27591.0,37088
37090,9192.0,27469.0,37089
37091,9192.0,27432.0,37090
37092,9192.0,27244.0,37091
37093,9192.0,27224.0,37092
37094,9192.0,27211.0,37093
37095,9192.0,26641.0,37094
37096,9192.0,26635.0,37095
37097,9192.0,26635.0,37096
37098,9192.0,26635.0,37097
37099,9192.0,26835.0,37098
37100,9192.0,26622.0,37099
37101,9192.0,26388.0,37100
37102,9192.0,26924.0,37101
37103,9192.0,26684.0,37102
37104,9192.0,27091.0,37103
37105,9192.0,27108.0,37104
37106,9192.0,26743.0,37105
37107,9192.0,25993.0,37106
37108,9192.0,26275.0,37107
37109,9192.0,27090.0,37108
37110,9192.0,25189.0,37109
37111,9192.0,25021.0,37110
37112,9192.0,25022.0,37111
37113,9192.0,25060.0,37112
37114,9192.0,25053.0,37113
37115,9192.0,24819.0,37114
37116,9192.0,25004.0,37115
37117,9192.0,25286.0,37116
37118,9192.0,26553.0,37117
37119,9192.0,26487.0,37118
37120,9192.0,26858.0,37119
37121,9192.0,26858.0,37120
37122,9192.0,26842.0,37121
37123,9192.0,27160.0,37122
37124,9192.0,27159.0,37123
37125,9192.0,27159.0,37124
37126,9192.0,26451.0,37125
37127,9192.0,26444.0,37126
37128,9192.0,26687.0,37127
37129,9192.0,26158.0,37128
37130,9192.0,27209.0,37129
37131,9192.0,27068.0,37130
37132,9192.0,26884.0,37131
37133,9192.0,26861.0,37132
37134,9192.0,26962.0,37133
37135,9192.0,26551.0,37134
37136,9192.0,25782.0,37135
37137,9192.0,26450.0,37136
37138,9192.0,26342.0,37137
37139,9192.0,26596.0,37138
37140,9192.0,26459.0,37139
37141,9192.0,26459.0,37140
37142,9192.0,26459.0,37141
37143,9192.0,25454.0,37142
37144,9192.0,25454.0,37143
37145,9192.0,25435.0,37144
37146,9192.0,25435.0,37145
37147,9192.0,25264.0,37146
37148,9192.0,26876.0,37147
37149,9192.0,27142.0,37148
37150,9192.0,27310.0,37149
37151,9192.0,27567.0,37150
37152,9192.0,27628.0,37151
37153,9192.0,28157.0,37152
37154,9192.0,28184.0,37153
37155,9192.0,27910.0,37154
37156,9192.0,27756.0,37155
37157,9192.0,27921.0,37156
37158,9192.0,27664.0,37157
37159,9192.0,27867.0,37158
37160,9192.0,27978.0,37159
37161,9192.0,27966.0,37160
37162,9192.0,26950.0,37161
37163,9192.0,26950.0,37162
37164,9192.0,27571.0,37163
37165,9192.0,27742.0,37164
37166,9192.0,27388.0,37165
37167,9192.0,27627.0,37166
37168,9192.0,27627.0,37167
37169,9192.0,27305.0,37168
37170,9192.0,27305.0,37169
37171,9192.0,27701.0,37170
37172,9192.0,27701.0,37171
37173,9192.0,27640.0,37172
37174,9192.0,28293.0,37173
37175,9192.0,29571.0,37174
37176,9192.0,29650.0,37175
37177,9192.0,30076.0,37176
37178,9192.0,30899.0,37177
37179,9192.0,31094.0,37178
37180,9192.0,30967.0,37179
37181,9192.0,30600.0,37180
37182,9192.0,30600.0,37181
37183,9192.0,30473.0,37182
37184,9192.0,30088.0,37183
37185,9192.0,30188.0,37184
37186,9192.0,30075.0,37185
37187,9192.0,30202.0,37186
37188,9192.0,30355.0,37187
37189,9192.0,30463.0,37188
37190,9192.0,30018.0,37189
37191,9192.0,30168.0,37190
37192,9192.0,30168.0,37191
37193,9192.0,29700.0,37192
37194,9192.0,30540.0,37193
37195,9192.0,30540.0,37194
37196,9192.0,30766.0,37195
37197,9192.0,30962.0,37196
37198,9192.0,30910.0,37197
37199,9192.0,30774.0,37198
37200,9192.0,30790.0,37199
37201,9192.0,30987.0,37200
37202,9192.0,30958.0,37201
37203,9192.0,30949.0,37202
37204,9192.0,30599.0,37203
37205,9192.0,30450.0,37204
37206,9192.0,30626.0,37205
37207,9192.0,30615.0,37206
37208,9192.0,31119.0,37207
37209,9192.0,31119.0,37208
37210,9192.0,30799.0,37209
37211,9192.0,30542.0,37210
37212,9192.0,30685.0,37211
37213,9192.0,30242.0,37212
37214,9192.0,30237.0,37213
37215,9192.0,30266.0,37214
37216,9192.0,30157.0,37215
37217,9192.0,30556.0,37216
37218,9192.0,30700.0,37217
37219,9192.0,30325.0,37218
37220,9192.0,29872.0,37219
37221,9192.0,29901.0,37220
37222,9192.0,29978.0,37221
37223,9192.0,28458.0,37222
37224,9192.0,29176.0,37223
37225,9192.0,28385.0,37224
37226,9192.0,28390.0,37225
37227,9192.0,28168.0,37226
37228,9192.0,28256.0,37227
37229,9192.0,28537.0,37228
37230,9192.0,28537.0,37229
37231,9192.0,29280.0,37230
37232,9192.0,29324.0,37231
37233,9192.0,29268.0,37232
37234,9192.0,29544.0,37233
37235,9192.0,28960.0,37234
37236,9192.0,28659.0,37235
37237,9192.0,29507.0,37236
37238,9192.0,29637.0,37237
37239,9192.0,30487.0,37238
37240,9192.0,29961.0,37239
37241,9192.0,29981.0,37240
37242,9192.0,29966.0,37241
37243,9192.0,29890.0,37242
37244,9192.0,29887.0,37243
37245,9192.0,29822.0,37244
37246,9192.0,29319.0,37245
37247,9192.0,29175.0,37246
37248,9192.0,29316.0,37247
37249,9192.0,28926.0,37248
37250,9192.0,28517.0,37249
37251,9192.0,28136.0,37250
37252,9192.0,28145.0,37251
37253,9192.0,28918.0,37252
37254,9192.0,28910.0,37253
37255,9192.0,29321.0,37254
37256,9192.0,29967.0,37255
37257,9192.0,30573.0,37256
37258,9192.0,30319.0,37257
37259,9192.0,30352.0,37258
37260,9192.0,29820.0,37259
37261,9192.0,30387.0,37260
37262,9192.0,30448.0,37261
37263,9192.0,30478.0,37262
37264,9192.0,28635.0,37263
37265,9192.0,28635.0,37264
37266,9192.0,28643.0,37265
37267,9192.0,28636.0,37266
37268,9192.0,28662.0,37267
37269,9192.0,28713.0,37268
37270,9192.0,27832.0,37269
37271,9192.0,27691.0,37270
37272,9192.0,27996.0,37271
37273,9192.0,28006.0,37272
37274,9192.0,27722.0,37273
37275,9192.0,27483.0,37274
37276,9192.0,27468.0,37275
37277,9192.0,27497.0,37276
37278,9192.0,27189.0,37277
37279,9192.0,27212.0,37278
37280,9192.0,28495.0,37279
37281,9192.0,28628.0,37280
37282,9192.0,28566.0,37281
37283,9192.0,28702.0,37282
37284,9192.0,28777.0,37283
37285,9192.0,28329.0,37284
37286,9192.0,28360.0,37285
37287,9192.0,28605.0,37286
37288,9192.0,28479.0,37287
37289,9192.0,28960.0,37288
37290,9192.0,29137.0,37289
37291,9192.0,29138.0,37290
37292,9192.0,28790.0,37291
37293,9192.0,28790.0,37292
37294,9192.0,28472.0,37293
37295,9192.0,29601.0,37294
37296,9192.0,29892.0,37295
37297,9192.0,30058.0,37296
37298,9192.0,29607.0,37297
37299,9192.0,30130.0,37298
37300,9192.0,30743.0,37299
37301,9192.0,31027.0,37300
37302,9192.0,31285.0,37301
37303,9192.0,30789.0,37302
37304,9192.0,30588.0,37303
37305,9192.0,30661.0,37304
37306,9192.0,30713.0,37305
37307,9192.0,31547.0,37306
37308,9192.0,31574.0,37307
37309,9192.0,31721.0,37308
37310,9192.0,31977.0,37309
37311,9192.0,32213.0,37310
37312,9192.0,32388.0,37311
37313,9192.0,32385.0,37312
37314,9192.0,31900.0,37313
37315,9192.0,31347.0,37314
37316,9192.0,31397.0,37315
37317,9192.0,31156.0,37316
37318,9192.0,30234.0,37317
37319,9192.0,30268.0,37318
37320,9192.0,30352.0,37319
37321,9192.0,30531.0,37320
37322,9192.0,30514.0,37321
37323,9192.0,30690.0,37322
37324,9192.0,30482.0,37323
37325,9192.0,30311.0,37324
37326,9192.0,30103.0,37325
37327,9192.0,29973.0,37326
37328,9192.0,29679.0,37327
37329,9192.0,29621.0,37328
37330,9192.0,29771.0,37329
37331,9192.0,29638.0,37330
37332,9192.0,29317.0,37331
37333,9192.0,29436.0,37332
37334,9192.0,29428.0,37333
37335,9192.0,29511.0,37334
37336,9192.0,30120.0,37335
37337,9192.0,30226.0,37336
37338,9192.0,30597.0,37337
37339,9192.0,31173.0,37338
37340,9192.0,31379.0,37339
37341,9192.0,31222.0,37340
37342,9192.0,31167.0,37341
37343,9192.0,31174.0,37342
37344,9192.0,30978.0,37343
37345,9192.0,31099.0,37344
37346,9192.0,30324.0,37345
37347,9192.0,31099.0,37346
37348,9192.0,30870.0,37347
37349,9192.0,30377.0,37348
37350,9192.0,29973.0,37349
37351,9192.0,29982.0,37350
37352,9192.0,30174.0,37351
37353,9192.0,30582.0,37352
37354,9192.0,30645.0,37353
37355,9192.0,30601.0,37354
37356,9192.0,30781.0,37355
37357,9192.0,30656.0,37356
37358,9192.0,30618.0,37357
37359,9192.0,30500.0,37358
37360,9192.0,30598.0,37359
37361,9192.0,30740.0,37360
37362,9192.0,31648.0,37361
37363,9192.0,31372.0,37362
37364,9192.0,31150.0,37363
37365,9192.0,30740.0,37364
37366,9192.0,30480.0,37365
37367,9192.0,30141.0,37366
37368,9192.0,29646.0,37367
37369,9192.0,29702.0,37368
37370,9192.0,30435.0,37369
37371,9192.0,30895.0,37370
37372,9192.0,29776.0,37371
37373,9192.0,30404.0,37372
37374,9192.0,30377.0,37373
37375,9192.0,30720.0,37374
37376,9192.0,31083.0,37375
37377,9192.0,30108.0,37376
37378,9192.0,30751.0,37377
37379,9192.0,31167.0,37378
37380,9192.0,31172.0,37379
37381,9192.0,29947.0,37380
37382,9192.0,30090.0,37381
37383,9192.0,29952.0,37382
37384,9192.0,29931.0,37383
37385,9192.0,29688.0,37384
37386,9192.0,30130.0,37385
37387,9192.0,29931.0,37386
37388,9192.0,30068.0,37387
37389,9192.0,28754.0,37388
37390,9192.0,28300.0,37389
37391,9192.0,27397.0,37390
37392,9192.0,27413.0,37391
37393,9192.0,27344.0,37392
37394,9192.0,26946.0,37393
37395,9192.0,28001.0,37394
37396,9192.0,27991.0,37395
37397,9192.0,28080.0,37396
37398,9192.0,27469.0,37397
37399,9192.0,27469.0,37398
37400,9192.0,27469.0,37399
37401,9192.0,28178.0,37400
37402,9192.0,27564.0,37401
37403,9192.0,27489.0,37402
37404,9192.0,27489.0,37403
37405,9192.0,27126.0,37404
37406,9192.0,27734.0,37405
37407,9192.0,27691.0,37406
37408,9192.0,27348.0,37407
37409,9192.0,27436.0,37408
37410,9192.0,26868.0,37409
37411,9192.0,26863.0,37410
37412,9192.0,26871.0,37411
37413,9192.0,26871.0,37412
37414,9192.0,26729.0,37413
37415,9192.0,28257.0,37414
37416,9192.0,27952.0,37415
37417,9192.0,27975.0,37416
37418,9192.0,28260.0,37417
37419,9192.0,27966.0,37418
37420,9192.0,28033.0,37419
37421,9192.0,28372.0,37420
37422,9192.0,28288.0,37421
37423,9192.0,28125.0,37422
37424,9192.0,28125.0,37423
37425,9192.0,28669.0,37424
37426,9192.0,28257.0,37425
37427,9192.0,28118.0,37426
37428,9192.0,28361.0,37427
37429,9192.0,28241.0,37428
37430,9192.0,28266.0,37429
37431,9192.0,28008.0,37430
37432,9192.0,27483.0,37431
37433,9192.0,27820.0,37432
37434,9192.0,28013.0,37433
37435,9192.0,27839.0,37434
37436,9192.0,27815.0,37435
37437,9192.0,28174.0,37436
37438,9192.0,28398.0,37437
37439,9192.0,27514.0,37438
37440,9192.0,27514.0,37439
37441,9192.0,27478.0,37440
37442,9192.0,27355.0,37441
37443,9192.0,27307.0,37442
37444,9192.0,26555.0,37443
37445,9192.0,26606.0,37444
37446,9192.0,26519.0,37445
37447,9192.0,26730.0,37446
37448,9192.0,27195.0,37447
37449,9192.0,26903.0,37448
37450,9192.0,26870.0,37449
37451,9192.0,26407.0,37450
37452,9192.0,26499.0,37451
37453,9192.0,26499.0,37452
37454,9192.0,26558.0,37453
37455,9192.0,26299.0,37454
37456,9192.0,26235.0,37455
37457,9192.0,26699.0,37456
37458,9192.0,27336.0,37457
37459,9192.0,27350.0,37458
37460,9192.0,27181.0,37459
37461,9192.0,26696.0,37460
37462,9192.0,26696.0,37461
37463,9192.0,26687.0,37462
37464,9192.0,26687.0,37463
37465,9192.0,25167.0,37464
37466,9192.0,25119.0,37465
37467,9192.0,25405.0,37466
37468,9192.0,25879.0,37467
37469,9192.0,25912.0,37468
37470,9192.0,26753.0,37469
37471,9192.0,26049.0,37470
37472,9192.0,26094.0,37471
37473,9192.0,26622.0,37472
37474,9192.0,26550.0,37473
37475,9192.0,26550.0,37474
37476,9192.0,26485.0,37475
37477,9192.0,26491.0,37476
37478,9192.0,26047.0,37477
37479,9192.0,26423.0,37478
37480,9192.0,26085.0,37479
37481,9192.0,26085.0,37480
37482,9192.0,24559.0,37481
37483,9192.0,24709.0,37482
37484,9192.0,24774.0,37483
37485,9192.0,24870.0,37484
37486,9192.0,25476.0,37485
37487,9192.0,26308.0,37486
37488,9192.0,26239.0,37487
37489,9192.0,25832.0,37488
37490,9192.0,25832.0,37489
37491,9192.0,25832.0,37490
37492,9192.0,25877.0,37491
37493,9192.0,25533.0,37492
37494,9192.0,26391.0,37493
37495,9192.0,26716.0,37494
37496,9192.0,27129.0,37495
37497,9192.0,27129.0,37496
37498,9192.0,27847.0,37497
37499,9192.0,28014.0,37498
37500,9192.0,27177.0,37499
37501,9192.0,27177.0,37500
37502,9192.0,28134.0,37501
37503,9192.0,27880.0,37502
37504,9192.0,27889.0,37503
37505,9192.0,28419.0,37504
37506,9192.0,28179.0,37505
37507,9192.0,28208.0,37506
37508,9192.0,27456.0,37507
37509,9192.0,27724.0,37508
37510,9192.0,27724.0,37509
37511,9192.0,28591.0,37510
37512,9192.0,30006.0,37511
37513,9192.0,29670.0,37512
37514,9192.0,29066.0,37513
37515,9192.0,29180.0,37514
37516,9192.0,29236.0,37515
37517,9192.0,29599.0,37516
37518,9192.0,29807.0,37517
37519,9192.0,29805.0,37518
37520,9192.0,29216.0,37519
37521,9192.0,29077.0,37520
37522,9192.0,28844.0,37521
37523,9192.0,28399.0,37522
37524,9192.0,28239.0,37523
37525,9192.0,28220.0,37524
37526,9192.0,29632.0,37525
37527,9192.0,29953.0,37526
37528,9192.0,29910.0,37527
37529,9192.0,30772.0,37528
37530,9192.0,30784.0,37529
37531,9192.0,30875.0,37530
37532,9192.0,30676.0,37531
37533,9192.0,30445.0,37532
37534,9192.0,29526.0,37533
37535,9192.0,28858.0,37534
37536,9192.0,28820.0,37535
37537,9192.0,28867.0,37536
37538,9192.0,28867.0,37537
37539,9192.0,28861.0,37538
37540,9192.0,27794.0,37539
37541,9192.0,28277.0,37540
37542,9192.0,28553.0,37541
37543,9192.0,28657.0,37542
37544,9192.0,29255.0,37543
37545,9192.0,29372.0,37544
37546,9192.0,29190.0,37545
37547,9192.0,29692.0,37546
37548,9192.0,29870.0,37547
37549,9192.0,28748.0,37548
37550,9192.0,28973.0,37549
37551,9192.0,28973.0,37550
37552,9192.0,28009.0,37551
37553,9192.0,27002.0,37552
37554,9192.0,27603.0,37553
37555,9192.0,27060.0,37554
37556,9192.0,26674.0,37555
37557,9192.0,26393.0,37556
37558,9192.0,26270.0,37557
37559,9192.0,27020.0,37558
37560,9192.0,26808.0,37559
37561,9192.0,27439.0,37560
37562,9192.0,28232.0,37561
37563,9192.0,28299.0,37562
37564,9192.0,28740.0,37563
37565,9192.0,28481.0,37564
37566,9192.0,27402.0,37565
37567,9192.0,26875.0,37566
37568,9192.0,26009.0,37567
37569,9192.0,25877.0,37568
37570,9192.0,27676.0,37569
37571,9192.0,28675.0,37570
37572,9192.0,28624.0,37571
37573,9192.0,29642.0,37572
37574,9192.0,29665.0,37573
37575,9192.0,30992.0,37574
37576,9192.0,29912.0,37575
37577,9192.0,29869.0,37576
37578,9192.0,29840.0,37577
37579,9192.0,29839.0,37578
37580,9192.0,29832.0,37579
37581,9192.0,29951.0,37580
37582,9192.0,29989.0,37581
37583,9192.0,30003.0,37582
37584,9192.0,29956.0,37583
37585,9192.0,29474.0,37584
37586,9192.0,28116.0,37585
37587,9192.0,28110.0,37586
37588,9192.0,27807.0,37587
37589,9192.0,27636.0,37588
37590,9192.0,27622.0,37589
37591,9192.0,28049.0,37590
37592,9192.0,28074.0,37591
37593,9192.0,27813.0,37592
37594,9192.0,26902.0,37593
37595,9192.0,26763.0,37594
37596,9192.0,26733.0,37595
37597,9192.0,26713.0,37596
37598,9192.0,26733.0,37597
37599,9192.0,26738.0,37598
37600,9192.0,27004.0,37599
37601,9192.0,27004.0,37600
37602,9192.0,27047.0,37601
37603,9192.0,27424.0,37602
37604,9192.0,27538.0,37603
37605,9192.0,27987.0,37604
37606,9192.0,28509.0,37605
37607,9192.0,28901.0,37606
37608,9192.0,28882.0,37607
37609,9192.0,29264.0,37608
37610,9192.0,27317.0,37609
37611,9192.0,27285.0,37610
37612,9192.0,27193.0,37611
37613,9192.0,26911.0,37612
37614,9192.0,27062.0,37613
37615,9192.0,27583.0,37614
37616,9192.0,27538.0,37615
37617,9192.0,27527.0,37616
37618,9192.0,27873.0,37617
37619,9192.0,28059.0,37618
37620,9192.0,28270.0,37619
37621,9192.0,28623.0,37620
37622,9192.0,28782.0,37621
37623,9192.0,28782.0,37622
37624,9192.0,29223.0,37623
37625,9192.0,29560.0,37624
37626,9192.0,29226.0,37625
37627,9192.0,29226.0,37626
37628,9192.0,28489.0,37627
37629,9192.0,28756.0,37628
37630,9192.0,28826.0,37629
37631,9192.0,28820.0,37630
37632,9192.0,27808.0,37631
37633,9192.0,27808.0,37632
37634,9192.0,27352.0,37633
37635,9192.0,27676.0,37634
37636,9192.0,27791.0,37635
37637,9192.0,27718.0,37636
37638,9192.0,27651.0,37637
37639,9192.0,27137.0,37638
37640,9192.0,27137.0,37639
37641,9192.0,27722.0,37640
37642,9192.0,27481.0,37641
37643,9192.0,27580.0,37642
37644,9192.0,27753.0,37643
37645,9192.0,28087.0,37644
37646,9192.0,28307.0,37645
37647,9192.0,28921.0,37646
37648,9192.0,28505.0,37647
37649,9192.0,28642.0,37648
37650,9192.0,28783.0,37649
37651,9192.0,29134.0,37650
37652,9192.0,29307.0,37651
37653,9192.0,29723.0,37652
37654,9192.0,29726.0,37653
37655,9192.0,29569.0,37654
37656,9192.0,29280.0,37655
37657,9192.0,29481.0,37656
37658,9192.0,29620.0,37657
37659,9192.0,29141.0,37658
37660,9192.0,29560.0,37659
37661,9192.0,29370.0,37660
37662,9192.0,29459.0,37661
37663,9192.0,29557.0,37662
37664,9192.0,29662.0,37663
37665,9192.0,29504.0,37664
37666,9192.0,29505.0,37665
37667,9192.0,29568.0,37666
37668,9192.0,29711.0,37667
37669,9192.0,29254.0,37668
37670,9192.0,29333.0,37669
37671,9192.0,28242.0,37670
37672,9192.0,28242.0,37671
37673,9192.0,28280.0,37672
37674,9192.0,28164.0,37673
37675,9192.0,28168.0,37674
37676,9192.0,28140.0,37675
37677,9192.0,27851.0,37676
37678,9192.0,27928.0,37677
37679,9192.0,27402.0,37678
37680,9192.0,27205.0,37679
37681,9192.0,27253.0,37680
37682,9192.0,27253.0,37681
37683,9192.0,27930.0,37682
37684,9192.0,28115.0,37683
37685,9192.0,27794.0,37684
37686,9192.0,27839.0,37685
37687,9192.0,27969.0,37686
37688,9192.0,28058.0,37687
37689,9192.0,28314.0,37688
37690,9192.0,28765.0,37689
37691,9192.0,29066.0,37690
37692,9192.0,29066.0,37691
37693,9192.0,28646.0,37692
37694,9192.0,28631.0,37693
37695,9192.0,28732.0,37694
37696,9192.0,29121.0,37695
37697,9192.0,29121.0,37696
37698,9192.0,29236.0,37697
37699,9192.0,29375.0,37698
37700,9192.0,29369.0,37699
37701,9192.0,29836.0,37700
37702,9192.0,28609.0,37701
37703,9192.0,27637.0,37702
37704,9192.0,28308.0,37703
37705,9192.0,27938.0,37704
37706,9192.0,28156.0,37705
37707,9192.0,28147.0,37706
37708,9192.0,27667.0,37707
37709,9192.0,27575.0,37708
37710,9192.0,27671.0,37709
37711,9192.0,27565.0,37710
37712,9192.0,27478.0,37711
37713,9192.0,27283.0,37712
37714,9192.0,27283.0,37713
37715,9192.0,27442.0,37714
37716,9192.0,27130.0,37715
37717,9192.0,26738.0,37716
37718,9192.0,27748.0,37717
37719,9192.0,27687.0,37718
37720,9192.0,27548.0,37719
37721,9192.0,27548.0,37720
37722,9192.0,27726.0,37721
37723,9192.0,27617.0,37722
37724,9192.0,27306.0,37723
37725,9192.0,27344.0,37724
37726,9192.0,27658.0,37725
37727,9192.0,27598.0,37726
37728,9192.0,28297.0,37727
37729,9192.0,28283.0,37728
37730,9192.0,28181.0,37729
37731,9192.0,28200.0,37730
37732,9192.0,28173.0,37731
37733,9192.0,28413.0,37732
37734,9192.0,28233.0,37733
37735,9192.0,27984.0,37734
37736,9192.0,27938.0,37735
37737,9192.0,27939.0,37736
37738,9192.0,27789.0,37737
37739,9192.0,27417.0,37738
37740,9192.0,27000.0,37739
37741,9192.0,27011.0,37740
37742,9192.0,27070.0,37741
37743,9192.0,26193.0,37742
37744,9192.0,26139.0,37743
37745,9192.0,26110.0,37744
37746,9192.0,26459.0,37745
37747,9192.0,26344.0,37746
37748,9192.0,26698.0,37747
37749,9192.0,25419.0,37748
37750,9192.0,26263.0,37749
37751,9192.0,26263.0,37750
37752,9192.0,28192.0,37751
37753,9192.0,28260.0,37752
37754,9192.0,27263.0,37753
37755,9192.0,27274.0,37754
37756,9192.0,27653.0,37755
37757,9192.0,27648.0,37756
37758,9192.0,27598.0,37757
37759,9192.0,27473.0,37758
37760,9192.0,27391.0,37759
37761,9192.0,27391.0,37760
37762,9192.0,27694.0,37761
37763,9192.0,27527.0,37762
37764,9192.0,27488.0,37763
37765,9192.0,27833.0,37764
37766,9192.0,27863.0,37765
37767,9192.0,28467.0,37766
37768,9192.0,28080.0,37767
37769,9192.0,28080.0,37768
37770,9192.0,28080.0,37769
37771,9192.0,28271.0,37770
37772,9192.0,28715.0,37771
37773,9192.0,28715.0,37772
37774,9192.0,28715.0,37773
37775,9192.0,29463.0,37774
37776,9192.0,29024.0,37775
37777,9192.0,29612.0,37776
37778,9192.0,29031.0,37777
37779,9192.0,29509.0,37778
37780,9192.0,29692.0,37779
37781,9192.0,29230.0,37780
37782,9192.0,29071.0,37781
37783,9192.0,30216.0,37782
37784,9192.0,30222.0,37783
37785,9192.0,29212.0,37784
37786,9192.0,29212.0,37785
37787,9192.0,29476.0,37786
37788,9192.0,29135.0,37787
37789,9192.0,28587.0,37788
37790,9192.0,28566.0,37789
37791,9192.0,28625.0,37790
37792,9192.0,28681.0,37791
37793,9192.0,27981.0,37792
37794,9192.0,28018.0,37793
37795,9192.0,27426.0,37794
37796,9192.0,26586.0,37795
37797,9192.0,27215.0,37796
37798,9192.0,27215.0,37797
37799,9192.0,27755.0,37798
37800,9192.0,28213.0,37799
37801,9192.0,28231.0,37800
37802,9192.0,27933.0,37801
37803,9192.0,27635.0,37802
37804,9192.0,27610.0,37803
37805,9192.0,27646.0,37804
37806,9192.0,28055.0,37805
37807,9192.0,27682.0,37806
37808,9192.0,27539.0,37807
37809,9192.0,27358.0,37808
37810,9192.0,27359.0,37809
37811,9192.0,27727.0,37810
37812,9192.0,27747.0,37811
37813,9192.0,27329.0,37812
37814,9192.0,26046.0,37813
37815,9192.0,25864.0,37814
37816,9192.0,26866.0,37815
37817,9192.0,26820.0,37816
37818,9192.0,26625.0,37817
37819,9192.0,26660.0,37818
37820,9192.0,27425.0,37819
37821,9192.0,27669.0,37820
37822,9192.0,28030.0,37821
37823,9192.0,27814.0,37822
37824,9192.0,27814.0,37823
37825,9192.0,28436.0,37824
37826,9192.0,28436.0,37825
37827,9192.0,28466.0,37826
37828,9192.0,28471.0,37827
37829,9192.0,28471.0,37828
37830,9192.0,28569.0,37829
37831,9192.0,28549.0,37830
37832,9192.0,29142.0,37831
37833,9192.0,28555.0,37832
37834,9192.0,28331.0,37833
37835,9192.0,27762.0,37834
37836,9192.0,26956.0,37835
37837,9192.0,27050.0,37836
37838,9192.0,27227.0,37837
37839,9192.0,26289.0,37838
37840,9192.0,26983.0,37839
37841,9192.0,27043.0,37840
37842,9192.0,27131.0,37841
37843,9192.0,26942.0,37842
37844,9192.0,26942.0,37843
37845,9192.0,26805.0,37844
37846,9192.0,27265.0,37845
37847,9192.0,27677.0,37846
37848,9192.0,27970.0,37847
37849,9192.0,27972.0,37848
37850,9192.0,28198.0,37849
37851,9192.0,28618.0,37850
37852,9192.0,28394.0,37851
37853,9192.0,28360.0,37852
37854,9192.0,28543.0,37853
37855,9192.0,29568.0,37854
37856,9192.0,30936.0,37855
37857,9192.0,30516.0,37856
37858,9192.0,30435.0,37857
37859,9192.0,30773.0,37858
37860,9192.0,30773.0,37859
37861,9192.0,30575.0,37860
37862,9192.0,30195.0,37861
37863,9192.0,30160.0,37862
37864,9192.0,30408.0,37863
37865,9192.0,30675.0,37864
37866,9192.0,30881.0,37865
37867,9192.0,30986.0,37866
37868,9192.0,31011.0,37867
37869,9192.0,30355.0,37868
37870,9192.0,30355.0,37869
37871,9192.0,30009.0,37870
37872,9192.0,29855.0,37871
37873,9192.0,29809.0,37872
37874,9192.0,29399.0,37873
37875,9192.0,29399.0,37874
37876,9192.0,29387.0,37875
37877,9192.0,28901.0,37876
37878,9192.0,29182.0,37877
37879,9192.0,29577.0,37878
37880,9192.0,29996.0,37879
37881,9192.0,30008.0,37880
37882,9192.0,29658.0,37881
37883,9192.0,28979.0,37882
37884,9192.0,29639.0,37883
37885,9192.0,28848.0,37884
37886,9192.0,29228.0,37885
37887,9192.0,29235.0,37886
37888,9192.0,29200.0,37887
37889,9192.0,28416.0,37888
37890,9192.0,28092.0,37889
37891,9192.0,28067.0,37890
37892,9192.0,28811.0,37891
37893,9192.0,29095.0,37892
37894,9192.0,29681.0,37893
37895,9192.0,29658.0,37894
37896,9192.0,28893.0,37895
37897,9192.0,29043.0,37896
37898,9192.0,27789.0,37897
37899,9192.0,27383.0,37898
37900,9192.0,27283.0,37899
37901,9192.0,27179.0,37900
37902,9192.0,27085.0,37901
37903,9192.0,27380.0,37902
37904,9192.0,27460.0,37903
37905,9192.0,26407.0,37904
37906,9192.0,26456.0,37905
37907,9192.0,26456.0,37906
37908,9192.0,26190.0,37907
37909,9192.0,26303.0,37908
37910,9192.0,26164.0,37909
37911,9192.0,26293.0,37910
37912,9192.0,26293.0,37911
37913,9192.0,27366.0,37912
37914,9192.0,26691.0,37913
37915,9192.0,26691.0,37914
37916,9192.0,26693.0,37915
37917,9192.0,26470.0,37916
37918,9192.0,26883.0,37917
37919,9192.0,26925.0,37918
37920,9192.0,26657.0,37919
37921,9192.0,27364.0,37920
37922,9192.0,27434.0,37921
37923,9192.0,27772.0,37922
37924,9192.0,27812.0,37923
37925,9192.0,27565.0,37924
37926,9192.0,27665.0,37925
37927,9192.0,28931.0,37926
37928,9192.0,29716.0,37927
37929,9192.0,29772.0,37928
37930,9192.0,29772.0,37929
37931,9192.0,30160.0,37930
37932,9192.0,28886.0,37931
37933,9192.0,28263.0,37932
37934,9192.0,28512.0,37933
37935,9192.0,28213.0,37934
37936,9192.0,27500.0,37935
37937,9192.0,27816.0,37936
37938,9192.0,28041.0,37937
37939,9192.0,27724.0,37938
37940,9192.0,27724.0,37939
37941,9192.0,28167.0,37940
37942,9192.0,28814.0,37941
37943,9192.0,28675.0,37942
37944,9192.0,28636.0,37943
37945,9192.0,28387.0,37944
37946,9192.0,28559.0,37945
37947,9192.0,28418.0,37946
37948,9192.0,28569.0,37947
37949,9192.0,29376.0,37948
37950,9192.0,29278.0,37949
37951,9192.0,29288.0,37950
37952,9192.0,29476.0,37951
37953,9192.0,29726.0,37952
37954,9192.0,29752.0,37953
37955,9192.0,29700.0,37954
37956,9192.0,29712.0,37955
37957,9192.0,29712.0,37956
37958,9192.0,29192.0,37957
37959,9192.0,29226.0,37958
37960,9192.0,29235.0,37959
37961,9192.0,29403.0,37960
37962,9192.0,29403.0,37961
37963,9192.0,29322.0,37962
37964,9192.0,29147.0,37963
37965,9192.0,27758.0,37964
37966,9192.0,27517.0,37965
37967,9192.0,28142.0,37966
37968,9192.0,28327.0,37967
37969,9192.0,28215.0,37968
37970,9192.0,28297.0,37969
37971,9192.0,26579.0,37970
37972,9192.0,26786.0,37971
37973,9192.0,27185.0,37972
37974,9192.0,27184.0,37973
37975,9192.0,26707.0,37974
37976,9192.0,28300.0,37975
37977,9192.0,28320.0,37976
37978,9192.0,28967.0,37977
37979,9192.0,28864.0,37978
37980,9192.0,28864.0,37979
37981,9192.0,28813.0,37980
37982,9192.0,27742.0,37981
37983,9192.0,27742.0,37982
37984,9192.0,27336.0,37983
37985,9192.0,27082.0,37984
37986,9192.0,27082.0,37985
37987,9192.0,27082.0,37986
37988,9192.0,27065.0,37987
37989,9192.0,26775.0,37988
37990,9192.0,26666.0,37989
37991,9192.0,26327.0,37990
37992,9192.0,26028.0,37991
37993,9192.0,26642.0,37992
37994,9192.0,26261.0,37993
37995,9192.0,26146.0,37994
37996,9192.0,26907.0,37995
37997,9192.0,26630.0,37996
37998,9192.0,26679.0,37997
37999,9192.0,26797.0,37998
38000,9192.0,27554.0,37999
38001,9192.0,27561.0,38000
38002,9192.0,27633.0,38001
38003,9192.0,27522.0,38002
38004,9192.0,27714.0,38003
38005,9192.0,27714.0,38004
38006,9192.0,27687.0,38005
38007,9192.0,27695.0,38006
38008,9192.0,28975.0,38007
38009,9192.0,29151.0,38008
38010,9192.0,27810.0,38009
38011,9192.0,26695.0,38010
38012,9192.0,26751.0,38011
38013,9192.0,26823.0,38012
38014,9192.0,26814.0,38013
38015,9192.0,26814.0,38014
38016,9192.0,26627.0,38015
38017,9192.0,26590.0,38016
38018,9192.0,26611.0,38017
38019,9192.0,26380.0,38018
38020,9192.0,25894.0,38019
38021,9192.0,26212.0,38020
38022,9192.0,26212.0,38021
38023,9192.0,26097.0,38022
38024,9192.0,26288.0,38023
38025,9192.0,26288.0,38024
38026,9192.0,25667.0,38025
38027,9192.0,25170.0,38026
38028,9192.0,25176.0,38027
38029,9192.0,25217.0,38028
38030,9192.0,25889.0,38029
38031,9192.0,26156.0,38030
38032,9192.0,26482.0,38031
38033,9192.0,26482.0,38032
38034,9192.0,27302.0,38033
38035,9192.0,27487.0,38034
38036,9192.0,28320.0,38035
38037,9192.0,28542.0,38036
38038,9192.0,28497.0,38037
38039,9192.0,28497.0,38038
38040,9192.0,29303.0,38039
38041,9192.0,29037.0,38040
38042,9192.0,29136.0,38041
38043,9192.0,28903.0,38042
38044,9192.0,29074.0,38043
38045,9192.0,29165.0,38044
38046,9192.0,29081.0,38045
38047,9192.0,29081.0,38046
38048,9192.0,28817.0,38047
38049,9192.0,29534.0,38048
38050,9192.0,29409.0,38049
38051,9192.0,29086.0,38050
38052,9192.0,29467.0,38051
38053,9192.0,29127.0,38052
38054,9192.0,30238.0,38053
38055,9192.0,30214.0,38054
38056,9192.0,30214.0,38055
38057,9192.0,30222.0,38056
38058,9192.0,29935.0,38057
38059,9192.0,30072.0,38058
38060,9192.0,30312.0,38059
38061,9192.0,30285.0,38060
38062,9192.0,30582.0,38061
38063,9192.0,31110.0,38062
38064,9192.0,31227.0,38063
38065,9192.0,31322.0,38064
38066,9192.0,31357.0,38065
38067,9192.0,31734.0,38066
38068,9192.0,31295.0,38067
38069,9192.0,31227.0,38068
38070,9192.0,31175.0,38069
38071,9192.0,30211.0,38070
38072,9192.0,30670.0,38071
38073,9192.0,30789.0,38072
38074,9192.0,29581.0,38073
38075,9192.0,29366.0,38074
38076,9192.0,29545.0,38075
38077,9192.0,29625.0,38076
38078,9192.0,30071.0,38077
38079,9192.0,30071.0,38078
38080,9192.0,29330.0,38079
38081,9192.0,29133.0,38080
38082,9192.0,28611.0,38081
38083,9192.0,28671.0,38082
38084,9192.0,28922.0,38083
38085,9192.0,28772.0,38084
38086,9192.0,28753.0,38085
38087,9192.0,29026.0,38086
38088,9192.0,29077.0,38087
38089,9192.0,29174.0,38088
38090,9192.0,28941.0,38089
38091,9192.0,28981.0,38090
38092,9192.0,28408.0,38091
38093,9192.0,28416.0,38092
38094,9192.0,27779.0,38093
38095,9192.0,28579.0,38094
38096,9192.0,28426.0,38095
38097,9192.0,28320.0,38096
38098,9192.0,28419.0,38097
38099,9192.0,28419.0,38098
38100,9192.0,28780.0,38099
38101,9192.0,28344.0,38100
38102,9192.0,28427.0,38101
38103,9192.0,27945.0,38102
38104,9192.0,27824.0,38103
38105,9192.0,28541.0,38104
38106,9192.0,28283.0,38105
38107,9192.0,28048.0,38106
38108,9192.0,28101.0,38107
38109,9192.0,27996.0,38108
38110,9192.0,27996.0,38109
38111,9192.0,27750.0,38110
38112,9192.0,28125.0,38111
38113,9192.0,28370.0,38112
38114,9192.0,28009.0,38113
38115,9192.0,28142.0,38114
38116,9192.0,28423.0,38115
38117,9192.0,28639.0,38116
38118,9192.0,28598.0,38117
38119,9192.0,29100.0,38118
38120,9192.0,28016.0,38119
38121,9192.0,28642.0,38120
38122,9192.0,28642.0,38121
38123,9192.0,28976.0,38122
38124,9192.0,28976.0,38123
38125,9192.0,28723.0,38124
38126,9192.0,28283.0,38125
38127,9192.0,28204.0,38126
38128,9192.0,28168.0,38127
38129,9192.0,28220.0,38128
38130,9192.0,28477.0,38129
38131,9192.0,28190.0,38130
38132,9192.0,28151.0,38131
38133,9192.0,28372.0,38132
38134,9192.0,28652.0,38133
38135,9192.0,28624.0,38134
38136,9192.0,28624.0,38135
38137,9192.0,29191.0,38136
38138,9192.0,29406.0,38137
38139,9192.0,29348.0,38138
38140,9192.0,29344.0,38139
38141,9192.0,29322.0,38140
38142,9192.0,28023.0,38141
38143,9192.0,28215.0,38142
38144,9192.0,28252.0,38143
38145,9192.0,27409.0,38144
38146,9192.0,26305.0,38145
38147,9192.0,27079.0,38146
38148,9192.0,26766.0,38147
38149,9192.0,26962.0,38148
38150,9192.0,27191.0,38149
38151,9192.0,27792.0,38150
38152,9192.0,27754.0,38151
38153,9192.0,27811.0,38152
38154,9192.0,27783.0,38153
38155,9192.0,28772.0,38154
38156,9192.0,28763.0,38155
38157,9192.0,29053.0,38156
38158,9192.0,29053.0,38157
38159,9192.0,29024.0,38158
38160,9192.0,30071.0,38159
38161,9192.0,29844.0,38160
38162,9192.0,29666.0,38161
38163,9192.0,29358.0,38162
38164,9192.0,29514.0,38163
38165,9192.0,29700.0,38164
38166,9192.0,29682.0,38165
38167,9192.0,29532.0,38166
38168,9192.0,29189.0,38167
38169,9192.0,29698.0,38168
38170,9192.0,29634.0,38169
38171,9192.0,29930.0,38170
38172,9192.0,29974.0,38171
38173,9192.0,29974.0,38172
38174,9192.0,30045.0,38173
38175,9192.0,29025.0,38174
38176,9192.0,29269.0,38175
38177,9192.0,28730.0,38176
38178,9192.0,28432.0,38177
38179,9192.0,28599.0,38178
38180,9192.0,28948.0,38179
38181,9192.0,29481.0,38180
38182,9192.0,29804.0,38181
38183,9192.0,30022.0,38182
38184,9192.0,29184.0,38183
38185,9192.0,30588.0,38184
38186,9192.0,30386.0,38185
38187,9192.0,29745.0,38186
38188,9192.0,31006.0,38187
38189,9192.0,30105.0,38188
38190,9192.0,30562.0,38189
38191,9192.0,30432.0,38190
38192,9192.0,30349.0,38191
38193,9192.0,30413.0,38192
38194,9192.0,30321.0,38193
38195,9192.0,30280.0,38194
38196,9192.0,30546.0,38195
38197,9192.0,30401.0,38196
38198,9192.0,30481.0,38197
38199,9192.0,30851.0,38198
38200,9192.0,30596.0,38199
38201,9192.0,30059.0,38200
38202,9192.0,29914.0,38201
38203,9192.0,29963.0,38202
38204,9192.0,29430.0,38203
38205,9192.0,29064.0,38204
38206,9192.0,29522.0,38205
38207,9192.0,29713.0,38206
38208,9192.0,29871.0,38207
38209,9192.0,29716.0,38208
38210,9192.0,29726.0,38209
38211,9192.0,30196.0,38210
38212,9192.0,30196.0,38211
38213,9192.0,30216.0,38212
38214,9192.0,30216.0,38213
38215,9192.0,30512.0,38214
38216,9192.0,30704.0,38215
38217,9192.0,30605.0,38216
38218,9192.0,30344.0,38217
38219,9192.0,29439.0,38218
38220,9192.0,29199.0,38219
38221,9192.0,29221.0,38220
38222,9192.0,29307.0,38221
38223,9192.0,28818.0,38222
38224,9192.0,28870.0,38223
38225,9192.0,29242.0,38224
38226,9192.0,30648.0,38225
38227,9192.0,30146.0,38226
38228,9192.0,29744.0,38227
38229,9192.0,30131.0,38228
38230,9192.0,30164.0,38229
38231,9192.0,30321.0,38230
38232,9192.0,30205.0,38231
38233,9192.0,30525.0,38232
38234,9192.0,30196.0,38233
38235,9192.0,30193.0,38234
38236,9192.0,30246.0,38235
38237,9192.0,29905.0,38236
38238,9192.0,29323.0,38237
38239,9192.0,29935.0,38238
38240,9192.0,28227.0,38239
38241,9192.0,28405.0,38240
38242,9192.0,27973.0,38241
38243,9192.0,28356.0,38242
38244,9192.0,28694.0,38243
38245,9192.0,28692.0,38244
38246,9192.0,29581.0,38245
38247,9192.0,29630.0,38246
38248,9192.0,29630.0,38247
38249,9192.0,29615.0,38248
38250,9192.0,29384.0,38249
38251,9192.0,29471.0,38250
38252,9192.0,29595.0,38251
38253,9192.0,29769.0,38252
38254,9192.0,29905.0,38253
38255,9192.0,29920.0,38254
38256,9192.0,30778.0,38255
38257,9192.0,30878.0,38256
38258,9192.0,30891.0,38257
38259,9192.0,30285.0,38258
38260,9192.0,30254.0,38259
38261,9192.0,29202.0,38260
38262,9192.0,29412.0,38261
38263,9192.0,29577.0,38262
38264,9192.0,28489.0,38263
38265,9192.0,28671.0,38264
38266,9192.0,28990.0,38265
38267,9192.0,28538.0,38266
38268,9192.0,28538.0,38267
38269,9192.0,28471.0,38268
38270,9192.0,28523.0,38269
38271,9192.0,28410.0,38270
38272,9192.0,28317.0,38271
38273,9192.0,27997.0,38272
38274,9192.0,27478.0,38273
38275,9192.0,27298.0,38274
38276,9192.0,27060.0,38275
38277,9192.0,27742.0,38276
38278,9192.0,28156.0,38277
38279,9192.0,27900.0,38278
38280,9192.0,28047.0,38279
38281,9192.0,28046.0,38280
38282,9192.0,27639.0,38281
38283,9192.0,27540.0,38282
38284,9192.0,27450.0,38283
38285,9192.0,27450.0,38284
38286,9192.0,27450.0,38285
38287,9192.0,27664.0,38286
38288,9192.0,29893.0,38287
38289,9192.0,29980.0,38288
38290,9192.0,29839.0,38289
38291,9192.0,29955.0,38290
38292,9192.0,30283.0,38291
38293,9192.0,30064.0,38292
38294,9192.0,30225.0,38293
38295,9192.0,31095.0,38294
38296,9192.0,29284.0,38295
38297,9192.0,29643.0,38296
38298,9192.0,29312.0,38297
38299,9192.0,29169.0,38298
38300,9192.0,29181.0,38299
38301,9192.0,29054.0,38300
38302,9192.0,27437.0,38301
38303,9192.0,28022.0,38302
38304,9192.0,28298.0,38303
38305,9192.0,28629.0,38304
38306,9192.0,28629.0,38305
38307,9192.0,28401.0,38306
38308,9192.0,28482.0,38307
38309,9192.0,29168.0,38308
38310,9192.0,29168.0,38309
38311,9192.0,29296.0,38310
38312,9192.0,29373.0,38311
38313,9192.0,29279.0,38312
38314,9192.0,29418.0,38313
38315,9192.0,28994.0,38314
38316,9192.0,28820.0,38315
38317,9192.0,29021.0,38316
38318,9192.0,29336.0,38317
38319,9192.0,29617.0,38318
38320,9192.0,29617.0,38319
38321,9192.0,30701.0,38320
38322,9192.0,30669.0,38321
38323,9192.0,30716.0,38322
38324,9192.0,30333.0,38323
38325,9192.0,30500.0,38324
38326,9192.0,30313.0,38325
38327,9192.0,30404.0,38326
38328,9192.0,30733.0,38327
38329,9192.0,30773.0,38328
38330,9192.0,30721.0,38329
38331,9192.0,31203.0,38330
38332,9192.0,31147.0,38331
38333,9192.0,31092.0,38332
38334,9192.0,30928.0,38333
38335,9192.0,30918.0,38334
38336,9192.0,30946.0,38335
38337,9192.0,31268.0,38336
38338,9192.0,31116.0,38337
38339,9192.0,30849.0,38338
38340,9192.0,30614.0,38339
38341,9192.0,31034.0,38340
38342,9192.0,30830.0,38341
38343,9192.0,29213.0,38342
38344,9192.0,29239.0,38343
38345,9192.0,29492.0,38344
38346,9192.0,30108.0,38345
38347,9192.0,29841.0,38346
38348,9192.0,29727.0,38347
38349,9192.0,30301.0,38348
38350,9192.0,29926.0,38349
38351,9192.0,28735.0,38350
38352,9192.0,29125.0,38351
38353,9192.0,28850.0,38352
38354,9192.0,28900.0,38353
38355,9192.0,29006.0,38354
38356,9192.0,27434.0,38355
38357,9192.0,27650.0,38356
38358,9192.0,28341.0,38357
38359,9192.0,28301.0,38358
38360,9192.0,29386.0,38359
38361,9192.0,29398.0,38360
38362,9192.0,28917.0,38361
38363,9192.0,29996.0,38362
38364,9192.0,30277.0,38363
38365,9192.0,29228.0,38364
38366,9192.0,29012.0,38365
38367,9192.0,28778.0,38366
38368,9192.0,28703.0,38367
38369,9192.0,28656.0,38368
38370,9192.0,28807.0,38369
38371,9192.0,28807.0,38370
38372,9192.0,28877.0,38371
38373,9192.0,28858.0,38372
38374,9192.0,29723.0,38373
38375,9192.0,29398.0,38374
38376,9192.0,29816.0,38375
38377,9192.0,29637.0,38376
38378,9192.0,28570.0,38377
38379,9192.0,28610.0,38378
38380,9192.0,28556.0,38379
38381,9192.0,28429.0,38380
38382,9192.0,29006.0,38381
38383,9192.0,28886.0,38382
38384,9192.0,29473.0,38383
38385,9192.0,29310.0,38384
38386,9192.0,30096.0,38385
38387,9192.0,29869.0,38386
38388,9192.0,29140.0,38387
38389,9192.0,29140.0,38388
38390,9192.0,29714.0,38389
38391,9192.0,29857.0,38390
38392,9192.0,28626.0,38391
38393,9192.0,30253.0,38392
38394,9192.0,30022.0,38393
38395,9192.0,30129.0,38394
38396,9192.0,31054.0,38395
38397,9192.0,31594.0,38396
38398,9192.0,31571.0,38397
38399,9192.0,32581.0,38398
38400,9192.0,32678.0,38399
38401,9192.0,32586.0,38400
38402,9192.0,32593.0,38401
38403,9192.0,32474.0,38402
38404,9192.0,32265.0,38403
38405,9192.0,32373.0,38404
38406,9192.0,30751.0,38405
38407,9192.0,30889.0,38406
38408,9192.0,30999.0,38407
38409,9192.0,30685.0,38408
38410,9192.0,30833.0,38409
38411,9192.0,30930.0,38410
38412,9192.0,29484.0,38411
38413,9192.0,29187.0,38412
38414,9192.0,29243.0,38413
38415,9192.0,29054.0,38414
38416,9192.0,29005.0,38415
38417,9192.0,29163.0,38416
38418,9192.0,29180.0,38417
38419,9192.0,29231.0,38418
38420,9192.0,28887.0,38419
38421,9192.0,28695.0,38420
38422,9192.0,28688.0,38421
38423,9192.0,29026.0,38422
38424,9192.0,27318.0,38423
38425,9192.0,27780.0,38424
38426,9192.0,28989.0,38425
38427,9192.0,29108.0,38426
38428,9192.0,31060.0,38427
38429,9192.0,30247.0,38428
38430,9192.0,30308.0,38429
38431,9192.0,29863.0,38430
38432,9192.0,29776.0,38431
38433,9192.0,29960.0,38432
38434,9192.0,29986.0,38433
38435,9192.0,29670.0,38434
38436,9192.0,29652.0,38435
38437,9192.0,29897.0,38436
38438,9192.0,29901.0,38437
38439,9192.0,29245.0,38438
38440,9192.0,29724.0,38439
38441,9192.0,29903.0,38440
38442,9192.0,29880.0,38441
38443,9192.0,29647.0,38442
38444,9192.0,29647.0,38443
38445,9192.0,29646.0,38444
38446,9192.0,28417.0,38445
38447,9192.0,28044.0,38446
38448,9192.0,27152.0,38447
38449,9192.0,27007.0,38448
38450,9192.0,28085.0,38449
38451,9192.0,27967.0,38450
38452,9192.0,27873.0,38451
38453,9192.0,27992.0,38452
38454,9192.0,27438.0,38453
38455,9192.0,27438.0,38454
38456,9192.0,29118.0,38455
38457,9192.0,28560.0,38456
38458,9192.0,29026.0,38457
38459,9192.0,28473.0,38458
38460,9192.0,29523.0,38459
38461,9192.0,29519.0,38460
38462,9192.0,29884.0,38461
38463,9192.0,30157.0,38462
38464,9192.0,30272.0,38463
38465,9192.0,30191.0,38464
38466,9192.0,30265.0,38465
38467,9192.0,30694.0,38466
38468,9192.0,30377.0,38467
38469,9192.0,31025.0,38468
38470,9192.0,30717.0,38469
38471,9192.0,31544.0,38470
38472,9192.0,31916.0,38471
38473,9192.0,31924.0,38472
38474,9192.0,32080.0,38473
38475,9192.0,31918.0,38474
38476,9192.0,32349.0,38475
38477,9192.0,32250.0,38476
38478,9192.0,32049.0,38477
38479,9192.0,32195.0,38478
38480,9192.0,31143.0,38479
38481,9192.0,30668.0,38480
38482,9192.0,30668.0,38481
38483,9192.0,31341.0,38482
38484,9192.0,31276.0,38483
38485,9192.0,31160.0,38484
38486,9192.0,31867.0,38485
38487,9192.0,31861.0,38486
38488,9192.0,32121.0,38487
38489,9192.0,32484.0,38488
38490,9192.0,32241.0,38489
38491,9192.0,32142.0,38490
38492,9192.0,32208.0,38491
38493,9192.0,33557.0,38492
38494,9192.0,33511.0,38493
38495,9192.0,34157.0,38494
38496,9192.0,33704.0,38495
38497,9192.0,33703.0,38496
38498,9192.0,34058.0,38497
38499,9192.0,33881.0,38498
38500,9192.0,34014.0,38499
38501,9192.0,34129.0,38500
38502,9192.0,34464.0,38501
38503,9192.0,34160.0,38502
38504,9192.0,33788.0,38503
38505,9192.0,32866.0,38504
38506,9192.0,33052.0,38505
38507,9192.0,32634.0,38506
38508,9192.0,31958.0,38507
38509,9192.0,32628.0,38508
38510,9192.0,32771.0,38509
38511,9192.0,32891.0,38510
38512,9192.0,32899.0,38511
38513,9192.0,32897.0,38512
38514,9192.0,33239.0,38513
38515,9192.0,33544.0,38514
38516,9192.0,33674.0,38515
38517,9192.0,32111.0,38516
38518,9192.0,31185.0,38517
38519,9192.0,31210.0,38518
38520,9192.0,31061.0,38519
38521,9192.0,31298.0,38520
38522,9192.0,31306.0,38521
38523,9192.0,32358.0,38522
38524,9192.0,32304.0,38523
38525,9192.0,32352.0,38524
38526,9192.0,32040.0,38525
38527,9192.0,31571.0,38526
38528,9192.0,31661.0,38527
38529,9192.0,31360.0,38528
38530,9192.0,31262.0,38529
38531,9192.0,31235.0,38530
38532,9192.0,30487.0,38531
38533,9192.0,30398.0,38532
38534,9192.0,30568.0,38533
38535,9192.0,30684.0,38534
38536,9192.0,29638.0,38535
38537,9192.0,30408.0,38536
38538,9192.0,29236.0,38537
38539,9192.0,29599.0,38538
38540,9192.0,29599.0,38539
38541,9192.0,29599.0,38540
38542,9192.0,28926.0,38541
38543,9192.0,30519.0,38542
38544,9192.0,30374.0,38543
38545,9192.0,30201.0,38544
38546,9192.0,30198.0,38545
38547,9192.0,29911.0,38546
38548,9192.0,29616.0,38547
38549,9192.0,29616.0,38548
38550,9192.0,29532.0,38549
38551,9192.0,29647.0,38550
38552,9192.0,30500.0,38551
38553,9192.0,30606.0,38552
38554,9192.0,30691.0,38553
38555,9192.0,30593.0,38554
38556,9192.0,30631.0,38555
38557,9192.0,30660.0,38556
38558,9192.0,30660.0,38557
38559,9192.0,30370.0,38558
38560,9192.0,29977.0,38559
38561,9192.0,29709.0,38560
38562,9192.0,29563.0,38561
38563,9192.0,29022.0,38562
38564,9192.0,28492.0,38563
38565,9192.0,27973.0,38564
38566,9192.0,27752.0,38565
38567,9192.0,28221.0,38566
38568,9192.0,28221.0,38567
38569,9192.0,28138.0,38568
38570,9192.0,29103.0,38569
38571,9192.0,28707.0,38570
38572,9192.0,28745.0,38571
38573,9192.0,27850.0,38572
38574,9192.0,27923.0,38573
38575,9192.0,27977.0,38574
38576,9192.0,27745.0,38575
38577,9192.0,27721.0,38576
38578,9192.0,27975.0,38577
38579,9192.0,27882.0,38578
38580,9192.0,28688.0,38579
38581,9192.0,28335.0,38580
38582,9192.0,28833.0,38581
38583,9192.0,28253.0,38582
38584,9192.0,28253.0,38583
38585,9192.0,28111.0,38584
38586,9192.0,28235.0,38585
38587,9192.0,25726.0,38586
38588,9192.0,25968.0,38587
38589,9192.0,24504.0,38588
38590,9192.0,24053.0,38589
38591,9192.0,24053.0,38590
38592,9192.0,24721.0,38591
38593,9192.0,24669.0,38592
38594,9192.0,24566.0,38593
38595,9192.0,24911.0,38594
38596,9192.0,25252.0,38595
38597,9192.0,25252.0,38596
38598,9192.0,26327.0,38597
38599,9192.0,26135.0,38598
38600,9192.0,27531.0,38599
38601,9192.0,27531.0,38600
38602,9192.0,27829.0,38601
38603,9192.0,27822.0,38602
38604,9192.0,27902.0,38603
38605,9192.0,27899.0,38604
38606,9192.0,28637.0,38605
38607,9192.0,28864.0,38606
38608,9192.0,28944.0,38607
38609,9192.0,29303.0,38608
38610,9192.0,29108.0,38609
38611,9192.0,29236.0,38610
38612,9192.0,29927.0,38611
38613,9192.0,31396.0,38612
38614,9192.0,30914.0,38613
38615,9192.0,30913.0,38614
38616,9192.0,30941.0,38615
38617,9192.0,31114.0,38616
38618,9192.0,30938.0,38617
38619,9192.0,29682.0,38618
38620,9192.0,28938.0,38619
38621,9192.0,28619.0,38620
38622,9192.0,28572.0,38621
38623,9192.0,28655.0,38622
38624,9192.0,28349.0,38623
38625,9192.0,28432.0,38624
38626,9192.0,28412.0,38625
38627,9192.0,28370.0,38626
38628,9192.0,28213.0,38627
38629,9192.0,28218.0,38628
38630,9192.0,26760.0,38629
38631,9192.0,26627.0,38630
38632,9192.0,26681.0,38631
38633,9192.0,26629.0,38632
38634,9192.0,27649.0,38633
38635,9192.0,27649.0,38634
38636,9192.0,27340.0,38635
38637,9192.0,28235.0,38636
38638,9192.0,27157.0,38637
38639,9192.0,27419.0,38638
38640,9192.0,28164.0,38639
38641,9192.0,28052.0,38640
38642,9192.0,27672.0,38641
38643,9192.0,27460.0,38642
38644,9192.0,28025.0,38643
38645,9192.0,29083.0,38644
38646,9192.0,29454.0,38645
38647,9192.0,29015.0,38646
38648,9192.0,29294.0,38647
38649,9192.0,29691.0,38648
38650,9192.0,28950.0,38649
38651,9192.0,29084.0,38650
38652,9192.0,28356.0,38651
38653,9192.0,28440.0,38652
38654,9192.0,28115.0,38653
38655,9192.0,28259.0,38654
38656,9192.0,28259.0,38655
38657,9192.0,28259.0,38656
38658,9192.0,28036.0,38657
38659,9192.0,27794.0,38658
38660,9192.0,27930.0,38659
38661,9192.0,28068.0,38660
38662,9192.0,27357.0,38661
38663,9192.0,27448.0,38662
38664,9192.0,27313.0,38663
38665,9192.0,27313.0,38664
38666,9192.0,27464.0,38665
38667,9192.0,27617.0,38666
38668,9192.0,27747.0,38667
38669,9192.0,27709.0,38668
38670,9192.0,27349.0,38669
38671,9192.0,27334.0,38670
38672,9192.0,27952.0,38671
38673,9192.0,27944.0,38672
38674,9192.0,27831.0,38673
38675,9192.0,27797.0,38674
38676,9192.0,27747.0,38675
38677,9192.0,27750.0,38676
38678,9192.0,27430.0,38677
38679,9192.0,27038.0,38678
38680,9192.0,27666.0,38679
38681,9192.0,27695.0,38680
38682,9192.0,27726.0,38681
38683,9192.0,27754.0,38682
38684,9192.0,27726.0,38683
38685,9192.0,27573.0,38684
38686,9192.0,27297.0,38685
38687,9192.0,27321.0,38686
38688,9192.0,28178.0,38687
38689,9192.0,27831.0,38688
38690,9192.0,28106.0,38689
38691,9192.0,28080.0,38690
38692,9192.0,27050.0,38691
38693,9192.0,27342.0,38692
38694,9192.0,27133.0,38693
38695,9192.0,26909.0,38694
38696,9192.0,27058.0,38695
38697,9192.0,26865.0,38696
38698,9192.0,27073.0,38697
38699,9192.0,26890.0,38698
38700,9192.0,26796.0,38699
38701,9192.0,26553.0,38700
38702,9192.0,26495.0,38701
38703,9192.0,26009.0,38702
38704,9192.0,26258.0,38703
38705,9192.0,25870.0,38704
38706,9192.0,26126.0,38705
38707,9192.0,25563.0,38706
38708,9192.0,25641.0,38707
38709,9192.0,25317.0,38708
38710,9192.0,25524.0,38709
38711,9192.0,27270.0,38710
38712,9192.0,27296.0,38711
38713,9192.0,26711.0,38712
38714,9192.0,27425.0,38713
38715,9192.0,27859.0,38714
38716,9192.0,28797.0,38715
38717,9192.0,28925.0,38716
38718,9192.0,27974.0,38717
38719,9192.0,27819.0,38718
38720,9192.0,28511.0,38719
38721,9192.0,28295.0,38720
38722,9192.0,28377.0,38721
38723,9192.0,28295.0,38722
38724,9192.0,28872.0,38723
38725,9192.0,30514.0,38724
38726,9192.0,30591.0,38725
38727,9192.0,30679.0,38726
38728,9192.0,31047.0,38727
38729,9192.0,30705.0,38728
38730,9192.0,30595.0,38729
38731,9192.0,30122.0,38730
38732,9192.0,29736.0,38731
38733,9192.0,29912.0,38732
38734,9192.0,30466.0,38733
38735,9192.0,30512.0,38734
38736,9192.0,30110.0,38735
38737,9192.0,30304.0,38736
38738,9192.0,30191.0,38737
38739,9192.0,30266.0,38738
38740,9192.0,30415.0,38739
38741,9192.0,30619.0,38740
38742,9192.0,30175.0,38741
38743,9192.0,30428.0,38742
38744,9192.0,30361.0,38743
38745,9192.0,30370.0,38744
38746,9192.0,29999.0,38745
38747,9192.0,30521.0,38746
38748,9192.0,30602.0,38747
38749,9192.0,29979.0,38748
38750,9192.0,29338.0,38749
38751,9192.0,29491.0,38750
38752,9192.0,29776.0,38751
38753,9192.0,29827.0,38752
38754,9192.0,30364.0,38753
38755,9192.0,30255.0,38754
38756,9192.0,28837.0,38755
38757,9192.0,28772.0,38756
38758,9192.0,28560.0,38757
38759,9192.0,29229.0,38758
38760,9192.0,29239.0,38759
38761,9192.0,28926.0,38760
38762,9192.0,29008.0,38761
38763,9192.0,29041.0,38762
38764,9192.0,28806.0,38763
38765,9192.0,29127.0,38764
38766,9192.0,29059.0,38765
38767,9192.0,28870.0,38766
38768,9192.0,28719.0,38767
38769,9192.0,28719.0,38768
38770,9192.0,28464.0,38769
38771,9192.0,28464.0,38770
38772,9192.0,28464.0,38771
38773,9192.0,28229.0,38772
38774,9192.0,27905.0,38773
38775,9192.0,29039.0,38774
38776,9192.0,28568.0,38775
38777,9192.0,28628.0,38776
38778,9192.0,28628.0,38777
38779,9192.0,28565.0,38778
38780,9192.0,28959.0,38779
38781,9192.0,29220.0,38780
38782,9192.0,29785.0,38781
38783,9192.0,30463.0,38782
38784,9192.0,29392.0,38783
38785,9192.0,28563.0,38784
38786,9192.0,28351.0,38785
38787,9192.0,28944.0,38786
38788,9192.0,29270.0,38787
38789,9192.0,29171.0,38788
38790,9192.0,29242.0,38789
38791,9192.0,29496.0,38790
38792,9192.0,30035.0,38791
38793,9192.0,30065.0,38792
38794,9192.0,30333.0,38793
38795,9192.0,30496.0,38794
38796,9192.0,30470.0,38795
38797,9192.0,30824.0,38796
38798,9192.0,30728.0,38797
38799,9192.0,30671.0,38798
38800,9192.0,30562.0,38799
38801,9192.0,30634.0,38800
38802,9192.0,31045.0,38801
38803,9192.0,30898.0,38802
38804,9192.0,30837.0,38803
38805,9192.0,30639.0,38804
38806,9192.0,30903.0,38805
38807,9192.0,30881.0,38806
38808,9192.0,30660.0,38807
38809,9192.0,30405.0,38808
38810,9192.0,30477.0,38809
38811,9192.0,30529.0,38810
38812,9192.0,30406.0,38811
38813,9192.0,30410.0,38812
38814,9192.0,30289.0,38813
38815,9192.0,30898.0,38814
38816,9192.0,31501.0,38815
38817,9192.0,31501.0,38816
38818,9192.0,31556.0,38817
38819,9192.0,30240.0,38818
38820,9192.0,30136.0,38819
38821,9192.0,30132.0,38820
38822,9192.0,30013.0,38821
38823,9192.0,29424.0,38822
38824,9192.0,31073.0,38823
38825,9192.0,31058.0,38824
38826,9192.0,30949.0,38825
38827,9192.0,30939.0,38826
38828,9192.0,30453.0,38827
38829,9192.0,30697.0,38828
38830,9192.0,30602.0,38829
38831,9192.0,30487.0,38830
38832,9192.0,29701.0,38831
38833,9192.0,29701.0,38832
38834,9192.0,29233.0,38833
38835,9192.0,29752.0,38834
38836,9192.0,29752.0,38835
38837,9192.0,29647.0,38836
38838,9192.0,29986.0,38837
38839,9192.0,29986.0,38838
38840,9192.0,30200.0,38839
38841,9192.0,31124.0,38840
38842,9192.0,31124.0,38841
38843,9192.0,30890.0,38842
38844,9192.0,30993.0,38843
38845,9192.0,31393.0,38844
38846,9192.0,32367.0,38845
38847,9192.0,32716.0,38846
38848,9192.0,33000.0,38847
38849,9192.0,32954.0,38848
38850,9192.0,31661.0,38849
38851,9192.0,31269.0,38850
38852,9192.0,30826.0,38851
38853,9192.0,30991.0,38852
38854,9192.0,31584.0,38853
38855,9192.0,31582.0,38854
38856,9192.0,31268.0,38855
38857,9192.0,30951.0,38856
38858,9192.0,31259.0,38857
38859,9192.0,31292.0,38858
38860,9192.0,31272.0,38859
38861,9192.0,31198.0,38860
38862,9192.0,30953.0,38861
38863,9192.0,29649.0,38862
38864,9192.0,29617.0,38863
38865,9192.0,29726.0,38864
38866,9192.0,29770.0,38865
38867,9192.0,29770.0,38866
38868,9192.0,29770.0,38867
38869,9192.0,30145.0,38868
38870,9192.0,30414.0,38869
38871,9192.0,30114.0,38870
38872,9192.0,31068.0,38871
38873,9192.0,30940.0,38872
38874,9192.0,30940.0,38873
38875,9192.0,30203.0,38874
38876,9192.0,28819.0,38875
38877,9192.0,29031.0,38876
38878,9192.0,28562.0,38877
38879,9192.0,28634.0,38878
38880,9192.0,28700.0,38879
38881,9192.0,28549.0,38880
38882,9192.0,29476.0,38881
38883,9192.0,29559.0,38882
38884,9192.0,29598.0,38883
38885,9192.0,29628.0,38884
38886,9192.0,29561.0,38885
38887,9192.0,29484.0,38886
38888,9192.0,29556.0,38887
38889,9192.0,29166.0,38888
38890,9192.0,29166.0,38889
38891,9192.0,27588.0,38890
38892,9192.0,28165.0,38891
38893,9192.0,27691.0,38892
38894,9192.0,27423.0,38893
38895,9192.0,26157.0,38894
38896,9192.0,25757.0,38895
38897,9192.0,25757.0,38896
38898,9192.0,25712.0,38897
38899,9192.0,25382.0,38898
38900,9192.0,25098.0,38899
38901,9192.0,25567.0,38900
38902,9192.0,25723.0,38901
38903,9192.0,25399.0,38902
38904,9192.0,25943.0,38903
38905,9192.0,25943.0,38904
38906,9192.0,26881.0,38905
38907,9192.0,27341.0,38906
38908,9192.0,27897.0,38907
38909,9192.0,28170.0,38908
38910,9192.0,28170.0,38909
38911,9192.0,28057.0,38910
38912,9192.0,28162.0,38911
38913,9192.0,28720.0,38912
38914,9192.0,27916.0,38913
38915,9192.0,27510.0,38914
38916,9192.0,27596.0,38915
38917,9192.0,28033.0,38916
38918,9192.0,28342.0,38917
38919,9192.0,28247.0,38918
38920,9192.0,28247.0,38919
38921,9192.0,28725.0,38920
38922,9192.0,28725.0,38921
38923,9192.0,28868.0,38922
38924,9192.0,28647.0,38923
38925,9192.0,27934.0,38924
38926,9192.0,27815.0,38925
38927,9192.0,28579.0,38926
38928,9192.0,28804.0,38927
38929,9192.0,28633.0,38928
38930,9192.0,27972.0,38929
38931,9192.0,27972.0,38930
38932,9192.0,27161.0,38931
38933,9192.0,27538.0,38932
38934,9192.0,26963.0,38933
38935,9192.0,27065.0,38934
38936,9192.0,27065.0,38935
38937,9192.0,26702.0,38936
38938,9192.0,26647.0,38937
38939,9192.0,26626.0,38938
38940,9192.0,26620.0,38939
38941,9192.0,26931.0,38940
38942,9192.0,26790.0,38941
38943,9192.0,26746.0,38942
38944,9192.0,26732.0,38943
38945,9192.0,28281.0,38944
38946,9192.0,27507.0,38945
38947,9192.0,27481.0,38946
38948,9192.0,27743.0,38947
38949,9192.0,27267.0,38948
38950,9192.0,26170.0,38949
38951,9192.0,26170.0,38950
38952,9192.0,27688.0,38951
38953,9192.0,27671.0,38952
38954,9192.0,27690.0,38953
38955,9192.0,27976.0,38954
38956,9192.0,27966.0,38955
38957,9192.0,27832.0,38956
38958,9192.0,27695.0,38957
38959,9192.0,27424.0,38958
38960,9192.0,27456.0,38959
38961,9192.0,27083.0,38960
38962,9192.0,26943.0,38961
38963,9192.0,26527.0,38962
38964,9192.0,26641.0,38963
38965,9192.0,26757.0,38964
38966,9192.0,26248.0,38965
38967,9192.0,26248.0,38966
38968,9192.0,26363.0,38967
38969,9192.0,26243.0,38968
38970,9192.0,26243.0,38969
38971,9192.0,26011.0,38970
38972,9192.0,26108.0,38971
38973,9192.0,25998.0,38972
38974,9192.0,26266.0,38973
38975,9192.0,26373.0,38974
38976,9192.0,27572.0,38975
38977,9192.0,27469.0,38976
38978,9192.0,27527.0,38977
38979,9192.0,28022.0,38978
38980,9192.0,28011.0,38979
38981,9192.0,27583.0,38980
38982,9192.0,27906.0,38981
38983,9192.0,27855.0,38982
38984,9192.0,28441.0,38983
38985,9192.0,28952.0,38984
38986,9192.0,28326.0,38985
38987,9192.0,28331.0,38986
38988,9192.0,28382.0,38987
38989,9192.0,28955.0,38988
38990,9192.0,29219.0,38989
38991,9192.0,29287.0,38990
38992,9192.0,29251.0,38991
38993,9192.0,29357.0,38992
38994,9192.0,29602.0,38993
38995,9192.0,30091.0,38994
38996,9192.0,30010.0,38995
38997,9192.0,30272.0,38996
38998,9192.0,30262.0,38997
38999,9192.0,30972.0,38998
39000,9192.0,31504.0,38999
39001,9192.0,31102.0,39000
39002,9192.0,31248.0,39001
39003,9192.0,31374.0,39002
39004,9192.0,31448.0,39003
39005,9192.0,31243.0,39004
39006,9192.0,31495.0,39005
39007,9192.0,31420.0,39006
39008,9192.0,31711.0,39007
39009,9192.0,31875.0,39008
39010,9192.0,31470.0,39009
39011,9192.0,31259.0,39010
39012,9192.0,30867.0,39011
39013,9192.0,30349.0,39012
39014,9192.0,30565.0,39013
39015,9192.0,29725.0,39014
39016,9192.0,29725.0,39015
39017,9192.0,30215.0,39016
39018,9192.0,29991.0,39017
39019,9192.0,30043.0,39018
39020,9192.0,30032.0,39019
39021,9192.0,30110.0,39020
39022,9192.0,30259.0,39021
39023,9192.0,29952.0,39022
39024,9192.0,29722.0,39023
39025,9192.0,30190.0,39024
39026,9192.0,29955.0,39025
39027,9192.0,29978.0,39026
39028,9192.0,29978.0,39027
39029,9192.0,30374.0,39028
39030,9192.0,30212.0,39029
39031,9192.0,30411.0,39030
39032,9192.0,30459.0,39031
39033,9192.0,30443.0,39032
39034,9192.0,30522.0,39033
39035,9192.0,30571.0,39034
39036,9192.0,29620.0,39035
39037,9192.0,29859.0,39036
39038,9192.0,29814.0,39037
39039,9192.0,30974.0,39038
39040,9192.0,30972.0,39039
39041,9192.0,29918.0,39040
39042,9192.0,29945.0,39041
39043,9192.0,29668.0,39042
39044,9192.0,29697.0,39043
39045,9192.0,29890.0,39044
39046,9192.0,29869.0,39045
39047,9192.0,29664.0,39046
39048,9192.0,28885.0,39047
39049,9192.0,28779.0,39048
39050,9192.0,28642.0,39049
39051,9192.0,28395.0,39050
39052,9192.0,28357.0,39051
39053,9192.0,29146.0,39052
39054,9192.0,29287.0,39053
39055,9192.0,29250.0,39054
39056,9192.0,29042.0,39055
39057,9192.0,29206.0,39056
39058,9192.0,29021.0,39057
39059,9192.0,29042.0,39058
39060,9192.0,28917.0,39059
39061,9192.0,28551.0,39060
39062,9192.0,28551.0,39061
39063,9192.0,27929.0,39062
39064,9192.0,28299.0,39063
39065,9192.0,28443.0,39064
39066,9192.0,28562.0,39065
39067,9192.0,29592.0,39066
39068,9192.0,29592.0,39067
39069,9192.0,29534.0,39068
39070,9192.0,29534.0,39069
39071,9192.0,29154.0,39070
39072,9192.0,29797.0,39071
39073,9192.0,30258.0,39072
39074,9192.0,30163.0,39073
39075,9192.0,31409.0,39074
39076,9192.0,31492.0,39075
39077,9192.0,31013.0,39076
39078,9192.0,30906.0,39077
39079,9192.0,30966.0,39078
39080,9192.0,31224.0,39079
39081,9192.0,31044.0,39080
39082,9192.0,31186.0,39081
39083,9192.0,31117.0,39082
39084,9192.0,30985.0,39083
39085,9192.0,30149.0,39084
39086,9192.0,30251.0,39085
39087,9192.0,30520.0,39086
39088,9192.0,30861.0,39087
39089,9192.0,30853.0,39088
39090,9192.0,30845.0,39089
39091,9192.0,30978.0,39090
39092,9192.0,31135.0,39091
39093,9192.0,30967.0,39092
39094,9192.0,31163.0,39093
39095,9192.0,30703.0,39094
39096,9192.0,31671.0,39095
39097,9192.0,31215.0,39096
39098,9192.0,31082.0,39097
39099,9192.0,31155.0,39098
39100,9192.0,31127.0,39099
39101,9192.0,30751.0,39100
39102,9192.0,30995.0,39101
39103,9192.0,31443.0,39102
39104,9192.0,30390.0,39103
39105,9192.0,30412.0,39104
39106,9192.0,30412.0,39105
39107,9192.0,30361.0,39106
39108,9192.0,30336.0,39107
39109,9192.0,29787.0,39108
39110,9192.0,29914.0,39109
39111,9192.0,29880.0,39110
39112,9192.0,29881.0,39111
39113,9192.0,30252.0,39112
39114,9192.0,29547.0,39113
39115,9192.0,29532.0,39114
39116,9192.0,29307.0,39115
39117,9192.0,29307.0,39116
39118,9192.0,29305.0,39117
39119,9192.0,29615.0,39118
39120,9192.0,29529.0,39119
39121,9192.0,29312.0,39120
39122,9192.0,28992.0,39121
39123,9192.0,29558.0,39122
39124,9192.0,29586.0,39123
39125,9192.0,31249.0,39124
39126,9192.0,31531.0,39125
39127,9192.0,31607.0,39126
39128,9192.0,30145.0,39127
39129,9192.0,29668.0,39128
39130,9192.0,29327.0,39129
39131,9192.0,28243.0,39130
39132,9192.0,28243.0,39131
39133,9192.0,28426.0,39132
39134,9192.0,28094.0,39133
39135,9192.0,28683.0,39134
39136,9192.0,28568.0,39135
39137,9192.0,27666.0,39136
39138,9192.0,28558.0,39137
39139,9192.0,28594.0,39138
39140,9192.0,29151.0,39139
39141,9192.0,29157.0,39140
39142,9192.0,29195.0,39141
39143,9192.0,29314.0,39142
39144,9192.0,28252.0,39143
39145,9192.0,28116.0,39144
39146,9192.0,28067.0,39145
39147,9192.0,28067.0,39146
39148,9192.0,29009.0,39147
39149,9192.0,28658.0,39148
39150,9192.0,28767.0,39149
39151,9192.0,28037.0,39150
39152,9192.0,28063.0,39151
39153,9192.0,28040.0,39152
39154,9192.0,30899.0,39153
39155,9192.0,31207.0,39154
39156,9192.0,31250.0,39155
39157,9192.0,31319.0,39156
39158,9192.0,31197.0,39157
39159,9192.0,31804.0,39158
39160,9192.0,31873.0,39159
39161,9192.0,31047.0,39160
39162,9192.0,31076.0,39161
39163,9192.0,31212.0,39162
39164,9192.0,31004.0,39163
39165,9192.0,31031.0,39164
39166,9192.0,31190.0,39165
39167,9192.0,30451.0,39166
39168,9192.0,30412.0,39167
39169,9192.0,30347.0,39168
39170,9192.0,30570.0,39169
39171,9192.0,30550.0,39170
39172,9192.0,30381.0,39171
39173,9192.0,31110.0,39172
39174,9192.0,31330.0,39173
39175,9192.0,31345.0,39174
39176,9192.0,31142.0,39175
39177,9192.0,31026.0,39176
39178,9192.0,30840.0,39177
39179,9192.0,31050.0,39178
39180,9192.0,30811.0,39179
39181,9192.0,30761.0,39180
39182,9192.0,31167.0,39181
39183,9192.0,31319.0,39182
39184,9192.0,31071.0,39183
39185,9192.0,31564.0,39184
39186,9192.0,30329.0,39185
39187,9192.0,30635.0,39186
39188,9192.0,30679.0,39187
39189,9192.0,30679.0,39188
39190,9192.0,30411.0,39189
39191,9192.0,30411.0,39190
39192,9192.0,30628.0,39191
39193,9192.0,30628.0,39192
39194,9192.0,30587.0,39193
39195,9192.0,30363.0,39194
39196,9192.0,30458.0,39195
39197,9192.0,31401.0,39196
39198,9192.0,31529.0,39197
39199,9192.0,31549.0,39198
39200,9192.0,31832.0,39199
39201,9192.0,31782.0,39200
39202,9192.0,31794.0,39201
39203,9192.0,31832.0,39202
39204,9192.0,31690.0,39203
39205,9192.0,31774.0,39204
39206,9192.0,31712.0,39205
39207,9192.0,31234.0,39206
39208,9192.0,31951.0,39207
39209,9192.0,32353.0,39208
39210,9192.0,32445.0,39209
39211,9192.0,32449.0,39210
39212,9192.0,32186.0,39211
39213,9192.0,31966.0,39212
39214,9192.0,31203.0,39213
39215,9192.0,31192.0,39214
39216,9192.0,31558.0,39215
39217,9192.0,31470.0,39216
39218,9192.0,31266.0,39217
39219,9192.0,31138.0,39218
39220,9192.0,31138.0,39219
39221,9192.0,31138.0,39220
39222,9192.0,32141.0,39221
39223,9192.0,32192.0,39222
39224,9192.0,31227.0,39223
39225,9192.0,31020.0,39224
39226,9192.0,30674.0,39225
39227,9192.0,30551.0,39226
39228,9192.0,30248.0,39227
39229,9192.0,31134.0,39228
39230,9192.0,31006.0,39229
39231,9192.0,31122.0,39230
39232,9192.0,31122.0,39231
39233,9192.0,31190.0,39232
39234,9192.0,31190.0,39233
39235,9192.0,31039.0,39234
39236,9192.0,31422.0,39235
39237,9192.0,30353.0,39236
39238,9192.0,30142.0,39237
39239,9192.0,29827.0,39238
39240,9192.0,28614.0,39239
39241,9192.0,28552.0,39240
39242,9192.0,28415.0,39241
39243,9192.0,29263.0,39242
39244,9192.0,29859.0,39243
39245,9192.0,29853.0,39244
39246,9192.0,29759.0,39245
39247,9192.0,29635.0,39246
39248,9192.0,29670.0,39247
39249,9192.0,29694.0,39248
39250,9192.0,29438.0,39249
39251,9192.0,29232.0,39250
39252,9192.0,29253.0,39251
39253,9192.0,29065.0,39252
39254,9192.0,29048.0,39253
39255,9192.0,29048.0,39254
39256,9192.0,28800.0,39255
39257,9192.0,28812.0,39256
39258,9192.0,28595.0,39257
39259,9192.0,28239.0,39258
39260,9192.0,27734.0,39259
39261,9192.0,27991.0,39260
39262,9192.0,27971.0,39261
39263,9192.0,28093.0,39262
39264,9192.0,28093.0,39263
39265,9192.0,27832.0,39264
39266,9192.0,27784.0,39265
39267,9192.0,28039.0,39266
39268,9192.0,28155.0,39267
39269,9192.0,28619.0,39268
39270,9192.0,28619.0,39269
39271,9192.0,28256.0,39270
39272,9192.0,27967.0,39271
39273,9192.0,28333.0,39272
39274,9192.0,27946.0,39273
39275,9192.0,27719.0,39274
39276,9192.0,27835.0,39275
39277,9192.0,27846.0,39276
39278,9192.0,26876.0,39277
39279,9192.0,26876.0,39278
39280,9192.0,28425.0,39279
39281,9192.0,28104.0,39280
39282,9192.0,28004.0,39281
39283,9192.0,27975.0,39282
39284,9192.0,27514.0,39283
39285,9192.0,27517.0,39284
39286,9192.0,27699.0,39285
39287,9192.0,27603.0,39286
39288,9192.0,27576.0,39287
39289,9192.0,27225.0,39288
39290,9192.0,26984.0,39289
39291,9192.0,27190.0,39290
39292,9192.0,27119.0,39291
39293,9192.0,27799.0,39292
39294,9192.0,27814.0,39293
39295,9192.0,27983.0,39294
39296,9192.0,27892.0,39295
39297,9192.0,27917.0,39296
39298,9192.0,27926.0,39297
39299,9192.0,27481.0,39298
39300,9192.0,28213.0,39299
39301,9192.0,28164.0,39300
39302,9192.0,28164.0,39301
39303,9192.0,27464.0,39302
39304,9192.0,27154.0,39303
39305,9192.0,26594.0,39304
39306,9192.0,26791.0,39305
39307,9192.0,26838.0,39306
39308,9192.0,26486.0,39307
39309,9192.0,25691.0,39308
39310,9192.0,25240.0,39309
39311,9192.0,25414.0,39310
39312,9192.0,25414.0,39311
39313,9192.0,26383.0,39312
39314,9192.0,26276.0,39313
39315,9192.0,26382.0,39314
39316,9192.0,26591.0,39315
39317,9192.0,26603.0,39316
39318,9192.0,26452.0,39317
39319,9192.0,26043.0,39318
39320,9192.0,26009.0,39319
39321,9192.0,25717.0,39320
39322,9192.0,25859.0,39321
39323,9192.0,25744.0,39322
39324,9192.0,26053.0,39323
39325,9192.0,26241.0,39324
39326,9192.0,26371.0,39325
39327,9192.0,26377.0,39326
39328,9192.0,26702.0,39327
39329,9192.0,26803.0,39328
39330,9192.0,26703.0,39329
39331,9192.0,27429.0,39330
39332,9192.0,27703.0,39331
39333,9192.0,28482.0,39332
39334,9192.0,28482.0,39333
39335,9192.0,28423.0,39334
39336,9192.0,28663.0,39335
39337,9192.0,28675.0,39336
39338,9192.0,29015.0,39337
39339,9192.0,29002.0,39338
39340,9192.0,29447.0,39339
39341,9192.0,29997.0,39340
39342,9192.0,30034.0,39341
39343,9192.0,30034.0,39342
39344,9192.0,29405.0,39343
39345,9192.0,29444.0,39344
39346,9192.0,29588.0,39345
39347,9192.0,29362.0,39346
39348,9192.0,29453.0,39347
39349,9192.0,28860.0,39348
39350,9192.0,29034.0,39349
39351,9192.0,29490.0,39350
39352,9192.0,29431.0,39351
39353,9192.0,29373.0,39352
39354,9192.0,29953.0,39353
39355,9192.0,29953.0,39354
39356,9192.0,29992.0,39355
39357,9192.0,29434.0,39356
39358,9192.0,29310.0,39357
39359,9192.0,28973.0,39358
39360,9192.0,28946.0,39359
39361,9192.0,28597.0,39360
39362,9192.0,28444.0,39361
39363,9192.0,28623.0,39362
39364,9192.0,28923.0,39363
39365,9192.0,28926.0,39364
39366,9192.0,28916.0,39365
39367,9192.0,28583.0,39366
39368,9192.0,27803.0,39367
39369,9192.0,27803.0,39368
39370,9192.0,27955.0,39369
39371,9192.0,27675.0,39370
39372,9192.0,27675.0,39371
39373,9192.0,27008.0,39372
39374,9192.0,26815.0,39373
39375,9192.0,26841.0,39374
39376,9192.0,26433.0,39375
39377,9192.0,26868.0,39376
39378,9192.0,27563.0,39377
39379,9192.0,27563.0,39378
39380,9192.0,27563.0,39379
39381,9192.0,27403.0,39380
39382,9192.0,27498.0,39381
39383,9192.0,28054.0,39382
39384,9192.0,27326.0,39383
39385,9192.0,27347.0,39384
39386,9192.0,27826.0,39385
39387,9192.0,29130.0,39386
39388,9192.0,29136.0,39387
39389,9192.0,29094.0,39388
39390,9192.0,29142.0,39389
39391,9192.0,29381.0,39390
39392,9192.0,29490.0,39391
39393,9192.0,29994.0,39392
39394,9192.0,28215.0,39393
39395,9192.0,29330.0,39394
39396,9192.0,29197.0,39395
39397,9192.0,29581.0,39396
39398,9192.0,29669.0,39397
39399,9192.0,29604.0,39398
39400,9192.0,29766.0,39399
39401,9192.0,29843.0,39400
39402,9192.0,31362.0,39401
39403,9192.0,32007.0,39402
39404,9192.0,31813.0,39403
39405,9192.0,31784.0,39404
39406,9192.0,31450.0,39405
39407,9192.0,31428.0,39406
39408,9192.0,31503.0,39407
39409,9192.0,31033.0,39408
39410,9192.0,29384.0,39409
39411,9192.0,29238.0,39410
39412,9192.0,29209.0,39411
39413,9192.0,29710.0,39412
39414,9192.0,29203.0,39413
39415,9192.0,30298.0,39414
39416,9192.0,29583.0,39415
39417,9192.0,29541.0,39416
39418,9192.0,29581.0,39417
39419,9192.0,29581.0,39418
39420,9192.0,29634.0,39419
39421,9192.0,30354.0,39420
39422,9192.0,30284.0,39421
39423,9192.0,29940.0,39422
39424,9192.0,29726.0,39423
39425,9192.0,29245.0,39424
39426,9192.0,28956.0,39425
39427,9192.0,28765.0,39426
39428,9192.0,28731.0,39427
39429,9192.0,28851.0,39428
39430,9192.0,28731.0,39429
39431,9192.0,28252.0,39430
39432,9192.0,28122.0,39431
39433,9192.0,29709.0,39432
39434,9192.0,29874.0,39433
39435,9192.0,29524.0,39434
39436,9192.0,28030.0,39435
39437,9192.0,28030.0,39436
39438,9192.0,28030.0,39437
39439,9192.0,28013.0,39438
39440,9192.0,28211.0,39439
39441,9192.0,28211.0,39440
39442,9192.0,27924.0,39441
39443,9192.0,28063.0,39442
39444,9192.0,26728.0,39443
39445,9192.0,27403.0,39444
39446,9192.0,27247.0,39445
39447,9192.0,27509.0,39446
39448,9192.0,27512.0,39447
39449,9192.0,27962.0,39448
39450,9192.0,27811.0,39449
39451,9192.0,27350.0,39450
39452,9192.0,28133.0,39451
39453,9192.0,28167.0,39452
39454,9192.0,28098.0,39453
39455,9192.0,27976.0,39454
39456,9192.0,27548.0,39455
39457,9192.0,27674.0,39456
39458,9192.0,27836.0,39457
39459,9192.0,27868.0,39458
39460,9192.0,28671.0,39459
39461,9192.0,28185.0,39460
39462,9192.0,28185.0,39461
39463,9192.0,28120.0,39462
39464,9192.0,28605.0,39463
39465,9192.0,28529.0,39464
39466,9192.0,26970.0,39465
39467,9192.0,27107.0,39466
39468,9192.0,27572.0,39467
39469,9192.0,28362.0,39468
39470,9192.0,27434.0,39469
39471,9192.0,28126.0,39470
39472,9192.0,28671.0,39471
39473,9192.0,28844.0,39472
39474,9192.0,28940.0,39473
39475,9192.0,29405.0,39474
39476,9192.0,29437.0,39475
39477,9192.0,29394.0,39476
39478,9192.0,28820.0,39477
39479,9192.0,29532.0,39478
39480,9192.0,31457.0,39479
39481,9192.0,31577.0,39480
39482,9192.0,31592.0,39481
39483,9192.0,31650.0,39482
39484,9192.0,30239.0,39483
39485,9192.0,30114.0,39484
39486,9192.0,30332.0,39485
39487,9192.0,30665.0,39486
39488,9192.0,31007.0,39487
39489,9192.0,30398.0,39488
39490,9192.0,29429.0,39489
39491,9192.0,29377.0,39490
39492,9192.0,29377.0,39491
39493,9192.0,28855.0,39492
39494,9192.0,29466.0,39493
39495,9192.0,29912.0,39494
39496,9192.0,29915.0,39495
39497,9192.0,29311.0,39496
39498,9192.0,28983.0,39497
39499,9192.0,28984.0,39498
39500,9192.0,29895.0,39499
39501,9192.0,29901.0,39500
39502,9192.0,29501.0,39501
39503,9192.0,29368.0,39502
39504,9192.0,29368.0,39503
39505,9192.0,29222.0,39504
39506,9192.0,29276.0,39505
39507,9192.0,29864.0,39506
39508,9192.0,29792.0,39507
39509,9192.0,30328.0,39508
39510,9192.0,29800.0,39509
39511,9192.0,29834.0,39510
39512,9192.0,29834.0,39511
39513,9192.0,30243.0,39512
39514,9192.0,30464.0,39513
39515,9192.0,30440.0,39514
39516,9192.0,30423.0,39515
39517,9192.0,30480.0,39516
39518,9192.0,30356.0,39517
39519,9192.0,30370.0,39518
39520,9192.0,30415.0,39519
39521,9192.0,30403.0,39520
39522,9192.0,31225.0,39521
39523,9192.0,31509.0,39522
39524,9192.0,31831.0,39523
39525,9192.0,31276.0,39524
39526,9192.0,31044.0,39525
39527,9192.0,30843.0,39526
39528,9192.0,30870.0,39527
39529,9192.0,30325.0,39528
39530,9192.0,30045.0,39529
39531,9192.0,30047.0,39530
39532,9192.0,29942.0,39531
39533,9192.0,29540.0,39532
39534,9192.0,29719.0,39533
39535,9192.0,29309.0,39534
39536,9192.0,29309.0,39535
39537,9192.0,29625.0,39536
39538,9192.0,29634.0,39537
39539,9192.0,30040.0,39538
39540,9192.0,30764.0,39539
39541,9192.0,30764.0,39540
39542,9192.0,30362.0,39541
39543,9192.0,30431.0,39542
39544,9192.0,30678.0,39543
39545,9192.0,30667.0,39544
39546,9192.0,30641.0,39545
39547,9192.0,30718.0,39546
39548,9192.0,30718.0,39547
39549,9192.0,31337.0,39548
39550,9192.0,31187.0,39549
39551,9192.0,30718.0,39550
39552,9192.0,29608.0,39551
39553,9192.0,29669.0,39552
39554,9192.0,29983.0,39553
39555,9192.0,29664.0,39554
39556,9192.0,29498.0,39555
39557,9192.0,29021.0,39556
39558,9192.0,28946.0,39557
39559,9192.0,28986.0,39558
39560,9192.0,28952.0,39559
39561,9192.0,28940.0,39560
39562,9192.0,28955.0,39561
39563,9192.0,28924.0,39562
39564,9192.0,28439.0,39563
39565,9192.0,28682.0,39564
39566,9192.0,28638.0,39565
39567,9192.0,27685.0,39566
39568,9192.0,27892.0,39567
39569,9192.0,26160.0,39568
39570,9192.0,26148.0,39569
39571,9192.0,26154.0,39570
39572,9192.0,26529.0,39571
39573,9192.0,26516.0,39572
39574,9192.0,26510.0,39573
39575,9192.0,26396.0,39574
39576,9192.0,26396.0,39575
39577,9192.0,26473.0,39576
39578,9192.0,26584.0,39577
39579,9192.0,26584.0,39578
39580,9192.0,26946.0,39579
39581,9192.0,26938.0,39580
39582,9192.0,26938.0,39581
39583,9192.0,26756.0,39582
39584,9192.0,26552.0,39583
39585,9192.0,27399.0,39584
39586,9192.0,27405.0,39585
39587,9192.0,27217.0,39586
39588,9192.0,27399.0,39587
39589,9192.0,27399.0,39588
39590,9192.0,27133.0,39589
39591,9192.0,27512.0,39590
39592,9192.0,27711.0,39591
39593,9192.0,27161.0,39592
39594,9192.0,27161.0,39593
39595,9192.0,27534.0,39594
39596,9192.0,27534.0,39595
39597,9192.0,27342.0,39596
39598,9192.0,27374.0,39597
39599,9192.0,27436.0,39598
39600,9192.0,27947.0,39599
39601,9192.0,28068.0,39600
39602,9192.0,28069.0,39601
39603,9192.0,28668.0,39602
39604,9192.0,28231.0,39603
39605,9192.0,27692.0,39604
39606,9192.0,28049.0,39605
39607,9192.0,28297.0,39606
39608,9192.0,28164.0,39607
39609,9192.0,28164.0,39608
39610,9192.0,28230.0,39609
39611,9192.0,28899.0,39610
39612,9192.0,29386.0,39611
39613,9192.0,28801.0,39612
39614,9192.0,29111.0,39613
39615,9192.0,29576.0,39614
39616,9192.0,30290.0,39615
39617,9192.0,30410.0,39616
39618,9192.0,30408.0,39617
39619,9192.0,30308.0,39618
39620,9192.0,30260.0,39619
39621,9192.0,30271.0,39620
39622,9192.0,30258.0,39621
39623,9192.0,30258.0,39622
39624,9192.0,29990.0,39623
39625,9192.0,29194.0,39624
39626,9192.0,28932.0,39625
39627,9192.0,29852.0,39626
39628,9192.0,29870.0,39627
39629,9192.0,30871.0,39628
39630,9192.0,30745.0,39629
39631,9192.0,30693.0,39630
39632,9192.0,30615.0,39631
39633,9192.0,31088.0,39632
39634,9192.0,30470.0,39633
39635,9192.0,30447.0,39634
39636,9192.0,30198.0,39635
39637,9192.0,29786.0,39636
39638,9192.0,28608.0,39637
39639,9192.0,28885.0,39638
39640,9192.0,28552.0,39639
39641,9192.0,27693.0,39640
39642,9192.0,29065.0,39641
39643,9192.0,29094.0,39642
39644,9192.0,28860.0,39643
39645,9192.0,28134.0,39644
39646,9192.0,28092.0,39645
39647,9192.0,28224.0,39646
39648,9192.0,29092.0,39647
39649,9192.0,29377.0,39648
39650,9192.0,29703.0,39649
39651,9192.0,29235.0,39650
39652,9192.0,29549.0,39651
39653,9192.0,29400.0,39652
39654,9192.0,29533.0,39653
39655,9192.0,28775.0,39654
39656,9192.0,28723.0,39655
39657,9192.0,28856.0,39656
39658,9192.0,28796.0,39657
39659,9192.0,29532.0,39658
39660,9192.0,29212.0,39659
39661,9192.0,29212.0,39660
39662,9192.0,29674.0,39661
39663,9192.0,28993.0,39662
39664,9192.0,29239.0,39663
39665,9192.0,30084.0,39664
39666,9192.0,30028.0,39665
39667,9192.0,29333.0,39666
39668,9192.0,29172.0,39667
39669,9192.0,29172.0,39668
39670,9192.0,29173.0,39669
39671,9192.0,29308.0,39670
39672,9192.0,29975.0,39671
39673,9192.0,29606.0,39672
39674,9192.0,29490.0,39673
39675,9192.0,29868.0,39674
39676,9192.0,29142.0,39675
39677,9192.0,29102.0,39676
39678,9192.0,29050.0,39677
39679,9192.0,28732.0,39678
39680,9192.0,29372.0,39679
39681,9192.0,29350.0,39680
39682,9192.0,29312.0,39681
39683,9192.0,29311.0,39682
39684,9192.0,29455.0,39683
39685,9192.0,29289.0,39684
39686,9192.0,28325.0,39685
39687,9192.0,28319.0,39686
39688,9192.0,28889.0,39687
39689,9192.0,29564.0,39688
39690,9192.0,29341.0,39689
39691,9192.0,29337.0,39690
39692,9192.0,29425.0,39691
39693,9192.0,29228.0,39692
39694,9192.0,29228.0,39693
39695,9192.0,29360.0,39694
39696,9192.0,29104.0,39695
39697,9192.0,28947.0,39696
39698,9192.0,29603.0,39697
39699,9192.0,29558.0,39698
39700,9192.0,29884.0,39699
39701,9192.0,29448.0,39700
39702,9192.0,28251.0,39701
39703,9192.0,28208.0,39702
39704,9192.0,28208.0,39703
39705,9192.0,28208.0,39704
39706,9192.0,28208.0,39705
39707,9192.0,28256.0,39706
39708,9192.0,28194.0,39707
39709,9192.0,27844.0,39708
39710,9192.0,26403.0,39709
39711,9192.0,26904.0,39710
39712,9192.0,26826.0,39711
39713,9192.0,26534.0,39712
39714,9192.0,26496.0,39713
39715,9192.0,26610.0,39714
39716,9192.0,26494.0,39715
39717,9192.0,26171.0,39716
39718,9192.0,25934.0,39717
39719,9192.0,25932.0,39718
39720,9192.0,25934.0,39719
39721,9192.0,25420.0,39720
39722,9192.0,24687.0,39721
39723,9192.0,24490.0,39722
39724,9192.0,24490.0,39723
39725,9192.0,24716.0,39724
39726,9192.0,24947.0,39725
39727,9192.0,25254.0,39726
39728,9192.0,25114.0,39727
39729,9192.0,24663.0,39728
39730,9192.0,24627.0,39729
39731,9192.0,24971.0,39730
39732,9192.0,24971.0,39731
39733,9192.0,24983.0,39732
39734,9192.0,24983.0,39733
39735,9192.0,25148.0,39734
39736,9192.0,24565.0,39735
39737,9192.0,24601.0,39736
39738,9192.0,25508.0,39737
39739,9192.0,25428.0,39738
39740,9192.0,25479.0,39739
39741,9192.0,25778.0,39740
39742,9192.0,26058.0,39741
39743,9192.0,26383.0,39742
39744,9192.0,26120.0,39743
39745,9192.0,25924.0,39744
39746,9192.0,25893.0,39745
39747,9192.0,26046.0,39746
39748,9192.0,25943.0,39747
39749,9192.0,25794.0,39748
39750,9192.0,26188.0,39749
39751,9192.0,26131.0,39750
39752,9192.0,26131.0,39751
39753,9192.0,26073.0,39752
39754,9192.0,26451.0,39753
39755,9192.0,25995.0,39754
39756,9192.0,25995.0,39755
39757,9192.0,25720.0,39756
39758,9192.0,26379.0,39757
39759,9192.0,26375.0,39758
39760,9192.0,27129.0,39759
39761,9192.0,27506.0,39760
39762,9192.0,27725.0,39761
39763,9192.0,28155.0,39762
39764,9192.0,27656.0,39763
39765,9192.0,27926.0,39764
39766,9192.0,27962.0,39765
39767,9192.0,27533.0,39766
39768,9192.0,27736.0,39767
39769,9192.0,27546.0,39768
39770,9192.0,27517.0,39769
39771,9192.0,28369.0,39770
39772,9192.0,28369.0,39771
39773,9192.0,27895.0,39772
39774,9192.0,27857.0,39773
39775,9192.0,28479.0,39774
39776,9192.0,28416.0,39775
39777,9192.0,27994.0,39776
39778,9192.0,28726.0,39777
39779,9192.0,28744.0,39778
39780,9192.0,28751.0,39779
39781,9192.0,28475.0,39780
39782,9192.0,28839.0,39781
39783,9192.0,29406.0,39782
39784,9192.0,31058.0,39783
39785,9192.0,30785.0,39784
39786,9192.0,30709.0,39785
39787,9192.0,30709.0,39786
39788,9192.0,30665.0,39787
39789,9192.0,30661.0,39788
39790,9192.0,30748.0,39789
39791,9192.0,31735.0,39790
39792,9192.0,31809.0,39791
39793,9192.0,31469.0,39792
39794,9192.0,31382.0,39793
39795,9192.0,31434.0,39794
39796,9192.0,30727.0,39795
39797,9192.0,30941.0,39796
39798,9192.0,31188.0,39797
39799,9192.0,31159.0,39798
39800,9192.0,31455.0,39799
39801,9192.0,31381.0,39800
39802,9192.0,31552.0,39801
39803,9192.0,31187.0,39802
39804,9192.0,31176.0,39803
39805,9192.0,31068.0,39804
39806,9192.0,30927.0,39805
39807,9192.0,30904.0,39806
39808,9192.0,30876.0,39807
39809,9192.0,30513.0,39808
39810,9192.0,30662.0,39809
39811,9192.0,30702.0,39810
39812,9192.0,31332.0,39811
39813,9192.0,31544.0,39812
39814,9192.0,31240.0,39813
39815,9192.0,30908.0,39814
39816,9192.0,31363.0,39815
39817,9192.0,32872.0,39816
39818,9192.0,32852.0,39817
39819,9192.0,32458.0,39818
39820,9192.0,32892.0,39819
39821,9192.0,32707.0,39820
39822,9192.0,32707.0,39821
39823,9192.0,32698.0,39822
39824,9192.0,32583.0,39823
39825,9192.0,32741.0,39824
39826,9192.0,32977.0,39825
39827,9192.0,33034.0,39826
39828,9192.0,32929.0,39827
39829,9192.0,32924.0,39828
39830,9192.0,32186.0,39829
39831,9192.0,31113.0,39830
39832,9192.0,31818.0,39831
39833,9192.0,31525.0,39832
39834,9192.0,31462.0,39833
39835,9192.0,31462.0,39834
39836,9192.0,31462.0,39835
39837,9192.0,32045.0,39836
39838,9192.0,31958.0,39837
39839,9192.0,31934.0,39838
39840,9192.0,31182.0,39839
39841,9192.0,31107.0,39840
39842,9192.0,30861.0,39841
39843,9192.0,30565.0,39842
39844,9192.0,30684.0,39843
39845,9192.0,30929.0,39844
39846,9192.0,30947.0,39845
39847,9192.0,30947.0,39846
39848,9192.0,30829.0,39847
39849,9192.0,29511.0,39848
39850,9192.0,29576.0,39849
39851,9192.0,29767.0,39850
39852,9192.0,29767.0,39851
39853,9192.0,29918.0,39852
39854,9192.0,29746.0,39853
39855,9192.0,29718.0,39854
39856,9192.0,29692.0,39855
39857,9192.0,29595.0,39856
39858,9192.0,29690.0,39857
39859,9192.0,29703.0,39858
39860,9192.0,29891.0,39859
39861,9192.0,30167.0,39860
39862,9192.0,30376.0,39861
39863,9192.0,30294.0,39862
39864,9192.0,30213.0,39863
39865,9192.0,29468.0,39864
39866,9192.0,28931.0,39865
39867,9192.0,29573.0,39866
39868,9192.0,29397.0,39867
39869,9192.0,29780.0,39868
39870,9192.0,29508.0,39869
39871,9192.0,29016.0,39870
39872,9192.0,29016.0,39871
39873,9192.0,29232.0,39872
39874,9192.0,29425.0,39873
39875,9192.0,29729.0,39874
39876,9192.0,30000.0,39875
39877,9192.0,30396.0,39876
39878,9192.0,30359.0,39877
39879,9192.0,30024.0,39878
39880,9192.0,30024.0,39879
39881,9192.0,30257.0,39880
39882,9192.0,29970.0,39881
39883,9192.0,29948.0,39882
39884,9192.0,30104.0,39883
39885,9192.0,30157.0,39884
39886,9192.0,30375.0,39885
39887,9192.0,31013.0,39886
39888,9192.0,31541.0,39887
39889,9192.0,31479.0,39888
39890,9192.0,31410.0,39889
39891,9192.0,32373.0,39890
39892,9192.0,32391.0,39891
39893,9192.0,32526.0,39892
39894,9192.0,32526.0,39893
39895,9192.0,33301.0,39894
39896,9192.0,32609.0,39895
39897,9192.0,31452.0,39896
39898,9192.0,31139.0,39897
39899,9192.0,30508.0,39898
39900,9192.0,30515.0,39899
39901,9192.0,30618.0,39900
39902,9192.0,30089.0,39901
39903,9192.0,30411.0,39902
39904,9192.0,30244.0,39903
39905,9192.0,30324.0,39904
39906,9192.0,29105.0,39905
39907,9192.0,29644.0,39906
39908,9192.0,29392.0,39907
39909,9192.0,29658.0,39908
39910,9192.0,29658.0,39909
39911,9192.0,29847.0,39910
39912,9192.0,29843.0,39911
39913,9192.0,30078.0,39912
39914,9192.0,30073.0,39913
39915,9192.0,31182.0,39914
39916,9192.0,31695.0,39915
39917,9192.0,31378.0,39916
39918,9192.0,32487.0,39917
39919,9192.0,32718.0,39918
39920,9192.0,32022.0,39919
39921,9192.0,31850.0,39920
39922,9192.0,31850.0,39921
39923,9192.0,31906.0,39922
39924,9192.0,31936.0,39923
39925,9192.0,31938.0,39924
39926,9192.0,30774.0,39925
39927,9192.0,30257.0,39926
39928,9192.0,30063.0,39927
39929,9192.0,30358.0,39928
39930,9192.0,29857.0,39929
39931,9192.0,29836.0,39930
39932,9192.0,29733.0,39931
39933,9192.0,29918.0,39932
39934,9192.0,29932.0,39933
39935,9192.0,29941.0,39934
39936,9192.0,29944.0,39935
39937,9192.0,29839.0,39936
39938,9192.0,30016.0,39937
39939,9192.0,29911.0,39938
39940,9192.0,31008.0,39939
39941,9192.0,30957.0,39940
39942,9192.0,30937.0,39941
39943,9192.0,31767.0,39942
39944,9192.0,30891.0,39943
39945,9192.0,30884.0,39944
39946,9192.0,30978.0,39945
39947,9192.0,30671.0,39946
39948,9192.0,30412.0,39947
39949,9192.0,30341.0,39948
39950,9192.0,30040.0,39949
39951,9192.0,30032.0,39950
39952,9192.0,29516.0,39951
39953,9192.0,30734.0,39952
39954,9192.0,30824.0,39953
39955,9192.0,30235.0,39954
39956,9192.0,30312.0,39955
39957,9192.0,30404.0,39956
39958,9192.0,30766.0,39957
39959,9192.0,31025.0,39958
39960,9192.0,30856.0,39959
39961,9192.0,31183.0,39960
39962,9192.0,30319.0,39961
39963,9192.0,29238.0,39962
39964,9192.0,29582.0,39963
39965,9192.0,29754.0,39964
39966,9192.0,29760.0,39965
39967,9192.0,29769.0,39966
39968,9192.0,30768.0,39967
39969,9192.0,30820.0,39968
39970,9192.0,30820.0,39969
39971,9192.0,31452.0,39970
39972,9192.0,30170.0,39971
39973,9192.0,29715.0,39972
39974,9192.0,29188.0,39973
39975,9192.0,29389.0,39974
39976,9192.0,28951.0,39975
39977,9192.0,29002.0,39976
39978,9192.0,29002.0,39977
39979,9192.0,28581.0,39978
39980,9192.0,28760.0,39979
39981,9192.0,28594.0,39980
39982,9192.0,28681.0,39981
39983,9192.0,28627.0,39982
39984,9192.0,28259.0,39983
39985,9192.0,28177.0,39984
39986,9192.0,28388.0,39985
39987,9192.0,28457.0,39986
39988,9192.0,27895.0,39987
39989,9192.0,27762.0,39988
39990,9192.0,27770.0,39989
39991,9192.0,27641.0,39990
39992,9192.0,27641.0,39991
39993,9192.0,27625.0,39992
39994,9192.0,27428.0,39993
39995,9192.0,27756.0,39994
39996,9192.0,26996.0,39995
39997,9192.0,26784.0,39996
39998,9192.0,26741.0,39997
39999,9192.0,26815.0,39998
40000,9192.0,26941.0,39999
40001,9192.0,26970.0,40000
40002,9192.0,26873.0,40001
40003,9192.0,26873.0,40002
40004,9192.0,26786.0,40003
40005,9192.0,26786.0,40004
40006,9192.0,26786.0,40005
40007,9192.0,26042.0,40006
40008,9192.0,24819.0,40007
40009,9192.0,25236.0,40008
40010,9192.0,25241.0,40009
40011,9192.0,25712.0,40010
40012,9192.0,26646.0,40011
40013,9192.0,27232.0,40012
40014,9192.0,27291.0,40013
40015,9192.0,27188.0,40014
40016,9192.0,27814.0,40015
40017,9192.0,27814.0,40016
40018,9192.0,26150.0,40017
40019,9192.0,26121.0,40018
40020,9192.0,26500.0,40019
40021,9192.0,26439.0,40020
40022,9192.0,26018.0,40021
40023,9192.0,25483.0,40022
40024,9192.0,25628.0,40023
40025,9192.0,25318.0,40024
40026,9192.0,26597.0,40025
40027,9192.0,27659.0,40026
40028,9192.0,27655.0,40027
40029,9192.0,27588.0,40028
40030,9192.0,27592.0,40029
40031,9192.0,27701.0,40030
40032,9192.0,28475.0,40031
40033,9192.0,28953.0,40032
40034,9192.0,28953.0,40033
40035,9192.0,28982.0,40034
40036,9192.0,29109.0,40035
40037,9192.0,28962.0,40036
40038,9192.0,28887.0,40037
40039,9192.0,28758.0,40038
40040,9192.0,28467.0,40039
40041,9192.0,27768.0,40040
40042,9192.0,27726.0,40041
40043,9192.0,27828.0,40042
40044,9192.0,27830.0,40043
40045,9192.0,27973.0,40044
40046,9192.0,27083.0,40045
40047,9192.0,27051.0,40046
40048,9192.0,26912.0,40047
40049,9192.0,26761.0,40048
40050,9192.0,26871.0,40049
40051,9192.0,27603.0,40050
40052,9192.0,27589.0,40051
40053,9192.0,27139.0,40052
40054,9192.0,27184.0,40053
40055,9192.0,27445.0,40054
40056,9192.0,27471.0,40055
40057,9192.0,27437.0,40056
40058,9192.0,27912.0,40057
40059,9192.0,27597.0,40058
40060,9192.0,25933.0,40059
40061,9192.0,25743.0,40060
40062,9192.0,25739.0,40061
40063,9192.0,25632.0,40062
40064,9192.0,25632.0,40063
40065,9192.0,25810.0,40064
40066,9192.0,25584.0,40065
40067,9192.0,26479.0,40066
40068,9192.0,26621.0,40067
40069,9192.0,26722.0,40068
40070,9192.0,26482.0,40069
40071,9192.0,26463.0,40070
40072,9192.0,26557.0,40071
40073,9192.0,27124.0,40072
40074,9192.0,27088.0,40073
40075,9192.0,27955.0,40074
40076,9192.0,28289.0,40075
40077,9192.0,28422.0,40076
40078,9192.0,28756.0,40077
40079,9192.0,28260.0,40078
40080,9192.0,28260.0,40079
40081,9192.0,28353.0,40080
40082,9192.0,28187.0,40081
40083,9192.0,27792.0,40082
40084,9192.0,27001.0,40083
40085,9192.0,27285.0,40084
40086,9192.0,26254.0,40085
40087,9192.0,26164.0,40086
40088,9192.0,26673.0,40087
40089,9192.0,26678.0,40088
40090,9192.0,26589.0,40089
40091,9192.0,26717.0,40090
40092,9192.0,27185.0,40091
40093,9192.0,27385.0,40092
40094,9192.0,27402.0,40093
40095,9192.0,27402.0,40094
40096,9192.0,28509.0,40095
40097,9192.0,28228.0,40096
40098,9192.0,27670.0,40097
40099,9192.0,28072.0,40098
40100,9192.0,28188.0,40099
40101,9192.0,28321.0,40100
40102,9192.0,28569.0,40101
40103,9192.0,28214.0,40102
40104,9192.0,28651.0,40103
40105,9192.0,28671.0,40104
40106,9192.0,27959.0,40105
40107,9192.0,27927.0,40106
40108,9192.0,27473.0,40107
40109,9192.0,27219.0,40108
40110,9192.0,27069.0,40109
40111,9192.0,27650.0,40110
40112,9192.0,27023.0,40111
40113,9192.0,27032.0,40112
40114,9192.0,26566.0,40113
40115,9192.0,26652.0,40114
40116,9192.0,26917.0,40115
40117,9192.0,26917.0,40116
40118,9192.0,26966.0,40117
40119,9192.0,26545.0,40118
40120,9192.0,26071.0,40119
40121,9192.0,26783.0,40120
40122,9192.0,26030.0,40121
40123,9192.0,26179.0,40122
40124,9192.0,25387.0,40123
40125,9192.0,26139.0,40124
40126,9192.0,26494.0,40125
40127,9192.0,26347.0,40126
40128,9192.0,26200.0,40127
40129,9192.0,26200.0,40128
40130,9192.0,25725.0,40129
40131,9192.0,25732.0,40130
40132,9192.0,26048.0,40131
40133,9192.0,25783.0,40132
40134,9192.0,26077.0,40133
40135,9192.0,26636.0,40134
40136,9192.0,27071.0,40135
40137,9192.0,26839.0,40136
40138,9192.0,27485.0,40137
40139,9192.0,27690.0,40138
40140,9192.0,28189.0,40139
40141,9192.0,28077.0,40140
40142,9192.0,28038.0,40141
40143,9192.0,28023.0,40142
40144,9192.0,28583.0,40143
40145,9192.0,29670.0,40144
40146,9192.0,30139.0,40145
40147,9192.0,29788.0,40146
40148,9192.0,29247.0,40147
40149,9192.0,30225.0,40148
40150,9192.0,29925.0,40149
40151,9192.0,30073.0,40150
40152,9192.0,31114.0,40151
40153,9192.0,31142.0,40152
40154,9192.0,31392.0,40153
40155,9192.0,30990.0,40154
40156,9192.0,31055.0,40155
40157,9192.0,31047.0,40156
40158,9192.0,30961.0,40157
40159,9192.0,31016.0,40158
40160,9192.0,31228.0,40159
40161,9192.0,31620.0,40160
40162,9192.0,31794.0,40161
40163,9192.0,31180.0,40162
40164,9192.0,32406.0,40163
40165,9192.0,32684.0,40164
40166,9192.0,33224.0,40165
40167,9192.0,33223.0,40166
40168,9192.0,32557.0,40167
40169,9192.0,32533.0,40168
40170,9192.0,32559.0,40169
40171,9192.0,32483.0,40170
40172,9192.0,32689.0,40171
40173,9192.0,32686.0,40172
40174,9192.0,32096.0,40173
40175,9192.0,32093.0,40174
40176,9192.0,32183.0,40175
40177,9192.0,32839.0,40176
40178,9192.0,32703.0,40177
40179,9192.0,32273.0,40178
40180,9192.0,32273.0,40179
40181,9192.0,32286.0,40180
40182,9192.0,32469.0,40181
40183,9192.0,32333.0,40182
40184,9192.0,32437.0,40183
40185,9192.0,32222.0,40184
40186,9192.0,32176.0,40185
40187,9192.0,32426.0,40186
40188,9192.0,32179.0,40187
40189,9192.0,32031.0,40188
40190,9192.0,31674.0,40189
40191,9192.0,31305.0,40190
40192,9192.0,31368.0,40191
40193,9192.0,31646.0,40192
40194,9192.0,31648.0,40193
40195,9192.0,31646.0,40194
40196,9192.0,31469.0,40195
40197,9192.0,31475.0,40196
40198,9192.0,31469.0,40197
40199,9192.0,31469.0,40198
40200,9192.0,30409.0,40199
40201,9192.0,29934.0,40200
40202,9192.0,29729.0,40201
40203,9192.0,29368.0,40202
40204,9192.0,29518.0,40203
40205,9192.0,29127.0,40204
40206,9192.0,29365.0,40205
40207,9192.0,28964.0,40206
40208,9192.0,29157.0,40207
40209,9192.0,29230.0,40208
40210,9192.0,29194.0,40209
40211,9192.0,30413.0,40210
40212,9192.0,30384.0,40211
40213,9192.0,31043.0,40212
40214,9192.0,30963.0,40213
40215,9192.0,31280.0,40214
40216,9192.0,31204.0,40215
40217,9192.0,31404.0,40216
40218,9192.0,31610.0,40217
40219,9192.0,31050.0,40218
40220,9192.0,31012.0,40219
40221,9192.0,31012.0,40220
40222,9192.0,31787.0,40221
40223,9192.0,31853.0,40222
40224,9192.0,31361.0,40223
40225,9192.0,31013.0,40224
40226,9192.0,30906.0,40225
40227,9192.0,30300.0,40226
40228,9192.0,30231.0,40227
40229,9192.0,29621.0,40228
40230,9192.0,29679.0,40229
40231,9192.0,29679.0,40230
40232,9192.0,29687.0,40231
40233,9192.0,29369.0,40232
40234,9192.0,29611.0,40233
40235,9192.0,29663.0,40234
40236,9192.0,28769.0,40235
40237,9192.0,28751.0,40236
40238,9192.0,28751.0,40237
40239,9192.0,28612.0,40238
40240,9192.0,28783.0,40239
40241,9192.0,29945.0,40240
40242,9192.0,29882.0,40241
40243,9192.0,30145.0,40242
40244,9192.0,30565.0,40243
40245,9192.0,30345.0,40244
40246,9192.0,30282.0,40245
40247,9192.0,29623.0,40246
40248,9192.0,29651.0,40247
40249,9192.0,29883.0,40248
40250,9192.0,29906.0,40249
40251,9192.0,30056.0,40250
40252,9192.0,30774.0,40251
40253,9192.0,31100.0,40252
40254,9192.0,31700.0,40253
40255,9192.0,31731.0,40254
40256,9192.0,30337.0,40255
40257,9192.0,30337.0,40256
40258,9192.0,29928.0,40257
40259,9192.0,30708.0,40258
40260,9192.0,30821.0,40259
40261,9192.0,30872.0,40260
40262,9192.0,31268.0,40261
40263,9192.0,31218.0,40262
40264,9192.0,31204.0,40263
40265,9192.0,31561.0,40264
40266,9192.0,31134.0,40265
40267,9192.0,32245.0,40266
40268,9192.0,32323.0,40267
40269,9192.0,31746.0,40268
40270,9192.0,31766.0,40269
40271,9192.0,31882.0,40270
40272,9192.0,31690.0,40271
40273,9192.0,32012.0,40272
40274,9192.0,32012.0,40273
40275,9192.0,31527.0,40274
40276,9192.0,31537.0,40275
40277,9192.0,31537.0,40276
40278,9192.0,31592.0,40277
40279,9192.0,31648.0,40278
40280,9192.0,31216.0,40279
40281,9192.0,31377.0,40280
40282,9192.0,31351.0,40281
40283,9192.0,30945.0,40282
40284,9192.0,31479.0,40283
40285,9192.0,31473.0,40284
40286,9192.0,31374.0,40285
40287,9192.0,31162.0,40286
40288,9192.0,31576.0,40287
40289,9192.0,31575.0,40288
40290,9192.0,31353.0,40289
40291,9192.0,31144.0,40290
40292,9192.0,31123.0,40291
40293,9192.0,31015.0,40292
40294,9192.0,29693.0,40293
40295,9192.0,29305.0,40294
40296,9192.0,29416.0,40295
40297,9192.0,29094.0,40296
40298,9192.0,29094.0,40297
40299,9192.0,28411.0,40298
40300,9192.0,28522.0,40299
40301,9192.0,29642.0,40300
40302,9192.0,29673.0,40301
40303,9192.0,30826.0,40302
40304,9192.0,31067.0,40303
40305,9192.0,31069.0,40304
40306,9192.0,31619.0,40305
40307,9192.0,32210.0,40306
40308,9192.0,31957.0,40307
40309,9192.0,32284.0,40308
40310,9192.0,32270.0,40309
40311,9192.0,31777.0,40310
40312,9192.0,30614.0,40311
40313,9192.0,30532.0,40312
40314,9192.0,30354.0,40313
40315,9192.0,30276.0,40314
40316,9192.0,30251.0,40315
40317,9192.0,30414.0,40316
40318,9192.0,30574.0,40317
40319,9192.0,30569.0,40318
40320,9192.0,30413.0,40319
40321,9192.0,30055.0,40320
40322,9192.0,29439.0,40321
40323,9192.0,29271.0,40322
40324,9192.0,29271.0,40323
40325,9192.0,30009.0,40324
40326,9192.0,29932.0,40325
40327,9192.0,30156.0,40326
40328,9192.0,30016.0,40327
40329,9192.0,30005.0,40328
40330,9192.0,29808.0,40329
40331,9192.0,29972.0,40330
40332,9192.0,29294.0,40331
40333,9192.0,29524.0,40332
40334,9192.0,29780.0,40333
40335,9192.0,29225.0,40334
40336,9192.0,28667.0,40335
40337,9192.0,30116.0,40336
40338,9192.0,30276.0,40337
40339,9192.0,30276.0,40338
40340,9192.0,30306.0,40339
40341,9192.0,29973.0,40340
40342,9192.0,29961.0,40341
40343,9192.0,29961.0,40342
40344,9192.0,30194.0,40343
40345,9192.0,29135.0,40344
40346,9192.0,29203.0,40345
40347,9192.0,28704.0,40346
40348,9192.0,28851.0,40347
40349,9192.0,28663.0,40348
40350,9192.0,28638.0,40349
40351,9192.0,28633.0,40350
40352,9192.0,28489.0,40351
40353,9192.0,28363.0,40352
40354,9192.0,28358.0,40353
40355,9192.0,27926.0,40354
40356,9192.0,27926.0,40355
40357,9192.0,27890.0,40356
40358,9192.0,28046.0,40357
40359,9192.0,28537.0,40358
40360,9192.0,28733.0,40359
40361,9192.0,28358.0,40360
40362,9192.0,28152.0,40361
40363,9192.0,28152.0,40362
40364,9192.0,27990.0,40363
40365,9192.0,27880.0,40364
40366,9192.0,28219.0,40365
40367,9192.0,29182.0,40366
40368,9192.0,29182.0,40367
40369,9192.0,29397.0,40368
40370,9192.0,28973.0,40369
40371,9192.0,29624.0,40370
40372,9192.0,29524.0,40371
40373,9192.0,29500.0,40372
40374,9192.0,29484.0,40373
40375,9192.0,29412.0,40374
40376,9192.0,29267.0,40375
40377,9192.0,29525.0,40376
40378,9192.0,28296.0,40377
40379,9192.0,28748.0,40378
40380,9192.0,28426.0,40379
40381,9192.0,28393.0,40380
40382,9192.0,28233.0,40381
40383,9192.0,27900.0,40382
40384,9192.0,28567.0,40383
40385,9192.0,28100.0,40384
40386,9192.0,29906.0,40385
40387,9192.0,29910.0,40386
40388,9192.0,28848.0,40387
40389,9192.0,28752.0,40388
40390,9192.0,29193.0,40389
40391,9192.0,29193.0,40390
40392,9192.0,30072.0,40391
40393,9192.0,30223.0,40392
40394,9192.0,30167.0,40393
40395,9192.0,30380.0,40394
40396,9192.0,29964.0,40395
40397,9192.0,28660.0,40396
40398,9192.0,28562.0,40397
40399,9192.0,28565.0,40398
40400,9192.0,28455.0,40399
40401,9192.0,28382.0,40400
40402,9192.0,28318.0,40401
40403,9192.0,28576.0,40402
40404,9192.0,28663.0,40403
40405,9192.0,28110.0,40404
40406,9192.0,28110.0,40405
40407,9192.0,27739.0,40406
40408,9192.0,27684.0,40407
40409,9192.0,27761.0,40408
40410,9192.0,27772.0,40409
40411,9192.0,27993.0,40410
40412,9192.0,27835.0,40411
40413,9192.0,27910.0,40412
40414,9192.0,27689.0,40413
40415,9192.0,27670.0,40414
40416,9192.0,27676.0,40415
40417,9192.0,27676.0,40416
40418,9192.0,27533.0,40417
40419,9192.0,27840.0,40418
40420,9192.0,27322.0,40419
40421,9192.0,26999.0,40420
40422,9192.0,26999.0,40421
40423,9192.0,26874.0,40422
40424,9192.0,26872.0,40423
40425,9192.0,27260.0,40424
40426,9192.0,27108.0,40425
40427,9192.0,28092.0,40426
40428,9192.0,27952.0,40427
40429,9192.0,27611.0,40428
40430,9192.0,27619.0,40429
40431,9192.0,27258.0,40430
40432,9192.0,27274.0,40431
40433,9192.0,27274.0,40432
40434,9192.0,28735.0,40433
40435,9192.0,28756.0,40434
40436,9192.0,29253.0,40435
40437,9192.0,30011.0,40436
40438,9192.0,29997.0,40437
40439,9192.0,30476.0,40438
40440,9192.0,30215.0,40439
40441,9192.0,30388.0,40440
40442,9192.0,30905.0,40441
40443,9192.0,30114.0,40442
40444,9192.0,30114.0,40443
40445,9192.0,30764.0,40444
40446,9192.0,30449.0,40445
40447,9192.0,30952.0,40446
40448,9192.0,30613.0,40447
40449,9192.0,30107.0,40448
40450,9192.0,30102.0,40449
40451,9192.0,29388.0,40450
40452,9192.0,29491.0,40451
40453,9192.0,29530.0,40452
40454,9192.0,29401.0,40453
40455,9192.0,29584.0,40454
40456,9192.0,29579.0,40455
40457,9192.0,29231.0,40456
40458,9192.0,29306.0,40457
40459,9192.0,29269.0,40458
40460,9192.0,29269.0,40459
40461,9192.0,29206.0,40460
40462,9192.0,29289.0,40461
40463,9192.0,28879.0,40462
40464,9192.0,28559.0,40463
40465,9192.0,28303.0,40464
40466,9192.0,27107.0,40465
40467,9192.0,27737.0,40466
40468,9192.0,27722.0,40467
40469,9192.0,27405.0,40468
40470,9192.0,27039.0,40469
40471,9192.0,27039.0,40470
40472,9192.0,26689.0,40471
40473,9192.0,26689.0,40472
40474,9192.0,27038.0,40473
40475,9192.0,26132.0,40474
40476,9192.0,26203.0,40475
40477,9192.0,26873.0,40476
40478,9192.0,26826.0,40477
40479,9192.0,27018.0,40478
40480,9192.0,27000.0,40479
40481,9192.0,27169.0,40480
40482,9192.0,27618.0,40481
40483,9192.0,27541.0,40482
40484,9192.0,27541.0,40483
40485,9192.0,28208.0,40484
40486,9192.0,28294.0,40485
40487,9192.0,28782.0,40486
40488,9192.0,29303.0,40487
40489,9192.0,29176.0,40488
40490,9192.0,29112.0,40489
40491,9192.0,30307.0,40490
40492,9192.0,30113.0,40491
40493,9192.0,29992.0,40492
40494,9192.0,29997.0,40493
40495,9192.0,30428.0,40494
40496,9192.0,29561.0,40495
40497,9192.0,29805.0,40496
40498,9192.0,30103.0,40497
40499,9192.0,30263.0,40498
40500,9192.0,30227.0,40499
40501,9192.0,31019.0,40500
40502,9192.0,31352.0,40501
40503,9192.0,31429.0,40502
40504,9192.0,31420.0,40503
40505,9192.0,30932.0,40504
40506,9192.0,30877.0,40505
40507,9192.0,30783.0,40506
40508,9192.0,30272.0,40507
40509,9192.0,30476.0,40508
40510,9192.0,30570.0,40509
40511,9192.0,30570.0,40510
40512,9192.0,29824.0,40511
40513,9192.0,29752.0,40512
40514,9192.0,29705.0,40513
40515,9192.0,30019.0,40514
40516,9192.0,29275.0,40515
40517,9192.0,29561.0,40516
40518,9192.0,28411.0,40517
40519,9192.0,28411.0,40518
40520,9192.0,28402.0,40519
40521,9192.0,28104.0,40520
40522,9192.0,27379.0,40521
40523,9192.0,27236.0,40522
40524,9192.0,27368.0,40523
40525,9192.0,27368.0,40524
40526,9192.0,26998.0,40525
40527,9192.0,26998.0,40526
40528,9192.0,27813.0,40527
40529,9192.0,27800.0,40528
40530,9192.0,28106.0,40529
40531,9192.0,28059.0,40530
40532,9192.0,28921.0,40531
40533,9192.0,28819.0,40532
40534,9192.0,28145.0,40533
40535,9192.0,28053.0,40534
40536,9192.0,27636.0,40535
40537,9192.0,27259.0,40536
40538,9192.0,26971.0,40537
40539,9192.0,28031.0,40538
40540,9192.0,28331.0,40539
40541,9192.0,27603.0,40540
40542,9192.0,27640.0,40541
40543,9192.0,27685.0,40542
40544,9192.0,27685.0,40543
40545,9192.0,28274.0,40544
40546,9192.0,28513.0,40545
40547,9192.0,29822.0,40546
40548,9192.0,29822.0,40547
40549,9192.0,29768.0,40548
40550,9192.0,30559.0,40549
40551,9192.0,30519.0,40550
40552,9192.0,30519.0,40551
40553,9192.0,30495.0,40552
40554,9192.0,30463.0,40553
40555,9192.0,30463.0,40554
40556,9192.0,30680.0,40555
40557,9192.0,29929.0,40556
40558,9192.0,29793.0,40557
40559,9192.0,29673.0,40558
40560,9192.0,29393.0,40559
40561,9192.0,29154.0,40560
40562,9192.0,29728.0,40561
40563,9192.0,29746.0,40562
40564,9192.0,29916.0,40563
40565,9192.0,30146.0,40564
40566,9192.0,29859.0,40565
40567,9192.0,29854.0,40566
40568,9192.0,29671.0,40567
40569,9192.0,29601.0,40568
40570,9192.0,28602.0,40569
40571,9192.0,28903.0,40570
40572,9192.0,28812.0,40571
40573,9192.0,28467.0,40572
40574,9192.0,27702.0,40573
40575,9192.0,27484.0,40574
40576,9192.0,27150.0,40575
40577,9192.0,28218.0,40576
40578,9192.0,28199.0,40577
40579,9192.0,28071.0,40578
40580,9192.0,28185.0,40579
40581,9192.0,28395.0,40580
40582,9192.0,28570.0,40581
40583,9192.0,28889.0,40582
40584,9192.0,28607.0,40583
40585,9192.0,28607.0,40584
40586,9192.0,28452.0,40585
40587,9192.0,29499.0,40586
40588,9192.0,29580.0,40587
40589,9192.0,29684.0,40588
40590,9192.0,29730.0,40589
40591,9192.0,29730.0,40590
40592,9192.0,29622.0,40591
40593,9192.0,29607.0,40592
40594,9192.0,29341.0,40593
40595,9192.0,29237.0,40594
40596,9192.0,29161.0,40595
40597,9192.0,29241.0,40596
40598,9192.0,28451.0,40597
40599,9192.0,28439.0,40598
40600,9192.0,28751.0,40599
40601,9192.0,28597.0,40600
40602,9192.0,28760.0,40601
40603,9192.0,28769.0,40602
40604,9192.0,29553.0,40603
40605,9192.0,30551.0,40604
40606,9192.0,30475.0,40605
40607,9192.0,30547.0,40606
40608,9192.0,30219.0,40607
40609,9192.0,29429.0,40608
40610,9192.0,29720.0,40609
40611,9192.0,31187.0,40610
40612,9192.0,31187.0,40611
40613,9192.0,30882.0,40612
40614,9192.0,31466.0,40613
40615,9192.0,30948.0,40614
40616,9192.0,30875.0,40615
40617,9192.0,30049.0,40616
40618,9192.0,29480.0,40617
40619,9192.0,29480.0,40618
40620,9192.0,29418.0,40619
40621,9192.0,29204.0,40620
40622,9192.0,28991.0,40621
40623,9192.0,28958.0,40622
40624,9192.0,29151.0,40623
40625,9192.0,29294.0,40624
40626,9192.0,28245.0,40625
40627,9192.0,28298.0,40626
40628,9192.0,26993.0,40627
40629,9192.0,27354.0,40628
40630,9192.0,27788.0,40629
40631,9192.0,27852.0,40630
40632,9192.0,27852.0,40631
40633,9192.0,27797.0,40632
40634,9192.0,27870.0,40633
40635,9192.0,27821.0,40634
40636,9192.0,27555.0,40635
40637,9192.0,27341.0,40636
40638,9192.0,27787.0,40637
40639,9192.0,28200.0,40638
40640,9192.0,28510.0,40639
40641,9192.0,28747.0,40640
40642,9192.0,28506.0,40641
40643,9192.0,28002.0,40642
40644,9192.0,28076.0,40643
40645,9192.0,27227.0,40644
40646,9192.0,27529.0,40645
40647,9192.0,27514.0,40646
40648,9192.0,28086.0,40647
40649,9192.0,28089.0,40648
40650,9192.0,28498.0,40649
40651,9192.0,28143.0,40650
40652,9192.0,29003.0,40651
40653,9192.0,29307.0,40652
40654,9192.0,29214.0,40653
40655,9192.0,29532.0,40654
40656,9192.0,29532.0,40655
40657,9192.0,30511.0,40656
40658,9192.0,30477.0,40657
40659,9192.0,30169.0,40658
40660,9192.0,30162.0,40659
40661,9192.0,30784.0,40660
40662,9192.0,30785.0,40661
40663,9192.0,29870.0,40662
40664,9192.0,29677.0,40663
40665,9192.0,29300.0,40664
40666,9192.0,29632.0,40665
40667,9192.0,29732.0,40666
40668,9192.0,29585.0,40667
40669,9192.0,30331.0,40668
40670,9192.0,30322.0,40669
40671,9192.0,30209.0,40670
40672,9192.0,29387.0,40671
40673,9192.0,29722.0,40672
40674,9192.0,29722.0,40673
40675,9192.0,29395.0,40674
40676,9192.0,29414.0,40675
40677,9192.0,29529.0,40676
40678,9192.0,29495.0,40677
40679,9192.0,29306.0,40678
40680,9192.0,28404.0,40679
40681,9192.0,28489.0,40680
40682,9192.0,28409.0,40681
40683,9192.0,27516.0,40682
40684,9192.0,27451.0,40683
40685,9192.0,26994.0,40684
40686,9192.0,26900.0,40685
40687,9192.0,27173.0,40686
40688,9192.0,27260.0,40687
40689,9192.0,28328.0,40688
40690,9192.0,28827.0,40689
40691,9192.0,28832.0,40690
40692,9192.0,28778.0,40691
40693,9192.0,29492.0,40692
40694,9192.0,29502.0,40693
40695,9192.0,29426.0,40694
40696,9192.0,29675.0,40695
40697,9192.0,29700.0,40696
40698,9192.0,29118.0,40697
40699,9192.0,29244.0,40698
40700,9192.0,29570.0,40699
40701,9192.0,29471.0,40700
40702,9192.0,29960.0,40701
40703,9192.0,30030.0,40702
40704,9192.0,29023.0,40703
40705,9192.0,28792.0,40704
40706,9192.0,28803.0,40705
40707,9192.0,28266.0,40706
40708,9192.0,28320.0,40707
40709,9192.0,28360.0,40708
40710,9192.0,28611.0,40709
40711,9192.0,28585.0,40710
40712,9192.0,29078.0,40711
40713,9192.0,28406.0,40712
40714,9192.0,28770.0,40713
40715,9192.0,29872.0,40714
40716,9192.0,30434.0,40715
40717,9192.0,30434.0,40716
40718,9192.0,30448.0,40717
40719,9192.0,30946.0,40718
40720,9192.0,31188.0,40719
40721,9192.0,31076.0,40720
40722,9192.0,30878.0,40721
40723,9192.0,31578.0,40722
40724,9192.0,31509.0,40723
40725,9192.0,31704.0,40724
40726,9192.0,31444.0,40725
40727,9192.0,31415.0,40726
40728,9192.0,30741.0,40727
40729,9192.0,30741.0,40728
40730,9192.0,30888.0,40729
40731,9192.0,31496.0,40730
40732,9192.0,31053.0,40731
40733,9192.0,30447.0,40732
40734,9192.0,30565.0,40733
40735,9192.0,30312.0,40734
40736,9192.0,30416.0,40735
40737,9192.0,30414.0,40736
40738,9192.0,29768.0,40737
40739,9192.0,29777.0,40738
40740,9192.0,29487.0,40739
40741,9192.0,29729.0,40740
40742,9192.0,29829.0,40741
40743,9192.0,30060.0,40742
40744,9192.0,29642.0,40743
40745,9192.0,29663.0,40744
40746,9192.0,28620.0,40745
40747,9192.0,29321.0,40746
40748,9192.0,29236.0,40747
40749,9192.0,29890.0,40748
40750,9192.0,29249.0,40749
40751,9192.0,29249.0,40750
40752,9192.0,29955.0,40751
40753,9192.0,30072.0,40752
40754,9192.0,30141.0,40753
40755,9192.0,29942.0,40754
40756,9192.0,30325.0,40755
40757,9192.0,30410.0,40756
40758,9192.0,30207.0,40757
40759,9192.0,29794.0,40758
40760,9192.0,29794.0,40759
40761,9192.0,30049.0,40760
40762,9192.0,30134.0,40761
40763,9192.0,30134.0,40762
40764,9192.0,29951.0,40763
40765,9192.0,30151.0,40764
40766,9192.0,30460.0,40765
40767,9192.0,30277.0,40766
40768,9192.0,30116.0,40767
40769,9192.0,30116.0,40768
40770,9192.0,31507.0,40769
40771,9192.0,30548.0,40770
40772,9192.0,30476.0,40771
40773,9192.0,29868.0,40772
40774,9192.0,30006.0,40773
40775,9192.0,30006.0,40774
40776,9192.0,30202.0,40775
40777,9192.0,30288.0,40776
40778,9192.0,29904.0,40777
40779,9192.0,30188.0,40778
40780,9192.0,29414.0,40779
40781,9192.0,29028.0,40780
40782,9192.0,28949.0,40781
40783,9192.0,28853.0,40782
40784,9192.0,28853.0,40783
40785,9192.0,28853.0,40784
40786,9192.0,28194.0,40785
40787,9192.0,28365.0,40786
40788,9192.0,28503.0,40787
40789,9192.0,28704.0,40788
40790,9192.0,28334.0,40789
40791,9192.0,28613.0,40790
40792,9192.0,29434.0,40791
40793,9192.0,29600.0,40792
40794,9192.0,29104.0,40793
40795,9192.0,29140.0,40794
40796,9192.0,29784.0,40795
40797,9192.0,29896.0,40796
40798,9192.0,29653.0,40797
40799,9192.0,29641.0,40798
40800,9192.0,29478.0,40799
40801,9192.0,29882.0,40800
40802,9192.0,29506.0,40801
40803,9192.0,29293.0,40802
40804,9192.0,30069.0,40803
40805,9192.0,29459.0,40804
40806,9192.0,29452.0,40805
40807,9192.0,29386.0,40806
40808,9192.0,29540.0,40807
40809,9192.0,30934.0,40808
40810,9192.0,31141.0,40809
40811,9192.0,31141.0,40810
40812,9192.0,31081.0,40811
40813,9192.0,30120.0,40812
40814,9192.0,29927.0,40813
40815,9192.0,30176.0,40814
40816,9192.0,30524.0,40815
40817,9192.0,31175.0,40816
40818,9192.0,31175.0,40817
40819,9192.0,31175.0,40818
40820,9192.0,29970.0,40819
40821,9192.0,29554.0,40820
40822,9192.0,29491.0,40821
40823,9192.0,29705.0,40822
40824,9192.0,29858.0,40823
40825,9192.0,29601.0,40824
40826,9192.0,29357.0,40825
40827,9192.0,29686.0,40826
40828,9192.0,29686.0,40827
40829,9192.0,30183.0,40828
40830,9192.0,29963.0,40829
40831,9192.0,30030.0,40830
40832,9192.0,30771.0,40831
40833,9192.0,30698.0,40832
40834,9192.0,30493.0,40833
40835,9192.0,30380.0,40834
40836,9192.0,30798.0,40835
40837,9192.0,30296.0,40836
40838,9192.0,30654.0,40837
40839,9192.0,30576.0,40838
40840,9192.0,30595.0,40839
40841,9192.0,31218.0,40840
40842,9192.0,30861.0,40841
40843,9192.0,31159.0,40842
40844,9192.0,31147.0,40843
40845,9192.0,31217.0,40844
40846,9192.0,31774.0,40845
40847,9192.0,32986.0,40846
40848,9192.0,32621.0,40847
40849,9192.0,32626.0,40848
40850,9192.0,33224.0,40849
40851,9192.0,32980.0,40850
40852,9192.0,32646.0,40851
40853,9192.0,32554.0,40852
40854,9192.0,32034.0,40853
40855,9192.0,31938.0,40854
40856,9192.0,31508.0,40855
40857,9192.0,31335.0,40856
40858,9192.0,31344.0,40857
40859,9192.0,31488.0,40858
40860,9192.0,31519.0,40859
40861,9192.0,31659.0,40860
40862,9192.0,31601.0,40861
40863,9192.0,32111.0,40862
40864,9192.0,32395.0,40863
40865,9192.0,31859.0,40864
40866,9192.0,31984.0,40865
40867,9192.0,31634.0,40866
40868,9192.0,31718.0,40867
40869,9192.0,31737.0,40868
40870,9192.0,31665.0,40869
40871,9192.0,31556.0,40870
40872,9192.0,31178.0,40871
40873,9192.0,31177.0,40872
40874,9192.0,29724.0,40873
40875,9192.0,29719.0,40874
40876,9192.0,29255.0,40875
40877,9192.0,29423.0,40876
40878,9192.0,28417.0,40877
40879,9192.0,28488.0,40878
40880,9192.0,29507.0,40879
40881,9192.0,30167.0,40880
40882,9192.0,30049.0,40881
40883,9192.0,30042.0,40882
40884,9192.0,29904.0,40883
40885,9192.0,29887.0,40884
40886,9192.0,29878.0,40885
40887,9192.0,29865.0,40886
40888,9192.0,28771.0,40887
40889,9192.0,28719.0,40888
40890,9192.0,28754.0,40889
40891,9192.0,28813.0,40890
40892,9192.0,28788.0,40891
40893,9192.0,29005.0,40892
40894,9192.0,27591.0,40893
40895,9192.0,27591.0,40894
40896,9192.0,26696.0,40895
40897,9192.0,26660.0,40896
40898,9192.0,26596.0,40897
40899,9192.0,26757.0,40898
40900,9192.0,27045.0,40899
40901,9192.0,27409.0,40900
40902,9192.0,27183.0,40901
40903,9192.0,27183.0,40902
40904,9192.0,27353.0,40903
40905,9192.0,27566.0,40904
40906,9192.0,28105.0,40905
40907,9192.0,29051.0,40906
40908,9192.0,29141.0,40907
40909,9192.0,28977.0,40908
40910,9192.0,28988.0,40909
40911,9192.0,29090.0,40910
40912,9192.0,30737.0,40911
40913,9192.0,31264.0,40912
40914,9192.0,30028.0,40913
40915,9192.0,30056.0,40914
40916,9192.0,29735.0,40915
40917,9192.0,29676.0,40916
40918,9192.0,29304.0,40917
40919,9192.0,30335.0,40918
40920,9192.0,30326.0,40919
40921,9192.0,30367.0,40920
40922,9192.0,30284.0,40921
40923,9192.0,30135.0,40922
40924,9192.0,29803.0,40923
40925,9192.0,30131.0,40924
40926,9192.0,30682.0,40925
40927,9192.0,31137.0,40926
40928,9192.0,30328.0,40927
40929,9192.0,30423.0,40928
40930,9192.0,30246.0,40929
40931,9192.0,29898.0,40930
40932,9192.0,29912.0,40931
40933,9192.0,29961.0,40932
40934,9192.0,29623.0,40933
40935,9192.0,29106.0,40934
40936,9192.0,29159.0,40935
40937,9192.0,29374.0,40936
40938,9192.0,29363.0,40937
40939,9192.0,28580.0,40938
40940,9192.0,28740.0,40939
40941,9192.0,28666.0,40940
40942,9192.0,28220.0,40941
40943,9192.0,27759.0,40942
40944,9192.0,27601.0,40943
40945,9192.0,27459.0,40944
40946,9192.0,27809.0,40945
40947,9192.0,26398.0,40946
40948,9192.0,26110.0,40947
40949,9192.0,25942.0,40948
40950,9192.0,26757.0,40949
40951,9192.0,26950.0,40950
40952,9192.0,26027.0,40951
40953,9192.0,25947.0,40952
40954,9192.0,25849.0,40953
40955,9192.0,26251.0,40954
40956,9192.0,25897.0,40955
40957,9192.0,25897.0,40956
40958,9192.0,25501.0,40957
40959,9192.0,25665.0,40958
40960,9192.0,26024.0,40959
40961,9192.0,26330.0,40960
40962,9192.0,27498.0,40961
40963,9192.0,28439.0,40962
40964,9192.0,27728.0,40963
40965,9192.0,29013.0,40964
40966,9192.0,29582.0,40965
40967,9192.0,29105.0,40966
40968,9192.0,29069.0,40967
40969,9192.0,29219.0,40968
40970,9192.0,29128.0,40969
40971,9192.0,28091.0,40970
40972,9192.0,28026.0,40971
40973,9192.0,28428.0,40972
40974,9192.0,28465.0,40973
40975,9192.0,28659.0,40974
40976,9192.0,28837.0,40975
40977,9192.0,28976.0,40976
40978,9192.0,29072.0,40977
40979,9192.0,28112.0,40978
40980,9192.0,28244.0,40979
40981,9192.0,28098.0,40980
40982,9192.0,28349.0,40981
40983,9192.0,28047.0,40982
40984,9192.0,28064.0,40983
40985,9192.0,27397.0,40984
40986,9192.0,27437.0,40985
40987,9192.0,27753.0,40986
40988,9192.0,29753.0,40987
40989,9192.0,29740.0,40988
40990,9192.0,30424.0,40989
40991,9192.0,30482.0,40990
40992,9192.0,30471.0,40991
40993,9192.0,31502.0,40992
40994,9192.0,31241.0,40993
40995,9192.0,31207.0,40994
40996,9192.0,30629.0,40995
40997,9192.0,30817.0,40996
40998,9192.0,30817.0,40997
40999,9192.0,30835.0,40998
41000,9192.0,31218.0,40999
41001,9192.0,30841.0,41000
41002,9192.0,30841.0,41001
41003,9192.0,30896.0,41002
41004,9192.0,30945.0,41003
41005,9192.0,31298.0,41004
41006,9192.0,31269.0,41005
41007,9192.0,30626.0,41006
41008,9192.0,30705.0,41007
41009,9192.0,30785.0,41008
41010,9192.0,30770.0,41009
41011,9192.0,30291.0,41010
41012,9192.0,30254.0,41011
41013,9192.0,30186.0,41012
41014,9192.0,29948.0,41013
41015,9192.0,29520.0,41014
41016,9192.0,28403.0,41015
41017,9192.0,28487.0,41016
41018,9192.0,28813.0,41017
41019,9192.0,28843.0,41018
41020,9192.0,28795.0,41019
41021,9192.0,28628.0,41020
41022,9192.0,28628.0,41021
41023,9192.0,28619.0,41022
41024,9192.0,28619.0,41023
41025,9192.0,28815.0,41024
41026,9192.0,28007.0,41025
41027,9192.0,27927.0,41026
41028,9192.0,28307.0,41027
41029,9192.0,28636.0,41028
41030,9192.0,28636.0,41029
41031,9192.0,27890.0,41030
41032,9192.0,28112.0,41031
41033,9192.0,27904.0,41032
41034,9192.0,28015.0,41033
41035,9192.0,28086.0,41034
41036,9192.0,28025.0,41035
41037,9192.0,28211.0,41036
41038,9192.0,28374.0,41037
41039,9192.0,28276.0,41038
41040,9192.0,28313.0,41039
41041,9192.0,28523.0,41040
41042,9192.0,29138.0,41041
41043,9192.0,29137.0,41042
41044,9192.0,28904.0,41043
41045,9192.0,29129.0,41044
41046,9192.0,29285.0,41045
41047,9192.0,29305.0,41046
41048,9192.0,29543.0,41047
41049,9192.0,29486.0,41048
41050,9192.0,29542.0,41049
41051,9192.0,30254.0,41050
41052,9192.0,30354.0,41051
41053,9192.0,30354.0,41052
41054,9192.0,30072.0,41053
41055,9192.0,30946.0,41054
41056,9192.0,30946.0,41055
41057,9192.0,30237.0,41056
41058,9192.0,29927.0,41057
41059,9192.0,30535.0,41058
41060,9192.0,30403.0,41059
41061,9192.0,29797.0,41060
41062,9192.0,29795.0,41061
41063,9192.0,29282.0,41062
41064,9192.0,29294.0,41063
41065,9192.0,28627.0,41064
41066,9192.0,28610.0,41065
41067,9192.0,29620.0,41066
41068,9192.0,29649.0,41067
41069,9192.0,29671.0,41068
41070,9192.0,29822.0,41069
41071,9192.0,29900.0,41070
41072,9192.0,30539.0,41071
41073,9192.0,29746.0,41072
41074,9192.0,29746.0,41073
41075,9192.0,29746.0,41074
41076,9192.0,28591.0,41075
41077,9192.0,28686.0,41076
41078,9192.0,28611.0,41077
41079,9192.0,28607.0,41078
41080,9192.0,27218.0,41079
41081,9192.0,27694.0,41080
41082,9192.0,27861.0,41081
41083,9192.0,28490.0,41082
41084,9192.0,27895.0,41083
41085,9192.0,28543.0,41084
41086,9192.0,28553.0,41085
41087,9192.0,28697.0,41086
41088,9192.0,28694.0,41087
41089,9192.0,28873.0,41088
41090,9192.0,29268.0,41089
41091,9192.0,28503.0,41090
41092,9192.0,28482.0,41091
41093,9192.0,28987.0,41092
41094,9192.0,29340.0,41093
41095,9192.0,29334.0,41094
41096,9192.0,29334.0,41095
41097,9192.0,29061.0,41096
41098,9192.0,29302.0,41097
41099,9192.0,29876.0,41098
41100,9192.0,29344.0,41099
41101,9192.0,29536.0,41100
41102,9192.0,29611.0,41101
41103,9192.0,29606.0,41102
41104,9192.0,29446.0,41103
41105,9192.0,29573.0,41104
41106,9192.0,29706.0,41105
41107,9192.0,29865.0,41106
41108,9192.0,29812.0,41107
41109,9192.0,29573.0,41108
41110,9192.0,30131.0,41109
41111,9192.0,29760.0,41110
41112,9192.0,29777.0,41111
41113,9192.0,29934.0,41112
41114,9192.0,29884.0,41113
41115,9192.0,29327.0,41114
41116,9192.0,29372.0,41115
41117,9192.0,29287.0,41116
41118,9192.0,29287.0,41117
41119,9192.0,29551.0,41118
41120,9192.0,29533.0,41119
41121,9192.0,29351.0,41120
41122,9192.0,29696.0,41121
41123,9192.0,29318.0,41122
41124,9192.0,29193.0,41123
41125,9192.0,29572.0,41124
41126,9192.0,29581.0,41125
41127,9192.0,28394.0,41126
41128,9192.0,28742.0,41127
41129,9192.0,28504.0,41128
41130,9192.0,28602.0,41129
41131,9192.0,27819.0,41130
41132,9192.0,27780.0,41131
41133,9192.0,27083.0,41132
41134,9192.0,26274.0,41133
41135,9192.0,26251.0,41134
41136,9192.0,25749.0,41135
41137,9192.0,25930.0,41136
41138,9192.0,26924.0,41137
41139,9192.0,26318.0,41138
41140,9192.0,26567.0,41139
41141,9192.0,26531.0,41140
41142,9192.0,29297.0,41141
41143,9192.0,29214.0,41142
41144,9192.0,28978.0,41143
41145,9192.0,28978.0,41144
41146,9192.0,27225.0,41145
41147,9192.0,26604.0,41146
41148,9192.0,27072.0,41147
41149,9192.0,27465.0,41148
41150,9192.0,27644.0,41149
41151,9192.0,27797.0,41150
41152,9192.0,27828.0,41151
41153,9192.0,29262.0,41152
41154,9192.0,29334.0,41153
41155,9192.0,29173.0,41154
41156,9192.0,29124.0,41155
41157,9192.0,29396.0,41156
41158,9192.0,29758.0,41157
41159,9192.0,30097.0,41158
41160,9192.0,29837.0,41159
41161,9192.0,29837.0,41160
41162,9192.0,30429.0,41161
41163,9192.0,30187.0,41162
41164,9192.0,29334.0,41163
41165,9192.0,28648.0,41164
41166,9192.0,28138.0,41165
41167,9192.0,28271.0,41166
41168,9192.0,28244.0,41167
41169,9192.0,28169.0,41168
41170,9192.0,28653.0,41169
41171,9192.0,29031.0,41170
41172,9192.0,29021.0,41171
41173,9192.0,29225.0,41172
41174,9192.0,29297.0,41173
41175,9192.0,29325.0,41174
41176,9192.0,29586.0,41175
41177,9192.0,30240.0,41176
41178,9192.0,30119.0,41177
41179,9192.0,29459.0,41178
41180,9192.0,29626.0,41179
41181,9192.0,29457.0,41180
41182,9192.0,29807.0,41181
41183,9192.0,29843.0,41182
41184,9192.0,29917.0,41183
41185,9192.0,29971.0,41184
41186,9192.0,30044.0,41185
41187,9192.0,30253.0,41186
41188,9192.0,30171.0,41187
41189,9192.0,29896.0,41188
41190,9192.0,30234.0,41189
41191,9192.0,30143.0,41190
41192,9192.0,30065.0,41191
41193,9192.0,30059.0,41192
41194,9192.0,30059.0,41193
41195,9192.0,30328.0,41194
41196,9192.0,29018.0,41195
41197,9192.0,29032.0,41196
41198,9192.0,29091.0,41197
41199,9192.0,28853.0,41198
41200,9192.0,28962.0,41199
41201,9192.0,27906.0,41200
41202,9192.0,27806.0,41201
41203,9192.0,28519.0,41202
41204,9192.0,30297.0,41203
41205,9192.0,30335.0,41204
41206,9192.0,30335.0,41205
41207,9192.0,30268.0,41206
41208,9192.0,30159.0,41207
41209,9192.0,30122.0,41208
41210,9192.0,29744.0,41209
41211,9192.0,30705.0,41210
41212,9192.0,30598.0,41211
41213,9192.0,30480.0,41212
41214,9192.0,30337.0,41213
41215,9192.0,29429.0,41214
41216,9192.0,29151.0,41215
41217,9192.0,30244.0,41216
41218,9192.0,30403.0,41217
41219,9192.0,30406.0,41218
41220,9192.0,31063.0,41219
41221,9192.0,31365.0,41220
41222,9192.0,31244.0,41221
41223,9192.0,30814.0,41222
41224,9192.0,29260.0,41223
41225,9192.0,29632.0,41224
41226,9192.0,29535.0,41225
41227,9192.0,29628.0,41226
41228,9192.0,29597.0,41227
41229,9192.0,29597.0,41228
41230,9192.0,30172.0,41229
41231,9192.0,30179.0,41230
41232,9192.0,30615.0,41231
41233,9192.0,30400.0,41232
41234,9192.0,30526.0,41233
41235,9192.0,30797.0,41234
41236,9192.0,31170.0,41235
41237,9192.0,31070.0,41236
41238,9192.0,31130.0,41237
41239,9192.0,31609.0,41238
41240,9192.0,31822.0,41239
41241,9192.0,31370.0,41240
41242,9192.0,31244.0,41241
41243,9192.0,31266.0,41242
41244,9192.0,31871.0,41243
41245,9192.0,31399.0,41244
41246,9192.0,31158.0,41245
41247,9192.0,31241.0,41246
41248,9192.0,31241.0,41247
41249,9192.0,30971.0,41248
41250,9192.0,30945.0,41249
41251,9192.0,31409.0,41250
41252,9192.0,32052.0,41251
41253,9192.0,32493.0,41252
41254,9192.0,32676.0,41253
41255,9192.0,33015.0,41254
41256,9192.0,33111.0,41255
41257,9192.0,32788.0,41256
41258,9192.0,32888.0,41257
41259,9192.0,32836.0,41258
41260,9192.0,32820.0,41259
41261,9192.0,32797.0,41260
41262,9192.0,32673.0,41261
41263,9192.0,31611.0,41262
41264,9192.0,31044.0,41263
41265,9192.0,31794.0,41264
41266,9192.0,32535.0,41265
41267,9192.0,32417.0,41266
41268,9192.0,32307.0,41267
41269,9192.0,32279.0,41268
41270,9192.0,32286.0,41269
41271,9192.0,31973.0,41270
41272,9192.0,32011.0,41271
41273,9192.0,32536.0,41272
41274,9192.0,32504.0,41273
41275,9192.0,32213.0,41274
41276,9192.0,31576.0,41275
41277,9192.0,31418.0,41276
41278,9192.0,31425.0,41277
41279,9192.0,31237.0,41278
41280,9192.0,31276.0,41279
41281,9192.0,31267.0,41280
41282,9192.0,30298.0,41281
41283,9192.0,30325.0,41282
41284,9192.0,30288.0,41283
41285,9192.0,30153.0,41284
41286,9192.0,30399.0,41285
41287,9192.0,30539.0,41286
41288,9192.0,30917.0,41287
41289,9192.0,30633.0,41288
41290,9192.0,30488.0,41289
41291,9192.0,30468.0,41290
41292,9192.0,30323.0,41291
41293,9192.0,30315.0,41292
41294,9192.0,30586.0,41293
41295,9192.0,31272.0,41294
41296,9192.0,31209.0,41295
41297,9192.0,31130.0,41296
41298,9192.0,30953.0,41297
41299,9192.0,30964.0,41298
41300,9192.0,30793.0,41299
41301,9192.0,30833.0,41300
41302,9192.0,30833.0,41301
41303,9192.0,30760.0,41302
41304,9192.0,30835.0,41303
41305,9192.0,31379.0,41304
41306,9192.0,31339.0,41305
41307,9192.0,31359.0,41306
41308,9192.0,31379.0,41307
41309,9192.0,30456.0,41308
41310,9192.0,30163.0,41309
41311,9192.0,30133.0,41310
41312,9192.0,30088.0,41311
41313,9192.0,29893.0,41312
41314,9192.0,28485.0,41313
41315,9192.0,28674.0,41314
41316,9192.0,29007.0,41315
41317,9192.0,28391.0,41316
41318,9192.0,27169.0,41317
41319,9192.0,27004.0,41318
41320,9192.0,27304.0,41319
41321,9192.0,27228.0,41320
41322,9192.0,26195.0,41321
41323,9192.0,26318.0,41322
41324,9192.0,26343.0,41323
41325,9192.0,26343.0,41324
41326,9192.0,26349.0,41325
41327,9192.0,26846.0,41326
41328,9192.0,25966.0,41327
41329,9192.0,25966.0,41328
41330,9192.0,25747.0,41329
41331,9192.0,25517.0,41330
41332,9192.0,25534.0,41331
41333,9192.0,25709.0,41332
41334,9192.0,25268.0,41333
41335,9192.0,25905.0,41334
41336,9192.0,25793.0,41335
41337,9192.0,25647.0,41336
41338,9192.0,25556.0,41337
41339,9192.0,25109.0,41338
41340,9192.0,26198.0,41339
41341,9192.0,26666.0,41340
41342,9192.0,26666.0,41341
41343,9192.0,26770.0,41342
41344,9192.0,26846.0,41343
41345,9192.0,28066.0,41344
41346,9192.0,28329.0,41345
41347,9192.0,30126.0,41346
41348,9192.0,29796.0,41347
41349,9192.0,29838.0,41348
41350,9192.0,28449.0,41349
41351,9192.0,28038.0,41350
41352,9192.0,28765.0,41351
41353,9192.0,28711.0,41352
41354,9192.0,28863.0,41353
41355,9192.0,27506.0,41354
41356,9192.0,27506.0,41355
41357,9192.0,27505.0,41356
41358,9192.0,28055.0,41357
41359,9192.0,28913.0,41358
41360,9192.0,29436.0,41359
41361,9192.0,29541.0,41360
41362,9192.0,28592.0,41361
41363,9192.0,28240.0,41362
41364,9192.0,28240.0,41363
41365,9192.0,28069.0,41364
41366,9192.0,28464.0,41365
41367,9192.0,28108.0,41366
41368,9192.0,28311.0,41367
41369,9192.0,28175.0,41368
41370,9192.0,28636.0,41369
41371,9192.0,28605.0,41370
41372,9192.0,28659.0,41371
41373,9192.0,28397.0,41372
41374,9192.0,28450.0,41373
41375,9192.0,29202.0,41374
41376,9192.0,28861.0,41375
41377,9192.0,28390.0,41376
41378,9192.0,28390.0,41377
41379,9192.0,28833.0,41378
41380,9192.0,28827.0,41379
41381,9192.0,29341.0,41380
41382,9192.0,29344.0,41381
41383,9192.0,30442.0,41382
41384,9192.0,28998.0,41383
41385,9192.0,29182.0,41384
41386,9192.0,29217.0,41385
41387,9192.0,29217.0,41386
41388,9192.0,28645.0,41387
41389,9192.0,29346.0,41388
41390,9192.0,29272.0,41389
41391,9192.0,28896.0,41390
41392,9192.0,28910.0,41391
41393,9192.0,29531.0,41392
41394,9192.0,28680.0,41393
41395,9192.0,28381.0,41394
41396,9192.0,28078.0,41395
41397,9192.0,28120.0,41396
41398,9192.0,28846.0,41397
41399,9192.0,28820.0,41398
41400,9192.0,28917.0,41399
41401,9192.0,29291.0,41400
41402,9192.0,29193.0,41401
41403,9192.0,29267.0,41402
41404,9192.0,30430.0,41403
41405,9192.0,30332.0,41404
41406,9192.0,30096.0,41405
41407,9192.0,29824.0,41406
41408,9192.0,29953.0,41407
41409,9192.0,29787.0,41408
41410,9192.0,30152.0,41409
41411,9192.0,30278.0,41410
41412,9192.0,30300.0,41411
41413,9192.0,29676.0,41412
41414,9192.0,29408.0,41413
41415,9192.0,29642.0,41414
41416,9192.0,29621.0,41415
41417,9192.0,29070.0,41416
41418,9192.0,29574.0,41417
41419,9192.0,30204.0,41418
41420,9192.0,29892.0,41419
41421,9192.0,30490.0,41420
41422,9192.0,30513.0,41421
41423,9192.0,30456.0,41422
41424,9192.0,30509.0,41423
41425,9192.0,29733.0,41424
41426,9192.0,28020.0,41425
41427,9192.0,28303.0,41426
41428,9192.0,30191.0,41427
41429,9192.0,29934.0,41428
41430,9192.0,29792.0,41429
41431,9192.0,29009.0,41430
41432,9192.0,28981.0,41431
41433,9192.0,28909.0,41432
41434,9192.0,29125.0,41433
41435,9192.0,30067.0,41434
41436,9192.0,29907.0,41435
41437,9192.0,29657.0,41436
41438,9192.0,28903.0,41437
41439,9192.0,28938.0,41438
41440,9192.0,28844.0,41439
41441,9192.0,29579.0,41440
41442,9192.0,29733.0,41441
41443,9192.0,29569.0,41442
41444,9192.0,29898.0,41443
41445,9192.0,30342.0,41444
41446,9192.0,31013.0,41445
41447,9192.0,32242.0,41446
41448,9192.0,32295.0,41447
41449,9192.0,32494.0,41448
41450,9192.0,31432.0,41449
41451,9192.0,31432.0,41450
41452,9192.0,29836.0,41451
41453,9192.0,30339.0,41452
41454,9192.0,30339.0,41453
41455,9192.0,30088.0,41454
41456,9192.0,30241.0,41455
41457,9192.0,29027.0,41456
41458,9192.0,28838.0,41457
41459,9192.0,29126.0,41458
41460,9192.0,28769.0,41459
41461,9192.0,28761.0,41460
41462,9192.0,28938.0,41461
41463,9192.0,28938.0,41462
41464,9192.0,28886.0,41463
41465,9192.0,28886.0,41464
41466,9192.0,28810.0,41465
41467,9192.0,28824.0,41466
41468,9192.0,29580.0,41467
41469,9192.0,29312.0,41468
41470,9192.0,29243.0,41469
41471,9192.0,29227.0,41470
41472,9192.0,29630.0,41471
41473,9192.0,29913.0,41472
41474,9192.0,29973.0,41473
41475,9192.0,29520.0,41474
41476,9192.0,29910.0,41475
41477,9192.0,29494.0,41476
41478,9192.0,29778.0,41477
41479,9192.0,29802.0,41478
41480,9192.0,29575.0,41479
41481,9192.0,30394.0,41480
41482,9192.0,29956.0,41481
41483,9192.0,29944.0,41482
41484,9192.0,29908.0,41483
41485,9192.0,29991.0,41484
41486,9192.0,29839.0,41485
41487,9192.0,29417.0,41486
41488,9192.0,29171.0,41487
41489,9192.0,29169.0,41488
41490,9192.0,29526.0,41489
41491,9192.0,29534.0,41490
41492,9192.0,29570.0,41491
41493,9192.0,29496.0,41492
41494,9192.0,29203.0,41493
41495,9192.0,29500.0,41494
41496,9192.0,29646.0,41495
41497,9192.0,29885.0,41496
41498,9192.0,29732.0,41497
41499,9192.0,29993.0,41498
41500,9192.0,29993.0,41499
41501,9192.0,30146.0,41500
41502,9192.0,30282.0,41501
41503,9192.0,30180.0,41502
41504,9192.0,30261.0,41503
41505,9192.0,29833.0,41504
41506,9192.0,29552.0,41505
41507,9192.0,29464.0,41506
41508,9192.0,29795.0,41507
41509,9192.0,29929.0,41508
41510,9192.0,29929.0,41509
41511,9192.0,30248.0,41510
41512,9192.0,28882.0,41511
41513,9192.0,28975.0,41512
41514,9192.0,28725.0,41513
41515,9192.0,28822.0,41514
41516,9192.0,28654.0,41515
41517,9192.0,28467.0,41516
41518,9192.0,28444.0,41517
41519,9192.0,28922.0,41518
41520,9192.0,28999.0,41519
41521,9192.0,29059.0,41520
41522,9192.0,29315.0,41521
41523,9192.0,29271.0,41522
41524,9192.0,29866.0,41523
41525,9192.0,30126.0,41524
41526,9192.0,29833.0,41525
41527,9192.0,29862.0,41526
41528,9192.0,30051.0,41527
41529,9192.0,29301.0,41528
41530,9192.0,29169.0,41529
41531,9192.0,28882.0,41530
41532,9192.0,28773.0,41531
41533,9192.0,28072.0,41532
41534,9192.0,28080.0,41533
41535,9192.0,28698.0,41534
41536,9192.0,28927.0,41535
41537,9192.0,28989.0,41536
41538,9192.0,28847.0,41537
41539,9192.0,28708.0,41538
41540,9192.0,28161.0,41539
41541,9192.0,28206.0,41540
41542,9192.0,28133.0,41541
41543,9192.0,28410.0,41542
41544,9192.0,28588.0,41543
41545,9192.0,28585.0,41544
41546,9192.0,28754.0,41545
41547,9192.0,28536.0,41546
41548,9192.0,27317.0,41547
41549,9192.0,27325.0,41548
41550,9192.0,27325.0,41549
41551,9192.0,26714.0,41550
41552,9192.0,26643.0,41551
41553,9192.0,26501.0,41552
41554,9192.0,26480.0,41553
41555,9192.0,26459.0,41554
41556,9192.0,26579.0,41555
41557,9192.0,26772.0,41556
41558,9192.0,26413.0,41557
41559,9192.0,26076.0,41558
41560,9192.0,27852.0,41559
41561,9192.0,28094.0,41560
41562,9192.0,27762.0,41561
41563,9192.0,27667.0,41562
41564,9192.0,27722.0,41563
41565,9192.0,27822.0,41564
41566,9192.0,27686.0,41565
41567,9192.0,27582.0,41566
41568,9192.0,27859.0,41567
41569,9192.0,27859.0,41568
41570,9192.0,28693.0,41569
41571,9192.0,28855.0,41570
41572,9192.0,28802.0,41571
41573,9192.0,30147.0,41572
41574,9192.0,29585.0,41573
41575,9192.0,28665.0,41574
41576,9192.0,28018.0,41575
41577,9192.0,28468.0,41576
41578,9192.0,29162.0,41577
41579,9192.0,28408.0,41578
41580,9192.0,28408.0,41579
41581,9192.0,30109.0,41580
41582,9192.0,29917.0,41581
41583,9192.0,29434.0,41582
41584,9192.0,31014.0,41583
41585,9192.0,31194.0,41584
41586,9192.0,30766.0,41585
41587,9192.0,30776.0,41586
41588,9192.0,28973.0,41587
41589,9192.0,28991.0,41588
41590,9192.0,29176.0,41589
41591,9192.0,29109.0,41590
41592,9192.0,28719.0,41591
41593,9192.0,28720.0,41592
41594,9192.0,28320.0,41593
41595,9192.0,28523.0,41594
41596,9192.0,28523.0,41595
41597,9192.0,28522.0,41596
41598,9192.0,28475.0,41597
41599,9192.0,28497.0,41598
41600,9192.0,28497.0,41599
41601,9192.0,28214.0,41600
41602,9192.0,28214.0,41601
41603,9192.0,28360.0,41602
41604,9192.0,28948.0,41603
41605,9192.0,28844.0,41604
41606,9192.0,28233.0,41605
41607,9192.0,28233.0,41606
41608,9192.0,28233.0,41607
41609,9192.0,27990.0,41608
41610,9192.0,28232.0,41609
41611,9192.0,28161.0,41610
41612,9192.0,29075.0,41611
41613,9192.0,28924.0,41612
41614,9192.0,29224.0,41613
41615,9192.0,28568.0,41614
41616,9192.0,28756.0,41615
41617,9192.0,28986.0,41616
41618,9192.0,28447.0,41617
41619,9192.0,28347.0,41618
41620,9192.0,27694.0,41619
41621,9192.0,26889.0,41620
41622,9192.0,27983.0,41621
41623,9192.0,27956.0,41622
41624,9192.0,28354.0,41623
41625,9192.0,28348.0,41624
41626,9192.0,28389.0,41625
41627,9192.0,28407.0,41626
41628,9192.0,28350.0,41627
41629,9192.0,28421.0,41628
41630,9192.0,28421.0,41629
41631,9192.0,28397.0,41630
41632,9192.0,28479.0,41631
41633,9192.0,28373.0,41632
41634,9192.0,28501.0,41633
41635,9192.0,28326.0,41634
41636,9192.0,28716.0,41635
41637,9192.0,29532.0,41636
41638,9192.0,29422.0,41637
41639,9192.0,29360.0,41638
41640,9192.0,29112.0,41639
41641,9192.0,28097.0,41640
41642,9192.0,28096.0,41641
41643,9192.0,27707.0,41642
41644,9192.0,27613.0,41643
41645,9192.0,27617.0,41644
41646,9192.0,27706.0,41645
41647,9192.0,27706.0,41646
41648,9192.0,28088.0,41647
41649,9192.0,28111.0,41648
41650,9192.0,27508.0,41649
41651,9192.0,27573.0,41650
41652,9192.0,27283.0,41651
41653,9192.0,27492.0,41652
41654,9192.0,27502.0,41653
41655,9192.0,27854.0,41654
41656,9192.0,27450.0,41655
41657,9192.0,27473.0,41656
41658,9192.0,27106.0,41657
41659,9192.0,27106.0,41658
41660,9192.0,27106.0,41659
41661,9192.0,27049.0,41660
41662,9192.0,27216.0,41661
41663,9192.0,27216.0,41662
41664,9192.0,27001.0,41663
41665,9192.0,27001.0,41664
41666,9192.0,26476.0,41665
41667,9192.0,26225.0,41666
41668,9192.0,26243.0,41667
41669,9192.0,26263.0,41668
41670,9192.0,26398.0,41669
41671,9192.0,26398.0,41670
41672,9192.0,26307.0,41671
41673,9192.0,26509.0,41672
41674,9192.0,26642.0,41673
41675,9192.0,27271.0,41674
41676,9192.0,27271.0,41675
41677,9192.0,27248.0,41676
41678,9192.0,28904.0,41677
41679,9192.0,28904.0,41678
41680,9192.0,29277.0,41679
41681,9192.0,30091.0,41680
41682,9192.0,29821.0,41681
41683,9192.0,29985.0,41682
41684,9192.0,29785.0,41683
41685,9192.0,30142.0,41684
41686,9192.0,30155.0,41685
41687,9192.0,30139.0,41686
41688,9192.0,28904.0,41687
41689,9192.0,30280.0,41688
41690,9192.0,30562.0,41689
41691,9192.0,30610.0,41690
41692,9192.0,30408.0,41691
41693,9192.0,30057.0,41692
41694,9192.0,30020.0,41693
41695,9192.0,30103.0,41694
41696,9192.0,29082.0,41695
41697,9192.0,29031.0,41696
41698,9192.0,29005.0,41697
41699,9192.0,29073.0,41698
41700,9192.0,29904.0,41699
41701,9192.0,31040.0,41700
41702,9192.0,31044.0,41701
41703,9192.0,30410.0,41702
41704,9192.0,30178.0,41703
41705,9192.0,29361.0,41704
41706,9192.0,29043.0,41705
41707,9192.0,28983.0,41706
41708,9192.0,29335.0,41707
41709,9192.0,29512.0,41708
41710,9192.0,29482.0,41709
41711,9192.0,28568.0,41710
41712,9192.0,28568.0,41711
41713,9192.0,28404.0,41712
41714,9192.0,28508.0,41713
41715,9192.0,28719.0,41714
41716,9192.0,28719.0,41715
41717,9192.0,28992.0,41716
41718,9192.0,29139.0,41717
41719,9192.0,29969.0,41718
41720,9192.0,30212.0,41719
41721,9192.0,30123.0,41720
41722,9192.0,29856.0,41721
41723,9192.0,29748.0,41722
41724,9192.0,29413.0,41723
41725,9192.0,30391.0,41724
41726,9192.0,30552.0,41725
41727,9192.0,31014.0,41726
41728,9192.0,31275.0,41727
41729,9192.0,30372.0,41728
41730,9192.0,29946.0,41729
41731,9192.0,29453.0,41730
41732,9192.0,29160.0,41731
41733,9192.0,29077.0,41732
41734,9192.0,29177.0,41733
41735,9192.0,29177.0,41734
41736,9192.0,28244.0,41735
41737,9192.0,28244.0,41736
41738,9192.0,27462.0,41737
41739,9192.0,28092.0,41738
41740,9192.0,28225.0,41739
41741,9192.0,28743.0,41740
41742,9192.0,28739.0,41741
41743,9192.0,27647.0,41742
41744,9192.0,27828.0,41743
41745,9192.0,28054.0,41744
41746,9192.0,28081.0,41745
41747,9192.0,28081.0,41746
41748,9192.0,28768.0,41747
41749,9192.0,28502.0,41748
41750,9192.0,28384.0,41749
41751,9192.0,28435.0,41750
41752,9192.0,28456.0,41751
41753,9192.0,28309.0,41752
41754,9192.0,28173.0,41753
41755,9192.0,28470.0,41754
41756,9192.0,28564.0,41755
41757,9192.0,28246.0,41756
41758,9192.0,28432.0,41757
41759,9192.0,28449.0,41758
41760,9192.0,28360.0,41759
41761,9192.0,28266.0,41760
41762,9192.0,28189.0,41761
41763,9192.0,27773.0,41762
41764,9192.0,27773.0,41763
41765,9192.0,28746.0,41764
41766,9192.0,28897.0,41765
41767,9192.0,29278.0,41766
41768,9192.0,28928.0,41767
41769,9192.0,28928.0,41768
41770,9192.0,28497.0,41769
41771,9192.0,27536.0,41770
41772,9192.0,27536.0,41771
41773,9192.0,28327.0,41772
41774,9192.0,29472.0,41773
41775,9192.0,29717.0,41774
41776,9192.0,28112.0,41775
41777,9192.0,28087.0,41776
41778,9192.0,27831.0,41777
41779,9192.0,27831.0,41778
41780,9192.0,28433.0,41779
41781,9192.0,28652.0,41780
41782,9192.0,29599.0,41781
41783,9192.0,29452.0,41782
41784,9192.0,29452.0,41783
41785,9192.0,28989.0,41784
41786,9192.0,29030.0,41785
41787,9192.0,29030.0,41786
41788,9192.0,28782.0,41787
41789,9192.0,30349.0,41788
41790,9192.0,30299.0,41789
41791,9192.0,29810.0,41790
41792,9192.0,30054.0,41791
41793,9192.0,29375.0,41792
41794,9192.0,29284.0,41793
41795,9192.0,29341.0,41794
41796,9192.0,29524.0,41795
41797,9192.0,28621.0,41796
41798,9192.0,28230.0,41797
41799,9192.0,27050.0,41798
41800,9192.0,26806.0,41799
41801,9192.0,26537.0,41800
41802,9192.0,26580.0,41801
41803,9192.0,26860.0,41802
41804,9192.0,26778.0,41803
41805,9192.0,28364.0,41804
41806,9192.0,28373.0,41805
41807,9192.0,28290.0,41806
41808,9192.0,27797.0,41807
41809,9192.0,27634.0,41808
41810,9192.0,28115.0,41809
41811,9192.0,27937.0,41810
41812,9192.0,27043.0,41811
41813,9192.0,27041.0,41812
41814,9192.0,27336.0,41813
41815,9192.0,27349.0,41814
41816,9192.0,27728.0,41815
41817,9192.0,27752.0,41816
41818,9192.0,28222.0,41817
41819,9192.0,28261.0,41818
41820,9192.0,28414.0,41819
41821,9192.0,28414.0,41820
41822,9192.0,28534.0,41821
41823,9192.0,28496.0,41822
41824,9192.0,28496.0,41823
41825,9192.0,28496.0,41824
41826,9192.0,27522.0,41825
41827,9192.0,27522.0,41826
41828,9192.0,28295.0,41827
41829,9192.0,28363.0,41828
41830,9192.0,28528.0,41829
41831,9192.0,28718.0,41830
41832,9192.0,28489.0,41831
41833,9192.0,28489.0,41832
41834,9192.0,28426.0,41833
41835,9192.0,28953.0,41834
41836,9192.0,28895.0,41835
41837,9192.0,28751.0,41836
41838,9192.0,28510.0,41837
41839,9192.0,28959.0,41838
41840,9192.0,28762.0,41839
41841,9192.0,28743.0,41840
41842,9192.0,28742.0,41841
41843,9192.0,28723.0,41842
41844,9192.0,28724.0,41843
41845,9192.0,28443.0,41844
41846,9192.0,27834.0,41845
41847,9192.0,27782.0,41846
41848,9192.0,27784.0,41847
41849,9192.0,27962.0,41848
41850,9192.0,27895.0,41849
41851,9192.0,27891.0,41850
41852,9192.0,28221.0,41851
41853,9192.0,28278.0,41852
41854,9192.0,27922.0,41853
41855,9192.0,27962.0,41854
41856,9192.0,28011.0,41855
41857,9192.0,27298.0,41856
41858,9192.0,28071.0,41857
41859,9192.0,27681.0,41858
41860,9192.0,27675.0,41859
41861,9192.0,28001.0,41860
41862,9192.0,27863.0,41861
41863,9192.0,28212.0,41862
41864,9192.0,27847.0,41863
41865,9192.0,28174.0,41864
41866,9192.0,28294.0,41865
41867,9192.0,28699.0,41866
41868,9192.0,28475.0,41867
41869,9192.0,28242.0,41868
41870,9192.0,28120.0,41869
41871,9192.0,28120.0,41870
41872,9192.0,27861.0,41871
41873,9192.0,27934.0,41872
41874,9192.0,27558.0,41873
41875,9192.0,28150.0,41874
41876,9192.0,28058.0,41875
41877,9192.0,28331.0,41876
41878,9192.0,28463.0,41877
41879,9192.0,28120.0,41878
41880,9192.0,27830.0,41879
41881,9192.0,27682.0,41880
41882,9192.0,27486.0,41881
41883,9192.0,28383.0,41882
41884,9192.0,28383.0,41883
41885,9192.0,28383.0,41884
41886,9192.0,28383.0,41885
41887,9192.0,27388.0,41886
41888,9192.0,27805.0,41887
41889,9192.0,27805.0,41888
41890,9192.0,27770.0,41889
41891,9192.0,27907.0,41890
41892,9192.0,27687.0,41891
41893,9192.0,27780.0,41892
41894,9192.0,26184.0,41893
41895,9192.0,26361.0,41894
41896,9192.0,26295.0,41895
41897,9192.0,26658.0,41896
41898,9192.0,26658.0,41897
41899,9192.0,26743.0,41898
41900,9192.0,26754.0,41899
41901,9192.0,27497.0,41900
41902,9192.0,27382.0,41901
41903,9192.0,28175.0,41902
41904,9192.0,27915.0,41903
41905,9192.0,27934.0,41904
41906,9192.0,28033.0,41905
41907,9192.0,28187.0,41906
41908,9192.0,28187.0,41907
41909,9192.0,27961.0,41908
41910,9192.0,27683.0,41909
41911,9192.0,27707.0,41910
41912,9192.0,27707.0,41911
41913,9192.0,27720.0,41912
41914,9192.0,27919.0,41913
41915,9192.0,27758.0,41914
41916,9192.0,28016.0,41915
41917,9192.0,27630.0,41916
41918,9192.0,27630.0,41917
41919,9192.0,28055.0,41918
41920,9192.0,28017.0,41919
41921,9192.0,28000.0,41920
41922,9192.0,27617.0,41921
41923,9192.0,27304.0,41922
41924,9192.0,27913.0,41923
41925,9192.0,27663.0,41924
41926,9192.0,27461.0,41925
41927,9192.0,27754.0,41926
41928,9192.0,27580.0,41927
41929,9192.0,27580.0,41928
41930,9192.0,27777.0,41929
41931,9192.0,27578.0,41930
41932,9192.0,27933.0,41931
41933,9192.0,27998.0,41932
41934,9192.0,28026.0,41933
41935,9192.0,27999.0,41934
41936,9192.0,27999.0,41935
41937,9192.0,28856.0,41936
41938,9192.0,29083.0,41937
41939,9192.0,28867.0,41938
41940,9192.0,29184.0,41939
41941,9192.0,29184.0,41940
41942,9192.0,29511.0,41941
41943,9192.0,28105.0,41942
41944,9192.0,27683.0,41943
41945,9192.0,27129.0,41944
41946,9192.0,26895.0,41945
41947,9192.0,27036.0,41946
41948,9192.0,26993.0,41947
41949,9192.0,27947.0,41948
41950,9192.0,28153.0,41949
41951,9192.0,28801.0,41950
41952,9192.0,27733.0,41951
41953,9192.0,27533.0,41952
41954,9192.0,27803.0,41953
41955,9192.0,27771.0,41954
41956,9192.0,28249.0,41955
41957,9192.0,28433.0,41956
41958,9192.0,28180.0,41957
41959,9192.0,28180.0,41958
41960,9192.0,29541.0,41959
41961,9192.0,29239.0,41960
41962,9192.0,29264.0,41961
41963,9192.0,29372.0,41962
41964,9192.0,29495.0,41963
41965,9192.0,29425.0,41964
41966,9192.0,29319.0,41965
41967,9192.0,28762.0,41966
41968,9192.0,28035.0,41967
41969,9192.0,27937.0,41968
41970,9192.0,27803.0,41969
41971,9192.0,26811.0,41970
41972,9192.0,27397.0,41971
41973,9192.0,26743.0,41972
41974,9192.0,26813.0,41973
41975,9192.0,26821.0,41974
41976,9192.0,26640.0,41975
41977,9192.0,26985.0,41976
41978,9192.0,26480.0,41977
41979,9192.0,26515.0,41978
41980,9192.0,26360.0,41979
41981,9192.0,26391.0,41980
41982,9192.0,26780.0,41981
41983,9192.0,27332.0,41982
41984,9192.0,27332.0,41983
41985,9192.0,26827.0,41984
41986,9192.0,27443.0,41985
41987,9192.0,27443.0,41986
41988,9192.0,27288.0,41987
41989,9192.0,26877.0,41988
41990,9192.0,25838.0,41989
41991,9192.0,26739.0,41990
41992,9192.0,27032.0,41991
41993,9192.0,26605.0,41992
41994,9192.0,26605.0,41993
41995,9192.0,27011.0,41994
41996,9192.0,27078.0,41995
41997,9192.0,27078.0,41996
41998,9192.0,26988.0,41997
41999,9192.0,27059.0,41998
42000,9192.0,27038.0,41999
42001,9192.0,27093.0,42000
42002,9192.0,27031.0,42001
42003,9192.0,27232.0,42002
42004,9192.0,26809.0,42003
42005,9192.0,26080.0,42004
42006,9192.0,25878.0,42005
42007,9192.0,25820.0,42006
42008,9192.0,27282.0,42007
42009,9192.0,28047.0,42008
42010,9192.0,28031.0,42009
42011,9192.0,27954.0,42010
42012,9192.0,27037.0,42011
42013,9192.0,27007.0,42012
42014,9192.0,27119.0,42013
42015,9192.0,26614.0,42014
42016,9192.0,26644.0,42015
42017,9192.0,26644.0,42016
42018,9192.0,27531.0,42017
42019,9192.0,27531.0,42018
42020,9192.0,26987.0,42019
42021,9192.0,26922.0,42020
42022,9192.0,26922.0,42021
42023,9192.0,28006.0,42022
42024,9192.0,27990.0,42023
42025,9192.0,28112.0,42024
42026,9192.0,28107.0,42025
42027,9192.0,27381.0,42026
42028,9192.0,27084.0,42027
42029,9192.0,27438.0,42028
42030,9192.0,27650.0,42029
42031,9192.0,27998.0,42030
42032,9192.0,27706.0,42031
42033,9192.0,27725.0,42032
42034,9192.0,28011.0,42033
42035,9192.0,27775.0,42034
42036,9192.0,27775.0,42035
42037,9192.0,27809.0,42036
42038,9192.0,27986.0,42037
42039,9192.0,27833.0,42038
42040,9192.0,27276.0,42039
42041,9192.0,26814.0,42040
42042,9192.0,26842.0,42041
42043,9192.0,27077.0,42042
42044,9192.0,26860.0,42043
42045,9192.0,26829.0,42044
42046,9192.0,26734.0,42045
42047,9192.0,26849.0,42046
42048,9192.0,26983.0,42047
42049,9192.0,27125.0,42048
42050,9192.0,27125.0,42049
42051,9192.0,27326.0,42050
42052,9192.0,27372.0,42051
42053,9192.0,27421.0,42052
42054,9192.0,27808.0,42053
42055,9192.0,28218.0,42054
42056,9192.0,28080.0,42055
42057,9192.0,27956.0,42056
42058,9192.0,29474.0,42057
42059,9192.0,29537.0,42058
42060,9192.0,29455.0,42059
42061,9192.0,28914.0,42060
42062,9192.0,28759.0,42061
42063,9192.0,28602.0,42062
42064,9192.0,27696.0,42063
42065,9192.0,27696.0,42064
42066,9192.0,27493.0,42065
42067,9192.0,27532.0,42066
42068,9192.0,27988.0,42067
42069,9192.0,27857.0,42068
42070,9192.0,27924.0,42069
42071,9192.0,27771.0,42070
42072,9192.0,27773.0,42071
42073,9192.0,28271.0,42072
42074,9192.0,28853.0,42073
42075,9192.0,28502.0,42074
42076,9192.0,28342.0,42075
42077,9192.0,28355.0,42076
42078,9192.0,28817.0,42077
42079,9192.0,29176.0,42078
42080,9192.0,29278.0,42079
42081,9192.0,28702.0,42080
42082,9192.0,29242.0,42081
42083,9192.0,29381.0,42082
42084,9192.0,29388.0,42083
42085,9192.0,29062.0,42084
42086,9192.0,29007.0,42085
42087,9192.0,29613.0,42086
42088,9192.0,30091.0,42087
42089,9192.0,30416.0,42088
42090,9192.0,29940.0,42089
42091,9192.0,30391.0,42090
42092,9192.0,30391.0,42091
42093,9192.0,30391.0,42092
42094,9192.0,30164.0,42093
42095,9192.0,29586.0,42094
42096,9192.0,29552.0,42095
42097,9192.0,28867.0,42096
42098,9192.0,29504.0,42097
42099,9192.0,29518.0,42098
42100,9192.0,29518.0,42099
42101,9192.0,29515.0,42100
42102,9192.0,28970.0,42101
42103,9192.0,28695.0,42102
42104,9192.0,27961.0,42103
42105,9192.0,28323.0,42104
42106,9192.0,28327.0,42105
42107,9192.0,28542.0,42106
42108,9192.0,29362.0,42107
42109,9192.0,29245.0,42108
42110,9192.0,29245.0,42109
42111,9192.0,29245.0,42110
42112,9192.0,28786.0,42111
42113,9192.0,28373.0,42112
42114,9192.0,28135.0,42113
42115,9192.0,28364.0,42114
42116,9192.0,28225.0,42115
42117,9192.0,28626.0,42116
42118,9192.0,28466.0,42117
42119,9192.0,28176.0,42118
42120,9192.0,28176.0,42119
42121,9192.0,28791.0,42120
42122,9192.0,28473.0,42121
42123,9192.0,28577.0,42122
42124,9192.0,28601.0,42123
42125,9192.0,28607.0,42124
42126,9192.0,28834.0,42125
42127,9192.0,28022.0,42126
42128,9192.0,27919.0,42127
42129,9192.0,28033.0,42128
42130,9192.0,28053.0,42129
42131,9192.0,28046.0,42130
42132,9192.0,26412.0,42131
42133,9192.0,25547.0,42132
42134,9192.0,25928.0,42133
42135,9192.0,26442.0,42134
42136,9192.0,26517.0,42135
42137,9192.0,26428.0,42136
42138,9192.0,26310.0,42137
42139,9192.0,26534.0,42138
42140,9192.0,27242.0,42139
42141,9192.0,27600.0,42140
42142,9192.0,27600.0,42141
42143,9192.0,27377.0,42142
42144,9192.0,27260.0,42143
42145,9192.0,27024.0,42144
42146,9192.0,27190.0,42145
42147,9192.0,27823.0,42146
42148,9192.0,28090.0,42147
42149,9192.0,28090.0,42148
42150,9192.0,28152.0,42149
42151,9192.0,28682.0,42150
42152,9192.0,28946.0,42151
42153,9192.0,29473.0,42152
42154,9192.0,29124.0,42153
42155,9192.0,29324.0,42154
42156,9192.0,29340.0,42155
42157,9192.0,30775.0,42156
42158,9192.0,30760.0,42157
42159,9192.0,31427.0,42158
42160,9192.0,31293.0,42159
42161,9192.0,33017.0,42160
42162,9192.0,32823.0,42161
42163,9192.0,32165.0,42162
42164,9192.0,31571.0,42163
42165,9192.0,31363.0,42164
42166,9192.0,31525.0,42165
42167,9192.0,30855.0,42166
42168,9192.0,30887.0,42167
42169,9192.0,30939.0,42168
42170,9192.0,31776.0,42169
42171,9192.0,32091.0,42170
42172,9192.0,31746.0,42171
42173,9192.0,31791.0,42172
42174,9192.0,32354.0,42173
42175,9192.0,32273.0,42174
42176,9192.0,31268.0,42175
42177,9192.0,31268.0,42176
42178,9192.0,31302.0,42177
42179,9192.0,31282.0,42178
42180,9192.0,30705.0,42179
42181,9192.0,30705.0,42180
42182,9192.0,31651.0,42181
42183,9192.0,31436.0,42182
42184,9192.0,31672.0,42183
42185,9192.0,30395.0,42184
42186,9192.0,30443.0,42185
42187,9192.0,30350.0,42186
42188,9192.0,30333.0,42187
42189,9192.0,30369.0,42188
42190,9192.0,30112.0,42189
42191,9192.0,30039.0,42190
42192,9192.0,29506.0,42191
42193,9192.0,29763.0,42192
42194,9192.0,30134.0,42193
42195,9192.0,30208.0,42194
42196,9192.0,30600.0,42195
42197,9192.0,30408.0,42196
42198,9192.0,30886.0,42197
42199,9192.0,30886.0,42198
42200,9192.0,30654.0,42199
42201,9192.0,30900.0,42200
42202,9192.0,30900.0,42201
42203,9192.0,30981.0,42202
42204,9192.0,30390.0,42203
42205,9192.0,30404.0,42204
42206,9192.0,29885.0,42205
42207,9192.0,29973.0,42206
42208,9192.0,30512.0,42207
42209,9192.0,29885.0,42208
42210,9192.0,29777.0,42209
42211,9192.0,29582.0,42210
42212,9192.0,28841.0,42211
42213,9192.0,28829.0,42212
42214,9192.0,28783.0,42213
42215,9192.0,28783.0,42214
42216,9192.0,28768.0,42215
42217,9192.0,28604.0,42216
42218,9192.0,28672.0,42217
42219,9192.0,28900.0,42218
42220,9192.0,29018.0,42219
42221,9192.0,28877.0,42220
42222,9192.0,28583.0,42221
42223,9192.0,29856.0,42222
42224,9192.0,29856.0,42223
42225,9192.0,29877.0,42224
42226,9192.0,29067.0,42225
42227,9192.0,29033.0,42226
42228,9192.0,28905.0,42227
42229,9192.0,29004.0,42228
42230,9192.0,29004.0,42229
42231,9192.0,29004.0,42230
42232,9192.0,28702.0,42231
42233,9192.0,28999.0,42232
42234,9192.0,29284.0,42233
42235,9192.0,29237.0,42234
42236,9192.0,29788.0,42235
42237,9192.0,29506.0,42236
42238,9192.0,29662.0,42237
42239,9192.0,29662.0,42238
42240,9192.0,29567.0,42239
42241,9192.0,28815.0,42240
42242,9192.0,28383.0,42241
42243,9192.0,28370.0,42242
42244,9192.0,28430.0,42243
42245,9192.0,28574.0,42244
42246,9192.0,28470.0,42245
42247,9192.0,28028.0,42246
42248,9192.0,28187.0,42247
42249,9192.0,28481.0,42248
42250,9192.0,28297.0,42249
42251,9192.0,28214.0,42250
42252,9192.0,28159.0,42251
42253,9192.0,27854.0,42252
42254,9192.0,27884.0,42253
42255,9192.0,28146.0,42254
42256,9192.0,28142.0,42255
42257,9192.0,28790.0,42256
42258,9192.0,28960.0,42257
42259,9192.0,28915.0,42258
42260,9192.0,28853.0,42259
42261,9192.0,28972.0,42260
42262,9192.0,28640.0,42261
42263,9192.0,28963.0,42262
42264,9192.0,29220.0,42263
42265,9192.0,29117.0,42264
42266,9192.0,29250.0,42265
42267,9192.0,29127.0,42266
42268,9192.0,29459.0,42267
42269,9192.0,28989.0,42268
42270,9192.0,28537.0,42269
42271,9192.0,28187.0,42270
42272,9192.0,27810.0,42271
42273,9192.0,27982.0,42272
42274,9192.0,27982.0,42273
42275,9192.0,27117.0,42274
42276,9192.0,27149.0,42275
42277,9192.0,28413.0,42276
42278,9192.0,28787.0,42277
42279,9192.0,28825.0,42278
42280,9192.0,28436.0,42279
42281,9192.0,28597.0,42280
42282,9192.0,28916.0,42281
42283,9192.0,29175.0,42282
42284,9192.0,29875.0,42283
42285,9192.0,29955.0,42284
42286,9192.0,29915.0,42285
42287,9192.0,29927.0,42286
42288,9192.0,31033.0,42287
42289,9192.0,31048.0,42288
42290,9192.0,31111.0,42289
42291,9192.0,31455.0,42290
42292,9192.0,31534.0,42291
42293,9192.0,31361.0,42292
42294,9192.0,31148.0,42293
42295,9192.0,30919.0,42294
42296,9192.0,30654.0,42295
42297,9192.0,30277.0,42296
42298,9192.0,29452.0,42297
42299,9192.0,29496.0,42298
42300,9192.0,29489.0,42299
42301,9192.0,29489.0,42300
42302,9192.0,28500.0,42301
42303,9192.0,28524.0,42302
42304,9192.0,28323.0,42303
42305,9192.0,28812.0,42304
42306,9192.0,28747.0,42305
42307,9192.0,29059.0,42306
42308,9192.0,28900.0,42307
42309,9192.0,28937.0,42308
42310,9192.0,27856.0,42309
42311,9192.0,27856.0,42310
42312,9192.0,27586.0,42311
42313,9192.0,28693.0,42312
42314,9192.0,28559.0,42313
42315,9192.0,28559.0,42314
42316,9192.0,28553.0,42315
42317,9192.0,28793.0,42316
42318,9192.0,27969.0,42317
42319,9192.0,27969.0,42318
42320,9192.0,28311.0,42319
42321,9192.0,29065.0,42320
42322,9192.0,29502.0,42321
42323,9192.0,29610.0,42322
42324,9192.0,30125.0,42323
42325,9192.0,30110.0,42324
42326,9192.0,29961.0,42325
42327,9192.0,29841.0,42326
42328,9192.0,30198.0,42327
42329,9192.0,30507.0,42328
42330,9192.0,30700.0,42329
42331,9192.0,30390.0,42330
42332,9192.0,30000.0,42331
42333,9192.0,30000.0,42332
42334,9192.0,29604.0,42333
42335,9192.0,29496.0,42334
42336,9192.0,29445.0,42335
42337,9192.0,29478.0,42336
42338,9192.0,29910.0,42337
42339,9192.0,29726.0,42338
42340,9192.0,29460.0,42339
42341,9192.0,29311.0,42340
42342,9192.0,29311.0,42341
42343,9192.0,29235.0,42342
42344,9192.0,29363.0,42343
42345,9192.0,29715.0,42344
42346,9192.0,29565.0,42345
42347,9192.0,29946.0,42346
42348,9192.0,29921.0,42347
42349,9192.0,29828.0,42348
42350,9192.0,30586.0,42349
42351,9192.0,30769.0,42350
42352,9192.0,30029.0,42351
42353,9192.0,30271.0,42352
42354,9192.0,29682.0,42353
42355,9192.0,30136.0,42354
42356,9192.0,29703.0,42355
42357,9192.0,29673.0,42356
42358,9192.0,30017.0,42357
42359,9192.0,30115.0,42358
42360,9192.0,30116.0,42359
42361,9192.0,30105.0,42360
42362,9192.0,30235.0,42361
42363,9192.0,30543.0,42362
42364,9192.0,30033.0,42363
42365,9192.0,28167.0,42364
42366,9192.0,28009.0,42365
42367,9192.0,27988.0,42366
42368,9192.0,28119.0,42367
42369,9192.0,28109.0,42368
42370,9192.0,27503.0,42369
42371,9192.0,28714.0,42370
42372,9192.0,28433.0,42371
42373,9192.0,27981.0,42372
42374,9192.0,28795.0,42373
42375,9192.0,28955.0,42374
42376,9192.0,29796.0,42375
42377,9192.0,29865.0,42376
42378,9192.0,29503.0,42377
42379,9192.0,29294.0,42378
42380,9192.0,29100.0,42379
42381,9192.0,28654.0,42380
42382,9192.0,28654.0,42381
42383,9192.0,28556.0,42382
42384,9192.0,29100.0,42383
42385,9192.0,29114.0,42384
42386,9192.0,29980.0,42385
42387,9192.0,30009.0,42386
42388,9192.0,29143.0,42387
42389,9192.0,29076.0,42388
42390,9192.0,29841.0,42389
42391,9192.0,29009.0,42390
42392,9192.0,28780.0,42391
42393,9192.0,28705.0,42392
42394,9192.0,28709.0,42393
42395,9192.0,30023.0,42394
42396,9192.0,30023.0,42395
42397,9192.0,30160.0,42396
42398,9192.0,30336.0,42397
42399,9192.0,30421.0,42398
42400,9192.0,30213.0,42399
42401,9192.0,29800.0,42400
42402,9192.0,29236.0,42401
42403,9192.0,29520.0,42402
42404,9192.0,28363.0,42403
42405,9192.0,28255.0,42404
42406,9192.0,27664.0,42405
42407,9192.0,27730.0,42406
42408,9192.0,27666.0,42407
42409,9192.0,27543.0,42408
42410,9192.0,27789.0,42409
42411,9192.0,27673.0,42410
42412,9192.0,27809.0,42411
42413,9192.0,27809.0,42412
42414,9192.0,28953.0,42413
42415,9192.0,28821.0,42414
42416,9192.0,29046.0,42415
42417,9192.0,29113.0,42416
42418,9192.0,29113.0,42417
42419,9192.0,29036.0,42418
42420,9192.0,29353.0,42419
42421,9192.0,30085.0,42420
42422,9192.0,30128.0,42421
42423,9192.0,29891.0,42422
42424,9192.0,29881.0,42423
42425,9192.0,29866.0,42424
42426,9192.0,28554.0,42425
42427,9192.0,28893.0,42426
42428,9192.0,28976.0,42427
42429,9192.0,29457.0,42428
42430,9192.0,29578.0,42429
42431,9192.0,29603.0,42430
42432,9192.0,29603.0,42431
42433,9192.0,29573.0,42432
42434,9192.0,29573.0,42433
42435,9192.0,29614.0,42434
42436,9192.0,29530.0,42435
42437,9192.0,29280.0,42436
42438,9192.0,29387.0,42437
42439,9192.0,29597.0,42438
42440,9192.0,29682.0,42439
42441,9192.0,29528.0,42440
42442,9192.0,29580.0,42441
42443,9192.0,29524.0,42442
42444,9192.0,29573.0,42443
42445,9192.0,29503.0,42444
42446,9192.0,29684.0,42445
42447,9192.0,29720.0,42446
42448,9192.0,30145.0,42447
42449,9192.0,30278.0,42448
42450,9192.0,30272.0,42449
42451,9192.0,30532.0,42450
42452,9192.0,30627.0,42451
42453,9192.0,29634.0,42452
42454,9192.0,29684.0,42453
42455,9192.0,29576.0,42454
42456,9192.0,29648.0,42455
42457,9192.0,29527.0,42456
42458,9192.0,30508.0,42457
42459,9192.0,30435.0,42458
42460,9192.0,30435.0,42459
42461,9192.0,30359.0,42460
42462,9192.0,30394.0,42461
42463,9192.0,30126.0,42462
42464,9192.0,30172.0,42463
42465,9192.0,30174.0,42464
42466,9192.0,30382.0,42465
42467,9192.0,30065.0,42466
42468,9192.0,30224.0,42467
42469,9192.0,31003.0,42468
42470,9192.0,31003.0,42469
42471,9192.0,31030.0,42470
42472,9192.0,30907.0,42471
42473,9192.0,29498.0,42472
42474,9192.0,29277.0,42473
42475,9192.0,29590.0,42474
42476,9192.0,29635.0,42475
42477,9192.0,29781.0,42476
42478,9192.0,29983.0,42477
42479,9192.0,30229.0,42478
42480,9192.0,29563.0,42479
42481,9192.0,29843.0,42480
42482,9192.0,30497.0,42481
42483,9192.0,29840.0,42482
42484,9192.0,29550.0,42483
42485,9192.0,30319.0,42484
42486,9192.0,30533.0,42485
42487,9192.0,30915.0,42486
42488,9192.0,30849.0,42487
42489,9192.0,30381.0,42488
42490,9192.0,29216.0,42489
42491,9192.0,29216.0,42490
42492,9192.0,29120.0,42491
42493,9192.0,29038.0,42492
42494,9192.0,29005.0,42493
42495,9192.0,29172.0,42494
42496,9192.0,29068.0,42495
42497,9192.0,29012.0,42496
42498,9192.0,28946.0,42497
42499,9192.0,28913.0,42498
42500,9192.0,28147.0,42499
42501,9192.0,29574.0,42500
42502,9192.0,29933.0,42501
42503,9192.0,29604.0,42502
42504,9192.0,30177.0,42503
42505,9192.0,29485.0,42504
42506,9192.0,29071.0,42505
42507,9192.0,28737.0,42506
42508,9192.0,30248.0,42507
42509,9192.0,30313.0,42508
42510,9192.0,30217.0,42509
42511,9192.0,30458.0,42510
42512,9192.0,30507.0,42511
42513,9192.0,30126.0,42512
42514,9192.0,30079.0,42513
42515,9192.0,30086.0,42514
42516,9192.0,30100.0,42515
42517,9192.0,29742.0,42516
42518,9192.0,29741.0,42517
42519,9192.0,29783.0,42518
42520,9192.0,29458.0,42519
42521,9192.0,29029.0,42520
42522,9192.0,28580.0,42521
42523,9192.0,28288.0,42522
42524,9192.0,28310.0,42523
42525,9192.0,28936.0,42524
42526,9192.0,29080.0,42525
42527,9192.0,29007.0,42526
42528,9192.0,29528.0,42527
42529,9192.0,29190.0,42528
42530,9192.0,29734.0,42529
42531,9192.0,29029.0,42530
42532,9192.0,29132.0,42531
42533,9192.0,29545.0,42532
42534,9192.0,30166.0,42533
42535,9192.0,29997.0,42534
42536,9192.0,29723.0,42535
42537,9192.0,29033.0,42536
42538,9192.0,29018.0,42537
42539,9192.0,28908.0,42538
42540,9192.0,28781.0,42539
42541,9192.0,28903.0,42540
42542,9192.0,28939.0,42541
42543,9192.0,29120.0,42542
42544,9192.0,28486.0,42543
42545,9192.0,28461.0,42544
42546,9192.0,28468.0,42545
42547,9192.0,28391.0,42546
42548,9192.0,28396.0,42547
42549,9192.0,28772.0,42548
42550,9192.0,29143.0,42549
42551,9192.0,28962.0,42550
42552,9192.0,28753.0,42551
42553,9192.0,29556.0,42552
42554,9192.0,29817.0,42553
42555,9192.0,30004.0,42554
42556,9192.0,30291.0,42555
42557,9192.0,30191.0,42556
42558,9192.0,30020.0,42557
42559,9192.0,30020.0,42558
42560,9192.0,29957.0,42559
42561,9192.0,29807.0,42560
42562,9192.0,29996.0,42561
42563,9192.0,30092.0,42562
42564,9192.0,30150.0,42563
42565,9192.0,30015.0,42564
42566,9192.0,29345.0,42565
42567,9192.0,29911.0,42566
42568,9192.0,29545.0,42567
42569,9192.0,29545.0,42568
42570,9192.0,29545.0,42569
42571,9192.0,29227.0,42570
42572,9192.0,28556.0,42571
42573,9192.0,28530.0,42572
42574,9192.0,28526.0,42573
42575,9192.0,28495.0,42574
42576,9192.0,28965.0,42575
42577,9192.0,28974.0,42576
42578,9192.0,28595.0,42577
42579,9192.0,28042.0,42578
42580,9192.0,29577.0,42579
42581,9192.0,29507.0,42580
42582,9192.0,29114.0,42581
42583,9192.0,29138.0,42582
42584,9192.0,29444.0,42583
42585,9192.0,29092.0,42584
42586,9192.0,29092.0,42585
42587,9192.0,28376.0,42586
42588,9192.0,28996.0,42587
42589,9192.0,28996.0,42588
42590,9192.0,28055.0,42589
42591,9192.0,27843.0,42590
42592,9192.0,27165.0,42591
42593,9192.0,28173.0,42592
42594,9192.0,28146.0,42593
42595,9192.0,28094.0,42594
42596,9192.0,28299.0,42595
42597,9192.0,28581.0,42596
42598,9192.0,28501.0,42597
42599,9192.0,28464.0,42598
42600,9192.0,28384.0,42599
42601,9192.0,28380.0,42600
42602,9192.0,27446.0,42601
42603,9192.0,27590.0,42602
42604,9192.0,28316.0,42603
42605,9192.0,27832.0,42604
42606,9192.0,28349.0,42605
42607,9192.0,28683.0,42606
42608,9192.0,29206.0,42607
42609,9192.0,29556.0,42608
42610,9192.0,28804.0,42609
42611,9192.0,27916.0,42610
42612,9192.0,28848.0,42611
42613,9192.0,28611.0,42612
42614,9192.0,27152.0,42613
42615,9192.0,27864.0,42614
42616,9192.0,28610.0,42615
42617,9192.0,29060.0,42616
42618,9192.0,29571.0,42617
42619,9192.0,29485.0,42618
42620,9192.0,29629.0,42619
42621,9192.0,29600.0,42620
42622,9192.0,29865.0,42621
42623,9192.0,30332.0,42622
42624,9192.0,29941.0,42623
42625,9192.0,29505.0,42624
42626,9192.0,29476.0,42625
42627,9192.0,29308.0,42626
42628,9192.0,28994.0,42627
42629,9192.0,29182.0,42628
42630,9192.0,28584.0,42629
42631,9192.0,28849.0,42630
42632,9192.0,29337.0,42631
42633,9192.0,29141.0,42632
42634,9192.0,28392.0,42633
42635,9192.0,28392.0,42634
42636,9192.0,28681.0,42635
42637,9192.0,28632.0,42636
42638,9192.0,28351.0,42637
42639,9192.0,28279.0,42638
42640,9192.0,28415.0,42639
42641,9192.0,28415.0,42640
42642,9192.0,28198.0,42641
42643,9192.0,28198.0,42642
42644,9192.0,27878.0,42643
42645,9192.0,27830.0,42644
42646,9192.0,27809.0,42645
42647,9192.0,27592.0,42646
42648,9192.0,27671.0,42647
42649,9192.0,27836.0,42648
42650,9192.0,27840.0,42649
42651,9192.0,27848.0,42650
42652,9192.0,27848.0,42651
42653,9192.0,28070.0,42652
42654,9192.0,28492.0,42653
42655,9192.0,29282.0,42654
42656,9192.0,29522.0,42655
42657,9192.0,29522.0,42656
42658,9192.0,29555.0,42657
42659,9192.0,29865.0,42658
42660,9192.0,30028.0,42659
42661,9192.0,29487.0,42660
42662,9192.0,29455.0,42661
42663,9192.0,29276.0,42662
42664,9192.0,29545.0,42663
42665,9192.0,29545.0,42664
42666,9192.0,29306.0,42665
42667,9192.0,29309.0,42666
42668,9192.0,28699.0,42667
42669,9192.0,28658.0,42668
42670,9192.0,27902.0,42669
42671,9192.0,27902.0,42670
42672,9192.0,27677.0,42671
42673,9192.0,27931.0,42672
42674,9192.0,27165.0,42673
42675,9192.0,27021.0,42674
42676,9192.0,26862.0,42675
42677,9192.0,26563.0,42676
42678,9192.0,26635.0,42677
42679,9192.0,27260.0,42678
42680,9192.0,27300.0,42679
42681,9192.0,27758.0,42680
42682,9192.0,28486.0,42681
42683,9192.0,28480.0,42682
42684,9192.0,29053.0,42683
42685,9192.0,29068.0,42684
42686,9192.0,29068.0,42685
42687,9192.0,29241.0,42686
42688,9192.0,29338.0,42687
42689,9192.0,30152.0,42688
42690,9192.0,30116.0,42689
42691,9192.0,30108.0,42690
42692,9192.0,30146.0,42691
42693,9192.0,29787.0,42692
42694,9192.0,29381.0,42693
42695,9192.0,29406.0,42694
42696,9192.0,29560.0,42695
42697,9192.0,29458.0,42696
42698,9192.0,29458.0,42697
42699,9192.0,29581.0,42698
42700,9192.0,29498.0,42699
42701,9192.0,28424.0,42700
42702,9192.0,28829.0,42701
42703,9192.0,28829.0,42702
42704,9192.0,28784.0,42703
42705,9192.0,28754.0,42704
42706,9192.0,28783.0,42705
42707,9192.0,29720.0,42706
42708,9192.0,29730.0,42707
42709,9192.0,29558.0,42708
42710,9192.0,29869.0,42709
42711,9192.0,29869.0,42710
42712,9192.0,29846.0,42711
42713,9192.0,29846.0,42712
42714,9192.0,28862.0,42713
42715,9192.0,28997.0,42714
42716,9192.0,28997.0,42715
42717,9192.0,29063.0,42716
42718,9192.0,29532.0,42717
42719,9192.0,30039.0,42718
42720,9192.0,29686.0,42719
42721,9192.0,30179.0,42720
42722,9192.0,30179.0,42721
42723,9192.0,30314.0,42722
42724,9192.0,30307.0,42723
42725,9192.0,29750.0,42724
42726,9192.0,29750.0,42725
42727,9192.0,29750.0,42726
42728,9192.0,30142.0,42727
42729,9192.0,29434.0,42728
42730,9192.0,29287.0,42729
42731,9192.0,30197.0,42730
42732,9192.0,30155.0,42731
42733,9192.0,29343.0,42732
42734,9192.0,29356.0,42733
42735,9192.0,28508.0,42734
42736,9192.0,28384.0,42735
42737,9192.0,26525.0,42736
42738,9192.0,26459.0,42737
42739,9192.0,26486.0,42738
42740,9192.0,26486.0,42739
42741,9192.0,26455.0,42740
42742,9192.0,25446.0,42741
42743,9192.0,25444.0,42742
42744,9192.0,25238.0,42743
42745,9192.0,25782.0,42744
42746,9192.0,25342.0,42745
42747,9192.0,25680.0,42746
42748,9192.0,26380.0,42747
42749,9192.0,25897.0,42748
42750,9192.0,25656.0,42749
42751,9192.0,25656.0,42750
42752,9192.0,25743.0,42751
42753,9192.0,27336.0,42752
42754,9192.0,27691.0,42753
42755,9192.0,28148.0,42754
42756,9192.0,28148.0,42755
42757,9192.0,27412.0,42756
42758,9192.0,27388.0,42757
42759,9192.0,27758.0,42758
42760,9192.0,28019.0,42759
42761,9192.0,27930.0,42760
42762,9192.0,28494.0,42761
42763,9192.0,27418.0,42762
42764,9192.0,27198.0,42763
42765,9192.0,27154.0,42764
42766,9192.0,27331.0,42765
42767,9192.0,25446.0,42766
42768,9192.0,26295.0,42767
42769,9192.0,27749.0,42768
42770,9192.0,27070.0,42769
42771,9192.0,27090.0,42770
42772,9192.0,27134.0,42771
42773,9192.0,27472.0,42772
42774,9192.0,28841.0,42773
42775,9192.0,28841.0,42774
42776,9192.0,28538.0,42775
42777,9192.0,28336.0,42776
42778,9192.0,28688.0,42777
42779,9192.0,29008.0,42778
42780,9192.0,28910.0,42779
42781,9192.0,28910.0,42780
42782,9192.0,29318.0,42781
42783,9192.0,29220.0,42782
42784,9192.0,29353.0,42783
42785,9192.0,29531.0,42784
42786,9192.0,30113.0,42785
42787,9192.0,29748.0,42786
42788,9192.0,29660.0,42787
42789,9192.0,29696.0,42788
42790,9192.0,29660.0,42789
42791,9192.0,29146.0,42790
42792,9192.0,28949.0,42791
42793,9192.0,29045.0,42792
42794,9192.0,29272.0,42793
42795,9192.0,29227.0,42794
42796,9192.0,29227.0,42795
42797,9192.0,29143.0,42796
42798,9192.0,29980.0,42797
42799,9192.0,29986.0,42798
42800,9192.0,30318.0,42799
42801,9192.0,30681.0,42800
42802,9192.0,30680.0,42801
42803,9192.0,30651.0,42802
42804,9192.0,30740.0,42803
42805,9192.0,29846.0,42804
42806,9192.0,28564.0,42805
42807,9192.0,27737.0,42806
42808,9192.0,28691.0,42807
42809,9192.0,28599.0,42808
42810,9192.0,29150.0,42809
42811,9192.0,29132.0,42810
42812,9192.0,28732.0,42811
42813,9192.0,29112.0,42812
42814,9192.0,29265.0,42813
42815,9192.0,28855.0,42814
42816,9192.0,28731.0,42815
42817,9192.0,28731.0,42816
42818,9192.0,28745.0,42817
42819,9192.0,29341.0,42818
42820,9192.0,28704.0,42819
42821,9192.0,28700.0,42820
42822,9192.0,28985.0,42821
42823,9192.0,29049.0,42822
42824,9192.0,28825.0,42823
42825,9192.0,27508.0,42824
42826,9192.0,26863.0,42825
42827,9192.0,26877.0,42826
42828,9192.0,26933.0,42827
42829,9192.0,26675.0,42828
42830,9192.0,26958.0,42829
42831,9192.0,26958.0,42830
42832,9192.0,27117.0,42831
42833,9192.0,27213.0,42832
42834,9192.0,27476.0,42833
42835,9192.0,27476.0,42834
42836,9192.0,27452.0,42835
42837,9192.0,27862.0,42836
42838,9192.0,27809.0,42837
42839,9192.0,27593.0,42838
42840,9192.0,27626.0,42839
42841,9192.0,27525.0,42840
42842,9192.0,28464.0,42841
42843,9192.0,29161.0,42842
42844,9192.0,29186.0,42843
42845,9192.0,29135.0,42844
42846,9192.0,29218.0,42845
42847,9192.0,28701.0,42846
42848,9192.0,28273.0,42847
42849,9192.0,28240.0,42848
42850,9192.0,29299.0,42849
42851,9192.0,29757.0,42850
42852,9192.0,29351.0,42851
42853,9192.0,29230.0,42852
42854,9192.0,29165.0,42853
42855,9192.0,29901.0,42854
42856,9192.0,30137.0,42855
42857,9192.0,30373.0,42856
42858,9192.0,30296.0,42857
42859,9192.0,30296.0,42858
42860,9192.0,30373.0,42859
42861,9192.0,30408.0,42860
42862,9192.0,30883.0,42861
42863,9192.0,30029.0,42862
42864,9192.0,29786.0,42863
42865,9192.0,29786.0,42864
42866,9192.0,29866.0,42865
42867,9192.0,30202.0,42866
42868,9192.0,29796.0,42867
42869,9192.0,30106.0,42868
42870,9192.0,30459.0,42869
42871,9192.0,30392.0,42870
42872,9192.0,30411.0,42871
42873,9192.0,30973.0,42872
42874,9192.0,30990.0,42873
42875,9192.0,30611.0,42874
42876,9192.0,30800.0,42875
42877,9192.0,30427.0,42876
42878,9192.0,30331.0,42877
42879,9192.0,29909.0,42878
42880,9192.0,29832.0,42879
42881,9192.0,28333.0,42880
42882,9192.0,28321.0,42881
42883,9192.0,27776.0,42882
42884,9192.0,27789.0,42883
42885,9192.0,27886.0,42884
42886,9192.0,27845.0,42885
42887,9192.0,27732.0,42886
42888,9192.0,27714.0,42887
42889,9192.0,27272.0,42888
42890,9192.0,27537.0,42889
42891,9192.0,27490.0,42890
42892,9192.0,27490.0,42891
42893,9192.0,27643.0,42892
42894,9192.0,26890.0,42893
42895,9192.0,26932.0,42894
42896,9192.0,26897.0,42895
42897,9192.0,27049.0,42896
42898,9192.0,27234.0,42897
42899,9192.0,27125.0,42898
42900,9192.0,26777.0,42899
42901,9192.0,27206.0,42900
42902,9192.0,27206.0,42901
42903,9192.0,27197.0,42902
42904,9192.0,27734.0,42903
42905,9192.0,27628.0,42904
42906,9192.0,27628.0,42905
42907,9192.0,27628.0,42906
42908,9192.0,27763.0,42907
42909,9192.0,29100.0,42908
42910,9192.0,28780.0,42909
42911,9192.0,28308.0,42910
42912,9192.0,29418.0,42911
42913,9192.0,29540.0,42912
42914,9192.0,28830.0,42913
42915,9192.0,28472.0,42914
42916,9192.0,28190.0,42915
42917,9192.0,28190.0,42916
42918,9192.0,27337.0,42917
42919,9192.0,27212.0,42918
42920,9192.0,27165.0,42919
42921,9192.0,27852.0,42920
42922,9192.0,27919.0,42921
42923,9192.0,27018.0,42922
42924,9192.0,27595.0,42923
42925,9192.0,28461.0,42924
42926,9192.0,28210.0,42925
42927,9192.0,28123.0,42926
42928,9192.0,28215.0,42927
42929,9192.0,28209.0,42928
42930,9192.0,29481.0,42929
42931,9192.0,29490.0,42930
42932,9192.0,29474.0,42931
42933,9192.0,29474.0,42932
42934,9192.0,29498.0,42933
42935,9192.0,29255.0,42934
42936,9192.0,29389.0,42935
42937,9192.0,29396.0,42936
42938,9192.0,29157.0,42937
42939,9192.0,29393.0,42938
42940,9192.0,29966.0,42939
42941,9192.0,30286.0,42940
42942,9192.0,30313.0,42941
42943,9192.0,29962.0,42942
42944,9192.0,29774.0,42943
42945,9192.0,29774.0,42944
42946,9192.0,30144.0,42945
42947,9192.0,29774.0,42946
42948,9192.0,30275.0,42947
42949,9192.0,30554.0,42948
42950,9192.0,30246.0,42949
42951,9192.0,29807.0,42950
42952,9192.0,29807.0,42951
42953,9192.0,30114.0,42952
42954,9192.0,30160.0,42953
42955,9192.0,29865.0,42954
42956,9192.0,30415.0,42955
42957,9192.0,30312.0,42956
42958,9192.0,30262.0,42957
42959,9192.0,30425.0,42958
42960,9192.0,30218.0,42959
42961,9192.0,30264.0,42960
42962,9192.0,29931.0,42961
42963,9192.0,29992.0,42962
42964,9192.0,30051.0,42963
42965,9192.0,29437.0,42964
42966,9192.0,29392.0,42965
42967,9192.0,29780.0,42966
42968,9192.0,29704.0,42967
42969,9192.0,29727.0,42968
42970,9192.0,30529.0,42969
42971,9192.0,31233.0,42970
42972,9192.0,31091.0,42971
42973,9192.0,30905.0,42972
42974,9192.0,30908.0,42973
42975,9192.0,30937.0,42974
42976,9192.0,31049.0,42975
42977,9192.0,31037.0,42976
42978,9192.0,31150.0,42977
42979,9192.0,31150.0,42978
42980,9192.0,30890.0,42979
42981,9192.0,30934.0,42980
42982,9192.0,31257.0,42981
42983,9192.0,31092.0,42982
42984,9192.0,31571.0,42983
42985,9192.0,31818.0,42984
42986,9192.0,31243.0,42985
42987,9192.0,31175.0,42986
42988,9192.0,31405.0,42987
42989,9192.0,30969.0,42988
42990,9192.0,30700.0,42989
42991,9192.0,31283.0,42990
42992,9192.0,31247.0,42991
42993,9192.0,32184.0,42992
42994,9192.0,31788.0,42993
42995,9192.0,32018.0,42994
42996,9192.0,32018.0,42995
42997,9192.0,31616.0,42996
42998,9192.0,31552.0,42997
42999,9192.0,31607.0,42998
43000,9192.0,31699.0,42999
43001,9192.0,31603.0,43000
43002,9192.0,31723.0,43001
43003,9192.0,31708.0,43002
43004,9192.0,31024.0,43003
43005,9192.0,31002.0,43004
43006,9192.0,31125.0,43005
43007,9192.0,30454.0,43006
43008,9192.0,29979.0,43007
43009,9192.0,29801.0,43008
43010,9192.0,29332.0,43009
43011,9192.0,29328.0,43010
43012,9192.0,29269.0,43011
43013,9192.0,29041.0,43012
43014,9192.0,28836.0,43013
43015,9192.0,28799.0,43014
43016,9192.0,28614.0,43015
43017,9192.0,28587.0,43016
43018,9192.0,27891.0,43017
43019,9192.0,27826.0,43018
43020,9192.0,27765.0,43019
43021,9192.0,27752.0,43020
43022,9192.0,27285.0,43021
43023,9192.0,27159.0,43022
43024,9192.0,26501.0,43023
43025,9192.0,26501.0,43024
43026,9192.0,26342.0,43025
43027,9192.0,26342.0,43026
43028,9192.0,26908.0,43027
43029,9192.0,26920.0,43028
43030,9192.0,27277.0,43029
43031,9192.0,27277.0,43030
43032,9192.0,27287.0,43031
43033,9192.0,27089.0,43032
43034,9192.0,27089.0,43033
43035,9192.0,27733.0,43034
43036,9192.0,28331.0,43035
43037,9192.0,28659.0,43036
43038,9192.0,28489.0,43037
43039,9192.0,28489.0,43038
43040,9192.0,28545.0,43039
43041,9192.0,28687.0,43040
43042,9192.0,29120.0,43041
43043,9192.0,29436.0,43042
43044,9192.0,29378.0,43043
43045,9192.0,29479.0,43044
43046,9192.0,29517.0,43045
43047,9192.0,29760.0,43046
43048,9192.0,30113.0,43047
43049,9192.0,29576.0,43048
43050,9192.0,29698.0,43049
43051,9192.0,29865.0,43050
43052,9192.0,29895.0,43051
43053,9192.0,29989.0,43052
43054,9192.0,29826.0,43053
43055,9192.0,30098.0,43054
43056,9192.0,30312.0,43055
43057,9192.0,29932.0,43056
43058,9192.0,29630.0,43057
43059,9192.0,29528.0,43058
43060,9192.0,29222.0,43059
43061,9192.0,29075.0,43060
43062,9192.0,29911.0,43061
43063,9192.0,29720.0,43062
43064,9192.0,29221.0,43063
43065,9192.0,29740.0,43064
43066,9192.0,29468.0,43065
43067,9192.0,29468.0,43066
43068,9192.0,29623.0,43067
43069,9192.0,29737.0,43068
43070,9192.0,29785.0,43069
43071,9192.0,29744.0,43070
43072,9192.0,29708.0,43071
43073,9192.0,29478.0,43072
43074,9192.0,29519.0,43073
43075,9192.0,29722.0,43074
43076,9192.0,29394.0,43075
43077,9192.0,29653.0,43076
43078,9192.0,30135.0,43077
43079,9192.0,30134.0,43078
43080,9192.0,30443.0,43079
43081,9192.0,30496.0,43080
43082,9192.0,30496.0,43081
43083,9192.0,30555.0,43082
43084,9192.0,29525.0,43083
43085,9192.0,28786.0,43084
43086,9192.0,27844.0,43085
43087,9192.0,27620.0,43086
43088,9192.0,27199.0,43087
43089,9192.0,27199.0,43088
43090,9192.0,27199.0,43089
43091,9192.0,27489.0,43090
43092,9192.0,27489.0,43091
43093,9192.0,27551.0,43092
43094,9192.0,27789.0,43093
43095,9192.0,27859.0,43094
43096,9192.0,28070.0,43095
43097,9192.0,27934.0,43096
43098,9192.0,27993.0,43097
43099,9192.0,27822.0,43098
43100,9192.0,28530.0,43099
43101,9192.0,28416.0,43100
43102,9192.0,27371.0,43101
43103,9192.0,27103.0,43102
43104,9192.0,27103.0,43103
43105,9192.0,28120.0,43104
43106,9192.0,28223.0,43105
43107,9192.0,29248.0,43106
43108,9192.0,29248.0,43107
43109,9192.0,29621.0,43108
43110,9192.0,29383.0,43109
43111,9192.0,29848.0,43110
43112,9192.0,30103.0,43111
43113,9192.0,30253.0,43112
43114,9192.0,30179.0,43113
43115,9192.0,30448.0,43114
43116,9192.0,30500.0,43115
43117,9192.0,30500.0,43116
43118,9192.0,30443.0,43117
43119,9192.0,30634.0,43118
43120,9192.0,30592.0,43119
43121,9192.0,30515.0,43120
43122,9192.0,30429.0,43121
43123,9192.0,29728.0,43122
43124,9192.0,29715.0,43123
43125,9192.0,29196.0,43124
43126,9192.0,29371.0,43125
43127,9192.0,28779.0,43126
43128,9192.0,28945.0,43127
43129,9192.0,29018.0,43128
43130,9192.0,29018.0,43129
43131,9192.0,28859.0,43130
43132,9192.0,28805.0,43131
43133,9192.0,28805.0,43132
43134,9192.0,28805.0,43133
43135,9192.0,28805.0,43134
43136,9192.0,28262.0,43135
43137,9192.0,29478.0,43136
43138,9192.0,29195.0,43137
43139,9192.0,29013.0,43138
43140,9192.0,29163.0,43139
43141,9192.0,29128.0,43140
43142,9192.0,29131.0,43141
43143,9192.0,28987.0,43142
43144,9192.0,28976.0,43143
43145,9192.0,28020.0,43144
43146,9192.0,27510.0,43145
43147,9192.0,27269.0,43146
43148,9192.0,28354.0,43147
43149,9192.0,28354.0,43148
43150,9192.0,28113.0,43149
43151,9192.0,28245.0,43150
43152,9192.0,29456.0,43151
43153,9192.0,29502.0,43152
43154,9192.0,29502.0,43153
43155,9192.0,30356.0,43154
43156,9192.0,30333.0,43155
43157,9192.0,29556.0,43156
43158,9192.0,29724.0,43157
43159,9192.0,29711.0,43158
43160,9192.0,29570.0,43159
43161,9192.0,29673.0,43160
43162,9192.0,28754.0,43161
43163,9192.0,28431.0,43162
43164,9192.0,27425.0,43163
43165,9192.0,27517.0,43164
43166,9192.0,28532.0,43165
43167,9192.0,28532.0,43166
43168,9192.0,28556.0,43167
43169,9192.0,28556.0,43168
43170,9192.0,28268.0,43169
43171,9192.0,28060.0,43170
43172,9192.0,28129.0,43171
43173,9192.0,28532.0,43172
43174,9192.0,28942.0,43173
43175,9192.0,28586.0,43174
43176,9192.0,29100.0,43175
43177,9192.0,29195.0,43176
43178,9192.0,29195.0,43177
43179,9192.0,29350.0,43178
43180,9192.0,29350.0,43179
43181,9192.0,29412.0,43180
43182,9192.0,29942.0,43181
43183,9192.0,30356.0,43182
43184,9192.0,30406.0,43183
43185,9192.0,30406.0,43184
43186,9192.0,31201.0,43185
43187,9192.0,31156.0,43186
43188,9192.0,31224.0,43187
43189,9192.0,30826.0,43188
43190,9192.0,30402.0,43189
43191,9192.0,31266.0,43190
43192,9192.0,31202.0,43191
43193,9192.0,31132.0,43192
43194,9192.0,30632.0,43193
43195,9192.0,30826.0,43194
43196,9192.0,30639.0,43195
43197,9192.0,29909.0,43196
43198,9192.0,29788.0,43197
43199,9192.0,29794.0,43198
43200,9192.0,30232.0,43199
43201,9192.0,29628.0,43200
43202,9192.0,30105.0,43201
43203,9192.0,29742.0,43202
43204,9192.0,28651.0,43203
43205,9192.0,29347.0,43204
43206,9192.0,29568.0,43205
43207,9192.0,29309.0,43206
43208,9192.0,29099.0,43207
43209,9192.0,29633.0,43208
43210,9192.0,29356.0,43209
43211,9192.0,29525.0,43210
43212,9192.0,29346.0,43211
43213,9192.0,29380.0,43212
43214,9192.0,29787.0,43213
43215,9192.0,30518.0,43214
43216,9192.0,30494.0,43215
43217,9192.0,30587.0,43216
43218,9192.0,30681.0,43217
43219,9192.0,31206.0,43218
43220,9192.0,31085.0,43219
43221,9192.0,30972.0,43220
43222,9192.0,30535.0,43221
43223,9192.0,30033.0,43222
43224,9192.0,30062.0,43223
43225,9192.0,30183.0,43224
43226,9192.0,30130.0,43225
43227,9192.0,29509.0,43226
43228,9192.0,29374.0,43227
43229,9192.0,28686.0,43228
43230,9192.0,29187.0,43229
43231,9192.0,29193.0,43230
43232,9192.0,29134.0,43231
43233,9192.0,29176.0,43232
43234,9192.0,29403.0,43233
43235,9192.0,29432.0,43234
43236,9192.0,30086.0,43235
43237,9192.0,29895.0,43236
43238,9192.0,30070.0,43237
43239,9192.0,28937.0,43238
43240,9192.0,27584.0,43239
43241,9192.0,27483.0,43240
43242,9192.0,27613.0,43241
43243,9192.0,27613.0,43242
43244,9192.0,28197.0,43243
43245,9192.0,28512.0,43244
43246,9192.0,28329.0,43245
43247,9192.0,28323.0,43246
43248,9192.0,28202.0,43247
43249,9192.0,28300.0,43248
43250,9192.0,28141.0,43249
43251,9192.0,28258.0,43250
43252,9192.0,29120.0,43251
43253,9192.0,29112.0,43252
43254,9192.0,29159.0,43253
43255,9192.0,28347.0,43254
43256,9192.0,28106.0,43255
43257,9192.0,27960.0,43256
43258,9192.0,27748.0,43257
43259,9192.0,27748.0,43258
43260,9192.0,26735.0,43259
43261,9192.0,26307.0,43260
43262,9192.0,26767.0,43261
43263,9192.0,27482.0,43262
43264,9192.0,27422.0,43263
43265,9192.0,27420.0,43264
43266,9192.0,27821.0,43265
43267,9192.0,27579.0,43266
43268,9192.0,27599.0,43267
43269,9192.0,27499.0,43268
43270,9192.0,26133.0,43269
43271,9192.0,25994.0,43270
43272,9192.0,26126.0,43271
43273,9192.0,26279.0,43272
43274,9192.0,26635.0,43273
43275,9192.0,25893.0,43274
43276,9192.0,25736.0,43275
43277,9192.0,26012.0,43276
43278,9192.0,26032.0,43277
43279,9192.0,26112.0,43278
43280,9192.0,26112.0,43279
43281,9192.0,26029.0,43280
43282,9192.0,25821.0,43281
43283,9192.0,26028.0,43282
43284,9192.0,26028.0,43283
43285,9192.0,25888.0,43284
43286,9192.0,26751.0,43285
43287,9192.0,26937.0,43286
43288,9192.0,27979.0,43287
43289,9192.0,28093.0,43288
43290,9192.0,28093.0,43289
43291,9192.0,28839.0,43290
43292,9192.0,28217.0,43291
43293,9192.0,27980.0,43292
43294,9192.0,28011.0,43293
43295,9192.0,26839.0,43294
43296,9192.0,26839.0,43295
43297,9192.0,26493.0,43296
43298,9192.0,26211.0,43297
43299,9192.0,25821.0,43298
43300,9192.0,25336.0,43299
43301,9192.0,26299.0,43300
43302,9192.0,26874.0,43301
43303,9192.0,26874.0,43302
43304,9192.0,26874.0,43303
43305,9192.0,25876.0,43304
43306,9192.0,25438.0,43305
43307,9192.0,25323.0,43306
43308,9192.0,25647.0,43307
43309,9192.0,25802.0,43308
43310,9192.0,27564.0,43309
43311,9192.0,27740.0,43310
43312,9192.0,28375.0,43311
43313,9192.0,28294.0,43312
43314,9192.0,28171.0,43313
43315,9192.0,27415.0,43314
43316,9192.0,27696.0,43315
43317,9192.0,28856.0,43316
43318,9192.0,28406.0,43317
43319,9192.0,28354.0,43318
43320,9192.0,28690.0,43319
43321,9192.0,28856.0,43320
43322,9192.0,28907.0,43321
43323,9192.0,28794.0,43322
43324,9192.0,28896.0,43323
43325,9192.0,28691.0,43324
43326,9192.0,28701.0,43325
43327,9192.0,29309.0,43326
43328,9192.0,29309.0,43327
43329,9192.0,29309.0,43328
43330,9192.0,29343.0,43329
43331,9192.0,29132.0,43330
43332,9192.0,29222.0,43331
43333,9192.0,29133.0,43332
43334,9192.0,27656.0,43333
43335,9192.0,27352.0,43334
43336,9192.0,27411.0,43335
43337,9192.0,27098.0,43336
43338,9192.0,26927.0,43337
43339,9192.0,26886.0,43338
43340,9192.0,26553.0,43339
43341,9192.0,26553.0,43340
43342,9192.0,26355.0,43341
43343,9192.0,26709.0,43342
43344,9192.0,26752.0,43343
43345,9192.0,26742.0,43344
43346,9192.0,26187.0,43345
43347,9192.0,25868.0,43346
43348,9192.0,25449.0,43347
43349,9192.0,25571.0,43348
43350,9192.0,25571.0,43349
43351,9192.0,25743.0,43350
43352,9192.0,28231.0,43351
43353,9192.0,28240.0,43352
43354,9192.0,28335.0,43353
43355,9192.0,28018.0,43354
43356,9192.0,28025.0,43355
43357,9192.0,28472.0,43356
43358,9192.0,27256.0,43357
43359,9192.0,27077.0,43358
43360,9192.0,26954.0,43359
43361,9192.0,27415.0,43360
43362,9192.0,27091.0,43361
43363,9192.0,27240.0,43362
43364,9192.0,27515.0,43363
43365,9192.0,27867.0,43364
43366,9192.0,27806.0,43365
43367,9192.0,27864.0,43366
43368,9192.0,27623.0,43367
43369,9192.0,27623.0,43368
43370,9192.0,27444.0,43369
43371,9192.0,27909.0,43370
43372,9192.0,27913.0,43371
43373,9192.0,27842.0,43372
43374,9192.0,27822.0,43373
43375,9192.0,28300.0,43374
43376,9192.0,28471.0,43375
43377,9192.0,28387.0,43376
43378,9192.0,28216.0,43377
43379,9192.0,29039.0,43378
43380,9192.0,29274.0,43379
43381,9192.0,29602.0,43380
43382,9192.0,29602.0,43381
43383,9192.0,29602.0,43382
43384,9192.0,29374.0,43383
43385,9192.0,29667.0,43384
43386,9192.0,28789.0,43385
43387,9192.0,28946.0,43386
43388,9192.0,28843.0,43387
43389,9192.0,29254.0,43388
43390,9192.0,29252.0,43389
43391,9192.0,29952.0,43390
43392,9192.0,28413.0,43391
43393,9192.0,27935.0,43392
43394,9192.0,28085.0,43393
43395,9192.0,28085.0,43394
43396,9192.0,26695.0,43395
43397,9192.0,26684.0,43396
43398,9192.0,27286.0,43397
43399,9192.0,28059.0,43398
43400,9192.0,28180.0,43399
43401,9192.0,28299.0,43400
43402,9192.0,28308.0,43401
43403,9192.0,29221.0,43402
43404,9192.0,28827.0,43403
43405,9192.0,29132.0,43404
43406,9192.0,29132.0,43405
43407,9192.0,30297.0,43406
43408,9192.0,30490.0,43407
43409,9192.0,30160.0,43408
43410,9192.0,30052.0,43409
43411,9192.0,28939.0,43410
43412,9192.0,29520.0,43411
43413,9192.0,30262.0,43412
43414,9192.0,30134.0,43413
43415,9192.0,30921.0,43414
43416,9192.0,32212.0,43415
43417,9192.0,32367.0,43416
43418,9192.0,32519.0,43417
43419,9192.0,32440.0,43418
43420,9192.0,32464.0,43419
43421,9192.0,32532.0,43420
43422,9192.0,32523.0,43421
43423,9192.0,32621.0,43422
43424,9192.0,33049.0,43423
43425,9192.0,33014.0,43424
43426,9192.0,32624.0,43425
43427,9192.0,32473.0,43426
43428,9192.0,32630.0,43427
43429,9192.0,33400.0,43428
43430,9192.0,32393.0,43429
43431,9192.0,32404.0,43430
43432,9192.0,31998.0,43431
43433,9192.0,31940.0,43432
43434,9192.0,32042.0,43433
43435,9192.0,32249.0,43434
43436,9192.0,32083.0,43435
43437,9192.0,31600.0,43436
43438,9192.0,31600.0,43437
43439,9192.0,31365.0,43438
43440,9192.0,30824.0,43439
43441,9192.0,30721.0,43440
43442,9192.0,29179.0,43441
43443,9192.0,29096.0,43442
43444,9192.0,29689.0,43443
43445,9192.0,29539.0,43444
43446,9192.0,29174.0,43445
43447,9192.0,28984.0,43446
43448,9192.0,29162.0,43447
43449,9192.0,29420.0,43448
43450,9192.0,29788.0,43449
43451,9192.0,29749.0,43450
43452,9192.0,30493.0,43451
43453,9192.0,29907.0,43452
43454,9192.0,29855.0,43453
43455,9192.0,29895.0,43454
43456,9192.0,29221.0,43455
43457,9192.0,29118.0,43456
43458,9192.0,29118.0,43457
43459,9192.0,29024.0,43458
43460,9192.0,28541.0,43459
43461,9192.0,28841.0,43460
43462,9192.0,28723.0,43461
43463,9192.0,28454.0,43462
43464,9192.0,28377.0,43463
43465,9192.0,28027.0,43464
43466,9192.0,27894.0,43465
43467,9192.0,27883.0,43466
43468,9192.0,27927.0,43467
43469,9192.0,27757.0,43468
43470,9192.0,26897.0,43469
43471,9192.0,26852.0,43470
43472,9192.0,27183.0,43471
43473,9192.0,27100.0,43472
43474,9192.0,27104.0,43473
43475,9192.0,27052.0,43474
43476,9192.0,27066.0,43475
43477,9192.0,26596.0,43476
43478,9192.0,26611.0,43477
43479,9192.0,26611.0,43478
43480,9192.0,26574.0,43479
43481,9192.0,27068.0,43480
43482,9192.0,27115.0,43481
43483,9192.0,27668.0,43482
43484,9192.0,27497.0,43483
43485,9192.0,27115.0,43484
43486,9192.0,27286.0,43485
43487,9192.0,27432.0,43486
43488,9192.0,27398.0,43487
43489,9192.0,27409.0,43488
43490,9192.0,27625.0,43489
43491,9192.0,27625.0,43490
43492,9192.0,28164.0,43491
43493,9192.0,28436.0,43492
43494,9192.0,28744.0,43493
43495,9192.0,28137.0,43494
43496,9192.0,29959.0,43495
43497,9192.0,30241.0,43496
43498,9192.0,30547.0,43497
43499,9192.0,30681.0,43498
43500,9192.0,30821.0,43499
43501,9192.0,30382.0,43500
43502,9192.0,30400.0,43501
43503,9192.0,30438.0,43502
43504,9192.0,30534.0,43503
43505,9192.0,30774.0,43504
43506,9192.0,31216.0,43505
43507,9192.0,31889.0,43506
43508,9192.0,31584.0,43507
43509,9192.0,31408.0,43508
43510,9192.0,31000.0,43509
43511,9192.0,30981.0,43510
43512,9192.0,30000.0,43511
43513,9192.0,30671.0,43512
43514,9192.0,30580.0,43513
43515,9192.0,30513.0,43514
43516,9192.0,30595.0,43515
43517,9192.0,30460.0,43516
43518,9192.0,29247.0,43517
43519,9192.0,29247.0,43518
43520,9192.0,30000.0,43519
43521,9192.0,30272.0,43520
43522,9192.0,30224.0,43521
43523,9192.0,30136.0,43522
43524,9192.0,29292.0,43523
43525,9192.0,28940.0,43524
43526,9192.0,29146.0,43525
43527,9192.0,28621.0,43526
43528,9192.0,28521.0,43527
43529,9192.0,28558.0,43528
43530,9192.0,28272.0,43529
43531,9192.0,29065.0,43530
43532,9192.0,28913.0,43531
43533,9192.0,29597.0,43532
43534,9192.0,29617.0,43533
43535,9192.0,29596.0,43534
43536,9192.0,29357.0,43535
43537,9192.0,28530.0,43536
43538,9192.0,28700.0,43537
43539,9192.0,29267.0,43538
43540,9192.0,29573.0,43539
43541,9192.0,29512.0,43540
43542,9192.0,28484.0,43541
43543,9192.0,28411.0,43542
43544,9192.0,27766.0,43543
43545,9192.0,26372.0,43544
43546,9192.0,26568.0,43545
43547,9192.0,26543.0,43546
43548,9192.0,26612.0,43547
43549,9192.0,26641.0,43548
43550,9192.0,27005.0,43549
43551,9192.0,27127.0,43550
43552,9192.0,27490.0,43551
43553,9192.0,27429.0,43552
43554,9192.0,28002.0,43553
43555,9192.0,27638.0,43554
43556,9192.0,27708.0,43555
43557,9192.0,27553.0,43556
43558,9192.0,27558.0,43557
43559,9192.0,29005.0,43558
43560,9192.0,28245.0,43559
43561,9192.0,28125.0,43560
43562,9192.0,27562.0,43561
43563,9192.0,28407.0,43562
43564,9192.0,28407.0,43563
43565,9192.0,29241.0,43564
43566,9192.0,28866.0,43565
43567,9192.0,28803.0,43566
43568,9192.0,28807.0,43567
43569,9192.0,27899.0,43568
43570,9192.0,27663.0,43569
43571,9192.0,27663.0,43570
43572,9192.0,26966.0,43571
43573,9192.0,27003.0,43572
43574,9192.0,27028.0,43573
43575,9192.0,27312.0,43574
43576,9192.0,27007.0,43575
43577,9192.0,26919.0,43576
43578,9192.0,26919.0,43577
43579,9192.0,26254.0,43578
43580,9192.0,26254.0,43579
43581,9192.0,27797.0,43580
43582,9192.0,27823.0,43581
43583,9192.0,27692.0,43582
43584,9192.0,27266.0,43583
43585,9192.0,26163.0,43584
43586,9192.0,26510.0,43585
43587,9192.0,26668.0,43586
43588,9192.0,26528.0,43587
43589,9192.0,26078.0,43588
43590,9192.0,26639.0,43589
43591,9192.0,26261.0,43590
43592,9192.0,26239.0,43591
43593,9192.0,26207.0,43592
43594,9192.0,26485.0,43593
43595,9192.0,26438.0,43594
43596,9192.0,27224.0,43595
43597,9192.0,27211.0,43596
43598,9192.0,27168.0,43597
43599,9192.0,27333.0,43598
43600,9192.0,26722.0,43599
43601,9192.0,26461.0,43600
43602,9192.0,26461.0,43601
43603,9192.0,26477.0,43602
43604,9192.0,26477.0,43603
43605,9192.0,25877.0,43604
43606,9192.0,25877.0,43605
43607,9192.0,25877.0,43606
43608,9192.0,25924.0,43607
43609,9192.0,26097.0,43608
43610,9192.0,26173.0,43609
43611,9192.0,26174.0,43610
43612,9192.0,25672.0,43611
43613,9192.0,25672.0,43612
43614,9192.0,25617.0,43613
43615,9192.0,25617.0,43614
43616,9192.0,25799.0,43615
43617,9192.0,25954.0,43616
43618,9192.0,25900.0,43617
43619,9192.0,26376.0,43618
43620,9192.0,26376.0,43619
43621,9192.0,26376.0,43620
43622,9192.0,25929.0,43621
43623,9192.0,26708.0,43622
43624,9192.0,25836.0,43623
43625,9192.0,26843.0,43624
43626,9192.0,26822.0,43625
43627,9192.0,26822.0,43626
43628,9192.0,26882.0,43627
43629,9192.0,26748.0,43628
43630,9192.0,26599.0,43629
43631,9192.0,26814.0,43630
43632,9192.0,26012.0,43631
43633,9192.0,26102.0,43632
43634,9192.0,25538.0,43633
43635,9192.0,25795.0,43634
43636,9192.0,26953.0,43635
43637,9192.0,27360.0,43636
43638,9192.0,27426.0,43637
43639,9192.0,26318.0,43638
43640,9192.0,26274.0,43639
43641,9192.0,26114.0,43640
43642,9192.0,25779.0,43641
43643,9192.0,25779.0,43642
43644,9192.0,26278.0,43643
43645,9192.0,26133.0,43644
43646,9192.0,25862.0,43645
43647,9192.0,27150.0,43646
43648,9192.0,27164.0,43647
43649,9192.0,27164.0,43648
43650,9192.0,26722.0,43649
43651,9192.0,26930.0,43650
43652,9192.0,27419.0,43651
43653,9192.0,27317.0,43652
43654,9192.0,27341.0,43653
43655,9192.0,27662.0,43654
43656,9192.0,27584.0,43655
43657,9192.0,27562.0,43656
43658,9192.0,27190.0,43657
43659,9192.0,27540.0,43658
43660,9192.0,26845.0,43659
43661,9192.0,26535.0,43660
43662,9192.0,26213.0,43661
43663,9192.0,26381.0,43662
43664,9192.0,26382.0,43663
43665,9192.0,26706.0,43664
43666,9192.0,26695.0,43665
43667,9192.0,26524.0,43666
43668,9192.0,26510.0,43667
43669,9192.0,26484.0,43668
43670,9192.0,26416.0,43669
43671,9192.0,26441.0,43670
43672,9192.0,25952.0,43671
43673,9192.0,25963.0,43672
43674,9192.0,25516.0,43673
43675,9192.0,26430.0,43674
43676,9192.0,26743.0,43675
43677,9192.0,26419.0,43676
43678,9192.0,26461.0,43677
43679,9192.0,26657.0,43678
43680,9192.0,25849.0,43679
43681,9192.0,24886.0,43680
43682,9192.0,24978.0,43681
43683,9192.0,24978.0,43682
43684,9192.0,24836.0,43683
43685,9192.0,24836.0,43684
43686,9192.0,25173.0,43685
43687,9192.0,25323.0,43686
43688,9192.0,25360.0,43687
43689,9192.0,25786.0,43688
43690,9192.0,25916.0,43689
43691,9192.0,25763.0,43690
43692,9192.0,25280.0,43691
43693,9192.0,25309.0,43692
43694,9192.0,26797.0,43693
43695,9192.0,27335.0,43694
43696,9192.0,26826.0,43695
43697,9192.0,27442.0,43696
43698,9192.0,27855.0,43697
43699,9192.0,28361.0,43698
43700,9192.0,28361.0,43699
43701,9192.0,28432.0,43700
43702,9192.0,27930.0,43701
43703,9192.0,27879.0,43702
43704,9192.0,27629.0,43703
43705,9192.0,29053.0,43704
43706,9192.0,29580.0,43705
43707,9192.0,29167.0,43706
43708,9192.0,29155.0,43707
43709,9192.0,29425.0,43708
43710,9192.0,29277.0,43709
43711,9192.0,30138.0,43710
43712,9192.0,30204.0,43711
43713,9192.0,30255.0,43712
43714,9192.0,30175.0,43713
43715,9192.0,30575.0,43714
43716,9192.0,31351.0,43715
43717,9192.0,31283.0,43716
43718,9192.0,30925.0,43717
43719,9192.0,30760.0,43718
43720,9192.0,30644.0,43719
43721,9192.0,30559.0,43720
43722,9192.0,29894.0,43721
43723,9192.0,29283.0,43722
43724,9192.0,29668.0,43723
43725,9192.0,29429.0,43724
43726,9192.0,29001.0,43725
43727,9192.0,28770.0,43726
43728,9192.0,28723.0,43727
43729,9192.0,29082.0,43728
43730,9192.0,29406.0,43729
43731,9192.0,30110.0,43730
43732,9192.0,29896.0,43731
43733,9192.0,29851.0,43732
43734,9192.0,30375.0,43733
43735,9192.0,30208.0,43734
43736,9192.0,30172.0,43735
43737,9192.0,30172.0,43736
43738,9192.0,30201.0,43737
43739,9192.0,28663.0,43738
43740,9192.0,29198.0,43739
43741,9192.0,29266.0,43740
43742,9192.0,29804.0,43741
43743,9192.0,29232.0,43742
43744,9192.0,29207.0,43743
43745,9192.0,28947.0,43744
43746,9192.0,28705.0,43745
43747,9192.0,28705.0,43746
43748,9192.0,28876.0,43747
43749,9192.0,29034.0,43748
43750,9192.0,29078.0,43749
43751,9192.0,27754.0,43750
43752,9192.0,28274.0,43751
43753,9192.0,28064.0,43752
43754,9192.0,28064.0,43753
43755,9192.0,28082.0,43754
43756,9192.0,28081.0,43755
43757,9192.0,28081.0,43756
43758,9192.0,27423.0,43757
43759,9192.0,28514.0,43758
43760,9192.0,28452.0,43759
43761,9192.0,28452.0,43760
43762,9192.0,28647.0,43761
43763,9192.0,28366.0,43762
43764,9192.0,28362.0,43763
43765,9192.0,28958.0,43764
43766,9192.0,28958.0,43765
43767,9192.0,28265.0,43766
43768,9192.0,27886.0,43767
43769,9192.0,28153.0,43768
43770,9192.0,28203.0,43769
43771,9192.0,29261.0,43770
43772,9192.0,29193.0,43771
43773,9192.0,29697.0,43772
43774,9192.0,30052.0,43773
43775,9192.0,29240.0,43774
43776,9192.0,29409.0,43775
43777,9192.0,29221.0,43776
43778,9192.0,29209.0,43777
43779,9192.0,29079.0,43778
43780,9192.0,29685.0,43779
43781,9192.0,29392.0,43780
43782,9192.0,29315.0,43781
43783,9192.0,29315.0,43782
43784,9192.0,29429.0,43783
43785,9192.0,29365.0,43784
43786,9192.0,28694.0,43785
43787,9192.0,28731.0,43786
43788,9192.0,28693.0,43787
43789,9192.0,27423.0,43788
43790,9192.0,27423.0,43789
43791,9192.0,27423.0,43790
43792,9192.0,27421.0,43791
43793,9192.0,27384.0,43792
43794,9192.0,27632.0,43793
43795,9192.0,27021.0,43794
43796,9192.0,26453.0,43795
43797,9192.0,26453.0,43796
43798,9192.0,26176.0,43797
43799,9192.0,26170.0,43798
43800,9192.0,26163.0,43799
43801,9192.0,25984.0,43800
43802,9192.0,26036.0,43801
43803,9192.0,26036.0,43802
43804,9192.0,26269.0,43803
43805,9192.0,26276.0,43804
43806,9192.0,26296.0,43805
43807,9192.0,26191.0,43806
43808,9192.0,26009.0,43807
43809,9192.0,26332.0,43808
43810,9192.0,26511.0,43809
43811,9192.0,28286.0,43810
43812,9192.0,28373.0,43811
43813,9192.0,28102.0,43812
43814,9192.0,28414.0,43813
43815,9192.0,29453.0,43814
43816,9192.0,29469.0,43815
43817,9192.0,29090.0,43816
43818,9192.0,29145.0,43817
43819,9192.0,28753.0,43818
43820,9192.0,28822.0,43819
43821,9192.0,28267.0,43820
43822,9192.0,27866.0,43821
43823,9192.0,26481.0,43822
43824,9192.0,26455.0,43823
43825,9192.0,26834.0,43824
43826,9192.0,26834.0,43825
43827,9192.0,26987.0,43826
43828,9192.0,27249.0,43827
43829,9192.0,27399.0,43828
43830,9192.0,27392.0,43829
43831,9192.0,26361.0,43830
43832,9192.0,26366.0,43831
43833,9192.0,26446.0,43832
43834,9192.0,26022.0,43833
43835,9192.0,26066.0,43834
43836,9192.0,26066.0,43835
43837,9192.0,26054.0,43836
43838,9192.0,26084.0,43837
43839,9192.0,25452.0,43838
43840,9192.0,26124.0,43839
43841,9192.0,26095.0,43840
43842,9192.0,26095.0,43841
43843,9192.0,26180.0,43842
43844,9192.0,26245.0,43843
43845,9192.0,26124.0,43844
43846,9192.0,26377.0,43845
43847,9192.0,26084.0,43846
43848,9192.0,26280.0,43847
43849,9192.0,26280.0,43848
43850,9192.0,26312.0,43849
43851,9192.0,26361.0,43850
43852,9192.0,26116.0,43851
43853,9192.0,26114.0,43852
43854,9192.0,26234.0,43853
43855,9192.0,26090.0,43854
43856,9192.0,26231.0,43855
43857,9192.0,26344.0,43856
43858,9192.0,26356.0,43857
43859,9192.0,26666.0,43858
43860,9192.0,26972.0,43859
43861,9192.0,26756.0,43860
43862,9192.0,27331.0,43861
43863,9192.0,28700.0,43862
43864,9192.0,28696.0,43863
43865,9192.0,28801.0,43864
43866,9192.0,29504.0,43865
43867,9192.0,28853.0,43866
43868,9192.0,29405.0,43867
43869,9192.0,29956.0,43868
43870,9192.0,30339.0,43869
43871,9192.0,30643.0,43870
43872,9192.0,29731.0,43871
43873,9192.0,29966.0,43872
43874,9192.0,30253.0,43873
43875,9192.0,30422.0,43874
43876,9192.0,30303.0,43875
43877,9192.0,30026.0,43876
43878,9192.0,29925.0,43877
43879,9192.0,30448.0,43878
43880,9192.0,31455.0,43879
43881,9192.0,31568.0,43880
43882,9192.0,31374.0,43881
43883,9192.0,30625.0,43882
43884,9192.0,30558.0,43883
43885,9192.0,30177.0,43884
43886,9192.0,29921.0,43885
43887,9192.0,29996.0,43886
43888,9192.0,28603.0,43887
43889,9192.0,28162.0,43888
43890,9192.0,27951.0,43889
43891,9192.0,27954.0,43890
43892,9192.0,27517.0,43891
43893,9192.0,27517.0,43892
43894,9192.0,27997.0,43893
43895,9192.0,28482.0,43894
43896,9192.0,28454.0,43895
43897,9192.0,29122.0,43896
43898,9192.0,29472.0,43897
43899,9192.0,29357.0,43898
43900,9192.0,29128.0,43899
43901,9192.0,29091.0,43900
43902,9192.0,28999.0,43901
43903,9192.0,28806.0,43902
43904,9192.0,28758.0,43903
43905,9192.0,28736.0,43904
43906,9192.0,29997.0,43905
43907,9192.0,30085.0,43906
43908,9192.0,29826.0,43907
43909,9192.0,28933.0,43908
43910,9192.0,28673.0,43909
43911,9192.0,29211.0,43910
43912,9192.0,30162.0,43911
43913,9192.0,29915.0,43912
43914,9192.0,29928.0,43913
43915,9192.0,28872.0,43914
43916,9192.0,28961.0,43915
43917,9192.0,28961.0,43916
43918,9192.0,28828.0,43917
43919,9192.0,28287.0,43918
43920,9192.0,28273.0,43919
43921,9192.0,28141.0,43920
43922,9192.0,28322.0,43921
43923,9192.0,28239.0,43922
43924,9192.0,28043.0,43923
43925,9192.0,27885.0,43924
43926,9192.0,27980.0,43925
43927,9192.0,27598.0,43926
43928,9192.0,27580.0,43927
43929,9192.0,27692.0,43928
43930,9192.0,27493.0,43929
43931,9192.0,27436.0,43930
43932,9192.0,27147.0,43931
43933,9192.0,27645.0,43932
43934,9192.0,27350.0,43933
43935,9192.0,27350.0,43934
43936,9192.0,27293.0,43935
43937,9192.0,27949.0,43936
43938,9192.0,27958.0,43937
43939,9192.0,27769.0,43938
43940,9192.0,27769.0,43939
43941,9192.0,26882.0,43940
43942,9192.0,27433.0,43941
43943,9192.0,27001.0,43942
43944,9192.0,26974.0,43943
43945,9192.0,28583.0,43944
43946,9192.0,28866.0,43945
43947,9192.0,28878.0,43946
43948,9192.0,29470.0,43947
43949,9192.0,28734.0,43948
43950,9192.0,27810.0,43949
43951,9192.0,27145.0,43950
43952,9192.0,26200.0,43951
43953,9192.0,26212.0,43952
43954,9192.0,25333.0,43953
43955,9192.0,25628.0,43954
43956,9192.0,25305.0,43955
43957,9192.0,25305.0,43956
43958,9192.0,25711.0,43957
43959,9192.0,25755.0,43958
43960,9192.0,25057.0,43959
43961,9192.0,25635.0,43960
43962,9192.0,25871.0,43961
43963,9192.0,25871.0,43962
43964,9192.0,26241.0,43963
43965,9192.0,25845.0,43964
43966,9192.0,25594.0,43965
43967,9192.0,24855.0,43966
43968,9192.0,25197.0,43967
43969,9192.0,26521.0,43968
43970,9192.0,26797.0,43969
43971,9192.0,26322.0,43970
43972,9192.0,26352.0,43971
43973,9192.0,26185.0,43972
43974,9192.0,25420.0,43973
43975,9192.0,25525.0,43974
43976,9192.0,25905.0,43975
43977,9192.0,25916.0,43976
43978,9192.0,25680.0,43977
43979,9192.0,25678.0,43978
43980,9192.0,25713.0,43979
43981,9192.0,26701.0,43980
43982,9192.0,27436.0,43981
43983,9192.0,27321.0,43982
43984,9192.0,27289.0,43983
43985,9192.0,27798.0,43984
43986,9192.0,27423.0,43985
43987,9192.0,27419.0,43986
43988,9192.0,25947.0,43987
43989,9192.0,26048.0,43988
43990,9192.0,26720.0,43989
43991,9192.0,27187.0,43990
43992,9192.0,27270.0,43991
43993,9192.0,27018.0,43992
43994,9192.0,26803.0,43993
43995,9192.0,26798.0,43994
43996,9192.0,26627.0,43995
43997,9192.0,26003.0,43996
43998,9192.0,25935.0,43997
43999,9192.0,25800.0,43998
44000,9192.0,27305.0,43999
44001,9192.0,27496.0,44000
44002,9192.0,28203.0,44001
44003,9192.0,28007.0,44002
44004,9192.0,27571.0,44003
44005,9192.0,27742.0,44004
44006,9192.0,27800.0,44005
44007,9192.0,29342.0,44006
44008,9192.0,29610.0,44007
44009,9192.0,29727.0,44008
44010,9192.0,30091.0,44009
44011,9192.0,30161.0,44010
44012,9192.0,30986.0,44011
44013,9192.0,30955.0,44012
44014,9192.0,31057.0,44013
44015,9192.0,30987.0,44014
44016,9192.0,31020.0,44015
44017,9192.0,30999.0,44016
44018,9192.0,31335.0,44017
44019,9192.0,31405.0,44018
44020,9192.0,31484.0,44019
44021,9192.0,31314.0,44020
44022,9192.0,31136.0,44021
44023,9192.0,31212.0,44022
44024,9192.0,31238.0,44023
44025,9192.0,30169.0,44024
44026,9192.0,30448.0,44025
44027,9192.0,30321.0,44026
44028,9192.0,30334.0,44027
44029,9192.0,29940.0,44028
44030,9192.0,30036.0,44029
44031,9192.0,30016.0,44030
44032,9192.0,30187.0,44031
44033,9192.0,30288.0,44032
44034,9192.0,29780.0,44033
44035,9192.0,30380.0,44034
44036,9192.0,30574.0,44035
44037,9192.0,30297.0,44036
44038,9192.0,30329.0,44037
44039,9192.0,29968.0,44038
44040,9192.0,29850.0,44039
44041,9192.0,28469.0,44040
44042,9192.0,28854.0,44041
44043,9192.0,28731.0,44042
44044,9192.0,28844.0,44043
44045,9192.0,28799.0,44044
44046,9192.0,28799.0,44045
44047,9192.0,28933.0,44046
44048,9192.0,29226.0,44047
44049,9192.0,29170.0,44048
44050,9192.0,29112.0,44049
44051,9192.0,29157.0,44050
44052,9192.0,28056.0,44051
44053,9192.0,27973.0,44052
44054,9192.0,27968.0,44053
44055,9192.0,27609.0,44054
44056,9192.0,27320.0,44055
44057,9192.0,27320.0,44056
44058,9192.0,27366.0,44057
44059,9192.0,27679.0,44058
44060,9192.0,27677.0,44059
44061,9192.0,28067.0,44060
44062,9192.0,28058.0,44061
44063,9192.0,28125.0,44062
44064,9192.0,29255.0,44063
44065,9192.0,29255.0,44064
44066,9192.0,29804.0,44065
44067,9192.0,29504.0,44066
44068,9192.0,29523.0,44067
44069,9192.0,28936.0,44068
44070,9192.0,29087.0,44069
44071,9192.0,29275.0,44070
44072,9192.0,29263.0,44071
44073,9192.0,28456.0,44072
44074,9192.0,28456.0,44073
44075,9192.0,28824.0,44074
44076,9192.0,28799.0,44075
44077,9192.0,29573.0,44076
44078,9192.0,29867.0,44077
44079,9192.0,29765.0,44078
44080,9192.0,29714.0,44079
44081,9192.0,29781.0,44080
44082,9192.0,30502.0,44081
44083,9192.0,30749.0,44082
44084,9192.0,30839.0,44083
44085,9192.0,30845.0,44084
44086,9192.0,30826.0,44085
44087,9192.0,30836.0,44086
44088,9192.0,29866.0,44087
44089,9192.0,29884.0,44088
44090,9192.0,28836.0,44089
44091,9192.0,28836.0,44090
44092,9192.0,28517.0,44091
44093,9192.0,28783.0,44092
44094,9192.0,28944.0,44093
44095,9192.0,28971.0,44094
44096,9192.0,29166.0,44095
44097,9192.0,29026.0,44096
44098,9192.0,28939.0,44097
44099,9192.0,28876.0,44098
44100,9192.0,28866.0,44099
44101,9192.0,28716.0,44100
44102,9192.0,29353.0,44101
44103,9192.0,29386.0,44102
44104,9192.0,29487.0,44103
44105,9192.0,29832.0,44104
44106,9192.0,29680.0,44105
44107,9192.0,29535.0,44106
44108,9192.0,29195.0,44107
44109,9192.0,29195.0,44108
44110,9192.0,28943.0,44109
44111,9192.0,29504.0,44110
44112,9192.0,29649.0,44111
44113,9192.0,30452.0,44112
44114,9192.0,30522.0,44113
44115,9192.0,30451.0,44114
44116,9192.0,30382.0,44115
44117,9192.0,30144.0,44116
44118,9192.0,30844.0,44117
44119,9192.0,30307.0,44118
44120,9192.0,29922.0,44119
44121,9192.0,29862.0,44120
44122,9192.0,29821.0,44121
44123,9192.0,29303.0,44122
44124,9192.0,28403.0,44123
44125,9192.0,29083.0,44124
44126,9192.0,29086.0,44125
44127,9192.0,28786.0,44126
44128,9192.0,29639.0,44127
44129,9192.0,29574.0,44128
44130,9192.0,29724.0,44129
44131,9192.0,29607.0,44130
44132,9192.0,29379.0,44131
44133,9192.0,29500.0,44132
44134,9192.0,29651.0,44133
44135,9192.0,29651.0,44134
44136,9192.0,29239.0,44135
44137,9192.0,29317.0,44136
44138,9192.0,29336.0,44137
44139,9192.0,28960.0,44138
44140,9192.0,28975.0,44139
44141,9192.0,28649.0,44140
44142,9192.0,28649.0,44141
44143,9192.0,28451.0,44142
44144,9192.0,27919.0,44143
44145,9192.0,28338.0,44144
44146,9192.0,28817.0,44145
44147,9192.0,28801.0,44146
44148,9192.0,29255.0,44147
44149,9192.0,30627.0,44148
44150,9192.0,30938.0,44149
44151,9192.0,31015.0,44150
44152,9192.0,31065.0,44151
44153,9192.0,31606.0,44152
44154,9192.0,30267.0,44153
44155,9192.0,30417.0,44154
44156,9192.0,30417.0,44155
44157,9192.0,30501.0,44156
44158,9192.0,32326.0,44157
44159,9192.0,31581.0,44158
44160,9192.0,31074.0,44159
44161,9192.0,31074.0,44160
44162,9192.0,31012.0,44161
44163,9192.0,30983.0,44162
44164,9192.0,31102.0,44163
44165,9192.0,31096.0,44164
44166,9192.0,30947.0,44165
44167,9192.0,31035.0,44166
44168,9192.0,31070.0,44167
44169,9192.0,31070.0,44168
44170,9192.0,30665.0,44169
44171,9192.0,30326.0,44170
44172,9192.0,30660.0,44171
44173,9192.0,30612.0,44172
44174,9192.0,31104.0,44173
44175,9192.0,31156.0,44174
44176,9192.0,30817.0,44175
44177,9192.0,30804.0,44176
44178,9192.0,30611.0,44177
44179,9192.0,30577.0,44178
44180,9192.0,30601.0,44179
44181,9192.0,30510.0,44180
44182,9192.0,30399.0,44181
44183,9192.0,30366.0,44182
44184,9192.0,30699.0,44183
44185,9192.0,31614.0,44184
44186,9192.0,32229.0,44185
44187,9192.0,31461.0,44186
44188,9192.0,31160.0,44187
44189,9192.0,31555.0,44188
44190,9192.0,31566.0,44189
44191,9192.0,30276.0,44190
44192,9192.0,30245.0,44191
44193,9192.0,30966.0,44192
44194,9192.0,30431.0,44193
44195,9192.0,30431.0,44194
44196,9192.0,28947.0,44195
44197,9192.0,28928.0,44196
44198,9192.0,28930.0,44197
44199,9192.0,29027.0,44198
44200,9192.0,28538.0,44199
44201,9192.0,28080.0,44200
44202,9192.0,28319.0,44201
44203,9192.0,28319.0,44202
44204,9192.0,28322.0,44203
44205,9192.0,28756.0,44204
44206,9192.0,29054.0,44205
44207,9192.0,27941.0,44206
44208,9192.0,28225.0,44207
44209,9192.0,28232.0,44208
44210,9192.0,28221.0,44209
44211,9192.0,28128.0,44210
44212,9192.0,27873.0,44211
44213,9192.0,27873.0,44212
44214,9192.0,27716.0,44213
44215,9192.0,27010.0,44214
44216,9192.0,27150.0,44215
44217,9192.0,27032.0,44216
44218,9192.0,26819.0,44217
44219,9192.0,26836.0,44218
44220,9192.0,26207.0,44219
44221,9192.0,26220.0,44220
44222,9192.0,26667.0,44221
44223,9192.0,26485.0,44222
44224,9192.0,26006.0,44223
44225,9192.0,26275.0,44224
44226,9192.0,26304.0,44225
44227,9192.0,26445.0,44226
44228,9192.0,26445.0,44227
44229,9192.0,26458.0,44228
44230,9192.0,26978.0,44229
44231,9192.0,30739.0,44230
44232,9192.0,30665.0,44231
44233,9192.0,31173.0,44232
44234,9192.0,29613.0,44233
44235,9192.0,29799.0,44234
44236,9192.0,29557.0,44235
44237,9192.0,29529.0,44236
44238,9192.0,29221.0,44237
44239,9192.0,29431.0,44238
44240,9192.0,29391.0,44239
44241,9192.0,29282.0,44240
44242,9192.0,29487.0,44241
44243,9192.0,29790.0,44242
44244,9192.0,29460.0,44243
44245,9192.0,29488.0,44244
44246,9192.0,29369.0,44245
44247,9192.0,29099.0,44246
44248,9192.0,29085.0,44247
44249,9192.0,28512.0,44248
44250,9192.0,27915.0,44249
44251,9192.0,27850.0,44250
44252,9192.0,28960.0,44251
44253,9192.0,29063.0,44252
44254,9192.0,29323.0,44253
44255,9192.0,29297.0,44254
44256,9192.0,29554.0,44255
44257,9192.0,29543.0,44256
44258,9192.0,30144.0,44257
44259,9192.0,30133.0,44258
44260,9192.0,28763.0,44259
44261,9192.0,27163.0,44260
44262,9192.0,26637.0,44261
44263,9192.0,26352.0,44262
44264,9192.0,25827.0,44263
44265,9192.0,26403.0,44264
44266,9192.0,26090.0,44265
44267,9192.0,25931.0,44266
44268,9192.0,26473.0,44267
44269,9192.0,26355.0,44268
44270,9192.0,25628.0,44269
44271,9192.0,25628.0,44270
44272,9192.0,25417.0,44271
44273,9192.0,25777.0,44272
44274,9192.0,26345.0,44273
44275,9192.0,26597.0,44274
44276,9192.0,26404.0,44275
44277,9192.0,26253.0,44276
44278,9192.0,26253.0,44277
44279,9192.0,26436.0,44278
44280,9192.0,26418.0,44279
44281,9192.0,26418.0,44280
44282,9192.0,27516.0,44281
44283,9192.0,27627.0,44282
44284,9192.0,28298.0,44283
44285,9192.0,27229.0,44284
44286,9192.0,27159.0,44285
44287,9192.0,28389.0,44286
44288,9192.0,28692.0,44287
44289,9192.0,28692.0,44288
44290,9192.0,29173.0,44289
44291,9192.0,29689.0,44290
44292,9192.0,29689.0,44291
44293,9192.0,29476.0,44292
44294,9192.0,29783.0,44293
44295,9192.0,29783.0,44294
44296,9192.0,29786.0,44295
44297,9192.0,29287.0,44296
44298,9192.0,28900.0,44297
44299,9192.0,28818.0,44298
44300,9192.0,29805.0,44299
44301,9192.0,30227.0,44300
44302,9192.0,30301.0,44301
44303,9192.0,30799.0,44302
44304,9192.0,31128.0,44303
44305,9192.0,31293.0,44304
44306,9192.0,30101.0,44305
44307,9192.0,29925.0,44306
44308,9192.0,29791.0,44307
44309,9192.0,30047.0,44308
44310,9192.0,30047.0,44309
44311,9192.0,30004.0,44310
44312,9192.0,30100.0,44311
44313,9192.0,30146.0,44312
44314,9192.0,29955.0,44313
44315,9192.0,29584.0,44314
44316,9192.0,30810.0,44315
44317,9192.0,31190.0,44316
44318,9192.0,31058.0,44317
44319,9192.0,31297.0,44318
44320,9192.0,31696.0,44319
44321,9192.0,31176.0,44320
44322,9192.0,31167.0,44321
44323,9192.0,31643.0,44322
44324,9192.0,31690.0,44323
44325,9192.0,31191.0,44324
44326,9192.0,30151.0,44325
44327,9192.0,30197.0,44326
44328,9192.0,31227.0,44327
44329,9192.0,31337.0,44328
44330,9192.0,31277.0,44329
44331,9192.0,31847.0,44330
44332,9192.0,32010.0,44331
44333,9192.0,32010.0,44332
44334,9192.0,31887.0,44333
44335,9192.0,31419.0,44334
44336,9192.0,31435.0,44335
44337,9192.0,30197.0,44336
44338,9192.0,30288.0,44337
44339,9192.0,31103.0,44338
44340,9192.0,31169.0,44339
44341,9192.0,31075.0,44340
44342,9192.0,31075.0,44341
44343,9192.0,31604.0,44342
44344,9192.0,31572.0,44343
44345,9192.0,31423.0,44344
44346,9192.0,31120.0,44345
44347,9192.0,31189.0,44346
44348,9192.0,31051.0,44347
44349,9192.0,30400.0,44348
44350,9192.0,30400.0,44349
44351,9192.0,29935.0,44350
44352,9192.0,29742.0,44351
44353,9192.0,29679.0,44352
44354,9192.0,29681.0,44353
44355,9192.0,28719.0,44354
44356,9192.0,28745.0,44355
44357,9192.0,28135.0,44356
44358,9192.0,28034.0,44357
44359,9192.0,28034.0,44358
44360,9192.0,28047.0,44359
44361,9192.0,29093.0,44360
44362,9192.0,28780.0,44361
44363,9192.0,28774.0,44362
44364,9192.0,28560.0,44363
44365,9192.0,28254.0,44364
44366,9192.0,29223.0,44365
44367,9192.0,29842.0,44366
44368,9192.0,29319.0,44367
44369,9192.0,29328.0,44368
44370,9192.0,28821.0,44369
44371,9192.0,28821.0,44370
44372,9192.0,28410.0,44371
44373,9192.0,28529.0,44372
44374,9192.0,28986.0,44373
44375,9192.0,29734.0,44374
44376,9192.0,29875.0,44375
44377,9192.0,29871.0,44376
44378,9192.0,29802.0,44377
44379,9192.0,29943.0,44378
44380,9192.0,29928.0,44379
44381,9192.0,30076.0,44380
44382,9192.0,30065.0,44381
44383,9192.0,30119.0,44382
44384,9192.0,29926.0,44383
44385,9192.0,30620.0,44384
44386,9192.0,30931.0,44385
44387,9192.0,30334.0,44386
44388,9192.0,30874.0,44387
44389,9192.0,30789.0,44388
44390,9192.0,30957.0,44389
44391,9192.0,31064.0,44390
44392,9192.0,30848.0,44391
44393,9192.0,30848.0,44392
44394,9192.0,30384.0,44393
44395,9192.0,31328.0,44394
44396,9192.0,31442.0,44395
44397,9192.0,31148.0,44396
44398,9192.0,30900.0,44397
44399,9192.0,30835.0,44398
44400,9192.0,30439.0,44399
44401,9192.0,30313.0,44400
44402,9192.0,30221.0,44401
44403,9192.0,29863.0,44402
44404,9192.0,29931.0,44403
44405,9192.0,29931.0,44404
44406,9192.0,29716.0,44405
44407,9192.0,29989.0,44406
44408,9192.0,29963.0,44407
44409,9192.0,30007.0,44408
44410,9192.0,30621.0,44409
44411,9192.0,30261.0,44410
44412,9192.0,30261.0,44411
44413,9192.0,30261.0,44412
44414,9192.0,31018.0,44413
44415,9192.0,31100.0,44414
44416,9192.0,31184.0,44415
44417,9192.0,31197.0,44416
44418,9192.0,31159.0,44417
44419,9192.0,31120.0,44418
44420,9192.0,31118.0,44419
44421,9192.0,31074.0,44420
44422,9192.0,30197.0,44421
44423,9192.0,30146.0,44422
44424,9192.0,30626.0,44423
44425,9192.0,30775.0,44424
44426,9192.0,30847.0,44425
44427,9192.0,30847.0,44426
44428,9192.0,30838.0,44427
44429,9192.0,30867.0,44428
44430,9192.0,30960.0,44429
44431,9192.0,31109.0,44430
44432,9192.0,31125.0,44431
44433,9192.0,31281.0,44432
44434,9192.0,31544.0,44433
44435,9192.0,31146.0,44434
44436,9192.0,31576.0,44435
44437,9192.0,31379.0,44436
44438,9192.0,31364.0,44437
44439,9192.0,31019.0,44438
44440,9192.0,31012.0,44439
44441,9192.0,30987.0,44440
44442,9192.0,30650.0,44441
44443,9192.0,30614.0,44442
44444,9192.0,30728.0,44443
44445,9192.0,30484.0,44444
44446,9192.0,30441.0,44445
44447,9192.0,30161.0,44446
44448,9192.0,30161.0,44447
44449,9192.0,29887.0,44448
44450,9192.0,29744.0,44449
44451,9192.0,29741.0,44450
44452,9192.0,29481.0,44451
44453,9192.0,29674.0,44452
44454,9192.0,31117.0,44453
44455,9192.0,31035.0,44454
44456,9192.0,30817.0,44455
44457,9192.0,30829.0,44456
44458,9192.0,30964.0,44457
44459,9192.0,30833.0,44458
44460,9192.0,30833.0,44459
44461,9192.0,31029.0,44460
44462,9192.0,31340.0,44461
44463,9192.0,31250.0,44462
44464,9192.0,31104.0,44463
44465,9192.0,30947.0,44464
44466,9192.0,30170.0,44465
44467,9192.0,30814.0,44466
44468,9192.0,30766.0,44467
44469,9192.0,30171.0,44468
44470,9192.0,30156.0,44469
44471,9192.0,31528.0,44470
44472,9192.0,31334.0,44471
44473,9192.0,31263.0,44472
44474,9192.0,31134.0,44473
44475,9192.0,30860.0,44474
44476,9192.0,31349.0,44475
44477,9192.0,31191.0,44476
44478,9192.0,30266.0,44477
44479,9192.0,30503.0,44478
44480,9192.0,30710.0,44479
44481,9192.0,30134.0,44480
44482,9192.0,29505.0,44481
44483,9192.0,28967.0,44482
44484,9192.0,28838.0,44483
44485,9192.0,29353.0,44484
44486,9192.0,29100.0,44485
44487,9192.0,29006.0,44486
44488,9192.0,28681.0,44487
44489,9192.0,29306.0,44488
44490,9192.0,29163.0,44489
44491,9192.0,29516.0,44490
44492,9192.0,30364.0,44491
44493,9192.0,31088.0,44492
44494,9192.0,30937.0,44493
44495,9192.0,30684.0,44494
44496,9192.0,30634.0,44495
44497,9192.0,30519.0,44496
44498,9192.0,30537.0,44497
44499,9192.0,30537.0,44498
44500,9192.0,30614.0,44499
44501,9192.0,30469.0,44500
44502,9192.0,30361.0,44501
44503,9192.0,29958.0,44502
44504,9192.0,29638.0,44503
44505,9192.0,29832.0,44504
44506,9192.0,29731.0,44505
44507,9192.0,29259.0,44506
44508,9192.0,30467.0,44507
44509,9192.0,30327.0,44508
44510,9192.0,30055.0,44509
44511,9192.0,29791.0,44510
44512,9192.0,29593.0,44511
44513,9192.0,29551.0,44512
44514,9192.0,28874.0,44513
44515,9192.0,28621.0,44514
44516,9192.0,28731.0,44515
44517,9192.0,28995.0,44516
44518,9192.0,28995.0,44517
44519,9192.0,28882.0,44518
44520,9192.0,28570.0,44519
44521,9192.0,28185.0,44520
44522,9192.0,30294.0,44521
44523,9192.0,30515.0,44522
44524,9192.0,30609.0,44523
44525,9192.0,30609.0,44524
44526,9192.0,30487.0,44525
44527,9192.0,30665.0,44526
44528,9192.0,31290.0,44527
44529,9192.0,31396.0,44528
44530,9192.0,31404.0,44529
44531,9192.0,30354.0,44530
44532,9192.0,30286.0,44531
44533,9192.0,30433.0,44532
44534,9192.0,30419.0,44533
44535,9192.0,30455.0,44534
44536,9192.0,30455.0,44535
44537,9192.0,30619.0,44536
44538,9192.0,30700.0,44537
44539,9192.0,30768.0,44538
44540,9192.0,29588.0,44539
44541,9192.0,29232.0,44540
44542,9192.0,29421.0,44541
44543,9192.0,29578.0,44542
44544,9192.0,28963.0,44543
44545,9192.0,28963.0,44544
44546,9192.0,28560.0,44545
44547,9192.0,29121.0,44546
44548,9192.0,28952.0,44547
44549,9192.0,29000.0,44548
44550,9192.0,30095.0,44549
44551,9192.0,29703.0,44550
44552,9192.0,29698.0,44551
44553,9192.0,29510.0,44552
44554,9192.0,30688.0,44553
44555,9192.0,30700.0,44554
44556,9192.0,30515.0,44555
44557,9192.0,30904.0,44556
44558,9192.0,31264.0,44557
44559,9192.0,31369.0,44558
44560,9192.0,31239.0,44559
44561,9192.0,31273.0,44560
44562,9192.0,30987.0,44561
44563,9192.0,30977.0,44562
44564,9192.0,29996.0,44563
44565,9192.0,29573.0,44564
44566,9192.0,29582.0,44565
44567,9192.0,29582.0,44566
44568,9192.0,30015.0,44567
44569,9192.0,30294.0,44568
44570,9192.0,30670.0,44569
44571,9192.0,30873.0,44570
44572,9192.0,30771.0,44571
44573,9192.0,30402.0,44572
44574,9192.0,30182.0,44573
44575,9192.0,30051.0,44574
44576,9192.0,30707.0,44575
44577,9192.0,31033.0,44576
44578,9192.0,31324.0,44577
44579,9192.0,31374.0,44578
44580,9192.0,30937.0,44579
44581,9192.0,30986.0,44580
44582,9192.0,30986.0,44581
44583,9192.0,31091.0,44582
44584,9192.0,31371.0,44583
44585,9192.0,31435.0,44584
44586,9192.0,31771.0,44585
44587,9192.0,31934.0,44586
44588,9192.0,31725.0,44587
44589,9192.0,31786.0,44588
44590,9192.0,31801.0,44589
44591,9192.0,31589.0,44590
44592,9192.0,31721.0,44591
44593,9192.0,31759.0,44592
44594,9192.0,30748.0,44593
44595,9192.0,30973.0,44594
44596,9192.0,30845.0,44595
44597,9192.0,30670.0,44596
44598,9192.0,31138.0,44597
44599,9192.0,31311.0,44598
44600,9192.0,31429.0,44599
44601,9192.0,31756.0,44600
44602,9192.0,31804.0,44601
44603,9192.0,31794.0,44602
44604,9192.0,30832.0,44603
44605,9192.0,30710.0,44604
44606,9192.0,30921.0,44605
44607,9192.0,30497.0,44606
44608,9192.0,30358.0,44607
44609,9192.0,30352.0,44608
44610,9192.0,29750.0,44609
44611,9192.0,29186.0,44610
44612,9192.0,29340.0,44611
44613,9192.0,29626.0,44612
44614,9192.0,29754.0,44613
44615,9192.0,28959.0,44614
44616,9192.0,28935.0,44615
44617,9192.0,28451.0,44616
44618,9192.0,28030.0,44617
44619,9192.0,27975.0,44618
44620,9192.0,27697.0,44619
44621,9192.0,27697.0,44620
44622,9192.0,28835.0,44621
44623,9192.0,28679.0,44622
44624,9192.0,28155.0,44623
44625,9192.0,28557.0,44624
44626,9192.0,28455.0,44625
44627,9192.0,28379.0,44626
44628,9192.0,28299.0,44627
44629,9192.0,28299.0,44628
44630,9192.0,28060.0,44629
44631,9192.0,28143.0,44630
44632,9192.0,27407.0,44631
44633,9192.0,27398.0,44632
44634,9192.0,28614.0,44633
44635,9192.0,28581.0,44634
44636,9192.0,27770.0,44635
44637,9192.0,27504.0,44636
44638,9192.0,27077.0,44637
44639,9192.0,27324.0,44638
44640,9192.0,27210.0,44639
44641,9192.0,26902.0,44640
44642,9192.0,27024.0,44641
44643,9192.0,26994.0,44642
44644,9192.0,27803.0,44643
44645,9192.0,27797.0,44644
44646,9192.0,27939.0,44645
44647,9192.0,27932.0,44646
44648,9192.0,27852.0,44647
44649,9192.0,27852.0,44648
44650,9192.0,27608.0,44649
44651,9192.0,26447.0,44650
44652,9192.0,27010.0,44651
44653,9192.0,27397.0,44652
44654,9192.0,27596.0,44653
44655,9192.0,27789.0,44654
44656,9192.0,27555.0,44655
44657,9192.0,27815.0,44656
44658,9192.0,28022.0,44657
44659,9192.0,28512.0,44658
44660,9192.0,28512.0,44659
44661,9192.0,28498.0,44660
44662,9192.0,28498.0,44661
44663,9192.0,27953.0,44662
44664,9192.0,28092.0,44663
44665,9192.0,28092.0,44664
44666,9192.0,28536.0,44665
44667,9192.0,28487.0,44666
44668,9192.0,28363.0,44667
44669,9192.0,27991.0,44668
44670,9192.0,28114.0,44669
44671,9192.0,28114.0,44670
44672,9192.0,28207.0,44671
44673,9192.0,28185.0,44672
44674,9192.0,27959.0,44673
44675,9192.0,27619.0,44674
44676,9192.0,27368.0,44675
44677,9192.0,27539.0,44676
44678,9192.0,27505.0,44677
44679,9192.0,27087.0,44678
44680,9192.0,27024.0,44679
44681,9192.0,27008.0,44680
44682,9192.0,26873.0,44681
44683,9192.0,26644.0,44682
44684,9192.0,25862.0,44683
44685,9192.0,25822.0,44684
44686,9192.0,25654.0,44685
44687,9192.0,26621.0,44686
44688,9192.0,26579.0,44687
44689,9192.0,26575.0,44688
44690,9192.0,26550.0,44689
44691,9192.0,27256.0,44690
44692,9192.0,27394.0,44691
44693,9192.0,27497.0,44692
44694,9192.0,27698.0,44693
44695,9192.0,27698.0,44694
44696,9192.0,27133.0,44695
44697,9192.0,27133.0,44696
44698,9192.0,27030.0,44697
44699,9192.0,27030.0,44698
44700,9192.0,26836.0,44699
44701,9192.0,26420.0,44700
44702,9192.0,26420.0,44701
44703,9192.0,27622.0,44702
44704,9192.0,27551.0,44703
44705,9192.0,27569.0,44704
44706,9192.0,27754.0,44705
44707,9192.0,27769.0,44706
44708,9192.0,27292.0,44707
44709,9192.0,27389.0,44708
44710,9192.0,27421.0,44709
44711,9192.0,27212.0,44710
44712,9192.0,26930.0,44711
44713,9192.0,29320.0,44712
44714,9192.0,28601.0,44713
44715,9192.0,28403.0,44714
44716,9192.0,28801.0,44715
44717,9192.0,29092.0,44716
44718,9192.0,29489.0,44717
44719,9192.0,30005.0,44718
44720,9192.0,29996.0,44719
44721,9192.0,30008.0,44720
44722,9192.0,29420.0,44721
44723,9192.0,29420.0,44722
44724,9192.0,29738.0,44723
44725,9192.0,29911.0,44724
44726,9192.0,29845.0,44725
44727,9192.0,29870.0,44726
44728,9192.0,30191.0,44727
44729,9192.0,30203.0,44728
44730,9192.0,30225.0,44729
44731,9192.0,30249.0,44730
44732,9192.0,29286.0,44731
44733,9192.0,29502.0,44732
44734,9192.0,29039.0,44733
44735,9192.0,28672.0,44734
44736,9192.0,28768.0,44735
44737,9192.0,28820.0,44736
44738,9192.0,28567.0,44737
44739,9192.0,28184.0,44738
44740,9192.0,28974.0,44739
44741,9192.0,28974.0,44740
44742,9192.0,28891.0,44741
44743,9192.0,28676.0,44742
44744,9192.0,29355.0,44743
44745,9192.0,29284.0,44744
44746,9192.0,29261.0,44745
44747,9192.0,29201.0,44746
44748,9192.0,29158.0,44747
44749,9192.0,29650.0,44748
44750,9192.0,29691.0,44749
44751,9192.0,30267.0,44750
44752,9192.0,30981.0,44751
44753,9192.0,30414.0,44752
44754,9192.0,30369.0,44753
44755,9192.0,29773.0,44754
44756,9192.0,29700.0,44755
44757,9192.0,29685.0,44756
44758,9192.0,29705.0,44757
44759,9192.0,29931.0,44758
44760,9192.0,29931.0,44759
44761,9192.0,29993.0,44760
44762,9192.0,29713.0,44761
44763,9192.0,29619.0,44762
44764,9192.0,30978.0,44763
44765,9192.0,30978.0,44764
44766,9192.0,30690.0,44765
44767,9192.0,30116.0,44766
44768,9192.0,30179.0,44767
44769,9192.0,31010.0,44768
44770,9192.0,30910.0,44769
44771,9192.0,30273.0,44770
44772,9192.0,29939.0,44771
44773,9192.0,29915.0,44772
44774,9192.0,29915.0,44773
44775,9192.0,30321.0,44774
44776,9192.0,30985.0,44775
44777,9192.0,30957.0,44776
44778,9192.0,30943.0,44777
44779,9192.0,30643.0,44778
44780,9192.0,30641.0,44779
44781,9192.0,30357.0,44780
44782,9192.0,29794.0,44781
44783,9192.0,30264.0,44782
44784,9192.0,30600.0,44783
44785,9192.0,30764.0,44784
44786,9192.0,30764.0,44785
44787,9192.0,31167.0,44786
44788,9192.0,30832.0,44787
44789,9192.0,30818.0,44788
44790,9192.0,30921.0,44789
44791,9192.0,30828.0,44790
44792,9192.0,30290.0,44791
44793,9192.0,30290.0,44792
44794,9192.0,30254.0,44793
44795,9192.0,30174.0,44794
44796,9192.0,30572.0,44795
44797,9192.0,30699.0,44796
44798,9192.0,30666.0,44797
44799,9192.0,30338.0,44798
44800,9192.0,30335.0,44799
44801,9192.0,30327.0,44800
44802,9192.0,30125.0,44801
44803,9192.0,30049.0,44802
44804,9192.0,30029.0,44803
44805,9192.0,29857.0,44804
44806,9192.0,29750.0,44805
44807,9192.0,29618.0,44806
44808,9192.0,29305.0,44807
44809,9192.0,28968.0,44808
44810,9192.0,29265.0,44809
44811,9192.0,29651.0,44810
44812,9192.0,29468.0,44811
44813,9192.0,29477.0,44812
44814,9192.0,29800.0,44813
44815,9192.0,28844.0,44814
44816,9192.0,29204.0,44815
44817,9192.0,29382.0,44816
44818,9192.0,29289.0,44817
44819,9192.0,28487.0,44818
44820,9192.0,29124.0,44819
44821,9192.0,30110.0,44820
44822,9192.0,30110.0,44821
44823,9192.0,29893.0,44822
44824,9192.0,30288.0,44823
44825,9192.0,30102.0,44824
44826,9192.0,30068.0,44825
44827,9192.0,28813.0,44826
44828,9192.0,28781.0,44827
44829,9192.0,28170.0,44828
44830,9192.0,27862.0,44829
44831,9192.0,27862.0,44830
44832,9192.0,27969.0,44831
44833,9192.0,28266.0,44832
44834,9192.0,28399.0,44833
44835,9192.0,27471.0,44834
44836,9192.0,27473.0,44835
44837,9192.0,27480.0,44836
44838,9192.0,27058.0,44837
44839,9192.0,28879.0,44838
44840,9192.0,29101.0,44839
44841,9192.0,29503.0,44840
44842,9192.0,29621.0,44841
44843,9192.0,29813.0,44842
44844,9192.0,28974.0,44843
44845,9192.0,28509.0,44844
44846,9192.0,28574.0,44845
44847,9192.0,28435.0,44846
44848,9192.0,29055.0,44847
44849,9192.0,28948.0,44848
44850,9192.0,28917.0,44849
44851,9192.0,29014.0,44850
44852,9192.0,28990.0,44851
44853,9192.0,28990.0,44852
44854,9192.0,28990.0,44853
44855,9192.0,30031.0,44854
44856,9192.0,30031.0,44855
44857,9192.0,30055.0,44856
44858,9192.0,30502.0,44857
44859,9192.0,30461.0,44858
44860,9192.0,30462.0,44859
44861,9192.0,29970.0,44860
44862,9192.0,29686.0,44861
44863,9192.0,28927.0,44862
44864,9192.0,28983.0,44863
44865,9192.0,28687.0,44864
44866,9192.0,28330.0,44865
44867,9192.0,27854.0,44866
44868,9192.0,28438.0,44867
44869,9192.0,28719.0,44868
44870,9192.0,27392.0,44869
44871,9192.0,28224.0,44870
44872,9192.0,27890.0,44871
44873,9192.0,27430.0,44872
44874,9192.0,27430.0,44873
44875,9192.0,27654.0,44874
44876,9192.0,28677.0,44875
44877,9192.0,28450.0,44876
44878,9192.0,28380.0,44877
44879,9192.0,28596.0,44878
44880,9192.0,28390.0,44879
44881,9192.0,28330.0,44880
44882,9192.0,28279.0,44881
44883,9192.0,28192.0,44882
44884,9192.0,28748.0,44883
44885,9192.0,28814.0,44884
44886,9192.0,28060.0,44885
44887,9192.0,28247.0,44886
44888,9192.0,29329.0,44887
44889,9192.0,27830.0,44888
44890,9192.0,27830.0,44889
44891,9192.0,27787.0,44890
44892,9192.0,27892.0,44891
44893,9192.0,28521.0,44892
44894,9192.0,28237.0,44893
44895,9192.0,28292.0,44894
44896,9192.0,28356.0,44895
44897,9192.0,28488.0,44896
44898,9192.0,28411.0,44897
44899,9192.0,28111.0,44898
44900,9192.0,28088.0,44899
44901,9192.0,28432.0,44900
44902,9192.0,28854.0,44901
44903,9192.0,28975.0,44902
44904,9192.0,28602.0,44903
44905,9192.0,28762.0,44904
44906,9192.0,28621.0,44905
44907,9192.0,28672.0,44906
44908,9192.0,27517.0,44907
44909,9192.0,27604.0,44908
44910,9192.0,28030.0,44909
44911,9192.0,28654.0,44910
44912,9192.0,28498.0,44911
44913,9192.0,28215.0,44912
44914,9192.0,28226.0,44913
44915,9192.0,28317.0,44914
44916,9192.0,28399.0,44915
44917,9192.0,29140.0,44916
44918,9192.0,29272.0,44917
44919,9192.0,28407.0,44918
44920,9192.0,28915.0,44919
44921,9192.0,27914.0,44920
44922,9192.0,28255.0,44921
44923,9192.0,28702.0,44922
44924,9192.0,28662.0,44923
44925,9192.0,28869.0,44924
44926,9192.0,28990.0,44925
44927,9192.0,28265.0,44926
44928,9192.0,28761.0,44927
44929,9192.0,29228.0,44928
44930,9192.0,29447.0,44929
44931,9192.0,30334.0,44930
44932,9192.0,30257.0,44931
44933,9192.0,30334.0,44932
44934,9192.0,30404.0,44933
44935,9192.0,30569.0,44934
44936,9192.0,30846.0,44935
44937,9192.0,30872.0,44936
44938,9192.0,30745.0,44937
44939,9192.0,30981.0,44938
44940,9192.0,31071.0,44939
44941,9192.0,31049.0,44940
44942,9192.0,31052.0,44941
44943,9192.0,30683.0,44942
44944,9192.0,30676.0,44943
44945,9192.0,30502.0,44944
44946,9192.0,30460.0,44945
44947,9192.0,30286.0,44946
44948,9192.0,29967.0,44947
44949,9192.0,29967.0,44948
44950,9192.0,29878.0,44949
44951,9192.0,30580.0,44950
44952,9192.0,29809.0,44951
44953,9192.0,29633.0,44952
44954,9192.0,29496.0,44953
44955,9192.0,30271.0,44954
44956,9192.0,29670.0,44955
44957,9192.0,29441.0,44956
44958,9192.0,28882.0,44957
44959,9192.0,28882.0,44958
44960,9192.0,27824.0,44959
44961,9192.0,27860.0,44960
44962,9192.0,27860.0,44961
44963,9192.0,27768.0,44962
44964,9192.0,28369.0,44963
44965,9192.0,28902.0,44964
44966,9192.0,28019.0,44965
44967,9192.0,28252.0,44966
44968,9192.0,28349.0,44967
44969,9192.0,28415.0,44968
44970,9192.0,28436.0,44969
44971,9192.0,28352.0,44970
44972,9192.0,28559.0,44971
44973,9192.0,28604.0,44972
44974,9192.0,29158.0,44973
44975,9192.0,29742.0,44974
44976,9192.0,28141.0,44975
44977,9192.0,28183.0,44976
44978,9192.0,28054.0,44977
44979,9192.0,28001.0,44978
44980,9192.0,28853.0,44979
44981,9192.0,28375.0,44980
44982,9192.0,28477.0,44981
44983,9192.0,29245.0,44982
44984,9192.0,29245.0,44983
44985,9192.0,29814.0,44984
44986,9192.0,29106.0,44985
44987,9192.0,29137.0,44986
44988,9192.0,28571.0,44987
44989,9192.0,28700.0,44988
44990,9192.0,28714.0,44989
44991,9192.0,28935.0,44990
44992,9192.0,28820.0,44991
44993,9192.0,29075.0,44992
44994,9192.0,29078.0,44993
44995,9192.0,28518.0,44994
44996,9192.0,28800.0,44995
44997,9192.0,28804.0,44996
44998,9192.0,28697.0,44997
44999,9192.0,28373.0,44998
45000,9192.0,27675.0,44999
45001,9192.0,27608.0,45000
45002,9192.0,27186.0,45001
45003,9192.0,27186.0,45002
45004,9192.0,26897.0,45003
45005,9192.0,26522.0,45004
45006,9192.0,25580.0,45005
45007,9192.0,26121.0,45006
45008,9192.0,26310.0,45007
45009,9192.0,26441.0,45008
45010,9192.0,26372.0,45009
45011,9192.0,25116.0,45010
45012,9192.0,25392.0,45011
45013,9192.0,25353.0,45012
45014,9192.0,25396.0,45013
45015,9192.0,25396.0,45014
45016,9192.0,25999.0,45015
45017,9192.0,27706.0,45016
45018,9192.0,27746.0,45017
45019,9192.0,27659.0,45018
45020,9192.0,27254.0,45019
45021,9192.0,26677.0,45020
45022,9192.0,26700.0,45021
45023,9192.0,26660.0,45022
45024,9192.0,27849.0,45023
45025,9192.0,27555.0,45024
45026,9192.0,27462.0,45025
45027,9192.0,26774.0,45026
45028,9192.0,26906.0,45027
45029,9192.0,28228.0,45028
45030,9192.0,27972.0,45029
45031,9192.0,28614.0,45030
45032,9192.0,28622.0,45031
45033,9192.0,28908.0,45032
45034,9192.0,28908.0,45033
45035,9192.0,28895.0,45034
45036,9192.0,29181.0,45035
45037,9192.0,29317.0,45036
45038,9192.0,29317.0,45037
45039,9192.0,29192.0,45038
45040,9192.0,29088.0,45039
45041,9192.0,28349.0,45040
45042,9192.0,28342.0,45041
45043,9192.0,27772.0,45042
45044,9192.0,27772.0,45043
45045,9192.0,28559.0,45044
45046,9192.0,28471.0,45045
45047,9192.0,28429.0,45046
45048,9192.0,28440.0,45047
45049,9192.0,28054.0,45048
45050,9192.0,28311.0,45049
45051,9192.0,28355.0,45050
45052,9192.0,28510.0,45051
45053,9192.0,30456.0,45052
45054,9192.0,31132.0,45053
45055,9192.0,31517.0,45054
45056,9192.0,31661.0,45055
45057,9192.0,31241.0,45056
45058,9192.0,31116.0,45057
45059,9192.0,30985.0,45058
45060,9192.0,29943.0,45059
45061,9192.0,29822.0,45060
45062,9192.0,30089.0,45061
45063,9192.0,30084.0,45062
45064,9192.0,30786.0,45063
45065,9192.0,31472.0,45064
45066,9192.0,31645.0,45065
45067,9192.0,31608.0,45066
45068,9192.0,31711.0,45067
45069,9192.0,31803.0,45068
45070,9192.0,31790.0,45069
45071,9192.0,31929.0,45070
45072,9192.0,31912.0,45071
45073,9192.0,32152.0,45072
45074,9192.0,32019.0,45073
45075,9192.0,31954.0,45074
45076,9192.0,31734.0,45075
45077,9192.0,31780.0,45076
45078,9192.0,31777.0,45077
45079,9192.0,31490.0,45078
45080,9192.0,31519.0,45079
45081,9192.0,31206.0,45080
45082,9192.0,31718.0,45081
45083,9192.0,30148.0,45082
45084,9192.0,30470.0,45083
45085,9192.0,30056.0,45084
45086,9192.0,29714.0,45085
45087,9192.0,29714.0,45086
45088,9192.0,29412.0,45087
45089,9192.0,29416.0,45088
45090,9192.0,29543.0,45089
45091,9192.0,29726.0,45090
45092,9192.0,30206.0,45091
45093,9192.0,30747.0,45092
45094,9192.0,30737.0,45093
45095,9192.0,30591.0,45094
45096,9192.0,30515.0,45095
45097,9192.0,29900.0,45096
45098,9192.0,29900.0,45097
45099,9192.0,29902.0,45098
45100,9192.0,29931.0,45099
45101,9192.0,29925.0,45100
45102,9192.0,29466.0,45101
45103,9192.0,29342.0,45102
45104,9192.0,29267.0,45103
45105,9192.0,29116.0,45104
45106,9192.0,29153.0,45105
45107,9192.0,29399.0,45106
45108,9192.0,29438.0,45107
45109,9192.0,29187.0,45108
45110,9192.0,29187.0,45109
45111,9192.0,30255.0,45110
45112,9192.0,30374.0,45111
45113,9192.0,29796.0,45112
45114,9192.0,29805.0,45113
45115,9192.0,29878.0,45114
45116,9192.0,30029.0,45115
45117,9192.0,30088.0,45116
45118,9192.0,30208.0,45117
45119,9192.0,30228.0,45118
45120,9192.0,30753.0,45119
45121,9192.0,30593.0,45120
45122,9192.0,30978.0,45121
45123,9192.0,30205.0,45122
45124,9192.0,30529.0,45123
45125,9192.0,30529.0,45124
45126,9192.0,30262.0,45125
45127,9192.0,30060.0,45126
45128,9192.0,29212.0,45127
45129,9192.0,29212.0,45128
45130,9192.0,29080.0,45129
45131,9192.0,29570.0,45130
45132,9192.0,29702.0,45131
45133,9192.0,29702.0,45132
45134,9192.0,30091.0,45133
45135,9192.0,30074.0,45134
45136,9192.0,30044.0,45135
45137,9192.0,30564.0,45136
45138,9192.0,31631.0,45137
45139,9192.0,31231.0,45138
45140,9192.0,30946.0,45139
45141,9192.0,30898.0,45140
45142,9192.0,30376.0,45141
45143,9192.0,30862.0,45142
45144,9192.0,30547.0,45143
45145,9192.0,30985.0,45144
45146,9192.0,31117.0,45145
45147,9192.0,30600.0,45146
45148,9192.0,30924.0,45147
45149,9192.0,30566.0,45148
45150,9192.0,30570.0,45149
45151,9192.0,30587.0,45150
45152,9192.0,31344.0,45151
45153,9192.0,31344.0,45152
45154,9192.0,31257.0,45153
45155,9192.0,31524.0,45154
45156,9192.0,31233.0,45155
45157,9192.0,29389.0,45156
45158,9192.0,29931.0,45157
45159,9192.0,29931.0,45158
45160,9192.0,29757.0,45159
45161,9192.0,29821.0,45160
45162,9192.0,28988.0,45161
45163,9192.0,29105.0,45162
45164,9192.0,29130.0,45163
45165,9192.0,29811.0,45164
45166,9192.0,29808.0,45165
45167,9192.0,30097.0,45166
45168,9192.0,30177.0,45167
45169,9192.0,29674.0,45168
45170,9192.0,29389.0,45169
45171,9192.0,29430.0,45170
45172,9192.0,29459.0,45171
45173,9192.0,29283.0,45172
45174,9192.0,29261.0,45173
45175,9192.0,28519.0,45174
45176,9192.0,27372.0,45175
45177,9192.0,27555.0,45176
45178,9192.0,27506.0,45177
45179,9192.0,27489.0,45178
45180,9192.0,27090.0,45179
45181,9192.0,27090.0,45180
45182,9192.0,27276.0,45181
45183,9192.0,27189.0,45182
45184,9192.0,27189.0,45183
45185,9192.0,28024.0,45184
45186,9192.0,29521.0,45185
45187,9192.0,29742.0,45186
45188,9192.0,29704.0,45187
45189,9192.0,29653.0,45188
45190,9192.0,29473.0,45189
45191,9192.0,29484.0,45190
45192,9192.0,29444.0,45191
45193,9192.0,29296.0,45192
45194,9192.0,28657.0,45193
45195,9192.0,28553.0,45194
45196,9192.0,28423.0,45195
45197,9192.0,28474.0,45196
45198,9192.0,28622.0,45197
45199,9192.0,28679.0,45198
45200,9192.0,27492.0,45199
45201,9192.0,27323.0,45200
45202,9192.0,26775.0,45201
45203,9192.0,26982.0,45202
45204,9192.0,27956.0,45203
45205,9192.0,27583.0,45204
45206,9192.0,27954.0,45205
45207,9192.0,28188.0,45206
45208,9192.0,28463.0,45207
45209,9192.0,28420.0,45208
45210,9192.0,27762.0,45209
45211,9192.0,28027.0,45210
45212,9192.0,27764.0,45211
45213,9192.0,27692.0,45212
45214,9192.0,27755.0,45213
45215,9192.0,27892.0,45214
45216,9192.0,27869.0,45215
45217,9192.0,27456.0,45216
45218,9192.0,26209.0,45217
45219,9192.0,27519.0,45218
45220,9192.0,27639.0,45219
45221,9192.0,27603.0,45220
45222,9192.0,27167.0,45221
45223,9192.0,27012.0,45222
45224,9192.0,27089.0,45223
45225,9192.0,27535.0,45224
45226,9192.0,27751.0,45225
45227,9192.0,27902.0,45226
45228,9192.0,27200.0,45227
45229,9192.0,26051.0,45228
45230,9192.0,26023.0,45229
45231,9192.0,25826.0,45230
45232,9192.0,24277.0,45231
45233,9192.0,24752.0,45232
45234,9192.0,24752.0,45233
45235,9192.0,24784.0,45234
45236,9192.0,23950.0,45235
45237,9192.0,23950.0,45236
45238,9192.0,23950.0,45237
45239,9192.0,24345.0,45238
45240,9192.0,23912.0,45239
45241,9192.0,23748.0,45240
45242,9192.0,24062.0,45241
45243,9192.0,24003.0,45242
45244,9192.0,23984.0,45243
45245,9192.0,24029.0,45244
45246,9192.0,24452.0,45245
45247,9192.0,24393.0,45246
45248,9192.0,24208.0,45247
45249,9192.0,24452.0,45248
45250,9192.0,24615.0,45249
45251,9192.0,24961.0,45250
45252,9192.0,24961.0,45251
45253,9192.0,26528.0,45252
45254,9192.0,26605.0,45253
45255,9192.0,27132.0,45254
45256,9192.0,27960.0,45255
45257,9192.0,29325.0,45256
45258,9192.0,29111.0,45257
45259,9192.0,28969.0,45258
45260,9192.0,28985.0,45259
45261,9192.0,28675.0,45260
45262,9192.0,28068.0,45261
45263,9192.0,27985.0,45262
45264,9192.0,28146.0,45263
45265,9192.0,27658.0,45264
45266,9192.0,27792.0,45265
45267,9192.0,27758.0,45266
45268,9192.0,27933.0,45267
45269,9192.0,27679.0,45268
45270,9192.0,27762.0,45269
45271,9192.0,27759.0,45270
45272,9192.0,27476.0,45271
45273,9192.0,27476.0,45272
45274,9192.0,27702.0,45273
45275,9192.0,27721.0,45274
45276,9192.0,27792.0,45275
45277,9192.0,28345.0,45276
45278,9192.0,28574.0,45277
45279,9192.0,28660.0,45278
45280,9192.0,29836.0,45279
45281,9192.0,28604.0,45280
45282,9192.0,28832.0,45281
45283,9192.0,29252.0,45282
45284,9192.0,28986.0,45283
45285,9192.0,28827.0,45284
45286,9192.0,28808.0,45285
45287,9192.0,29126.0,45286
45288,9192.0,29211.0,45287
45289,9192.0,29927.0,45288
45290,9192.0,29863.0,45289
45291,9192.0,29947.0,45290
45292,9192.0,29919.0,45291
45293,9192.0,30063.0,45292
45294,9192.0,29798.0,45293
45295,9192.0,29808.0,45294
45296,9192.0,30578.0,45295
45297,9192.0,30649.0,45296
45298,9192.0,31020.0,45297
45299,9192.0,30736.0,45298
45300,9192.0,30692.0,45299
45301,9192.0,30719.0,45300
45302,9192.0,30741.0,45301
45303,9192.0,31476.0,45302
45304,9192.0,31603.0,45303
45305,9192.0,31287.0,45304
45306,9192.0,31256.0,45305
45307,9192.0,31173.0,45306
45308,9192.0,31430.0,45307
45309,9192.0,30601.0,45308
45310,9192.0,30062.0,45309
45311,9192.0,29761.0,45310
45312,9192.0,29993.0,45311
45313,9192.0,29993.0,45312
45314,9192.0,28472.0,45313
45315,9192.0,28059.0,45314
45316,9192.0,27405.0,45315
45317,9192.0,27154.0,45316
45318,9192.0,27154.0,45317
45319,9192.0,27202.0,45318
45320,9192.0,27677.0,45319
45321,9192.0,29104.0,45320
45322,9192.0,29734.0,45321
45323,9192.0,29684.0,45322
45324,9192.0,29272.0,45323
45325,9192.0,28749.0,45324
45326,9192.0,28633.0,45325
45327,9192.0,28750.0,45326
45328,9192.0,27478.0,45327
45329,9192.0,27943.0,45328
45330,9192.0,28436.0,45329
45331,9192.0,27236.0,45330
45332,9192.0,27495.0,45331
45333,9192.0,27953.0,45332
45334,9192.0,27876.0,45333
45335,9192.0,27876.0,45334
45336,9192.0,27844.0,45335
45337,9192.0,29279.0,45336
45338,9192.0,29127.0,45337
45339,9192.0,28944.0,45338
45340,9192.0,29521.0,45339
45341,9192.0,30041.0,45340
45342,9192.0,29752.0,45341
45343,9192.0,29752.0,45342
45344,9192.0,30529.0,45343
45345,9192.0,30693.0,45344
45346,9192.0,30693.0,45345
45347,9192.0,30859.0,45346
45348,9192.0,31087.0,45347
45349,9192.0,31313.0,45348
45350,9192.0,30908.0,45349
45351,9192.0,30367.0,45350
45352,9192.0,30560.0,45351
45353,9192.0,30099.0,45352
45354,9192.0,29441.0,45353
45355,9192.0,29394.0,45354
45356,9192.0,29715.0,45355
45357,9192.0,30208.0,45356
45358,9192.0,30408.0,45357
45359,9192.0,30041.0,45358
45360,9192.0,30695.0,45359
45361,9192.0,31560.0,45360
45362,9192.0,30397.0,45361
45363,9192.0,30799.0,45362
45364,9192.0,30863.0,45363
45365,9192.0,31119.0,45364
45366,9192.0,31317.0,45365
45367,9192.0,31137.0,45366
45368,9192.0,31272.0,45367
45369,9192.0,31620.0,45368
45370,9192.0,31414.0,45369
45371,9192.0,31632.0,45370
45372,9192.0,31553.0,45371
45373,9192.0,32073.0,45372
45374,9192.0,31552.0,45373
45375,9192.0,31201.0,45374
45376,9192.0,31041.0,45375
45377,9192.0,31304.0,45376
45378,9192.0,31460.0,45377
45379,9192.0,31368.0,45378
45380,9192.0,31368.0,45379
45381,9192.0,31880.0,45380
45382,9192.0,31464.0,45381
45383,9192.0,31171.0,45382
45384,9192.0,30761.0,45383
45385,9192.0,30416.0,45384
45386,9192.0,30473.0,45385
45387,9192.0,30308.0,45386
45388,9192.0,29275.0,45387
45389,9192.0,29835.0,45388
45390,9192.0,29803.0,45389
45391,9192.0,28669.0,45390
45392,9192.0,28776.0,45391
45393,9192.0,28802.0,45392
45394,9192.0,28808.0,45393
45395,9192.0,28744.0,45394
45396,9192.0,28767.0,45395
45397,9192.0,28709.0,45396
45398,9192.0,28701.0,45397
45399,9192.0,27814.0,45398
45400,9192.0,28052.0,45399
45401,9192.0,28060.0,45400
45402,9192.0,27949.0,45401
45403,9192.0,27414.0,45402
45404,9192.0,27866.0,45403
45405,9192.0,27027.0,45404
45406,9192.0,27027.0,45405
45407,9192.0,27012.0,45406
45408,9192.0,27044.0,45407
45409,9192.0,27517.0,45408
45410,9192.0,27617.0,45409
45411,9192.0,27855.0,45410
45412,9192.0,27880.0,45411
45413,9192.0,27823.0,45412
45414,9192.0,26762.0,45413
45415,9192.0,26311.0,45414
45416,9192.0,26408.0,45415
45417,9192.0,26868.0,45416
45418,9192.0,26918.0,45417
45419,9192.0,26992.0,45418
45420,9192.0,27407.0,45419
45421,9192.0,27432.0,45420
45422,9192.0,27432.0,45421
45423,9192.0,27897.0,45422
45424,9192.0,27723.0,45423
45425,9192.0,26545.0,45424
45426,9192.0,26648.0,45425
45427,9192.0,26700.0,45426
45428,9192.0,26716.0,45427
45429,9192.0,27779.0,45428
45430,9192.0,28664.0,45429
45431,9192.0,29710.0,45430
45432,9192.0,29737.0,45431
45433,9192.0,29931.0,45432
45434,9192.0,29862.0,45433
45435,9192.0,30084.0,45434
45436,9192.0,30508.0,45435
45437,9192.0,31091.0,45436
45438,9192.0,31321.0,45437
45439,9192.0,31527.0,45438
45440,9192.0,31337.0,45439
45441,9192.0,31262.0,45440
45442,9192.0,31608.0,45441
45443,9192.0,31832.0,45442
45444,9192.0,31201.0,45443
45445,9192.0,31252.0,45444
45446,9192.0,30658.0,45445
45447,9192.0,30408.0,45446
45448,9192.0,30227.0,45447
45449,9192.0,30662.0,45448
45450,9192.0,30267.0,45449
45451,9192.0,30442.0,45450
45452,9192.0,30600.0,45451
45453,9192.0,30996.0,45452
45454,9192.0,29413.0,45453
45455,9192.0,29165.0,45454
45456,9192.0,29211.0,45455
45457,9192.0,29527.0,45456
45458,9192.0,28183.0,45457
45459,9192.0,28663.0,45458
45460,9192.0,28663.0,45459
45461,9192.0,28663.0,45460
45462,9192.0,28800.0,45461
45463,9192.0,28800.0,45462
45464,9192.0,29288.0,45463
45465,9192.0,29852.0,45464
45466,9192.0,30016.0,45465
45467,9192.0,30117.0,45466
45468,9192.0,30210.0,45467
45469,9192.0,30016.0,45468
45470,9192.0,30011.0,45469
45471,9192.0,30510.0,45470
45472,9192.0,29998.0,45471
45473,9192.0,30330.0,45472
45474,9192.0,31450.0,45473
45475,9192.0,31532.0,45474
45476,9192.0,31532.0,45475
45477,9192.0,31666.0,45476
45478,9192.0,30725.0,45477
45479,9192.0,30725.0,45478
45480,9192.0,30072.0,45479
45481,9192.0,30146.0,45480
45482,9192.0,30766.0,45481
45483,9192.0,30284.0,45482
45484,9192.0,30219.0,45483
45485,9192.0,30046.0,45484
45486,9192.0,29476.0,45485
45487,9192.0,29511.0,45486
45488,9192.0,29511.0,45487
45489,9192.0,29511.0,45488
45490,9192.0,28906.0,45489
45491,9192.0,28660.0,45490
45492,9192.0,28711.0,45491
45493,9192.0,28460.0,45492
45494,9192.0,28475.0,45493
45495,9192.0,28335.0,45494
45496,9192.0,28507.0,45495
45497,9192.0,29430.0,45496
45498,9192.0,29896.0,45497
45499,9192.0,29250.0,45498
45500,9192.0,28865.0,45499
45501,9192.0,28389.0,45500
45502,9192.0,29057.0,45501
45503,9192.0,28937.0,45502
45504,9192.0,28937.0,45503
45505,9192.0,28689.0,45504
45506,9192.0,28607.0,45505
45507,9192.0,28463.0,45506
45508,9192.0,27693.0,45507
45509,9192.0,26837.0,45508
45510,9192.0,26861.0,45509
45511,9192.0,27011.0,45510
45512,9192.0,27197.0,45511
45513,9192.0,27297.0,45512
45514,9192.0,27257.0,45513
45515,9192.0,27261.0,45514
45516,9192.0,27849.0,45515
45517,9192.0,29263.0,45516
45518,9192.0,28718.0,45517
45519,9192.0,27852.0,45518
45520,9192.0,27847.0,45519
45521,9192.0,27955.0,45520
45522,9192.0,27836.0,45521
45523,9192.0,27836.0,45522
45524,9192.0,28554.0,45523
45525,9192.0,27958.0,45524
45526,9192.0,28019.0,45525
45527,9192.0,27192.0,45526
45528,9192.0,27750.0,45527
45529,9192.0,27517.0,45528
45530,9192.0,27486.0,45529
45531,9192.0,27721.0,45530
45532,9192.0,27981.0,45531
45533,9192.0,28031.0,45532
45534,9192.0,27433.0,45533
45535,9192.0,27433.0,45534
45536,9192.0,27158.0,45535
45537,9192.0,27657.0,45536
45538,9192.0,27645.0,45537
45539,9192.0,28808.0,45538
45540,9192.0,29123.0,45539
45541,9192.0,29402.0,45540
45542,9192.0,29166.0,45541
45543,9192.0,29235.0,45542
45544,9192.0,29610.0,45543
45545,9192.0,29556.0,45544
45546,9192.0,29054.0,45545
45547,9192.0,29054.0,45546
45548,9192.0,28888.0,45547
45549,9192.0,28573.0,45548
45550,9192.0,28312.0,45549
45551,9192.0,28376.0,45550
45552,9192.0,28496.0,45551
45553,9192.0,28670.0,45552
45554,9192.0,28945.0,45553
45555,9192.0,28664.0,45554
45556,9192.0,28421.0,45555
45557,9192.0,28633.0,45556
45558,9192.0,28610.0,45557
45559,9192.0,28154.0,45558
45560,9192.0,28071.0,45559
45561,9192.0,29268.0,45560
45562,9192.0,29298.0,45561
45563,9192.0,29415.0,45562
45564,9192.0,29360.0,45563
45565,9192.0,29535.0,45564
45566,9192.0,28398.0,45565
45567,9192.0,28351.0,45566
45568,9192.0,28160.0,45567
45569,9192.0,28164.0,45568
45570,9192.0,27270.0,45569
45571,9192.0,27194.0,45570
45572,9192.0,27186.0,45571
45573,9192.0,27174.0,45572
45574,9192.0,27174.0,45573
45575,9192.0,27155.0,45574
45576,9192.0,27168.0,45575
45577,9192.0,27367.0,45576
45578,9192.0,27360.0,45577
45579,9192.0,28423.0,45578
45580,9192.0,28447.0,45579
45581,9192.0,28029.0,45580
45582,9192.0,26227.0,45581
45583,9192.0,26032.0,45582
45584,9192.0,25700.0,45583
45585,9192.0,24978.0,45584
45586,9192.0,24631.0,45585
45587,9192.0,24079.0,45586
45588,9192.0,24602.0,45587
45589,9192.0,24854.0,45588
45590,9192.0,24854.0,45589
45591,9192.0,25063.0,45590
45592,9192.0,24580.0,45591
45593,9192.0,24369.0,45592
45594,9192.0,24516.0,45593
45595,9192.0,25966.0,45594
45596,9192.0,25753.0,45595
45597,9192.0,26602.0,45596
45598,9192.0,27599.0,45597
45599,9192.0,27506.0,45598
45600,9192.0,28003.0,45599
45601,9192.0,27935.0,45600
45602,9192.0,28534.0,45601
45603,9192.0,28534.0,45602
45604,9192.0,28987.0,45603
45605,9192.0,28987.0,45604
45606,9192.0,28947.0,45605
45607,9192.0,29262.0,45606
45608,9192.0,28986.0,45607
45609,9192.0,29154.0,45608
45610,9192.0,29414.0,45609
45611,9192.0,29342.0,45610
45612,9192.0,30146.0,45611
45613,9192.0,29131.0,45612
45614,9192.0,29131.0,45613
45615,9192.0,29288.0,45614
45616,9192.0,29270.0,45615
45617,9192.0,28932.0,45616
45618,9192.0,28455.0,45617
45619,9192.0,28400.0,45618
45620,9192.0,28242.0,45619
45621,9192.0,28173.0,45620
45622,9192.0,28112.0,45621
45623,9192.0,28112.0,45622
45624,9192.0,27654.0,45623
45625,9192.0,27776.0,45624
45626,9192.0,27642.0,45625
45627,9192.0,26901.0,45626
45628,9192.0,26252.0,45627
45629,9192.0,26851.0,45628
45630,9192.0,27593.0,45629
45631,9192.0,27454.0,45630
45632,9192.0,28107.0,45631
45633,9192.0,27911.0,45632
45634,9192.0,26675.0,45633
45635,9192.0,26605.0,45634
45636,9192.0,27017.0,45635
45637,9192.0,26885.0,45636
45638,9192.0,26801.0,45637
45639,9192.0,26838.0,45638
45640,9192.0,26896.0,45639
45641,9192.0,27482.0,45640
45642,9192.0,27984.0,45641
45643,9192.0,28168.0,45642
45644,9192.0,28327.0,45643
45645,9192.0,29768.0,45644
45646,9192.0,29425.0,45645
45647,9192.0,28941.0,45646
45648,9192.0,28941.0,45647
45649,9192.0,28640.0,45648
45650,9192.0,27559.0,45649
45651,9192.0,27402.0,45650
45652,9192.0,27402.0,45651
45653,9192.0,28208.0,45652
45654,9192.0,27778.0,45653
45655,9192.0,28213.0,45654
45656,9192.0,28109.0,45655
45657,9192.0,27823.0,45656
45658,9192.0,27598.0,45657
45659,9192.0,27661.0,45658
45660,9192.0,27602.0,45659
45661,9192.0,28265.0,45660
45662,9192.0,28695.0,45661
45663,9192.0,28697.0,45662
45664,9192.0,28697.0,45663
45665,9192.0,28697.0,45664
45666,9192.0,29151.0,45665
45667,9192.0,28871.0,45666
45668,9192.0,28734.0,45667
45669,9192.0,28072.0,45668
45670,9192.0,28069.0,45669
45671,9192.0,28318.0,45670
45672,9192.0,28227.0,45671
45673,9192.0,28184.0,45672
45674,9192.0,28184.0,45673
45675,9192.0,28529.0,45674
45676,9192.0,29407.0,45675
45677,9192.0,28860.0,45676
45678,9192.0,29089.0,45677
45679,9192.0,29656.0,45678
45680,9192.0,29462.0,45679
45681,9192.0,29463.0,45680
45682,9192.0,29127.0,45681
45683,9192.0,29127.0,45682
45684,9192.0,29243.0,45683
45685,9192.0,29937.0,45684
45686,9192.0,29797.0,45685
45687,9192.0,29701.0,45686
45688,9192.0,30093.0,45687
45689,9192.0,29599.0,45688
45690,9192.0,29800.0,45689
45691,9192.0,29873.0,45690
45692,9192.0,29942.0,45691
45693,9192.0,29675.0,45692
45694,9192.0,30048.0,45693
45695,9192.0,30048.0,45694
45696,9192.0,29802.0,45695
45697,9192.0,28595.0,45696
45698,9192.0,28805.0,45697
45699,9192.0,28805.0,45698
45700,9192.0,28668.0,45699
45701,9192.0,28382.0,45700
45702,9192.0,28473.0,45701
45703,9192.0,27560.0,45702
45704,9192.0,27067.0,45703
45705,9192.0,27067.0,45704
45706,9192.0,27609.0,45705
45707,9192.0,27677.0,45706
45708,9192.0,28341.0,45707
45709,9192.0,28211.0,45708
45710,9192.0,28281.0,45709
45711,9192.0,28359.0,45710
45712,9192.0,28048.0,45711
45713,9192.0,28048.0,45712
45714,9192.0,28053.0,45713
45715,9192.0,28212.0,45714
45716,9192.0,28947.0,45715
45717,9192.0,28978.0,45716
45718,9192.0,29115.0,45717
45719,9192.0,28786.0,45718
45720,9192.0,28932.0,45719
45721,9192.0,28866.0,45720
45722,9192.0,29716.0,45721
45723,9192.0,29515.0,45722
45724,9192.0,29547.0,45723
45725,9192.0,29249.0,45724
45726,9192.0,29118.0,45725
45727,9192.0,29533.0,45726
45728,9192.0,31669.0,45727
45729,9192.0,30864.0,45728
45730,9192.0,30924.0,45729
45731,9192.0,31142.0,45730
45732,9192.0,31000.0,45731
45733,9192.0,30768.0,45732
45734,9192.0,30563.0,45733
45735,9192.0,30149.0,45734
45736,9192.0,30115.0,45735
45737,9192.0,30366.0,45736
45738,9192.0,30958.0,45737
45739,9192.0,31036.0,45738
45740,9192.0,30945.0,45739
45741,9192.0,30776.0,45740
45742,9192.0,30777.0,45741
45743,9192.0,30841.0,45742
45744,9192.0,30848.0,45743
45745,9192.0,30611.0,45744
45746,9192.0,30519.0,45745
45747,9192.0,31358.0,45746
45748,9192.0,31352.0,45747
45749,9192.0,31212.0,45748
45750,9192.0,31378.0,45749
45751,9192.0,31745.0,45750
45752,9192.0,31283.0,45751
45753,9192.0,31429.0,45752
45754,9192.0,31177.0,45753
45755,9192.0,31089.0,45754
45756,9192.0,30625.0,45755
45757,9192.0,30801.0,45756
45758,9192.0,30669.0,45757
45759,9192.0,31154.0,45758
45760,9192.0,31064.0,45759
45761,9192.0,29846.0,45760
45762,9192.0,28604.0,45761
45763,9192.0,27990.0,45762
45764,9192.0,28462.0,45763
45765,9192.0,28462.0,45764
45766,9192.0,28504.0,45765
45767,9192.0,28490.0,45766
45768,9192.0,28358.0,45767
45769,9192.0,28573.0,45768
45770,9192.0,29612.0,45769
45771,9192.0,29456.0,45770
45772,9192.0,29764.0,45771
45773,9192.0,29438.0,45772
45774,9192.0,29477.0,45773
45775,9192.0,29040.0,45774
45776,9192.0,29008.0,45775
45777,9192.0,28320.0,45776
45778,9192.0,28460.0,45777
45779,9192.0,29310.0,45778
45780,9192.0,29686.0,45779
45781,9192.0,29682.0,45780
45782,9192.0,29543.0,45781
45783,9192.0,30072.0,45782
45784,9192.0,29663.0,45783
45785,9192.0,29760.0,45784
45786,9192.0,29803.0,45785
45787,9192.0,29653.0,45786
45788,9192.0,29864.0,45787
45789,9192.0,30009.0,45788
45790,9192.0,30039.0,45789
45791,9192.0,31195.0,45790
45792,9192.0,31584.0,45791
45793,9192.0,31744.0,45792
45794,9192.0,31959.0,45793
45795,9192.0,32152.0,45794
45796,9192.0,32552.0,45795
45797,9192.0,32830.0,45796
45798,9192.0,32457.0,45797
45799,9192.0,31943.0,45798
45800,9192.0,31119.0,45799
45801,9192.0,31040.0,45800
45802,9192.0,31287.0,45801
45803,9192.0,30492.0,45802
45804,9192.0,30649.0,45803
45805,9192.0,30538.0,45804
45806,9192.0,30421.0,45805
45807,9192.0,30693.0,45806
45808,9192.0,30408.0,45807
45809,9192.0,30920.0,45808
45810,9192.0,30218.0,45809
45811,9192.0,30123.0,45810
45812,9192.0,30244.0,45811
45813,9192.0,30817.0,45812
45814,9192.0,30156.0,45813
45815,9192.0,31007.0,45814
45816,9192.0,30995.0,45815
45817,9192.0,30824.0,45816
45818,9192.0,30615.0,45817
45819,9192.0,30832.0,45818
45820,9192.0,30832.0,45819
45821,9192.0,30875.0,45820
45822,9192.0,30832.0,45821
45823,9192.0,30743.0,45822
45824,9192.0,31050.0,45823
45825,9192.0,30589.0,45824
45826,9192.0,31222.0,45825
45827,9192.0,31222.0,45826
45828,9192.0,31068.0,45827
45829,9192.0,30851.0,45828
45830,9192.0,31190.0,45829
45831,9192.0,31684.0,45830
45832,9192.0,31535.0,45831
45833,9192.0,31437.0,45832
45834,9192.0,31714.0,45833
45835,9192.0,31649.0,45834
45836,9192.0,31648.0,45835
45837,9192.0,31766.0,45836
45838,9192.0,31564.0,45837
45839,9192.0,31006.0,45838
45840,9192.0,31120.0,45839
45841,9192.0,30787.0,45840
45842,9192.0,31105.0,45841
45843,9192.0,31316.0,45842
45844,9192.0,31695.0,45843
45845,9192.0,31695.0,45844
45846,9192.0,31273.0,45845
45847,9192.0,30715.0,45846
45848,9192.0,30941.0,45847
45849,9192.0,30608.0,45848
45850,9192.0,30686.0,45849
45851,9192.0,30909.0,45850
45852,9192.0,30126.0,45851
45853,9192.0,30129.0,45852
45854,9192.0,29363.0,45853
45855,9192.0,29448.0,45854
45856,9192.0,29185.0,45855
45857,9192.0,29145.0,45856
45858,9192.0,29335.0,45857
45859,9192.0,29516.0,45858
45860,9192.0,30592.0,45859
45861,9192.0,30657.0,45860
45862,9192.0,30657.0,45861
45863,9192.0,30660.0,45862
45864,9192.0,30869.0,45863
45865,9192.0,30926.0,45864
45866,9192.0,30904.0,45865
45867,9192.0,31507.0,45866
45868,9192.0,31624.0,45867
45869,9192.0,30816.0,45868
45870,9192.0,31086.0,45869
45871,9192.0,31271.0,45870
45872,9192.0,31484.0,45871
45873,9192.0,31073.0,45872
45874,9192.0,31189.0,45873
45875,9192.0,31087.0,45874
45876,9192.0,31482.0,45875
45877,9192.0,31381.0,45876
45878,9192.0,31564.0,45877
45879,9192.0,32176.0,45878
45880,9192.0,32173.0,45879
45881,9192.0,31921.0,45880
45882,9192.0,30679.0,45881
45883,9192.0,30679.0,45882
45884,9192.0,30632.0,45883
45885,9192.0,30603.0,45884
45886,9192.0,30585.0,45885
45887,9192.0,30129.0,45886
45888,9192.0,30401.0,45887
45889,9192.0,30065.0,45888
45890,9192.0,30076.0,45889
45891,9192.0,30177.0,45890
45892,9192.0,30232.0,45891
45893,9192.0,30062.0,45892
45894,9192.0,29335.0,45893
45895,9192.0,29189.0,45894
45896,9192.0,29251.0,45895
45897,9192.0,29409.0,45896
45898,9192.0,28841.0,45897
45899,9192.0,28716.0,45898
45900,9192.0,28900.0,45899
45901,9192.0,28974.0,45900
45902,9192.0,28988.0,45901
45903,9192.0,28988.0,45902
45904,9192.0,29056.0,45903
45905,9192.0,29019.0,45904
45906,9192.0,28645.0,45905
45907,9192.0,28645.0,45906
45908,9192.0,28660.0,45907
45909,9192.0,28660.0,45908
45910,9192.0,28239.0,45909
45911,9192.0,27838.0,45910
45912,9192.0,27825.0,45911
45913,9192.0,27341.0,45912
45914,9192.0,27330.0,45913
45915,9192.0,26938.0,45914
45916,9192.0,26186.0,45915
45917,9192.0,25758.0,45916
45918,9192.0,26091.0,45917
45919,9192.0,26058.0,45918
45920,9192.0,25766.0,45919
45921,9192.0,25989.0,45920
45922,9192.0,25985.0,45921
45923,9192.0,26167.0,45922
45924,9192.0,25654.0,45923
45925,9192.0,25654.0,45924
45926,9192.0,25609.0,45925
45927,9192.0,25341.0,45926
45928,9192.0,25876.0,45927
45929,9192.0,25871.0,45928
45930,9192.0,25647.0,45929
45931,9192.0,25647.0,45930
45932,9192.0,25874.0,45931
45933,9192.0,26792.0,45932
45934,9192.0,26792.0,45933
45935,9192.0,26792.0,45934
45936,9192.0,26792.0,45935
45937,9192.0,27229.0,45936
45938,9192.0,27010.0,45937
45939,9192.0,26897.0,45938
45940,9192.0,27002.0,45939
45941,9192.0,26965.0,45940
45942,9192.0,27029.0,45941
45943,9192.0,27663.0,45942
45944,9192.0,27223.0,45943
45945,9192.0,27364.0,45944
45946,9192.0,27048.0,45945
45947,9192.0,27048.0,45946
45948,9192.0,26775.0,45947
45949,9192.0,25265.0,45948
45950,9192.0,25068.0,45949
45951,9192.0,24906.0,45950
45952,9192.0,24806.0,45951
45953,9192.0,24870.0,45952
45954,9192.0,24596.0,45953
45955,9192.0,25131.0,45954
45956,9192.0,24831.0,45955
45957,9192.0,24831.0,45956
45958,9192.0,26244.0,45957
45959,9192.0,26072.0,45958
45960,9192.0,26233.0,45959
45961,9192.0,25367.0,45960
45962,9192.0,25367.0,45961
45963,9192.0,25632.0,45962
45964,9192.0,26159.0,45963
45965,9192.0,25911.0,45964
45966,9192.0,25855.0,45965
45967,9192.0,26022.0,45966
45968,9192.0,25942.0,45967
45969,9192.0,27049.0,45968
45970,9192.0,27049.0,45969
45971,9192.0,27055.0,45970
45972,9192.0,27055.0,45971
45973,9192.0,27055.0,45972
45974,9192.0,27071.0,45973
45975,9192.0,27071.0,45974
45976,9192.0,26767.0,45975
45977,9192.0,26767.0,45976
45978,9192.0,27633.0,45977
45979,9192.0,27068.0,45978
45980,9192.0,26642.0,45979
45981,9192.0,26642.0,45980
45982,9192.0,26634.0,45981
45983,9192.0,26849.0,45982
45984,9192.0,26982.0,45983
45985,9192.0,27220.0,45984
45986,9192.0,27220.0,45985
45987,9192.0,27338.0,45986
45988,9192.0,26828.0,45987
45989,9192.0,26782.0,45988
45990,9192.0,27072.0,45989
45991,9192.0,27072.0,45990
45992,9192.0,27307.0,45991
45993,9192.0,26582.0,45992
45994,9192.0,26907.0,45993
45995,9192.0,27062.0,45994
45996,9192.0,26483.0,45995
45997,9192.0,26441.0,45996
45998,9192.0,26441.0,45997
45999,9192.0,26405.0,45998
46000,9192.0,26044.0,45999
46001,9192.0,26307.0,46000
46002,9192.0,25961.0,46001
46003,9192.0,25961.0,46002
46004,9192.0,25983.0,46003
46005,9192.0,25940.0,46004
46006,9192.0,26343.0,46005
46007,9192.0,27736.0,46006
46008,9192.0,27736.0,46007
46009,9192.0,27834.0,46008
46010,9192.0,27761.0,46009
46011,9192.0,27748.0,46010
46012,9192.0,27866.0,46011
46013,9192.0,27101.0,46012
46014,9192.0,27101.0,46013
46015,9192.0,27401.0,46014
46016,9192.0,27541.0,46015
46017,9192.0,27654.0,46016
46018,9192.0,27901.0,46017
46019,9192.0,27636.0,46018
46020,9192.0,27793.0,46019
46021,9192.0,27269.0,46020
46022,9192.0,26362.0,46021
46023,9192.0,26220.0,46022
46024,9192.0,26659.0,46023
46025,9192.0,27014.0,46024
46026,9192.0,26872.0,46025
46027,9192.0,27315.0,46026
46028,9192.0,27401.0,46027
46029,9192.0,27401.0,46028
46030,9192.0,26392.0,46029
46031,9192.0,26356.0,46030
46032,9192.0,26331.0,46031
46033,9192.0,26651.0,46032
46034,9192.0,27008.0,46033
46035,9192.0,26616.0,46034
46036,9192.0,26714.0,46035
46037,9192.0,26759.0,46036
46038,9192.0,26976.0,46037
46039,9192.0,26976.0,46038
46040,9192.0,27007.0,46039
46041,9192.0,27007.0,46040
46042,9192.0,26933.0,46041
46043,9192.0,27551.0,46042
46044,9192.0,27943.0,46043
46045,9192.0,28112.0,46044
46046,9192.0,28275.0,46045
46047,9192.0,28249.0,46046
46048,9192.0,28047.0,46047
46049,9192.0,28063.0,46048
46050,9192.0,27831.0,46049
46051,9192.0,27769.0,46050
46052,9192.0,27769.0,46051
46053,9192.0,27897.0,46052
46054,9192.0,27723.0,46053
46055,9192.0,27179.0,46054
46056,9192.0,28636.0,46055
46057,9192.0,28190.0,46056
46058,9192.0,28353.0,46057
46059,9192.0,28261.0,46058
46060,9192.0,28284.0,46059
46061,9192.0,28652.0,46060
46062,9192.0,28817.0,46061
46063,9192.0,29217.0,46062
46064,9192.0,29648.0,46063
46065,9192.0,29605.0,46064
46066,9192.0,29605.0,46065
46067,9192.0,29494.0,46066
46068,9192.0,29442.0,46067
46069,9192.0,29754.0,46068
46070,9192.0,30089.0,46069
46071,9192.0,29929.0,46070
46072,9192.0,29822.0,46071
46073,9192.0,29799.0,46072
46074,9192.0,29713.0,46073
46075,9192.0,29207.0,46074
46076,9192.0,28928.0,46075
46077,9192.0,29044.0,46076
46078,9192.0,29618.0,46077
46079,9192.0,29621.0,46078
46080,9192.0,29391.0,46079
46081,9192.0,29133.0,46080
46082,9192.0,29114.0,46081
46083,9192.0,29094.0,46082
46084,9192.0,29112.0,46083
46085,9192.0,28633.0,46084
46086,9192.0,28462.0,46085
46087,9192.0,28535.0,46086
46088,9192.0,28935.0,46087
46089,9192.0,29199.0,46088
46090,9192.0,28736.0,46089
46091,9192.0,29688.0,46090
46092,9192.0,29631.0,46091
46093,9192.0,28629.0,46092
46094,9192.0,28827.0,46093
46095,9192.0,29040.0,46094
46096,9192.0,29002.0,46095
46097,9192.0,28998.0,46096
46098,9192.0,28595.0,46097
46099,9192.0,28554.0,46098
46100,9192.0,28663.0,46099
46101,9192.0,28682.0,46100
46102,9192.0,28695.0,46101
46103,9192.0,28315.0,46102
46104,9192.0,28315.0,46103
46105,9192.0,28265.0,46104
46106,9192.0,27676.0,46105
46107,9192.0,26664.0,46106
46108,9192.0,26746.0,46107
46109,9192.0,27379.0,46108
46110,9192.0,27139.0,46109
46111,9192.0,27416.0,46110
46112,9192.0,27416.0,46111
46113,9192.0,27416.0,46112
46114,9192.0,27773.0,46113
46115,9192.0,27380.0,46114
46116,9192.0,28371.0,46115
46117,9192.0,28403.0,46116
46118,9192.0,28407.0,46117
46119,9192.0,28282.0,46118
46120,9192.0,28429.0,46119
46121,9192.0,28337.0,46120
46122,9192.0,28337.0,46121
46123,9192.0,28041.0,46122
46124,9192.0,28364.0,46123
46125,9192.0,27745.0,46124
46126,9192.0,27336.0,46125
46127,9192.0,26840.0,46126
46128,9192.0,27170.0,46127
46129,9192.0,27588.0,46128
46130,9192.0,27757.0,46129
46131,9192.0,27677.0,46130
46132,9192.0,27634.0,46131
46133,9192.0,28018.0,46132
46134,9192.0,28388.0,46133
46135,9192.0,28719.0,46134
46136,9192.0,28273.0,46135
46137,9192.0,27808.0,46136
46138,9192.0,27863.0,46137
46139,9192.0,27863.0,46138
46140,9192.0,29292.0,46139
46141,9192.0,29336.0,46140
46142,9192.0,29473.0,46141
46143,9192.0,29311.0,46142
46144,9192.0,29223.0,46143
46145,9192.0,29312.0,46144
46146,9192.0,29045.0,46145
46147,9192.0,29045.0,46146
46148,9192.0,29358.0,46147
46149,9192.0,28577.0,46148
46150,9192.0,28619.0,46149
46151,9192.0,28509.0,46150
46152,9192.0,28137.0,46151
46153,9192.0,28005.0,46152
46154,9192.0,27906.0,46153
46155,9192.0,28190.0,46154
46156,9192.0,28386.0,46155
46157,9192.0,28532.0,46156
46158,9192.0,28501.0,46157
46159,9192.0,28150.0,46158
46160,9192.0,28173.0,46159
46161,9192.0,27638.0,46160
46162,9192.0,28035.0,46161
46163,9192.0,28035.0,46162
46164,9192.0,28447.0,46163
46165,9192.0,28718.0,46164
46166,9192.0,28400.0,46165
46167,9192.0,29029.0,46166
46168,9192.0,29693.0,46167
46169,9192.0,29929.0,46168
46170,9192.0,29912.0,46169
46171,9192.0,29170.0,46170
46172,9192.0,29193.0,46171
46173,9192.0,29193.0,46172
46174,9192.0,29145.0,46173
46175,9192.0,29679.0,46174
46176,9192.0,29799.0,46175
46177,9192.0,29472.0,46176
46178,9192.0,29569.0,46177
46179,9192.0,28924.0,46178
46180,9192.0,29289.0,46179
46181,9192.0,29289.0,46180
46182,9192.0,29181.0,46181
46183,9192.0,29233.0,46182
46184,9192.0,29268.0,46183
46185,9192.0,29420.0,46184
46186,9192.0,28282.0,46185
46187,9192.0,28343.0,46186
46188,9192.0,28468.0,46187
46189,9192.0,28470.0,46188
46190,9192.0,29062.0,46189
46191,9192.0,29256.0,46190
46192,9192.0,29727.0,46191
46193,9192.0,29138.0,46192
46194,9192.0,29260.0,46193
46195,9192.0,29300.0,46194
46196,9192.0,30299.0,46195
46197,9192.0,29498.0,46196
46198,9192.0,29703.0,46197
46199,9192.0,29067.0,46198
46200,9192.0,29066.0,46199
46201,9192.0,29073.0,46200
46202,9192.0,29073.0,46201
46203,9192.0,29073.0,46202
46204,9192.0,28933.0,46203
46205,9192.0,29233.0,46204
46206,9192.0,30338.0,46205
46207,9192.0,30928.0,46206
46208,9192.0,30843.0,46207
46209,9192.0,31040.0,46208
46210,9192.0,31015.0,46209
46211,9192.0,31068.0,46210
46212,9192.0,30544.0,46211
46213,9192.0,30478.0,46212
46214,9192.0,30131.0,46213
46215,9192.0,30183.0,46214
46216,9192.0,29584.0,46215
46217,9192.0,29106.0,46216
46218,9192.0,29110.0,46217
46219,9192.0,29094.0,46218
46220,9192.0,29542.0,46219
46221,9192.0,29542.0,46220
46222,9192.0,29534.0,46221
46223,9192.0,29647.0,46222
46224,9192.0,30404.0,46223
46225,9192.0,29215.0,46224
46226,9192.0,30482.0,46225
46227,9192.0,30231.0,46226
46228,9192.0,30242.0,46227
46229,9192.0,30255.0,46228
46230,9192.0,30259.0,46229
46231,9192.0,31046.0,46230
46232,9192.0,31109.0,46231
46233,9192.0,31317.0,46232
46234,9192.0,31458.0,46233
46235,9192.0,31534.0,46234
46236,9192.0,29271.0,46235
46237,9192.0,29081.0,46236
46238,9192.0,29166.0,46237
46239,9192.0,29376.0,46238
46240,9192.0,29214.0,46239
46241,9192.0,28851.0,46240
46242,9192.0,28918.0,46241
46243,9192.0,29547.0,46242
46244,9192.0,29776.0,46243
46245,9192.0,29167.0,46244
46246,9192.0,30171.0,46245
46247,9192.0,30568.0,46246
46248,9192.0,29767.0,46247
46249,9192.0,29783.0,46248
46250,9192.0,30034.0,46249
46251,9192.0,30832.0,46250
46252,9192.0,30681.0,46251
46253,9192.0,30848.0,46252
46254,9192.0,30078.0,46253
46255,9192.0,30288.0,46254
46256,9192.0,30445.0,46255
46257,9192.0,30542.0,46256
46258,9192.0,30584.0,46257
46259,9192.0,31683.0,46258
46260,9192.0,31985.0,46259
46261,9192.0,32100.0,46260
46262,9192.0,32793.0,46261
46263,9192.0,32336.0,46262
46264,9192.0,31710.0,46263
46265,9192.0,31945.0,46264
46266,9192.0,31360.0,46265
46267,9192.0,31175.0,46266
46268,9192.0,30732.0,46267
46269,9192.0,29758.0,46268
46270,9192.0,30080.0,46269
46271,9192.0,29779.0,46270
46272,9192.0,29197.0,46271
46273,9192.0,30260.0,46272
46274,9192.0,30823.0,46273
46275,9192.0,31486.0,46274
46276,9192.0,30971.0,46275
46277,9192.0,31046.0,46276
46278,9192.0,31028.0,46277
46279,9192.0,30926.0,46278
46280,9192.0,29886.0,46279
46281,9192.0,30139.0,46280
46282,9192.0,30118.0,46281
46283,9192.0,30388.0,46282
46284,9192.0,29989.0,46283
46285,9192.0,29941.0,46284
46286,9192.0,29883.0,46285
46287,9192.0,29490.0,46286
46288,9192.0,28538.0,46287
46289,9192.0,28538.0,46288
46290,9192.0,29050.0,46289
46291,9192.0,28953.0,46290
46292,9192.0,28896.0,46291
46293,9192.0,28235.0,46292
46294,9192.0,28137.0,46293
46295,9192.0,28174.0,46294
46296,9192.0,27914.0,46295
46297,9192.0,27708.0,46296
46298,9192.0,28301.0,46297
46299,9192.0,28623.0,46298
46300,9192.0,28133.0,46299
46301,9192.0,28168.0,46300
46302,9192.0,28168.0,46301
46303,9192.0,28116.0,46302
46304,9192.0,27634.0,46303
46305,9192.0,27634.0,46304
46306,9192.0,28072.0,46305
46307,9192.0,28081.0,46306
46308,9192.0,28174.0,46307
46309,9192.0,27706.0,46308
46310,9192.0,28070.0,46309
46311,9192.0,28070.0,46310
46312,9192.0,28071.0,46311
46313,9192.0,27933.0,46312
46314,9192.0,28914.0,46313
46315,9192.0,29468.0,46314
46316,9192.0,29455.0,46315
46317,9192.0,29392.0,46316
46318,9192.0,29391.0,46317
46319,9192.0,29072.0,46318
46320,9192.0,29290.0,46319
46321,9192.0,29291.0,46320
46322,9192.0,29004.0,46321
46323,9192.0,29071.0,46322
46324,9192.0,30229.0,46323
46325,9192.0,30227.0,46324
46326,9192.0,30159.0,46325
46327,9192.0,30685.0,46326
46328,9192.0,30685.0,46327
46329,9192.0,30242.0,46328
46330,9192.0,30403.0,46329
46331,9192.0,31110.0,46330
46332,9192.0,30449.0,46331
46333,9192.0,30098.0,46332
46334,9192.0,30513.0,46333
46335,9192.0,30155.0,46334
46336,9192.0,30065.0,46335
46337,9192.0,29671.0,46336
46338,9192.0,29723.0,46337
46339,9192.0,28852.0,46338
46340,9192.0,28852.0,46339
46341,9192.0,29202.0,46340
46342,9192.0,29530.0,46341
46343,9192.0,30440.0,46342
46344,9192.0,30482.0,46343
46345,9192.0,30482.0,46344
46346,9192.0,30853.0,46345
46347,9192.0,31210.0,46346
46348,9192.0,31838.0,46347
46349,9192.0,32038.0,46348
46350,9192.0,32034.0,46349
46351,9192.0,32140.0,46350
46352,9192.0,31564.0,46351
46353,9192.0,31433.0,46352
46354,9192.0,31433.0,46353
46355,9192.0,30748.0,46354
46356,9192.0,30340.0,46355
46357,9192.0,29900.0,46356
46358,9192.0,29924.0,46357
46359,9192.0,29924.0,46358
46360,9192.0,29529.0,46359
46361,9192.0,29529.0,46360
46362,9192.0,29446.0,46361
46363,9192.0,29490.0,46362
46364,9192.0,29416.0,46363
46365,9192.0,30051.0,46364
46366,9192.0,30047.0,46365
46367,9192.0,30560.0,46366
46368,9192.0,29927.0,46367
46369,9192.0,29758.0,46368
46370,9192.0,30292.0,46369
46371,9192.0,29649.0,46370
46372,9192.0,29298.0,46371
46373,9192.0,29349.0,46372
46374,9192.0,29424.0,46373
46375,9192.0,29424.0,46374
46376,9192.0,29495.0,46375
46377,9192.0,29714.0,46376
46378,9192.0,29714.0,46377
46379,9192.0,30502.0,46378
46380,9192.0,28507.0,46379
46381,9192.0,28797.0,46380
46382,9192.0,28797.0,46381
46383,9192.0,29253.0,46382
46384,9192.0,29232.0,46383
46385,9192.0,28195.0,46384
46386,9192.0,28115.0,46385
46387,9192.0,28127.0,46386
46388,9192.0,28172.0,46387
46389,9192.0,28754.0,46388
46390,9192.0,28138.0,46389
46391,9192.0,28375.0,46390
46392,9192.0,28456.0,46391
46393,9192.0,28555.0,46392
46394,9192.0,28624.0,46393
46395,9192.0,28463.0,46394
46396,9192.0,28591.0,46395
46397,9192.0,28607.0,46396
46398,9192.0,28625.0,46397
46399,9192.0,28304.0,46398
46400,9192.0,28881.0,46399
46401,9192.0,28062.0,46400
46402,9192.0,27909.0,46401
46403,9192.0,27921.0,46402
46404,9192.0,27921.0,46403
46405,9192.0,27883.0,46404
46406,9192.0,27027.0,46405
46407,9192.0,27171.0,46406
46408,9192.0,26658.0,46407
46409,9192.0,26382.0,46408
46410,9192.0,26424.0,46409
46411,9192.0,26202.0,46410
46412,9192.0,26195.0,46411
46413,9192.0,26895.0,46412
46414,9192.0,26933.0,46413
46415,9192.0,26933.0,46414
46416,9192.0,26649.0,46415
46417,9192.0,26689.0,46416
46418,9192.0,26858.0,46417
46419,9192.0,25198.0,46418
46420,9192.0,25354.0,46419
46421,9192.0,25343.0,46420
46422,9192.0,25343.0,46421
46423,9192.0,25743.0,46422
46424,9192.0,25709.0,46423
46425,9192.0,25990.0,46424
46426,9192.0,25990.0,46425
46427,9192.0,25674.0,46426
46428,9192.0,25957.0,46427
46429,9192.0,26032.0,46428
46430,9192.0,26105.0,46429
46431,9192.0,26105.0,46430
46432,9192.0,26037.0,46431
46433,9192.0,25670.0,46432
46434,9192.0,26234.0,46433
46435,9192.0,26234.0,46434
46436,9192.0,26229.0,46435
46437,9192.0,26229.0,46436
46438,9192.0,26421.0,46437
46439,9192.0,26421.0,46438
46440,9192.0,27146.0,46439
46441,9192.0,27043.0,46440
46442,9192.0,27001.0,46441
46443,9192.0,26918.0,46442
46444,9192.0,27068.0,46443
46445,9192.0,27101.0,46444
46446,9192.0,27230.0,46445
46447,9192.0,28255.0,46446
46448,9192.0,28025.0,46447
46449,9192.0,28544.0,46448
46450,9192.0,29677.0,46449
46451,9192.0,29289.0,46450
46452,9192.0,28947.0,46451
46453,9192.0,28219.0,46452
46454,9192.0,28591.0,46453
46455,9192.0,28232.0,46454
46456,9192.0,28246.0,46455
46457,9192.0,28176.0,46456
46458,9192.0,29378.0,46457
46459,9192.0,29788.0,46458
46460,9192.0,29263.0,46459
46461,9192.0,29256.0,46460
46462,9192.0,29392.0,46461
46463,9192.0,28539.0,46462
46464,9192.0,27668.0,46463
46465,9192.0,27373.0,46464
46466,9192.0,27666.0,46465
46467,9192.0,27702.0,46466
46468,9192.0,27054.0,46467
46469,9192.0,27054.0,46468
46470,9192.0,27270.0,46469
46471,9192.0,27978.0,46470
46472,9192.0,28098.0,46471
46473,9192.0,28219.0,46472
46474,9192.0,29090.0,46473
46475,9192.0,29963.0,46474
46476,9192.0,29650.0,46475
46477,9192.0,29289.0,46476
46478,9192.0,29291.0,46477
46479,9192.0,29222.0,46478
46480,9192.0,29550.0,46479
46481,9192.0,29806.0,46480
46482,9192.0,29906.0,46481
46483,9192.0,29905.0,46482
46484,9192.0,29905.0,46483
46485,9192.0,29976.0,46484
46486,9192.0,29979.0,46485
46487,9192.0,30589.0,46486
46488,9192.0,30713.0,46487
46489,9192.0,30527.0,46488
46490,9192.0,30620.0,46489
46491,9192.0,30781.0,46490
46492,9192.0,30807.0,46491
46493,9192.0,31102.0,46492
46494,9192.0,31275.0,46493
46495,9192.0,31557.0,46494
46496,9192.0,31363.0,46495
46497,9192.0,31323.0,46496
46498,9192.0,31321.0,46497
46499,9192.0,31301.0,46498
46500,9192.0,31260.0,46499
46501,9192.0,29989.0,46500
46502,9192.0,29679.0,46501
46503,9192.0,29756.0,46502
46504,9192.0,30171.0,46503
46505,9192.0,30109.0,46504
46506,9192.0,30291.0,46505
46507,9192.0,30259.0,46506
46508,9192.0,30312.0,46507
46509,9192.0,30240.0,46508
46510,9192.0,30433.0,46509
46511,9192.0,30325.0,46510
46512,9192.0,29281.0,46511
46513,9192.0,29312.0,46512
46514,9192.0,29172.0,46513
46515,9192.0,29398.0,46514
46516,9192.0,29574.0,46515
46517,9192.0,29405.0,46516
46518,9192.0,29044.0,46517
46519,9192.0,28973.0,46518
46520,9192.0,29167.0,46519
46521,9192.0,30034.0,46520
46522,9192.0,29610.0,46521
46523,9192.0,30556.0,46522
46524,9192.0,31820.0,46523
46525,9192.0,31643.0,46524
46526,9192.0,31683.0,46525
46527,9192.0,31683.0,46526
46528,9192.0,31633.0,46527
46529,9192.0,31833.0,46528
46530,9192.0,31608.0,46529
46531,9192.0,31861.0,46530
46532,9192.0,31649.0,46531
46533,9192.0,31373.0,46532
46534,9192.0,31373.0,46533
46535,9192.0,31303.0,46534
46536,9192.0,31249.0,46535
46537,9192.0,31845.0,46536
46538,9192.0,31418.0,46537
46539,9192.0,31413.0,46538
46540,9192.0,31470.0,46539
46541,9192.0,31122.0,46540
46542,9192.0,30707.0,46541
46543,9192.0,30740.0,46542
46544,9192.0,29416.0,46543
46545,9192.0,31034.0,46544
46546,9192.0,31208.0,46545
46547,9192.0,31845.0,46546
46548,9192.0,31673.0,46547
46549,9192.0,31634.0,46548
46550,9192.0,31720.0,46549
46551,9192.0,31721.0,46550
46552,9192.0,31746.0,46551
46553,9192.0,31102.0,46552
46554,9192.0,30721.0,46553
46555,9192.0,30911.0,46554
46556,9192.0,30855.0,46555
46557,9192.0,30945.0,46556
46558,9192.0,30948.0,46557
46559,9192.0,30480.0,46558
46560,9192.0,30977.0,46559
46561,9192.0,31411.0,46560
46562,9192.0,30157.0,46561
46563,9192.0,30117.0,46562
46564,9192.0,29920.0,46563
46565,9192.0,30255.0,46564
46566,9192.0,30374.0,46565
46567,9192.0,30354.0,46566
46568,9192.0,31909.0,46567
46569,9192.0,31770.0,46568
46570,9192.0,32218.0,46569
46571,9192.0,32361.0,46570
46572,9192.0,32773.0,46571
46573,9192.0,31993.0,46572
46574,9192.0,32211.0,46573
46575,9192.0,32742.0,46574
46576,9192.0,32976.0,46575
46577,9192.0,32028.0,46576
46578,9192.0,31863.0,46577
46579,9192.0,31646.0,46578
46580,9192.0,31820.0,46579
46581,9192.0,31688.0,46580
46582,9192.0,31589.0,46581
46583,9192.0,31735.0,46582
46584,9192.0,31743.0,46583
46585,9192.0,31803.0,46584
46586,9192.0,31803.0,46585
46587,9192.0,31943.0,46586
46588,9192.0,31481.0,46587
46589,9192.0,31542.0,46588
46590,9192.0,31279.0,46589
46591,9192.0,31330.0,46590
46592,9192.0,31173.0,46591
46593,9192.0,31173.0,46592
46594,9192.0,31201.0,46593
46595,9192.0,31262.0,46594
46596,9192.0,31262.0,46595
46597,9192.0,31480.0,46596
46598,9192.0,31120.0,46597
46599,9192.0,30970.0,46598
46600,9192.0,30980.0,46599
46601,9192.0,30928.0,46600
46602,9192.0,31476.0,46601
46603,9192.0,31104.0,46602
46604,9192.0,30916.0,46603
46605,9192.0,31137.0,46604
46606,9192.0,30997.0,46605
46607,9192.0,30997.0,46606
46608,9192.0,30646.0,46607
46609,9192.0,30589.0,46608
46610,9192.0,30631.0,46609
46611,9192.0,30631.0,46610
46612,9192.0,30845.0,46611
46613,9192.0,31235.0,46612
46614,9192.0,29311.0,46613
46615,9192.0,29173.0,46614
46616,9192.0,29127.0,46615
46617,9192.0,28254.0,46616
46618,9192.0,28806.0,46617
46619,9192.0,28549.0,46618
46620,9192.0,28785.0,46619
46621,9192.0,28418.0,46620
46622,9192.0,28469.0,46621
46623,9192.0,27776.0,46622
46624,9192.0,28918.0,46623
46625,9192.0,29280.0,46624
46626,9192.0,29439.0,46625
46627,9192.0,29780.0,46626
46628,9192.0,30111.0,46627
46629,9192.0,29188.0,46628
46630,9192.0,29188.0,46629
46631,9192.0,28963.0,46630
46632,9192.0,28779.0,46631
46633,9192.0,29306.0,46632
46634,9192.0,29271.0,46633
46635,9192.0,29201.0,46634
46636,9192.0,29088.0,46635
46637,9192.0,28941.0,46636
46638,9192.0,29848.0,46637
46639,9192.0,29848.0,46638
46640,9192.0,29996.0,46639
46641,9192.0,30331.0,46640
46642,9192.0,29978.0,46641
46643,9192.0,29876.0,46642
46644,9192.0,29876.0,46643
46645,9192.0,28458.0,46644
46646,9192.0,28252.0,46645
46647,9192.0,28509.0,46646
46648,9192.0,27894.0,46647
46649,9192.0,27958.0,46648
46650,9192.0,28237.0,46649
46651,9192.0,28695.0,46650
46652,9192.0,28695.0,46651
46653,9192.0,28915.0,46652
46654,9192.0,28937.0,46653
46655,9192.0,28952.0,46654
46656,9192.0,28936.0,46655
46657,9192.0,28534.0,46656
46658,9192.0,28768.0,46657
46659,9192.0,28695.0,46658
46660,9192.0,28343.0,46659
46661,9192.0,28343.0,46660
46662,9192.0,27963.0,46661
46663,9192.0,27898.0,46662
46664,9192.0,28719.0,46663
46665,9192.0,28247.0,46664
46666,9192.0,28034.0,46665
46667,9192.0,27349.0,46666
46668,9192.0,27327.0,46667
46669,9192.0,28281.0,46668
46670,9192.0,28287.0,46669
46671,9192.0,28294.0,46670
46672,9192.0,27386.0,46671
46673,9192.0,27311.0,46672
46674,9192.0,27775.0,46673
46675,9192.0,27138.0,46674
46676,9192.0,27091.0,46675
46677,9192.0,28001.0,46676
46678,9192.0,27596.0,46677
46679,9192.0,27880.0,46678
46680,9192.0,27585.0,46679
46681,9192.0,27690.0,46680
46682,9192.0,27361.0,46681
46683,9192.0,27361.0,46682
46684,9192.0,27711.0,46683
46685,9192.0,27387.0,46684
46686,9192.0,26910.0,46685
46687,9192.0,26832.0,46686
46688,9192.0,26544.0,46687
46689,9192.0,26544.0,46688
46690,9192.0,26116.0,46689
46691,9192.0,26116.0,46690
46692,9192.0,25776.0,46691
46693,9192.0,26342.0,46692
46694,9192.0,26207.0,46693
46695,9192.0,27381.0,46694
46696,9192.0,27388.0,46695
46697,9192.0,27176.0,46696
46698,9192.0,27598.0,46697
46699,9192.0,27598.0,46698
46700,9192.0,27951.0,46699
46701,9192.0,27919.0,46700
46702,9192.0,28034.0,46701
46703,9192.0,28456.0,46702
46704,9192.0,28456.0,46703
46705,9192.0,29129.0,46704
46706,9192.0,29272.0,46705
46707,9192.0,29396.0,46706
46708,9192.0,29396.0,46707
46709,9192.0,29322.0,46708
46710,9192.0,29454.0,46709
46711,9192.0,29573.0,46710
46712,9192.0,30642.0,46711
46713,9192.0,30487.0,46712
46714,9192.0,30443.0,46713
46715,9192.0,30443.0,46714
46716,9192.0,30436.0,46715
46717,9192.0,30639.0,46716
46718,9192.0,30701.0,46717
46719,9192.0,30649.0,46718
46720,9192.0,30588.0,46719
46721,9192.0,31374.0,46720
46722,9192.0,31601.0,46721
46723,9192.0,32601.0,46722
46724,9192.0,32396.0,46723
46725,9192.0,32523.0,46724
46726,9192.0,32572.0,46725
46727,9192.0,31909.0,46726
46728,9192.0,31339.0,46727
46729,9192.0,29539.0,46728
46730,9192.0,29620.0,46729
46731,9192.0,30082.0,46730
46732,9192.0,29575.0,46731
46733,9192.0,29166.0,46732
46734,9192.0,29247.0,46733
46735,9192.0,30770.0,46734
46736,9192.0,30254.0,46735
46737,9192.0,29159.0,46736
46738,9192.0,29159.0,46737
46739,9192.0,29159.0,46738
46740,9192.0,29159.0,46739
46741,9192.0,30399.0,46740
46742,9192.0,29725.0,46741
46743,9192.0,29183.0,46742
46744,9192.0,29203.0,46743
46745,9192.0,29292.0,46744
46746,9192.0,29527.0,46745
46747,9192.0,29169.0,46746
46748,9192.0,29181.0,46747
46749,9192.0,28350.0,46748
46750,9192.0,28079.0,46749
46751,9192.0,27688.0,46750
46752,9192.0,28086.0,46751
46753,9192.0,28563.0,46752
46754,9192.0,29278.0,46753
46755,9192.0,29361.0,46754
46756,9192.0,29314.0,46755
46757,9192.0,29180.0,46756
46758,9192.0,29509.0,46757
46759,9192.0,29411.0,46758
46760,9192.0,29411.0,46759
46761,9192.0,29510.0,46760
46762,9192.0,29510.0,46761
46763,9192.0,29510.0,46762
46764,9192.0,29508.0,46763
46765,9192.0,29475.0,46764
46766,9192.0,29691.0,46765
46767,9192.0,31000.0,46766
46768,9192.0,29544.0,46767
46769,9192.0,29663.0,46768
46770,9192.0,29655.0,46769
46771,9192.0,29518.0,46770
46772,9192.0,29648.0,46771
46773,9192.0,29324.0,46772
46774,9192.0,29379.0,46773
46775,9192.0,29297.0,46774
46776,9192.0,29571.0,46775
46777,9192.0,29563.0,46776
46778,9192.0,29503.0,46777
46779,9192.0,29503.0,46778
46780,9192.0,29113.0,46779
46781,9192.0,29282.0,46780
46782,9192.0,30807.0,46781
46783,9192.0,30813.0,46782
46784,9192.0,30815.0,46783
46785,9192.0,30995.0,46784
46786,9192.0,32426.0,46785
46787,9192.0,32443.0,46786
46788,9192.0,32442.0,46787
46789,9192.0,31995.0,46788
46790,9192.0,31638.0,46789
46791,9192.0,31695.0,46790
46792,9192.0,31978.0,46791
46793,9192.0,31282.0,46792
46794,9192.0,30791.0,46793
46795,9192.0,30298.0,46794
46796,9192.0,30032.0,46795
46797,9192.0,30481.0,46796
46798,9192.0,30481.0,46797
46799,9192.0,29946.0,46798
46800,9192.0,30243.0,46799
46801,9192.0,29987.0,46800
46802,9192.0,29944.0,46801
46803,9192.0,29952.0,46802
46804,9192.0,30251.0,46803
46805,9192.0,30720.0,46804
46806,9192.0,30140.0,46805
46807,9192.0,30140.0,46806
46808,9192.0,31120.0,46807
46809,9192.0,30181.0,46808
46810,9192.0,30655.0,46809
46811,9192.0,30548.0,46810
46812,9192.0,29677.0,46811
46813,9192.0,29417.0,46812
46814,9192.0,29338.0,46813
46815,9192.0,29318.0,46814
46816,9192.0,28823.0,46815
46817,9192.0,29462.0,46816
46818,9192.0,29743.0,46817
46819,9192.0,29830.0,46818
46820,9192.0,29889.0,46819
46821,9192.0,30008.0,46820
46822,9192.0,30008.0,46821
46823,9192.0,30327.0,46822
46824,9192.0,30341.0,46823
46825,9192.0,30387.0,46824
46826,9192.0,30060.0,46825
46827,9192.0,29960.0,46826
46828,9192.0,29727.0,46827
46829,9192.0,29727.0,46828
46830,9192.0,29726.0,46829
46831,9192.0,29031.0,46830
46832,9192.0,29831.0,46831
46833,9192.0,29531.0,46832
46834,9192.0,29484.0,46833
46835,9192.0,29410.0,46834
46836,9192.0,29681.0,46835
46837,9192.0,29010.0,46836
46838,9192.0,29024.0,46837
46839,9192.0,29201.0,46838
46840,9192.0,29873.0,46839
46841,9192.0,29873.0,46840
46842,9192.0,29753.0,46841
46843,9192.0,29742.0,46842
46844,9192.0,30035.0,46843
46845,9192.0,29987.0,46844
46846,9192.0,29673.0,46845
46847,9192.0,29881.0,46846
46848,9192.0,29579.0,46847
46849,9192.0,29508.0,46848
46850,9192.0,29393.0,46849
46851,9192.0,29092.0,46850
46852,9192.0,29368.0,46851
46853,9192.0,29603.0,46852
46854,9192.0,29544.0,46853
46855,9192.0,30169.0,46854
46856,9192.0,30821.0,46855
46857,9192.0,30698.0,46856
46858,9192.0,30628.0,46857
46859,9192.0,30789.0,46858
46860,9192.0,30890.0,46859
46861,9192.0,30858.0,46860
46862,9192.0,30620.0,46861
46863,9192.0,30851.0,46862
46864,9192.0,31054.0,46863
46865,9192.0,31054.0,46864
46866,9192.0,30222.0,46865
46867,9192.0,30420.0,46866
46868,9192.0,30199.0,46867
46869,9192.0,30722.0,46868
46870,9192.0,30861.0,46869
46871,9192.0,31821.0,46870
46872,9192.0,32170.0,46871
46873,9192.0,32021.0,46872
46874,9192.0,32087.0,46873
46875,9192.0,31957.0,46874
46876,9192.0,32123.0,46875
46877,9192.0,32149.0,46876
46878,9192.0,31959.0,46877
46879,9192.0,31984.0,46878
46880,9192.0,31575.0,46879
46881,9192.0,31073.0,46880
46882,9192.0,31125.0,46881
46883,9192.0,31125.0,46882
46884,9192.0,31158.0,46883
46885,9192.0,30576.0,46884
46886,9192.0,29450.0,46885
46887,9192.0,29617.0,46886
46888,9192.0,29572.0,46887
46889,9192.0,29166.0,46888
46890,9192.0,28628.0,46889
46891,9192.0,28636.0,46890
46892,9192.0,28624.0,46891
46893,9192.0,29042.0,46892
46894,9192.0,30318.0,46893
46895,9192.0,30020.0,46894
46896,9192.0,30212.0,46895
46897,9192.0,30725.0,46896
46898,9192.0,30496.0,46897
46899,9192.0,30628.0,46898
46900,9192.0,30710.0,46899
46901,9192.0,30799.0,46900
46902,9192.0,30582.0,46901
46903,9192.0,30458.0,46902
46904,9192.0,30093.0,46903
46905,9192.0,30119.0,46904
46906,9192.0,30286.0,46905
46907,9192.0,30836.0,46906
46908,9192.0,30170.0,46907
46909,9192.0,30566.0,46908
46910,9192.0,28964.0,46909
46911,9192.0,29030.0,46910
46912,9192.0,28957.0,46911
46913,9192.0,28446.0,46912
46914,9192.0,28486.0,46913
46915,9192.0,28154.0,46914
46916,9192.0,28154.0,46915
46917,9192.0,28291.0,46916
46918,9192.0,27705.0,46917
46919,9192.0,28085.0,46918
46920,9192.0,27899.0,46919
46921,9192.0,25903.0,46920
46922,9192.0,26126.0,46921
46923,9192.0,26132.0,46922
46924,9192.0,26211.0,46923
46925,9192.0,26458.0,46924
46926,9192.0,26949.0,46925
46927,9192.0,26776.0,46926
46928,9192.0,26258.0,46927
46929,9192.0,26504.0,46928
46930,9192.0,26628.0,46929
46931,9192.0,26808.0,46930
46932,9192.0,27536.0,46931
46933,9192.0,27654.0,46932
46934,9192.0,27663.0,46933
46935,9192.0,26240.0,46934
46936,9192.0,25793.0,46935
46937,9192.0,25989.0,46936
46938,9192.0,25811.0,46937
46939,9192.0,25811.0,46938
46940,9192.0,25319.0,46939
46941,9192.0,24691.0,46940
46942,9192.0,24695.0,46941
46943,9192.0,24888.0,46942
46944,9192.0,24888.0,46943
46945,9192.0,25234.0,46944
46946,9192.0,25232.0,46945
46947,9192.0,25232.0,46946
46948,9192.0,25690.0,46947
46949,9192.0,25690.0,46948
46950,9192.0,25757.0,46949
46951,9192.0,26023.0,46950
46952,9192.0,26071.0,46951
46953,9192.0,26960.0,46952
46954,9192.0,26899.0,46953
46955,9192.0,27203.0,46954
46956,9192.0,27293.0,46955
46957,9192.0,27047.0,46956
46958,9192.0,27047.0,46957
46959,9192.0,27099.0,46958
46960,9192.0,25978.0,46959
46961,9192.0,26219.0,46960
46962,9192.0,26033.0,46961
46963,9192.0,25804.0,46962
46964,9192.0,25792.0,46963
46965,9192.0,25713.0,46964
46966,9192.0,26904.0,46965
46967,9192.0,27599.0,46966
46968,9192.0,25607.0,46967
46969,9192.0,25543.0,46968
46970,9192.0,24717.0,46969
46971,9192.0,24119.0,46970
46972,9192.0,24147.0,46971
46973,9192.0,24465.0,46972
46974,9192.0,25143.0,46973
46975,9192.0,25143.0,46974
46976,9192.0,25143.0,46975
46977,9192.0,25143.0,46976
46978,9192.0,25143.0,46977
46979,9192.0,25683.0,46978
46980,9192.0,26324.0,46979
46981,9192.0,26946.0,46980
46982,9192.0,27449.0,46981
46983,9192.0,26900.0,46982
46984,9192.0,26900.0,46983
46985,9192.0,26900.0,46984
46986,9192.0,26721.0,46985
46987,9192.0,26657.0,46986
46988,9192.0,26693.0,46987
46989,9192.0,25869.0,46988
46990,9192.0,25366.0,46989
46991,9192.0,25330.0,46990
46992,9192.0,25330.0,46991
46993,9192.0,25330.0,46992
46994,9192.0,25499.0,46993
46995,9192.0,25730.0,46994
46996,9192.0,25717.0,46995
46997,9192.0,25642.0,46996
46998,9192.0,25540.0,46997
46999,9192.0,25683.0,46998
47000,9192.0,26050.0,46999
47001,9192.0,26250.0,47000
47002,9192.0,26250.0,47001
47003,9192.0,25994.0,47002
47004,9192.0,25994.0,47003
47005,9192.0,25951.0,47004
47006,9192.0,25778.0,47005
47007,9192.0,25857.0,47006
47008,9192.0,25857.0,47007
47009,9192.0,26119.0,47008
47010,9192.0,25856.0,47009
47011,9192.0,25418.0,47010
47012,9192.0,25558.0,47011
47013,9192.0,25478.0,47012
47014,9192.0,25508.0,47013
47015,9192.0,25480.0,47014
47016,9192.0,25340.0,47015
47017,9192.0,25126.0,47016
47018,9192.0,26018.0,47017
47019,9192.0,26358.0,47018
47020,9192.0,27093.0,47019
47021,9192.0,27240.0,47020
47022,9192.0,27270.0,47021
47023,9192.0,27447.0,47022
47024,9192.0,27577.0,47023
47025,9192.0,27587.0,47024
47026,9192.0,27419.0,47025
47027,9192.0,27901.0,47026
47028,9192.0,28684.0,47027
47029,9192.0,28981.0,47028
47030,9192.0,28722.0,47029
47031,9192.0,28754.0,47030
47032,9192.0,28420.0,47031
47033,9192.0,28316.0,47032
47034,9192.0,28066.0,47033
47035,9192.0,27939.0,47034
47036,9192.0,28188.0,47035
47037,9192.0,28107.0,47036
47038,9192.0,28107.0,47037
47039,9192.0,27904.0,47038
47040,9192.0,27014.0,47039
47041,9192.0,26734.0,47040
47042,9192.0,26762.0,47041
47043,9192.0,27183.0,47042
47044,9192.0,27349.0,47043
47045,9192.0,27987.0,47044
47046,9192.0,29926.0,47045
47047,9192.0,30239.0,47046
47048,9192.0,30710.0,47047
47049,9192.0,30965.0,47048
47050,9192.0,30842.0,47049
47051,9192.0,30472.0,47050
47052,9192.0,30834.0,47051
47053,9192.0,30750.0,47052
47054,9192.0,30062.0,47053
47055,9192.0,30705.0,47054
47056,9192.0,30842.0,47055
47057,9192.0,32388.0,47056
47058,9192.0,32031.0,47057
47059,9192.0,31801.0,47058
47060,9192.0,31884.0,47059
47061,9192.0,32249.0,47060
47062,9192.0,32226.0,47061
47063,9192.0,31876.0,47062
47064,9192.0,31876.0,47063
47065,9192.0,32039.0,47064
47066,9192.0,31915.0,47065
47067,9192.0,31935.0,47066
47068,9192.0,31477.0,47067
47069,9192.0,31594.0,47068
47070,9192.0,32016.0,47069
47071,9192.0,32234.0,47070
47072,9192.0,32808.0,47071
47073,9192.0,32854.0,47072
47074,9192.0,33075.0,47073
47075,9192.0,33093.0,47074
47076,9192.0,32420.0,47075
47077,9192.0,31641.0,47076
47078,9192.0,31587.0,47077
47079,9192.0,31227.0,47078
47080,9192.0,31151.0,47079
47081,9192.0,31278.0,47080
47082,9192.0,31133.0,47081
47083,9192.0,30966.0,47082
47084,9192.0,30458.0,47083
47085,9192.0,30448.0,47084
47086,9192.0,30342.0,47085
47087,9192.0,30358.0,47086
47088,9192.0,30919.0,47087
47089,9192.0,30631.0,47088
47090,9192.0,30657.0,47089
47091,9192.0,30883.0,47090
47092,9192.0,31016.0,47091
47093,9192.0,31467.0,47092
47094,9192.0,31130.0,47093
47095,9192.0,31257.0,47094
47096,9192.0,31113.0,47095
47097,9192.0,31329.0,47096
47098,9192.0,31543.0,47097
47099,9192.0,31616.0,47098
47100,9192.0,32358.0,47099
47101,9192.0,32474.0,47100
47102,9192.0,32687.0,47101
47103,9192.0,32516.0,47102
47104,9192.0,32614.0,47103
47105,9192.0,32186.0,47104
47106,9192.0,32186.0,47105
47107,9192.0,32252.0,47106
47108,9192.0,32252.0,47107
47109,9192.0,31669.0,47108
47110,9192.0,31621.0,47109
47111,9192.0,31358.0,47110
47112,9192.0,32315.0,47111
47113,9192.0,32214.0,47112
47114,9192.0,31652.0,47113
47115,9192.0,31345.0,47114
47116,9192.0,31401.0,47115
47117,9192.0,31753.0,47116
47118,9192.0,31788.0,47117
47119,9192.0,32144.0,47118
47120,9192.0,32144.0,47119
47121,9192.0,31990.0,47120
47122,9192.0,31988.0,47121
47123,9192.0,32035.0,47122
47124,9192.0,32452.0,47123
47125,9192.0,32369.0,47124
47126,9192.0,32242.0,47125
47127,9192.0,32301.0,47126
47128,9192.0,32514.0,47127
47129,9192.0,32959.0,47128
47130,9192.0,33035.0,47129
47131,9192.0,32772.0,47130
47132,9192.0,32976.0,47131
47133,9192.0,32897.0,47132
47134,9192.0,32834.0,47133
47135,9192.0,32915.0,47134
47136,9192.0,33020.0,47135
47137,9192.0,33615.0,47136
47138,9192.0,33417.0,47137
47139,9192.0,32464.0,47138
47140,9192.0,32513.0,47139
47141,9192.0,32513.0,47140
47142,9192.0,31941.0,47141
47143,9192.0,31940.0,47142
47144,9192.0,31891.0,47143
47145,9192.0,31921.0,47144
47146,9192.0,31760.0,47145
47147,9192.0,31529.0,47146
47148,9192.0,31542.0,47147
47149,9192.0,31425.0,47148
47150,9192.0,31406.0,47149
47151,9192.0,30981.0,47150
47152,9192.0,31529.0,47151
47153,9192.0,30967.0,47152
47154,9192.0,31558.0,47153
47155,9192.0,31200.0,47154
47156,9192.0,31518.0,47155
47157,9192.0,31068.0,47156
47158,9192.0,31072.0,47157
47159,9192.0,31216.0,47158
47160,9192.0,31195.0,47159
47161,9192.0,31880.0,47160
47162,9192.0,32043.0,47161
47163,9192.0,32861.0,47162
47164,9192.0,31530.0,47163
47165,9192.0,31530.0,47164
47166,9192.0,31422.0,47165
47167,9192.0,31481.0,47166
47168,9192.0,31410.0,47167
47169,9192.0,31666.0,47168
47170,9192.0,32140.0,47169
47171,9192.0,32137.0,47170
47172,9192.0,32195.0,47171
47173,9192.0,31679.0,47172
47174,9192.0,31820.0,47173
47175,9192.0,32100.0,47174
47176,9192.0,32786.0,47175
47177,9192.0,32701.0,47176
47178,9192.0,33274.0,47177
47179,9192.0,31995.0,47178
47180,9192.0,32023.0,47179
47181,9192.0,33949.0,47180
47182,9192.0,33831.0,47181
47183,9192.0,32694.0,47182
47184,9192.0,31682.0,47183
47185,9192.0,31651.0,47184
47186,9192.0,30923.0,47185
47187,9192.0,31106.0,47186
47188,9192.0,32301.0,47187
47189,9192.0,31466.0,47188
47190,9192.0,31627.0,47189
47191,9192.0,30740.0,47190
47192,9192.0,30769.0,47191
47193,9192.0,31234.0,47192
47194,9192.0,31969.0,47193
47195,9192.0,32839.0,47194
47196,9192.0,32311.0,47195
47197,9192.0,32546.0,47196
47198,9192.0,32617.0,47197
47199,9192.0,32610.0,47198
47200,9192.0,32398.0,47199
47201,9192.0,32317.0,47200
47202,9192.0,32463.0,47201
47203,9192.0,32501.0,47202
47204,9192.0,33237.0,47203
47205,9192.0,33199.0,47204
47206,9192.0,33300.0,47205
47207,9192.0,33407.0,47206
47208,9192.0,33329.0,47207
47209,9192.0,33309.0,47208
47210,9192.0,33274.0,47209
47211,9192.0,33134.0,47210
47212,9192.0,33066.0,47211
47213,9192.0,32709.0,47212
47214,9192.0,32480.0,47213
47215,9192.0,32763.0,47214
47216,9192.0,32768.0,47215
47217,9192.0,32815.0,47216
47218,9192.0,33492.0,47217
47219,9192.0,33805.0,47218
47220,9192.0,33805.0,47219
47221,9192.0,33216.0,47220
47222,9192.0,33266.0,47221
47223,9192.0,33240.0,47222
47224,9192.0,32929.0,47223
47225,9192.0,32930.0,47224
47226,9192.0,32124.0,47225
47227,9192.0,30259.0,47226
47228,9192.0,30191.0,47227
47229,9192.0,30152.0,47228
47230,9192.0,30401.0,47229
47231,9192.0,29568.0,47230
47232,9192.0,28584.0,47231
47233,9192.0,28144.0,47232
47234,9192.0,28145.0,47233
47235,9192.0,28744.0,47234
47236,9192.0,28634.0,47235
47237,9192.0,28544.0,47236
47238,9192.0,28347.0,47237
47239,9192.0,28016.0,47238
47240,9192.0,28012.0,47239
47241,9192.0,27858.0,47240
47242,9192.0,28352.0,47241
47243,9192.0,28352.0,47242
47244,9192.0,28169.0,47243
47245,9192.0,29588.0,47244
47246,9192.0,29529.0,47245
47247,9192.0,29948.0,47246
47248,9192.0,30144.0,47247
47249,9192.0,30201.0,47248
47250,9192.0,29927.0,47249
47251,9192.0,29767.0,47250
47252,9192.0,29513.0,47251
47253,9192.0,29323.0,47252
47254,9192.0,29805.0,47253
47255,9192.0,30035.0,47254
47256,9192.0,30687.0,47255
47257,9192.0,29754.0,47256
47258,9192.0,29615.0,47257
47259,9192.0,29611.0,47258
47260,9192.0,30869.0,47259
47261,9192.0,30589.0,47260
47262,9192.0,30011.0,47261
47263,9192.0,30053.0,47262
47264,9192.0,29664.0,47263
47265,9192.0,30099.0,47264
47266,9192.0,30099.0,47265
47267,9192.0,29950.0,47266
47268,9192.0,29971.0,47267
47269,9192.0,29195.0,47268
47270,9192.0,29217.0,47269
47271,9192.0,28838.0,47270
47272,9192.0,29056.0,47271
47273,9192.0,30590.0,47272
47274,9192.0,30063.0,47273
47275,9192.0,29840.0,47274
47276,9192.0,28501.0,47275
47277,9192.0,28565.0,47276
47278,9192.0,28466.0,47277
47279,9192.0,29127.0,47278
47280,9192.0,29064.0,47279
47281,9192.0,29050.0,47280
47282,9192.0,29071.0,47281
47283,9192.0,28863.0,47282
47284,9192.0,29731.0,47283
47285,9192.0,28969.0,47284
47286,9192.0,30122.0,47285
47287,9192.0,29765.0,47286
47288,9192.0,29467.0,47287
47289,9192.0,29498.0,47288
47290,9192.0,29498.0,47289
47291,9192.0,29078.0,47290
47292,9192.0,29235.0,47291
47293,9192.0,29234.0,47292
47294,9192.0,29202.0,47293
47295,9192.0,29282.0,47294
47296,9192.0,30395.0,47295
47297,9192.0,30666.0,47296
47298,9192.0,30592.0,47297
47299,9192.0,30602.0,47298
47300,9192.0,29778.0,47299
47301,9192.0,30614.0,47300
47302,9192.0,30476.0,47301
47303,9192.0,30448.0,47302
47304,9192.0,30213.0,47303
47305,9192.0,30260.0,47304
47306,9192.0,30260.0,47305
47307,9192.0,30928.0,47306
47308,9192.0,30777.0,47307
47309,9192.0,30825.0,47308
47310,9192.0,30837.0,47309
47311,9192.0,30224.0,47310
47312,9192.0,30438.0,47311
47313,9192.0,30849.0,47312
47314,9192.0,31275.0,47313
47315,9192.0,31520.0,47314
47316,9192.0,31350.0,47315
47317,9192.0,31061.0,47316
47318,9192.0,31062.0,47317
47319,9192.0,31320.0,47318
47320,9192.0,31655.0,47319
47321,9192.0,31831.0,47320
47322,9192.0,31833.0,47321
47323,9192.0,31699.0,47322
47324,9192.0,31011.0,47323
47325,9192.0,31244.0,47324
47326,9192.0,32006.0,47325
47327,9192.0,31863.0,47326
47328,9192.0,32443.0,47327
47329,9192.0,32547.0,47328
47330,9192.0,32640.0,47329
47331,9192.0,32169.0,47330
47332,9192.0,32402.0,47331
47333,9192.0,32325.0,47332
47334,9192.0,31871.0,47333
47335,9192.0,32235.0,47334
47336,9192.0,32103.0,47335
47337,9192.0,31098.0,47336
47338,9192.0,31062.0,47337
47339,9192.0,31046.0,47338
47340,9192.0,31153.0,47339
47341,9192.0,31134.0,47340
47342,9192.0,31547.0,47341
47343,9192.0,31408.0,47342
47344,9192.0,31408.0,47343
47345,9192.0,31371.0,47344
47346,9192.0,31124.0,47345
47347,9192.0,30243.0,47346
47348,9192.0,29783.0,47347
47349,9192.0,29590.0,47348
47350,9192.0,29572.0,47349
47351,9192.0,29541.0,47350
47352,9192.0,29630.0,47351
47353,9192.0,29139.0,47352
47354,9192.0,29208.0,47353
47355,9192.0,29256.0,47354
47356,9192.0,29637.0,47355
47357,9192.0,30791.0,47356
47358,9192.0,30486.0,47357
47359,9192.0,30700.0,47358
47360,9192.0,31293.0,47359
47361,9192.0,31283.0,47360
47362,9192.0,31086.0,47361
47363,9192.0,31166.0,47362
47364,9192.0,31286.0,47363
47365,9192.0,31746.0,47364
47366,9192.0,32028.0,47365
47367,9192.0,31948.0,47366
47368,9192.0,31980.0,47367
47369,9192.0,31823.0,47368
47370,9192.0,31812.0,47369
47371,9192.0,31763.0,47370
47372,9192.0,30872.0,47371
47373,9192.0,31574.0,47372
47374,9192.0,31778.0,47373
47375,9192.0,31717.0,47374
47376,9192.0,31484.0,47375
47377,9192.0,30709.0,47376
47378,9192.0,30639.0,47377
47379,9192.0,30891.0,47378
47380,9192.0,30537.0,47379
47381,9192.0,30161.0,47380
47382,9192.0,30161.0,47381
47383,9192.0,29801.0,47382
47384,9192.0,29795.0,47383
47385,9192.0,30114.0,47384
47386,9192.0,30089.0,47385
47387,9192.0,29557.0,47386
47388,9192.0,30328.0,47387
47389,9192.0,30252.0,47388
47390,9192.0,28869.0,47389
47391,9192.0,28854.0,47390
47392,9192.0,28324.0,47391
47393,9192.0,28845.0,47392
47394,9192.0,28633.0,47393
47395,9192.0,28307.0,47394
47396,9192.0,28320.0,47395
47397,9192.0,28533.0,47396
47398,9192.0,28423.0,47397
47399,9192.0,28192.0,47398
47400,9192.0,27666.0,47399
47401,9192.0,28062.0,47400
47402,9192.0,28228.0,47401
47403,9192.0,29014.0,47402
47404,9192.0,29169.0,47403
47405,9192.0,29358.0,47404
47406,9192.0,29370.0,47405
47407,9192.0,30327.0,47406
47408,9192.0,30072.0,47407
47409,9192.0,29445.0,47408
47410,9192.0,30110.0,47409
47411,9192.0,30473.0,47410
47412,9192.0,30750.0,47411
47413,9192.0,30160.0,47412
47414,9192.0,30473.0,47413
47415,9192.0,30361.0,47414
47416,9192.0,31082.0,47415
47417,9192.0,31082.0,47416
47418,9192.0,30318.0,47417
47419,9192.0,29646.0,47418
47420,9192.0,29590.0,47419
47421,9192.0,28699.0,47420
47422,9192.0,27858.0,47421
47423,9192.0,28197.0,47422
47424,9192.0,28174.0,47423
47425,9192.0,27938.0,47424
47426,9192.0,27471.0,47425
47427,9192.0,27683.0,47426
47428,9192.0,27683.0,47427
47429,9192.0,27683.0,47428
47430,9192.0,29051.0,47429
47431,9192.0,30796.0,47430
47432,9192.0,30990.0,47431
47433,9192.0,30973.0,47432
47434,9192.0,31118.0,47433
47435,9192.0,31209.0,47434
47436,9192.0,32452.0,47435
47437,9192.0,32231.0,47436
47438,9192.0,32106.0,47437
47439,9192.0,32439.0,47438
47440,9192.0,32439.0,47439
47441,9192.0,32434.0,47440
47442,9192.0,32280.0,47441
47443,9192.0,32171.0,47442
47444,9192.0,31991.0,47443
47445,9192.0,31982.0,47444
47446,9192.0,31982.0,47445
47447,9192.0,32171.0,47446
47448,9192.0,32171.0,47447
47449,9192.0,32507.0,47448
47450,9192.0,32497.0,47449
47451,9192.0,32532.0,47450
47452,9192.0,31266.0,47451
47453,9192.0,31759.0,47452
47454,9192.0,31747.0,47453
47455,9192.0,31748.0,47454
47456,9192.0,31741.0,47455
47457,9192.0,31682.0,47456
47458,9192.0,32180.0,47457
47459,9192.0,32545.0,47458
47460,9192.0,32453.0,47459
47461,9192.0,31927.0,47460
47462,9192.0,32044.0,47461
47463,9192.0,31913.0,47462
47464,9192.0,32204.0,47463
47465,9192.0,32330.0,47464
47466,9192.0,33112.0,47465
47467,9192.0,32590.0,47466
47468,9192.0,32961.0,47467
47469,9192.0,32855.0,47468
47470,9192.0,32788.0,47469
47471,9192.0,32529.0,47470
47472,9192.0,31948.0,47471
47473,9192.0,31718.0,47472
47474,9192.0,31731.0,47473
47475,9192.0,31728.0,47474
47476,9192.0,31748.0,47475
47477,9192.0,31610.0,47476
47478,9192.0,31580.0,47477
47479,9192.0,31586.0,47478
47480,9192.0,31586.0,47479
47481,9192.0,31279.0,47480
47482,9192.0,29397.0,47481
47483,9192.0,29186.0,47482
47484,9192.0,28805.0,47483
47485,9192.0,28371.0,47484
47486,9192.0,28470.0,47485
47487,9192.0,28786.0,47486
47488,9192.0,29068.0,47487
47489,9192.0,28739.0,47488
47490,9192.0,28739.0,47489
47491,9192.0,28406.0,47490
47492,9192.0,28647.0,47491
47493,9192.0,28647.0,47492
47494,9192.0,29623.0,47493
47495,9192.0,29505.0,47494
47496,9192.0,30001.0,47495
47497,9192.0,30001.0,47496
47498,9192.0,29991.0,47497
47499,9192.0,30005.0,47498
47500,9192.0,30415.0,47499
47501,9192.0,30614.0,47500
47502,9192.0,31176.0,47501
47503,9192.0,31499.0,47502
47504,9192.0,31625.0,47503
47505,9192.0,31611.0,47504
47506,9192.0,31655.0,47505
47507,9192.0,31758.0,47506
47508,9192.0,31712.0,47507
47509,9192.0,31464.0,47508
47510,9192.0,31565.0,47509
47511,9192.0,31725.0,47510
47512,9192.0,31634.0,47511
47513,9192.0,30638.0,47512
47514,9192.0,30730.0,47513
47515,9192.0,30552.0,47514
47516,9192.0,30689.0,47515
47517,9192.0,30772.0,47516
47518,9192.0,30401.0,47517
47519,9192.0,29934.0,47518
47520,9192.0,30035.0,47519
47521,9192.0,30894.0,47520
47522,9192.0,30893.0,47521
47523,9192.0,30486.0,47522
47524,9192.0,30450.0,47523
47525,9192.0,31653.0,47524
47526,9192.0,31687.0,47525
47527,9192.0,31308.0,47526
47528,9192.0,31189.0,47527
47529,9192.0,30908.0,47528
47530,9192.0,30987.0,47529
47531,9192.0,31472.0,47530
47532,9192.0,31472.0,47531
47533,9192.0,31124.0,47532
47534,9192.0,30867.0,47533
47535,9192.0,30960.0,47534
47536,9192.0,30918.0,47535
47537,9192.0,30835.0,47536
47538,9192.0,30860.0,47537
47539,9192.0,30752.0,47538
47540,9192.0,30643.0,47539
47541,9192.0,30606.0,47540
47542,9192.0,30779.0,47541
47543,9192.0,30625.0,47542
47544,9192.0,30625.0,47543
47545,9192.0,29509.0,47544
47546,9192.0,29289.0,47545
47547,9192.0,30836.0,47546
47548,9192.0,31065.0,47547
47549,9192.0,31044.0,47548
47550,9192.0,31333.0,47549
47551,9192.0,31513.0,47550
47552,9192.0,31533.0,47551
47553,9192.0,31316.0,47552
47554,9192.0,31267.0,47553
47555,9192.0,31364.0,47554
47556,9192.0,31517.0,47555
47557,9192.0,29960.0,47556
47558,9192.0,31573.0,47557
47559,9192.0,31683.0,47558
47560,9192.0,31785.0,47559
47561,9192.0,31901.0,47560
47562,9192.0,31537.0,47561
47563,9192.0,31558.0,47562
47564,9192.0,30930.0,47563
47565,9192.0,30572.0,47564
47566,9192.0,30594.0,47565
47567,9192.0,30466.0,47566
47568,9192.0,30030.0,47567
47569,9192.0,30528.0,47568
47570,9192.0,29615.0,47569
47571,9192.0,30039.0,47570
47572,9192.0,29739.0,47571
47573,9192.0,30099.0,47572
47574,9192.0,30771.0,47573
47575,9192.0,31250.0,47574
47576,9192.0,30913.0,47575
47577,9192.0,30944.0,47576
47578,9192.0,30718.0,47577
47579,9192.0,31237.0,47578
47580,9192.0,31121.0,47579
47581,9192.0,31330.0,47580
47582,9192.0,31736.0,47581
47583,9192.0,31736.0,47582
47584,9192.0,31524.0,47583
47585,9192.0,31291.0,47584
47586,9192.0,31277.0,47585
47587,9192.0,31166.0,47586
47588,9192.0,30486.0,47587
47589,9192.0,30632.0,47588
47590,9192.0,30221.0,47589
47591,9192.0,30184.0,47590
47592,9192.0,29598.0,47591
47593,9192.0,29350.0,47592
47594,9192.0,29441.0,47593
47595,9192.0,29370.0,47594
47596,9192.0,29397.0,47595
47597,9192.0,29720.0,47596
47598,9192.0,29866.0,47597
47599,9192.0,30082.0,47598
47600,9192.0,30081.0,47599
47601,9192.0,30157.0,47600
47602,9192.0,30628.0,47601
47603,9192.0,30547.0,47602
47604,9192.0,31061.0,47603
47605,9192.0,31092.0,47604
47606,9192.0,30852.0,47605
47607,9192.0,30843.0,47606
47608,9192.0,30258.0,47607
47609,9192.0,30770.0,47608
47610,9192.0,30759.0,47609
47611,9192.0,30877.0,47610
47612,9192.0,30647.0,47611
47613,9192.0,31080.0,47612
47614,9192.0,31650.0,47613
47615,9192.0,31490.0,47614
47616,9192.0,31427.0,47615
47617,9192.0,31420.0,47616
47618,9192.0,31134.0,47617
47619,9192.0,31214.0,47618
47620,9192.0,31069.0,47619
47621,9192.0,30922.0,47620
47622,9192.0,30626.0,47621
47623,9192.0,30626.0,47622
47624,9192.0,29743.0,47623
47625,9192.0,29991.0,47624
47626,9192.0,30308.0,47625
47627,9192.0,30302.0,47626
47628,9192.0,30663.0,47627
47629,9192.0,30663.0,47628
47630,9192.0,30733.0,47629
47631,9192.0,30293.0,47630
47632,9192.0,29960.0,47631
47633,9192.0,29853.0,47632
47634,9192.0,29671.0,47633
47635,9192.0,29356.0,47634
47636,9192.0,28671.0,47635
47637,9192.0,28449.0,47636
47638,9192.0,28099.0,47637
47639,9192.0,28120.0,47638
47640,9192.0,27972.0,47639
47641,9192.0,27223.0,47640
47642,9192.0,26847.0,47641
47643,9192.0,26847.0,47642
47644,9192.0,26726.0,47643
47645,9192.0,27117.0,47644
47646,9192.0,27117.0,47645
47647,9192.0,27097.0,47646
47648,9192.0,27012.0,47647
47649,9192.0,27106.0,47648
47650,9192.0,27616.0,47649
47651,9192.0,27798.0,47650
47652,9192.0,27920.0,47651
47653,9192.0,28100.0,47652
47654,9192.0,29226.0,47653
47655,9192.0,29191.0,47654
47656,9192.0,29934.0,47655
47657,9192.0,30083.0,47656
47658,9192.0,29563.0,47657
47659,9192.0,29474.0,47658
47660,9192.0,29400.0,47659
47661,9192.0,29425.0,47660
47662,9192.0,29389.0,47661
47663,9192.0,29255.0,47662
47664,9192.0,29244.0,47663
47665,9192.0,28242.0,47664
47666,9192.0,28117.0,47665
47667,9192.0,28215.0,47666
47668,9192.0,28215.0,47667
47669,9192.0,27899.0,47668
47670,9192.0,28059.0,47669
47671,9192.0,27585.0,47670
47672,9192.0,27765.0,47671
47673,9192.0,27811.0,47672
47674,9192.0,26904.0,47673
47675,9192.0,27558.0,47674
47676,9192.0,26814.0,47675
47677,9192.0,26814.0,47676
47678,9192.0,27304.0,47677
47679,9192.0,25870.0,47678
47680,9192.0,25805.0,47679
47681,9192.0,25660.0,47680
47682,9192.0,25823.0,47681
47683,9192.0,26108.0,47682
47684,9192.0,25710.0,47683
47685,9192.0,26945.0,47684
47686,9192.0,27604.0,47685
47687,9192.0,28076.0,47686
47688,9192.0,28126.0,47687
47689,9192.0,28554.0,47688
47690,9192.0,28596.0,47689
47691,9192.0,28334.0,47690
47692,9192.0,28164.0,47691
47693,9192.0,28002.0,47692
47694,9192.0,27483.0,47693
47695,9192.0,27508.0,47694
47696,9192.0,27472.0,47695
47697,9192.0,26807.0,47696
47698,9192.0,26110.0,47697
47699,9192.0,26299.0,47698
47700,9192.0,26245.0,47699
47701,9192.0,26815.0,47700
47702,9192.0,26804.0,47701
47703,9192.0,27943.0,47702
47704,9192.0,27441.0,47703
47705,9192.0,28025.0,47704
47706,9192.0,29023.0,47705
47707,9192.0,29375.0,47706
47708,9192.0,29762.0,47707
47709,9192.0,28632.0,47708
47710,9192.0,28165.0,47709
47711,9192.0,28202.0,47710
47712,9192.0,27667.0,47711
47713,9192.0,28532.0,47712
47714,9192.0,28700.0,47713
47715,9192.0,28779.0,47714
47716,9192.0,28924.0,47715
47717,9192.0,28873.0,47716
47718,9192.0,29158.0,47717
47719,9192.0,28961.0,47718
47720,9192.0,28016.0,47719
47721,9192.0,28019.0,47720
47722,9192.0,27473.0,47721
47723,9192.0,26532.0,47722
47724,9192.0,25020.0,47723
47725,9192.0,25033.0,47724
47726,9192.0,25644.0,47725
47727,9192.0,26434.0,47726
47728,9192.0,26099.0,47727
47729,9192.0,25742.0,47728
47730,9192.0,26231.0,47729
47731,9192.0,25997.0,47730
47732,9192.0,26346.0,47731
47733,9192.0,26509.0,47732
47734,9192.0,26509.0,47733
47735,9192.0,26455.0,47734
47736,9192.0,26338.0,47735
47737,9192.0,26518.0,47736
47738,9192.0,26857.0,47737
47739,9192.0,26898.0,47738
47740,9192.0,26624.0,47739
47741,9192.0,27020.0,47740
47742,9192.0,27516.0,47741
47743,9192.0,28081.0,47742
47744,9192.0,28248.0,47743
47745,9192.0,29183.0,47744
47746,9192.0,29214.0,47745
47747,9192.0,28602.0,47746
47748,9192.0,28788.0,47747
47749,9192.0,29311.0,47748
47750,9192.0,29311.0,47749
47751,9192.0,29108.0,47750
47752,9192.0,28833.0,47751
47753,9192.0,27465.0,47752
47754,9192.0,28002.0,47753
47755,9192.0,28595.0,47754
47756,9192.0,28804.0,47755
47757,9192.0,28355.0,47756
47758,9192.0,28523.0,47757
47759,9192.0,28601.0,47758
47760,9192.0,28831.0,47759
47761,9192.0,28958.0,47760
47762,9192.0,29015.0,47761
47763,9192.0,29100.0,47762
47764,9192.0,29193.0,47763
47765,9192.0,28740.0,47764
47766,9192.0,28838.0,47765
47767,9192.0,28645.0,47766
47768,9192.0,30433.0,47767
47769,9192.0,30433.0,47768
47770,9192.0,30401.0,47769
47771,9192.0,29941.0,47770
47772,9192.0,28349.0,47771
47773,9192.0,28158.0,47772
47774,9192.0,28160.0,47773
47775,9192.0,27975.0,47774
47776,9192.0,28136.0,47775
47777,9192.0,28333.0,47776
47778,9192.0,28730.0,47777
47779,9192.0,28730.0,47778
47780,9192.0,28810.0,47779
47781,9192.0,29471.0,47780
47782,9192.0,29199.0,47781
47783,9192.0,28981.0,47782
47784,9192.0,28749.0,47783
47785,9192.0,28906.0,47784
47786,9192.0,29839.0,47785
47787,9192.0,29848.0,47786
47788,9192.0,29747.0,47787
47789,9192.0,29520.0,47788
47790,9192.0,29040.0,47789
47791,9192.0,29840.0,47790
47792,9192.0,29721.0,47791
47793,9192.0,29724.0,47792
47794,9192.0,28386.0,47793
47795,9192.0,30430.0,47794
47796,9192.0,30428.0,47795
47797,9192.0,30436.0,47796
47798,9192.0,30825.0,47797
47799,9192.0,31051.0,47798
47800,9192.0,31051.0,47799
47801,9192.0,30796.0,47800
47802,9192.0,32039.0,47801
47803,9192.0,31997.0,47802
47804,9192.0,31342.0,47803
47805,9192.0,30669.0,47804
47806,9192.0,30669.0,47805
47807,9192.0,29355.0,47806
47808,9192.0,28413.0,47807
47809,9192.0,27444.0,47808
47810,9192.0,27373.0,47809
47811,9192.0,29159.0,47810
47812,9192.0,29395.0,47811
47813,9192.0,29377.0,47812
47814,9192.0,29050.0,47813
47815,9192.0,28945.0,47814
47816,9192.0,30392.0,47815
47817,9192.0,30543.0,47816
47818,9192.0,31593.0,47817
47819,9192.0,30685.0,47818
47820,9192.0,30951.0,47819
47821,9192.0,31176.0,47820
47822,9192.0,30991.0,47821
47823,9192.0,30061.0,47822
47824,9192.0,30061.0,47823
47825,9192.0,30248.0,47824
47826,9192.0,30118.0,47825
47827,9192.0,30324.0,47826
47828,9192.0,30142.0,47827
47829,9192.0,29861.0,47828
47830,9192.0,28978.0,47829
47831,9192.0,28947.0,47830
47832,9192.0,28955.0,47831
47833,9192.0,28526.0,47832
47834,9192.0,28301.0,47833
47835,9192.0,28301.0,47834
47836,9192.0,28899.0,47835
47837,9192.0,28715.0,47836
47838,9192.0,29086.0,47837
47839,9192.0,28625.0,47838
47840,9192.0,28886.0,47839
47841,9192.0,27866.0,47840
47842,9192.0,27866.0,47841
47843,9192.0,28022.0,47842
47844,9192.0,27835.0,47843
47845,9192.0,27647.0,47844
47846,9192.0,28293.0,47845
47847,9192.0,29156.0,47846
47848,9192.0,30086.0,47847
47849,9192.0,30025.0,47848
47850,9192.0,30025.0,47849
47851,9192.0,30196.0,47850
47852,9192.0,30183.0,47851
47853,9192.0,30232.0,47852
47854,9192.0,30913.0,47853
47855,9192.0,30544.0,47854
47856,9192.0,30515.0,47855
47857,9192.0,30133.0,47856
47858,9192.0,30346.0,47857
47859,9192.0,30127.0,47858
47860,9192.0,30430.0,47859
47861,9192.0,30588.0,47860
47862,9192.0,30588.0,47861
47863,9192.0,29500.0,47862
47864,9192.0,29510.0,47863
47865,9192.0,29539.0,47864
47866,9192.0,29387.0,47865
47867,9192.0,29387.0,47866
47868,9192.0,29349.0,47867
47869,9192.0,29165.0,47868
47870,9192.0,29306.0,47869
47871,9192.0,29336.0,47870
47872,9192.0,28531.0,47871
47873,9192.0,28531.0,47872
47874,9192.0,28537.0,47873
47875,9192.0,28537.0,47874
47876,9192.0,28537.0,47875
47877,9192.0,28216.0,47876
47878,9192.0,28264.0,47877
47879,9192.0,28345.0,47878
47880,9192.0,28203.0,47879
47881,9192.0,27322.0,47880
47882,9192.0,27322.0,47881
47883,9192.0,27947.0,47882
47884,9192.0,27730.0,47883
47885,9192.0,26913.0,47884
47886,9192.0,26198.0,47885
47887,9192.0,26519.0,47886
47888,9192.0,26532.0,47887
47889,9192.0,26605.0,47888
47890,9192.0,26575.0,47889
47891,9192.0,26538.0,47890
47892,9192.0,26688.0,47891
47893,9192.0,26898.0,47892
47894,9192.0,26898.0,47893
47895,9192.0,27132.0,47894
47896,9192.0,27284.0,47895
47897,9192.0,27182.0,47896
47898,9192.0,27575.0,47897
47899,9192.0,27575.0,47898
47900,9192.0,27944.0,47899
47901,9192.0,28048.0,47900
47902,9192.0,27948.0,47901
47903,9192.0,28232.0,47902
47904,9192.0,28244.0,47903
47905,9192.0,28244.0,47904
47906,9192.0,28244.0,47905
47907,9192.0,28134.0,47906
47908,9192.0,28265.0,47907
47909,9192.0,28167.0,47908
47910,9192.0,27644.0,47909
47911,9192.0,27326.0,47910
47912,9192.0,28652.0,47911
47913,9192.0,28550.0,47912
47914,9192.0,28649.0,47913
47915,9192.0,28228.0,47914
47916,9192.0,28351.0,47915
47917,9192.0,28293.0,47916
47918,9192.0,28293.0,47917
47919,9192.0,29653.0,47918
47920,9192.0,29622.0,47919
47921,9192.0,29985.0,47920
47922,9192.0,29940.0,47921
47923,9192.0,29920.0,47922
47924,9192.0,29957.0,47923
47925,9192.0,29994.0,47924
47926,9192.0,29909.0,47925
47927,9192.0,29575.0,47926
47928,9192.0,30096.0,47927
47929,9192.0,30842.0,47928
47930,9192.0,30585.0,47929
47931,9192.0,30574.0,47930
47932,9192.0,30726.0,47931
47933,9192.0,30099.0,47932
47934,9192.0,29961.0,47933
47935,9192.0,29367.0,47934
47936,9192.0,29462.0,47935
47937,9192.0,29145.0,47936
47938,9192.0,29205.0,47937
47939,9192.0,29205.0,47938
47940,9192.0,29198.0,47939
47941,9192.0,29057.0,47940
47942,9192.0,29532.0,47941
47943,9192.0,29532.0,47942
47944,9192.0,28554.0,47943
47945,9192.0,28987.0,47944
47946,9192.0,29131.0,47945
47947,9192.0,29065.0,47946
47948,9192.0,29728.0,47947
47949,9192.0,28870.0,47948
47950,9192.0,29117.0,47949
47951,9192.0,29132.0,47950
47952,9192.0,29161.0,47951
47953,9192.0,29690.0,47952
47954,9192.0,29624.0,47953
47955,9192.0,29627.0,47954
47956,9192.0,29718.0,47955
47957,9192.0,29718.0,47956
47958,9192.0,29657.0,47957
47959,9192.0,29827.0,47958
47960,9192.0,29202.0,47959
47961,9192.0,29505.0,47960
47962,9192.0,29683.0,47961
47963,9192.0,29683.0,47962
47964,9192.0,30180.0,47963
47965,9192.0,30055.0,47964
47966,9192.0,28507.0,47965
47967,9192.0,28708.0,47966
47968,9192.0,28708.0,47967
47969,9192.0,29629.0,47968
47970,9192.0,29623.0,47969
47971,9192.0,29669.0,47970
47972,9192.0,29303.0,47971
47973,9192.0,29765.0,47972
47974,9192.0,29972.0,47973
47975,9192.0,30342.0,47974
47976,9192.0,30406.0,47975
47977,9192.0,29509.0,47976
47978,9192.0,29229.0,47977
47979,9192.0,28829.0,47978
47980,9192.0,28829.0,47979
47981,9192.0,28819.0,47980
47982,9192.0,28819.0,47981
47983,9192.0,28806.0,47982
47984,9192.0,28471.0,47983
47985,9192.0,28463.0,47984
47986,9192.0,28862.0,47985
47987,9192.0,28862.0,47986
47988,9192.0,28386.0,47987
47989,9192.0,28874.0,47988
47990,9192.0,29550.0,47989
47991,9192.0,29542.0,47990
47992,9192.0,29582.0,47991
47993,9192.0,29739.0,47992
47994,9192.0,29377.0,47993
47995,9192.0,29348.0,47994
47996,9192.0,29410.0,47995
47997,9192.0,29474.0,47996
47998,9192.0,29120.0,47997
47999,9192.0,29062.0,47998
48000,9192.0,29088.0,47999
48001,9192.0,29088.0,48000
48002,9192.0,29089.0,48001
48003,9192.0,29114.0,48002
48004,9192.0,28908.0,48003
48005,9192.0,29002.0,48004
48006,9192.0,29577.0,48005
48007,9192.0,29577.0,48006
48008,9192.0,30096.0,48007
48009,9192.0,30484.0,48008
48010,9192.0,30452.0,48009
48011,9192.0,30469.0,48010
48012,9192.0,30467.0,48011
48013,9192.0,30610.0,48012
48014,9192.0,30614.0,48013
48015,9192.0,30560.0,48014
48016,9192.0,30824.0,48015
48017,9192.0,31578.0,48016
48018,9192.0,31728.0,48017
48019,9192.0,32036.0,48018
48020,9192.0,31213.0,48019
48021,9192.0,30925.0,48020
48022,9192.0,30566.0,48021
48023,9192.0,30608.0,48022
48024,9192.0,30594.0,48023
48025,9192.0,30026.0,48024
48026,9192.0,29725.0,48025
48027,9192.0,29932.0,48026
48028,9192.0,29986.0,48027
48029,9192.0,29705.0,48028
48030,9192.0,29860.0,48029
48031,9192.0,29860.0,48030
48032,9192.0,30014.0,48031
48033,9192.0,30017.0,48032
48034,9192.0,29484.0,48033
48035,9192.0,28382.0,48034
48036,9192.0,28096.0,48035
48037,9192.0,28225.0,48036
48038,9192.0,28239.0,48037
48039,9192.0,28239.0,48038
48040,9192.0,28851.0,48039
48041,9192.0,28321.0,48040
48042,9192.0,27617.0,48041
48043,9192.0,27589.0,48042
48044,9192.0,27656.0,48043
48045,9192.0,27799.0,48044
48046,9192.0,27773.0,48045
48047,9192.0,27898.0,48046
48048,9192.0,27895.0,48047
48049,9192.0,28321.0,48048
48050,9192.0,28703.0,48049
48051,9192.0,29061.0,48050
48052,9192.0,29061.0,48051
48053,9192.0,28921.0,48052
48054,9192.0,28716.0,48053
48055,9192.0,27951.0,48054
48056,9192.0,27528.0,48055
48057,9192.0,27457.0,48056
48058,9192.0,28061.0,48057
48059,9192.0,27831.0,48058
48060,9192.0,27054.0,48059
48061,9192.0,26862.0,48060
48062,9192.0,26862.0,48061
48063,9192.0,26862.0,48062
48064,9192.0,28225.0,48063
48065,9192.0,27243.0,48064
48066,9192.0,26923.0,48065
48067,9192.0,26052.0,48066
48068,9192.0,26180.0,48067
48069,9192.0,26112.0,48068
48070,9192.0,26180.0,48069
48071,9192.0,26180.0,48070
48072,9192.0,27155.0,48071
48073,9192.0,27155.0,48072
48074,9192.0,27257.0,48073
48075,9192.0,27343.0,48074
48076,9192.0,27577.0,48075
48077,9192.0,28203.0,48076
48078,9192.0,27575.0,48077
48079,9192.0,27572.0,48078
48080,9192.0,27421.0,48079
48081,9192.0,27418.0,48080
48082,9192.0,27241.0,48081
48083,9192.0,27418.0,48082
48084,9192.0,26419.0,48083
48085,9192.0,27029.0,48084
48086,9192.0,27238.0,48085
48087,9192.0,27029.0,48086
48088,9192.0,26835.0,48087
48089,9192.0,27676.0,48088
48090,9192.0,26964.0,48089
48091,9192.0,26865.0,48090
48092,9192.0,26633.0,48091
48093,9192.0,27360.0,48092
48094,9192.0,27263.0,48093
48095,9192.0,27587.0,48094
48096,9192.0,26668.0,48095
48097,9192.0,26646.0,48096
48098,9192.0,26475.0,48097
48099,9192.0,26359.0,48098
48100,9192.0,26655.0,48099
48101,9192.0,26642.0,48100
48102,9192.0,27084.0,48101
48103,9192.0,27360.0,48102
48104,9192.0,28942.0,48103
48105,9192.0,29148.0,48104
48106,9192.0,29191.0,48105
48107,9192.0,29827.0,48106
48108,9192.0,29432.0,48107
48109,9192.0,29145.0,48108
48110,9192.0,30096.0,48109
48111,9192.0,30073.0,48110
48112,9192.0,30559.0,48111
48113,9192.0,30598.0,48112
48114,9192.0,30495.0,48113
48115,9192.0,30380.0,48114
48116,9192.0,30160.0,48115
48117,9192.0,30019.0,48116
48118,9192.0,30010.0,48117
48119,9192.0,30034.0,48118
48120,9192.0,29569.0,48119
48121,9192.0,29293.0,48120
48122,9192.0,29293.0,48121
48123,9192.0,30271.0,48122
48124,9192.0,29965.0,48123
48125,9192.0,30855.0,48124
48126,9192.0,30958.0,48125
48127,9192.0,30632.0,48126
48128,9192.0,30816.0,48127
48129,9192.0,31273.0,48128
48130,9192.0,30748.0,48129
48131,9192.0,30866.0,48130
48132,9192.0,30679.0,48131
48133,9192.0,31301.0,48132
48134,9192.0,31357.0,48133
48135,9192.0,30282.0,48134
48136,9192.0,29380.0,48135
48137,9192.0,29518.0,48136
48138,9192.0,29015.0,48137
48139,9192.0,28912.0,48138
48140,9192.0,28912.0,48139
48141,9192.0,27842.0,48140
48142,9192.0,28500.0,48141
48143,9192.0,28235.0,48142
48144,9192.0,28546.0,48143
48145,9192.0,28641.0,48144
48146,9192.0,28641.0,48145
48147,9192.0,28775.0,48146
48148,9192.0,27778.0,48147
48149,9192.0,27566.0,48148
48150,9192.0,27584.0,48149
48151,9192.0,27451.0,48150
48152,9192.0,27548.0,48151
48153,9192.0,27803.0,48152
48154,9192.0,26413.0,48153
48155,9192.0,26372.0,48154
48156,9192.0,25533.0,48155
48157,9192.0,25587.0,48156
48158,9192.0,28246.0,48157
48159,9192.0,27448.0,48158
48160,9192.0,27433.0,48159
48161,9192.0,27407.0,48160
48162,9192.0,27407.0,48161
48163,9192.0,28233.0,48162
48164,9192.0,29323.0,48163
48165,9192.0,29296.0,48164
48166,9192.0,29312.0,48165
48167,9192.0,28725.0,48166
48168,9192.0,28201.0,48167
48169,9192.0,28739.0,48168
48170,9192.0,28739.0,48169
48171,9192.0,28420.0,48170
48172,9192.0,29253.0,48171
48173,9192.0,28267.0,48172
48174,9192.0,28341.0,48173
48175,9192.0,28471.0,48174
48176,9192.0,28366.0,48175
48177,9192.0,28263.0,48176
48178,9192.0,28091.0,48177
48179,9192.0,27115.0,48178
48180,9192.0,26973.0,48179
48181,9192.0,26973.0,48180
48182,9192.0,27144.0,48181
48183,9192.0,27070.0,48182
48184,9192.0,26959.0,48183
48185,9192.0,27416.0,48184
48186,9192.0,28048.0,48185
48187,9192.0,26948.0,48186
48188,9192.0,26641.0,48187
48189,9192.0,26630.0,48188
48190,9192.0,26532.0,48189
48191,9192.0,26934.0,48190
48192,9192.0,27274.0,48191
48193,9192.0,27329.0,48192
48194,9192.0,27329.0,48193
48195,9192.0,28511.0,48194
48196,9192.0,28579.0,48195
48197,9192.0,28876.0,48196
48198,9192.0,28876.0,48197
48199,9192.0,29417.0,48198
48200,9192.0,29315.0,48199
48201,9192.0,29315.0,48200
48202,9192.0,28416.0,48201
48203,9192.0,28378.0,48202
48204,9192.0,28857.0,48203
48205,9192.0,28849.0,48204
48206,9192.0,28673.0,48205
48207,9192.0,29689.0,48206
48208,9192.0,29690.0,48207
48209,9192.0,29983.0,48208
48210,9192.0,29986.0,48209
48211,9192.0,29710.0,48210
48212,9192.0,29595.0,48211
48213,9192.0,31275.0,48212
48214,9192.0,31258.0,48213
48215,9192.0,31010.0,48214
48216,9192.0,30679.0,48215
48217,9192.0,31254.0,48216
48218,9192.0,31513.0,48217
48219,9192.0,30997.0,48218
48220,9192.0,30860.0,48219
48221,9192.0,30322.0,48220
48222,9192.0,30322.0,48221
48223,9192.0,30239.0,48222
48224,9192.0,29971.0,48223
48225,9192.0,30246.0,48224
48226,9192.0,30246.0,48225
48227,9192.0,30438.0,48226
48228,9192.0,30697.0,48227
48229,9192.0,30650.0,48228
48230,9192.0,30643.0,48229
48231,9192.0,30275.0,48230
48232,9192.0,30214.0,48231
48233,9192.0,29654.0,48232
48234,9192.0,30075.0,48233
48235,9192.0,29887.0,48234
48236,9192.0,30801.0,48235
48237,9192.0,30468.0,48236
48238,9192.0,30110.0,48237
48239,9192.0,30110.0,48238
48240,9192.0,30110.0,48239
48241,9192.0,30119.0,48240
48242,9192.0,30299.0,48241
48243,9192.0,30299.0,48242
48244,9192.0,29870.0,48243
48245,9192.0,30046.0,48244
48246,9192.0,29689.0,48245
48247,9192.0,29643.0,48246
48248,9192.0,30631.0,48247
48249,9192.0,30838.0,48248
48250,9192.0,30838.0,48249
48251,9192.0,30686.0,48250
48252,9192.0,31532.0,48251
48253,9192.0,30614.0,48252
48254,9192.0,30351.0,48253
48255,9192.0,30108.0,48254
48256,9192.0,29926.0,48255
48257,9192.0,29785.0,48256
48258,9192.0,30250.0,48257
48259,9192.0,31466.0,48258
48260,9192.0,31794.0,48259
48261,9192.0,30564.0,48260
48262,9192.0,30601.0,48261
48263,9192.0,30601.0,48262
48264,9192.0,30480.0,48263
48265,9192.0,30533.0,48264
48266,9192.0,29901.0,48265
48267,9192.0,28643.0,48266
48268,9192.0,28411.0,48267
48269,9192.0,29106.0,48268
48270,9192.0,29098.0,48269
48271,9192.0,29688.0,48270
48272,9192.0,29742.0,48271
48273,9192.0,29790.0,48272
48274,9192.0,29790.0,48273
48275,9192.0,29877.0,48274
48276,9192.0,29948.0,48275
48277,9192.0,29871.0,48276
48278,9192.0,29843.0,48277
48279,9192.0,29843.0,48278
48280,9192.0,28776.0,48279
48281,9192.0,27884.0,48280
48282,9192.0,28366.0,48281
48283,9192.0,28129.0,48282
48284,9192.0,27753.0,48283
48285,9192.0,27810.0,48284
48286,9192.0,28407.0,48285
48287,9192.0,28044.0,48286
48288,9192.0,27876.0,48287
48289,9192.0,27876.0,48288
48290,9192.0,27876.0,48289
48291,9192.0,27940.0,48290
48292,9192.0,28320.0,48291
48293,9192.0,27592.0,48292
48294,9192.0,27174.0,48293
48295,9192.0,27521.0,48294
48296,9192.0,26134.0,48295
48297,9192.0,26134.0,48296
48298,9192.0,26442.0,48297
48299,9192.0,26830.0,48298
48300,9192.0,26509.0,48299
48301,9192.0,27665.0,48300
48302,9192.0,27665.0,48301
48303,9192.0,27562.0,48302
48304,9192.0,27367.0,48303
48305,9192.0,27440.0,48304
48306,9192.0,27390.0,48305
48307,9192.0,27390.0,48306
48308,9192.0,27314.0,48307
48309,9192.0,27578.0,48308
48310,9192.0,27346.0,48309
48311,9192.0,27063.0,48310
48312,9192.0,27147.0,48311
48313,9192.0,27003.0,48312
48314,9192.0,26988.0,48313
48315,9192.0,27706.0,48314
48316,9192.0,26032.0,48315
48317,9192.0,26577.0,48316
48318,9192.0,26432.0,48317
48319,9192.0,26432.0,48318
48320,9192.0,26099.0,48319
48321,9192.0,26163.0,48320
48322,9192.0,26849.0,48321
48323,9192.0,26847.0,48322
48324,9192.0,27078.0,48323
48325,9192.0,27093.0,48324
48326,9192.0,26792.0,48325
48327,9192.0,26523.0,48326
48328,9192.0,27473.0,48327
48329,9192.0,27460.0,48328
48330,9192.0,27276.0,48329
48331,9192.0,27464.0,48330
48332,9192.0,27433.0,48331
48333,9192.0,27322.0,48332
48334,9192.0,26982.0,48333
48335,9192.0,26846.0,48334
48336,9192.0,26496.0,48335
48337,9192.0,26460.0,48336
48338,9192.0,26380.0,48337
48339,9192.0,26845.0,48338
48340,9192.0,26830.0,48339
48341,9192.0,26947.0,48340
48342,9192.0,28226.0,48341
48343,9192.0,29214.0,48342
48344,9192.0,29045.0,48343
48345,9192.0,28723.0,48344
48346,9192.0,28736.0,48345
48347,9192.0,28789.0,48346
48348,9192.0,29001.0,48347
48349,9192.0,29345.0,48348
48350,9192.0,29769.0,48349
48351,9192.0,29880.0,48350
48352,9192.0,29860.0,48351
48353,9192.0,29841.0,48352
48354,9192.0,29670.0,48353
48355,9192.0,30012.0,48354
48356,9192.0,30991.0,48355
48357,9192.0,31236.0,48356
48358,9192.0,30591.0,48357
48359,9192.0,30591.0,48358
48360,9192.0,29874.0,48359
48361,9192.0,30357.0,48360
48362,9192.0,30357.0,48361
48363,9192.0,30101.0,48362
48364,9192.0,30041.0,48363
48365,9192.0,30081.0,48364
48366,9192.0,30467.0,48365
48367,9192.0,30543.0,48366
48368,9192.0,30226.0,48367
48369,9192.0,29670.0,48368
48370,9192.0,29670.0,48369
48371,9192.0,29670.0,48370
48372,9192.0,29647.0,48371
48373,9192.0,30203.0,48372
48374,9192.0,30672.0,48373
48375,9192.0,30672.0,48374
48376,9192.0,30520.0,48375
48377,9192.0,29623.0,48376
48378,9192.0,29623.0,48377
48379,9192.0,29634.0,48378
48380,9192.0,29351.0,48379
48381,9192.0,29437.0,48380
48382,9192.0,29210.0,48381
48383,9192.0,29242.0,48382
48384,9192.0,29557.0,48383
48385,9192.0,28996.0,48384
48386,9192.0,28563.0,48385
48387,9192.0,29715.0,48386
48388,9192.0,29715.0,48387
48389,9192.0,30708.0,48388
48390,9192.0,31121.0,48389
48391,9192.0,31274.0,48390
48392,9192.0,31274.0,48391
48393,9192.0,31281.0,48392
48394,9192.0,29239.0,48393
48395,9192.0,28717.0,48394
48396,9192.0,28707.0,48395
48397,9192.0,28482.0,48396
48398,9192.0,28435.0,48397
48399,9192.0,28435.0,48398
48400,9192.0,27666.0,48399
48401,9192.0,27961.0,48400
48402,9192.0,28182.0,48401
48403,9192.0,28191.0,48402
48404,9192.0,28802.0,48403
48405,9192.0,29238.0,48404
48406,9192.0,29298.0,48405
48407,9192.0,29539.0,48406
48408,9192.0,28784.0,48407
48409,9192.0,28784.0,48408
48410,9192.0,28198.0,48409
48411,9192.0,28616.0,48410
48412,9192.0,28615.0,48411
48413,9192.0,27664.0,48412
48414,9192.0,27933.0,48413
48415,9192.0,27639.0,48414
48416,9192.0,28160.0,48415
48417,9192.0,28366.0,48416
48418,9192.0,27989.0,48417
48419,9192.0,28234.0,48418
48420,9192.0,27676.0,48419
48421,9192.0,27619.0,48420
48422,9192.0,27187.0,48421
48423,9192.0,27294.0,48422
48424,9192.0,26970.0,48423
48425,9192.0,27077.0,48424
48426,9192.0,27728.0,48425
48427,9192.0,27981.0,48426
48428,9192.0,28277.0,48427
48429,9192.0,27892.0,48428
48430,9192.0,27892.0,48429
48431,9192.0,27892.0,48430
48432,9192.0,28712.0,48431
48433,9192.0,28938.0,48432
48434,9192.0,29025.0,48433
48435,9192.0,28725.0,48434
48436,9192.0,28813.0,48435
48437,9192.0,29467.0,48436
48438,9192.0,29203.0,48437
48439,9192.0,29377.0,48438
48440,9192.0,28586.0,48439
48441,9192.0,28152.0,48440
48442,9192.0,28134.0,48441
48443,9192.0,28482.0,48442
48444,9192.0,28638.0,48443
48445,9192.0,28670.0,48444
48446,9192.0,28923.0,48445
48447,9192.0,28843.0,48446
48448,9192.0,29701.0,48447
48449,9192.0,29365.0,48448
48450,9192.0,29318.0,48449
48451,9192.0,29300.0,48450
48452,9192.0,29184.0,48451
48453,9192.0,28226.0,48452
48454,9192.0,28382.0,48453
48455,9192.0,27587.0,48454
48456,9192.0,27674.0,48455
48457,9192.0,27136.0,48456
48458,9192.0,26979.0,48457
48459,9192.0,27167.0,48458
48460,9192.0,27167.0,48459
48461,9192.0,27167.0,48460
48462,9192.0,27027.0,48461
48463,9192.0,27027.0,48462
48464,9192.0,26575.0,48463
48465,9192.0,26539.0,48464
48466,9192.0,26494.0,48465
48467,9192.0,27109.0,48466
48468,9192.0,27326.0,48467
48469,9192.0,27032.0,48468
48470,9192.0,27203.0,48469
48471,9192.0,27080.0,48470
48472,9192.0,27080.0,48471
48473,9192.0,27113.0,48472
48474,9192.0,26891.0,48473
48475,9192.0,26819.0,48474
48476,9192.0,26998.0,48475
48477,9192.0,26998.0,48476
48478,9192.0,26302.0,48477
48479,9192.0,26301.0,48478
48480,9192.0,26295.0,48479
48481,9192.0,27544.0,48480
48482,9192.0,27538.0,48481
48483,9192.0,27739.0,48482
48484,9192.0,27619.0,48483
48485,9192.0,28278.0,48484
48486,9192.0,28229.0,48485
48487,9192.0,28027.0,48486
48488,9192.0,28198.0,48487
48489,9192.0,28198.0,48488
48490,9192.0,28482.0,48489
48491,9192.0,28154.0,48490
48492,9192.0,28142.0,48491
48493,9192.0,28455.0,48492
48494,9192.0,28635.0,48493
48495,9192.0,28627.0,48494
48496,9192.0,28894.0,48495
48497,9192.0,28880.0,48496
48498,9192.0,28880.0,48497
48499,9192.0,28950.0,48498
48500,9192.0,28541.0,48499
48501,9192.0,28684.0,48500
48502,9192.0,28472.0,48501
48503,9192.0,28472.0,48502
48504,9192.0,28489.0,48503
48505,9192.0,28489.0,48504
48506,9192.0,28569.0,48505
48507,9192.0,28724.0,48506
48508,9192.0,29365.0,48507
48509,9192.0,29346.0,48508
48510,9192.0,28258.0,48509
48511,9192.0,28071.0,48510
48512,9192.0,28220.0,48511
48513,9192.0,28241.0,48512
48514,9192.0,28092.0,48513
48515,9192.0,27796.0,48514
48516,9192.0,27763.0,48515
48517,9192.0,27763.0,48516
48518,9192.0,27272.0,48517
48519,9192.0,26693.0,48518
48520,9192.0,26641.0,48519
48521,9192.0,25608.0,48520
48522,9192.0,25996.0,48521
48523,9192.0,25996.0,48522
48524,9192.0,25765.0,48523
48525,9192.0,25811.0,48524
48526,9192.0,25811.0,48525
48527,9192.0,25809.0,48526
48528,9192.0,25669.0,48527
48529,9192.0,25831.0,48528
48530,9192.0,25749.0,48529
48531,9192.0,26553.0,48530
48532,9192.0,26693.0,48531
48533,9192.0,27008.0,48532
48534,9192.0,26882.0,48533
48535,9192.0,26975.0,48534
48536,9192.0,27722.0,48535
48537,9192.0,27914.0,48536
48538,9192.0,27812.0,48537
48539,9192.0,27627.0,48538
48540,9192.0,28202.0,48539
48541,9192.0,28191.0,48540
48542,9192.0,27757.0,48541
48543,9192.0,27889.0,48542
48544,9192.0,28084.0,48543
48545,9192.0,28085.0,48544
48546,9192.0,28186.0,48545
48547,9192.0,28186.0,48546
48548,9192.0,28544.0,48547
48549,9192.0,28544.0,48548
48550,9192.0,28888.0,48549
48551,9192.0,29612.0,48550
48552,9192.0,29613.0,48551
48553,9192.0,29493.0,48552
48554,9192.0,29183.0,48553
48555,9192.0,29209.0,48554
48556,9192.0,29477.0,48555
48557,9192.0,28167.0,48556
48558,9192.0,27712.0,48557
48559,9192.0,27730.0,48558
48560,9192.0,27730.0,48559
48561,9192.0,28887.0,48560
48562,9192.0,27534.0,48561
48563,9192.0,28473.0,48562
48564,9192.0,28075.0,48563
48565,9192.0,26681.0,48564
48566,9192.0,26696.0,48565
48567,9192.0,26794.0,48566
48568,9192.0,26794.0,48567
48569,9192.0,27214.0,48568
48570,9192.0,27407.0,48569
48571,9192.0,27366.0,48570
48572,9192.0,28182.0,48571
48573,9192.0,28561.0,48572
48574,9192.0,28200.0,48573
48575,9192.0,28569.0,48574
48576,9192.0,28404.0,48575
48577,9192.0,28242.0,48576
48578,9192.0,28048.0,48577
48579,9192.0,26861.0,48578
48580,9192.0,27484.0,48579
48581,9192.0,27134.0,48580
48582,9192.0,28264.0,48581
48583,9192.0,28264.0,48582
48584,9192.0,27390.0,48583
48585,9192.0,27219.0,48584
48586,9192.0,27401.0,48585
48587,9192.0,27401.0,48586
48588,9192.0,27426.0,48587
48589,9192.0,27409.0,48588
48590,9192.0,27700.0,48589
48591,9192.0,26879.0,48590
48592,9192.0,27075.0,48591
48593,9192.0,27270.0,48592
48594,9192.0,27270.0,48593
48595,9192.0,27332.0,48594
48596,9192.0,29118.0,48595
48597,9192.0,29115.0,48596
48598,9192.0,29026.0,48597
48599,9192.0,29090.0,48598
48600,9192.0,29054.0,48599
48601,9192.0,29498.0,48600
48602,9192.0,28988.0,48601
48603,9192.0,28919.0,48602
48604,9192.0,28683.0,48603
48605,9192.0,28773.0,48604
48606,9192.0,28774.0,48605
48607,9192.0,28917.0,48606
48608,9192.0,29389.0,48607
48609,9192.0,30307.0,48608
48610,9192.0,30741.0,48609
48611,9192.0,30728.0,48610
48612,9192.0,30646.0,48611
48613,9192.0,30595.0,48612
48614,9192.0,30452.0,48613
48615,9192.0,29884.0,48614
48616,9192.0,29981.0,48615
48617,9192.0,30292.0,48616
48618,9192.0,30638.0,48617
48619,9192.0,31967.0,48618
48620,9192.0,32131.0,48619
48621,9192.0,31325.0,48620
48622,9192.0,30373.0,48621
48623,9192.0,29233.0,48622
48624,9192.0,28853.0,48623
48625,9192.0,29809.0,48624
48626,9192.0,29943.0,48625
48627,9192.0,28904.0,48626
48628,9192.0,28830.0,48627
48629,9192.0,28797.0,48628
48630,9192.0,30035.0,48629
48631,9192.0,30744.0,48630
48632,9192.0,30602.0,48631
48633,9192.0,30276.0,48632
48634,9192.0,31093.0,48633
48635,9192.0,30965.0,48634
48636,9192.0,30735.0,48635
48637,9192.0,30901.0,48636
48638,9192.0,30545.0,48637
48639,9192.0,30446.0,48638
48640,9192.0,30178.0,48639
48641,9192.0,29541.0,48640
48642,9192.0,29573.0,48641
48643,9192.0,29159.0,48642
48644,9192.0,29448.0,48643
48645,9192.0,29621.0,48644
48646,9192.0,29973.0,48645
48647,9192.0,29501.0,48646
48648,9192.0,29501.0,48647
48649,9192.0,29391.0,48648
48650,9192.0,29296.0,48649
48651,9192.0,29280.0,48650
48652,9192.0,28969.0,48651
48653,9192.0,27610.0,48652
48654,9192.0,28006.0,48653
48655,9192.0,28674.0,48654
48656,9192.0,28819.0,48655
48657,9192.0,28565.0,48656
48658,9192.0,28794.0,48657
48659,9192.0,28541.0,48658
48660,9192.0,27828.0,48659
48661,9192.0,28158.0,48660
48662,9192.0,28403.0,48661
48663,9192.0,28403.0,48662
48664,9192.0,28326.0,48663
48665,9192.0,28363.0,48664
48666,9192.0,28139.0,48665
48667,9192.0,28065.0,48666
48668,9192.0,27811.0,48667
48669,9192.0,27889.0,48668
48670,9192.0,26770.0,48669
48671,9192.0,26761.0,48670
48672,9192.0,26761.0,48671
48673,9192.0,26613.0,48672
48674,9192.0,27051.0,48673
48675,9192.0,26527.0,48674
48676,9192.0,26527.0,48675
48677,9192.0,25862.0,48676
48678,9192.0,26114.0,48677
48679,9192.0,26155.0,48678
48680,9192.0,26175.0,48679
48681,9192.0,25843.0,48680
48682,9192.0,25552.0,48681
48683,9192.0,25539.0,48682
48684,9192.0,25189.0,48683
48685,9192.0,25302.0,48684
48686,9192.0,25406.0,48685
48687,9192.0,25164.0,48686
48688,9192.0,25164.0,48687
48689,9192.0,25200.0,48688
48690,9192.0,25664.0,48689
48691,9192.0,26285.0,48690
48692,9192.0,26285.0,48691
48693,9192.0,25656.0,48692
48694,9192.0,26663.0,48693
48695,9192.0,26663.0,48694
48696,9192.0,26892.0,48695
48697,9192.0,27736.0,48696
48698,9192.0,27828.0,48697
48699,9192.0,28261.0,48698
48700,9192.0,28060.0,48699
48701,9192.0,28135.0,48700
48702,9192.0,28586.0,48701
48703,9192.0,28598.0,48702
48704,9192.0,28363.0,48703
48705,9192.0,28366.0,48704
48706,9192.0,28366.0,48705
48707,9192.0,28366.0,48706
48708,9192.0,28382.0,48707
48709,9192.0,28339.0,48708
48710,9192.0,28339.0,48709
48711,9192.0,28388.0,48710
48712,9192.0,28563.0,48711
48713,9192.0,27481.0,48712
48714,9192.0,27622.0,48713
48715,9192.0,27666.0,48714
48716,9192.0,27848.0,48715
48717,9192.0,27758.0,48716
48718,9192.0,27685.0,48717
48719,9192.0,28243.0,48718
48720,9192.0,28240.0,48719
48721,9192.0,28572.0,48720
48722,9192.0,28546.0,48721
48723,9192.0,30044.0,48722
48724,9192.0,29743.0,48723
48725,9192.0,29552.0,48724
48726,9192.0,29269.0,48725
48727,9192.0,29524.0,48726
48728,9192.0,29480.0,48727
48729,9192.0,29702.0,48728
48730,9192.0,30014.0,48729
48731,9192.0,27017.0,48730
48732,9192.0,27281.0,48731
48733,9192.0,26832.0,48732
48734,9192.0,25416.0,48733
48735,9192.0,25181.0,48734
48736,9192.0,24487.0,48735
48737,9192.0,24484.0,48736
48738,9192.0,23215.0,48737
48739,9192.0,23215.0,48738
48740,9192.0,22840.0,48739
48741,9192.0,22973.0,48740
48742,9192.0,22933.0,48741
48743,9192.0,23488.0,48742
48744,9192.0,22994.0,48743
48745,9192.0,23107.0,48744
48746,9192.0,24159.0,48745
48747,9192.0,24099.0,48746
48748,9192.0,23765.0,48747
48749,9192.0,23934.0,48748
48750,9192.0,23585.0,48749
48751,9192.0,23556.0,48750
48752,9192.0,23309.0,48751
48753,9192.0,23675.0,48752
48754,9192.0,23699.0,48753
48755,9192.0,23780.0,48754
48756,9192.0,23780.0,48755
48757,9192.0,24262.0,48756
48758,9192.0,24283.0,48757
48759,9192.0,23772.0,48758
48760,9192.0,23618.0,48759
48761,9192.0,23618.0,48760
48762,9192.0,23618.0,48761
48763,9192.0,23851.0,48762
48764,9192.0,24076.0,48763
48765,9192.0,24238.0,48764
48766,9192.0,25144.0,48765
48767,9192.0,24747.0,48766
48768,9192.0,25076.0,48767
48769,9192.0,24865.0,48768
48770,9192.0,24970.0,48769
48771,9192.0,25800.0,48770
48772,9192.0,26976.0,48771
48773,9192.0,27359.0,48772
48774,9192.0,27359.0,48773
48775,9192.0,26385.0,48774
48776,9192.0,26356.0,48775
48777,9192.0,25720.0,48776
48778,9192.0,25599.0,48777
48779,9192.0,25795.0,48778
48780,9192.0,25468.0,48779
48781,9192.0,25328.0,48780
48782,9192.0,24768.0,48781
48783,9192.0,25286.0,48782
48784,9192.0,25985.0,48783
48785,9192.0,26151.0,48784
48786,9192.0,25503.0,48785
48787,9192.0,25738.0,48786
48788,9192.0,25812.0,48787
48789,9192.0,25612.0,48788
48790,9192.0,26299.0,48789
48791,9192.0,26627.0,48790
48792,9192.0,26369.0,48791
48793,9192.0,26382.0,48792
48794,9192.0,26630.0,48793
48795,9192.0,26939.0,48794
48796,9192.0,26228.0,48795
48797,9192.0,26296.0,48796
48798,9192.0,27670.0,48797
48799,9192.0,27018.0,48798
48800,9192.0,27018.0,48799
48801,9192.0,26613.0,48800
48802,9192.0,26669.0,48801
48803,9192.0,26561.0,48802
48804,9192.0,27442.0,48803
48805,9192.0,27745.0,48804
48806,9192.0,28053.0,48805
48807,9192.0,27907.0,48806
48808,9192.0,29097.0,48807
48809,9192.0,29097.0,48808
48810,9192.0,28861.0,48809
48811,9192.0,28861.0,48810
48812,9192.0,28861.0,48811
48813,9192.0,28949.0,48812
48814,9192.0,29133.0,48813
48815,9192.0,29133.0,48814
48816,9192.0,29131.0,48815
48817,9192.0,29426.0,48816
48818,9192.0,29359.0,48817
48819,9192.0,29359.0,48818
48820,9192.0,29251.0,48819
48821,9192.0,28177.0,48820
48822,9192.0,28163.0,48821
48823,9192.0,27931.0,48822
48824,9192.0,28058.0,48823
48825,9192.0,28077.0,48824
48826,9192.0,28077.0,48825
48827,9192.0,28077.0,48826
48828,9192.0,28059.0,48827
48829,9192.0,28017.0,48828
48830,9192.0,28024.0,48829
48831,9192.0,28239.0,48830
48832,9192.0,28586.0,48831
48833,9192.0,28412.0,48832
48834,9192.0,28830.0,48833
48835,9192.0,28818.0,48834
48836,9192.0,28964.0,48835
48837,9192.0,28964.0,48836
48838,9192.0,28185.0,48837
48839,9192.0,29048.0,48838
48840,9192.0,28948.0,48839
48841,9192.0,28948.0,48840
48842,9192.0,29073.0,48841
48843,9192.0,28976.0,48842
48844,9192.0,28195.0,48843
48845,9192.0,29439.0,48844
48846,9192.0,29439.0,48845
48847,9192.0,29426.0,48846
48848,9192.0,30004.0,48847
48849,9192.0,29354.0,48848
48850,9192.0,29329.0,48849
48851,9192.0,29962.0,48850
48852,9192.0,29290.0,48851
48853,9192.0,29887.0,48852
48854,9192.0,29933.0,48853
48855,9192.0,29948.0,48854
48856,9192.0,29249.0,48855
48857,9192.0,30357.0,48856
48858,9192.0,30206.0,48857
48859,9192.0,29993.0,48858
48860,9192.0,30605.0,48859
48861,9192.0,30829.0,48860
48862,9192.0,29613.0,48861
48863,9192.0,29608.0,48862
48864,9192.0,29622.0,48863
48865,9192.0,29746.0,48864
48866,9192.0,29872.0,48865
48867,9192.0,29872.0,48866
48868,9192.0,29829.0,48867
48869,9192.0,30058.0,48868
48870,9192.0,29252.0,48869
48871,9192.0,28023.0,48870
48872,9192.0,28228.0,48871
48873,9192.0,28228.0,48872
48874,9192.0,28266.0,48873
48875,9192.0,28384.0,48874
48876,9192.0,28161.0,48875
48877,9192.0,28162.0,48876
48878,9192.0,28181.0,48877
48879,9192.0,28773.0,48878
48880,9192.0,28731.0,48879
48881,9192.0,29582.0,48880
48882,9192.0,29575.0,48881
48883,9192.0,29787.0,48882
48884,9192.0,30321.0,48883
48885,9192.0,31078.0,48884
48886,9192.0,30813.0,48885
48887,9192.0,31066.0,48886
48888,9192.0,30949.0,48887
48889,9192.0,30468.0,48888
48890,9192.0,30504.0,48889
48891,9192.0,30485.0,48890
48892,9192.0,31470.0,48891
48893,9192.0,31478.0,48892
48894,9192.0,31537.0,48893
48895,9192.0,32001.0,48894
48896,9192.0,31961.0,48895
48897,9192.0,32031.0,48896
48898,9192.0,32031.0,48897
48899,9192.0,31729.0,48898
48900,9192.0,31654.0,48899
48901,9192.0,31386.0,48900
48902,9192.0,32077.0,48901
48903,9192.0,32176.0,48902
48904,9192.0,31651.0,48903
48905,9192.0,31494.0,48904
48906,9192.0,31596.0,48905
48907,9192.0,31711.0,48906
48908,9192.0,31434.0,48907
48909,9192.0,31514.0,48908
48910,9192.0,32432.0,48909
48911,9192.0,32564.0,48910
48912,9192.0,32389.0,48911
48913,9192.0,32420.0,48912
48914,9192.0,32137.0,48913
48915,9192.0,31507.0,48914
48916,9192.0,28744.0,48915
48917,9192.0,28610.0,48916
48918,9192.0,28292.0,48917
48919,9192.0,28146.0,48918
48920,9192.0,28076.0,48919
48921,9192.0,27939.0,48920
48922,9192.0,27151.0,48921
48923,9192.0,25876.0,48922
48924,9192.0,26931.0,48923
48925,9192.0,26798.0,48924
48926,9192.0,26677.0,48925
48927,9192.0,25961.0,48926
48928,9192.0,25664.0,48927
48929,9192.0,25606.0,48928
48930,9192.0,25672.0,48929
48931,9192.0,26605.0,48930
48932,9192.0,26331.0,48931
48933,9192.0,26236.0,48932
48934,9192.0,26152.0,48933
48935,9192.0,26276.0,48934
48936,9192.0,26274.0,48935
48937,9192.0,26205.0,48936
48938,9192.0,26071.0,48937
48939,9192.0,25833.0,48938
48940,9192.0,25878.0,48939
48941,9192.0,26368.0,48940
48942,9192.0,26273.0,48941
48943,9192.0,26680.0,48942
48944,9192.0,27656.0,48943
48945,9192.0,28064.0,48944
48946,9192.0,28240.0,48945
48947,9192.0,28291.0,48946
48948,9192.0,28173.0,48947
48949,9192.0,29491.0,48948
48950,9192.0,29335.0,48949
48951,9192.0,29319.0,48950
48952,9192.0,30235.0,48951
48953,9192.0,29976.0,48952
48954,9192.0,29916.0,48953
48955,9192.0,30394.0,48954
48956,9192.0,30351.0,48955
48957,9192.0,30228.0,48956
48958,9192.0,30235.0,48957
48959,9192.0,30186.0,48958
48960,9192.0,30289.0,48959
48961,9192.0,30246.0,48960
48962,9192.0,30270.0,48961
48963,9192.0,30770.0,48962
48964,9192.0,30527.0,48963
48965,9192.0,30342.0,48964
48966,9192.0,30316.0,48965
48967,9192.0,28695.0,48966
48968,9192.0,28813.0,48967
48969,9192.0,28733.0,48968
48970,9192.0,28733.0,48969
48971,9192.0,28590.0,48970
48972,9192.0,27706.0,48971
48973,9192.0,27657.0,48972
48974,9192.0,27657.0,48973
48975,9192.0,28044.0,48974
48976,9192.0,27657.0,48975
48977,9192.0,27546.0,48976
48978,9192.0,27615.0,48977
48979,9192.0,27575.0,48978
48980,9192.0,27583.0,48979
48981,9192.0,27250.0,48980
48982,9192.0,27018.0,48981
48983,9192.0,27063.0,48982
48984,9192.0,27664.0,48983
48985,9192.0,27106.0,48984
48986,9192.0,26200.0,48985
48987,9192.0,26153.0,48986
48988,9192.0,25011.0,48987
48989,9192.0,24855.0,48988
48990,9192.0,24160.0,48989
48991,9192.0,25348.0,48990
48992,9192.0,25852.0,48991
48993,9192.0,25484.0,48992
48994,9192.0,25630.0,48993
48995,9192.0,25402.0,48994
48996,9192.0,25929.0,48995
48997,9192.0,25437.0,48996
48998,9192.0,25436.0,48997
48999,9192.0,27134.0,48998
49000,9192.0,27134.0,48999
49001,9192.0,27170.0,49000
49002,9192.0,27294.0,49001
49003,9192.0,27287.0,49002
49004,9192.0,27345.0,49003
49005,9192.0,27420.0,49004
49006,9192.0,27420.0,49005
49007,9192.0,28263.0,49006
49008,9192.0,28220.0,49007
49009,9192.0,28268.0,49008
49010,9192.0,28235.0,49009
49011,9192.0,28063.0,49010
49012,9192.0,28888.0,49011
49013,9192.0,28302.0,49012
49014,9192.0,28235.0,49013
49015,9192.0,27598.0,49014
49016,9192.0,27343.0,49015
49017,9192.0,27481.0,49016
49018,9192.0,27467.0,49017
49019,9192.0,27568.0,49018
49020,9192.0,27971.0,49019
49021,9192.0,28201.0,49020
49022,9192.0,28557.0,49021
49023,9192.0,28865.0,49022
49024,9192.0,28585.0,49023
49025,9192.0,28434.0,49024
49026,9192.0,28533.0,49025
49027,9192.0,28820.0,49026
49028,9192.0,28787.0,49027
49029,9192.0,29612.0,49028
49030,9192.0,29612.0,49029
49031,9192.0,29636.0,49030
49032,9192.0,29686.0,49031
49033,9192.0,29812.0,49032
49034,9192.0,29652.0,49033
49035,9192.0,29807.0,49034
49036,9192.0,29645.0,49035
49037,9192.0,29701.0,49036
49038,9192.0,29850.0,49037
49039,9192.0,29387.0,49038
49040,9192.0,29387.0,49039
49041,9192.0,29282.0,49040
49042,9192.0,29282.0,49041
49043,9192.0,29281.0,49042
49044,9192.0,29021.0,49043
49045,9192.0,29251.0,49044
49046,9192.0,29277.0,49045
49047,9192.0,28620.0,49046
49048,9192.0,28691.0,49047
49049,9192.0,28971.0,49048
49050,9192.0,29517.0,49049
49051,9192.0,29560.0,49050
49052,9192.0,30362.0,49051
49053,9192.0,31542.0,49052
49054,9192.0,31682.0,49053
49055,9192.0,31727.0,49054
49056,9192.0,31712.0,49055
49057,9192.0,31823.0,49056
49058,9192.0,31815.0,49057
49059,9192.0,31174.0,49058
49060,9192.0,31322.0,49059
49061,9192.0,30022.0,49060
49062,9192.0,29864.0,49061
49063,9192.0,29982.0,49062
49064,9192.0,30306.0,49063
49065,9192.0,30207.0,49064
49066,9192.0,29884.0,49065
49067,9192.0,29884.0,49066
49068,9192.0,29995.0,49067
49069,9192.0,29996.0,49068
49070,9192.0,29892.0,49069
49071,9192.0,29931.0,49070
49072,9192.0,29040.0,49071
49073,9192.0,28744.0,49072
49074,9192.0,28795.0,49073
49075,9192.0,29970.0,49074
49076,9192.0,30508.0,49075
49077,9192.0,31001.0,49076
49078,9192.0,30829.0,49077
49079,9192.0,29966.0,49078
49080,9192.0,30329.0,49079
49081,9192.0,30342.0,49080
49082,9192.0,30403.0,49081
49083,9192.0,30676.0,49082
49084,9192.0,30580.0,49083
49085,9192.0,30507.0,49084
49086,9192.0,30254.0,49085
49087,9192.0,30357.0,49086
49088,9192.0,30309.0,49087
49089,9192.0,30309.0,49088
49090,9192.0,30377.0,49089
49091,9192.0,30185.0,49090
49092,9192.0,30388.0,49091
49093,9192.0,30218.0,49092
49094,9192.0,30218.0,49093
49095,9192.0,30329.0,49094
49096,9192.0,30519.0,49095
49097,9192.0,30409.0,49096
49098,9192.0,30762.0,49097
49099,9192.0,30305.0,49098
49100,9192.0,30888.0,49099
49101,9192.0,30651.0,49100
49102,9192.0,30545.0,49101
49103,9192.0,29907.0,49102
49104,9192.0,29028.0,49103
49105,9192.0,30183.0,49104
49106,9192.0,29773.0,49105
49107,9192.0,29773.0,49106
49108,9192.0,30522.0,49107
49109,9192.0,30788.0,49108
49110,9192.0,30581.0,49109
49111,9192.0,30582.0,49110
49112,9192.0,30582.0,49111
49113,9192.0,30664.0,49112
49114,9192.0,30716.0,49113
49115,9192.0,30208.0,49114
49116,9192.0,29990.0,49115
49117,9192.0,30366.0,49116
49118,9192.0,29699.0,49117
49119,9192.0,29851.0,49118
49120,9192.0,30581.0,49119
49121,9192.0,29396.0,49120
49122,9192.0,29530.0,49121
49123,9192.0,30021.0,49122
49124,9192.0,30016.0,49123
49125,9192.0,30241.0,49124
49126,9192.0,30297.0,49125
49127,9192.0,30193.0,49126
49128,9192.0,29840.0,49127
49129,9192.0,29730.0,49128
49130,9192.0,29287.0,49129
49131,9192.0,29076.0,49130
49132,9192.0,29026.0,49131
49133,9192.0,29987.0,49132
49134,9192.0,29983.0,49133
49135,9192.0,30062.0,49134
49136,9192.0,30109.0,49135
49137,9192.0,30106.0,49136
49138,9192.0,30289.0,49137
49139,9192.0,30292.0,49138
49140,9192.0,30068.0,49139
49141,9192.0,30164.0,49140
49142,9192.0,30900.0,49141
49143,9192.0,29635.0,49142
49144,9192.0,28723.0,49143
49145,9192.0,28733.0,49144
49146,9192.0,28736.0,49145
49147,9192.0,29066.0,49146
49148,9192.0,29066.0,49147
49149,9192.0,29416.0,49148
49150,9192.0,29573.0,49149
49151,9192.0,28638.0,49150
49152,9192.0,29508.0,49151
49153,9192.0,29122.0,49152
49154,9192.0,28611.0,49153
49155,9192.0,28784.0,49154
49156,9192.0,28885.0,49155
49157,9192.0,28815.0,49156
49158,9192.0,29097.0,49157
49159,9192.0,30628.0,49158
49160,9192.0,30251.0,49159
49161,9192.0,30588.0,49160
49162,9192.0,30174.0,49161
49163,9192.0,29940.0,49162
49164,9192.0,29762.0,49163
49165,9192.0,29672.0,49164
49166,9192.0,29249.0,49165
49167,9192.0,27960.0,49166
49168,9192.0,27960.0,49167
49169,9192.0,27556.0,49168
49170,9192.0,27629.0,49169
49171,9192.0,27390.0,49170
49172,9192.0,26719.0,49171
49173,9192.0,27195.0,49172
49174,9192.0,28194.0,49173
49175,9192.0,28036.0,49174
49176,9192.0,28059.0,49175
49177,9192.0,27659.0,49176
49178,9192.0,28207.0,49177
49179,9192.0,28647.0,49178
49180,9192.0,28528.0,49179
49181,9192.0,28036.0,49180
49182,9192.0,28149.0,49181
49183,9192.0,29759.0,49182
49184,9192.0,29849.0,49183
49185,9192.0,29849.0,49184
49186,9192.0,30764.0,49185
49187,9192.0,30917.0,49186
49188,9192.0,31262.0,49187
49189,9192.0,30988.0,49188
49190,9192.0,31031.0,49189
49191,9192.0,31290.0,49190
49192,9192.0,31676.0,49191
49193,9192.0,31834.0,49192
49194,9192.0,31673.0,49193
49195,9192.0,32248.0,49194
49196,9192.0,31746.0,49195
49197,9192.0,31621.0,49196
49198,9192.0,30939.0,49197
49199,9192.0,30003.0,49198
49200,9192.0,30169.0,49199
49201,9192.0,30386.0,49200
49202,9192.0,30338.0,49201
49203,9192.0,30438.0,49202
49204,9192.0,30633.0,49203
49205,9192.0,30151.0,49204
49206,9192.0,29458.0,49205
49207,9192.0,29089.0,49206
49208,9192.0,28077.0,49207
49209,9192.0,28077.0,49208
49210,9192.0,28119.0,49209
49211,9192.0,27899.0,49210
49212,9192.0,28191.0,49211
49213,9192.0,27597.0,49212
49214,9192.0,26717.0,49213
49215,9192.0,27636.0,49214
49216,9192.0,27744.0,49215
49217,9192.0,27818.0,49216
49218,9192.0,28208.0,49217
49219,9192.0,28188.0,49218
49220,9192.0,28157.0,49219
49221,9192.0,28826.0,49220
49222,9192.0,27484.0,49221
49223,9192.0,27350.0,49222
49224,9192.0,27177.0,49223
49225,9192.0,27038.0,49224
49226,9192.0,27302.0,49225
49227,9192.0,27102.0,49226
49228,9192.0,26823.0,49227
49229,9192.0,27101.0,49228
49230,9192.0,26822.0,49229
49231,9192.0,25727.0,49230
49232,9192.0,25838.0,49231
49233,9192.0,25671.0,49232
49234,9192.0,25671.0,49233
49235,9192.0,26542.0,49234
49236,9192.0,25571.0,49235
49237,9192.0,26064.0,49236
49238,9192.0,26035.0,49237
49239,9192.0,26035.0,49238
49240,9192.0,26220.0,49239
49241,9192.0,26595.0,49240
49242,9192.0,26441.0,49241
49243,9192.0,26467.0,49242
49244,9192.0,26609.0,49243
49245,9192.0,26912.0,49244
49246,9192.0,27659.0,49245
49247,9192.0,27669.0,49246
49248,9192.0,27611.0,49247
49249,9192.0,28039.0,49248
49250,9192.0,27940.0,49249
49251,9192.0,27306.0,49250
49252,9192.0,27563.0,49251
49253,9192.0,27102.0,49252
49254,9192.0,27363.0,49253
49255,9192.0,26628.0,49254
49256,9192.0,26016.0,49255
49257,9192.0,26058.0,49256
49258,9192.0,26337.0,49257
49259,9192.0,26593.0,49258
49260,9192.0,26793.0,49259
49261,9192.0,26052.0,49260
49262,9192.0,26036.0,49261
49263,9192.0,26191.0,49262
49264,9192.0,25979.0,49263
49265,9192.0,25742.0,49264
49266,9192.0,26334.0,49265
49267,9192.0,26488.0,49266
49268,9192.0,28152.0,49267
49269,9192.0,28039.0,49268
49270,9192.0,28039.0,49269
49271,9192.0,28039.0,49270
49272,9192.0,28008.0,49271
49273,9192.0,27729.0,49272
49274,9192.0,28080.0,49273
49275,9192.0,28079.0,49274
49276,9192.0,28219.0,49275
49277,9192.0,28269.0,49276
49278,9192.0,28682.0,49277
49279,9192.0,28097.0,49278
49280,9192.0,28154.0,49279
49281,9192.0,28414.0,49280
49282,9192.0,28952.0,49281
49283,9192.0,28607.0,49282
49284,9192.0,28427.0,49283
49285,9192.0,29407.0,49284
49286,9192.0,29327.0,49285
49287,9192.0,29530.0,49286
49288,9192.0,29154.0,49287
49289,9192.0,29059.0,49288
49290,9192.0,29227.0,49289
49291,9192.0,29465.0,49290
49292,9192.0,29513.0,49291
49293,9192.0,29529.0,49292
49294,9192.0,29846.0,49293
49295,9192.0,29848.0,49294
49296,9192.0,29605.0,49295
49297,9192.0,29665.0,49296
49298,9192.0,29750.0,49297
49299,9192.0,29624.0,49298
49300,9192.0,29645.0,49299
49301,9192.0,29804.0,49300
49302,9192.0,29781.0,49301
49303,9192.0,31087.0,49302
49304,9192.0,30291.0,49303
49305,9192.0,31307.0,49304
49306,9192.0,31564.0,49305
49307,9192.0,30865.0,49306
49308,9192.0,31049.0,49307
49309,9192.0,30568.0,49308
49310,9192.0,30669.0,49309
49311,9192.0,30526.0,49310
49312,9192.0,30420.0,49311
49313,9192.0,30198.0,49312
49314,9192.0,29944.0,49313
49315,9192.0,30001.0,49314
49316,9192.0,30963.0,49315
49317,9192.0,30845.0,49316
49318,9192.0,32056.0,49317
49319,9192.0,31517.0,49318
49320,9192.0,31331.0,49319
49321,9192.0,30328.0,49320
49322,9192.0,30366.0,49321
49323,9192.0,30061.0,49322
49324,9192.0,29989.0,49323
49325,9192.0,30298.0,49324
49326,9192.0,30736.0,49325
49327,9192.0,31109.0,49326
49328,9192.0,30799.0,49327
49329,9192.0,30940.0,49328
49330,9192.0,31160.0,49329
49331,9192.0,31160.0,49330
49332,9192.0,29551.0,49331
49333,9192.0,29462.0,49332
49334,9192.0,29152.0,49333
49335,9192.0,29148.0,49334
49336,9192.0,29160.0,49335
49337,9192.0,28725.0,49336
49338,9192.0,28636.0,49337
49339,9192.0,28797.0,49338
49340,9192.0,28726.0,49339
49341,9192.0,29554.0,49340
49342,9192.0,29543.0,49341
49343,9192.0,29653.0,49342
49344,9192.0,30049.0,49343
49345,9192.0,30017.0,49344
49346,9192.0,30361.0,49345
49347,9192.0,30700.0,49346
49348,9192.0,30762.0,49347
49349,9192.0,30462.0,49348
49350,9192.0,29420.0,49349
49351,9192.0,30622.0,49350
49352,9192.0,29232.0,49351
49353,9192.0,29231.0,49352
49354,9192.0,28997.0,49353
49355,9192.0,29160.0,49354
49356,9192.0,30112.0,49355
49357,9192.0,29849.0,49356
49358,9192.0,29870.0,49357
49359,9192.0,29869.0,49358
49360,9192.0,30281.0,49359
49361,9192.0,29244.0,49360
49362,9192.0,28889.0,49361
49363,9192.0,28922.0,49362
49364,9192.0,28444.0,49363
49365,9192.0,28877.0,49364
49366,9192.0,28813.0,49365
49367,9192.0,26936.0,49366
49368,9192.0,27052.0,49367
49369,9192.0,27164.0,49368
49370,9192.0,27267.0,49369
49371,9192.0,27657.0,49370
49372,9192.0,27674.0,49371
49373,9192.0,27991.0,49372
49374,9192.0,27094.0,49373
49375,9192.0,27067.0,49374
49376,9192.0,27067.0,49375
49377,9192.0,28081.0,49376
49378,9192.0,27474.0,49377
49379,9192.0,27105.0,49378
49380,9192.0,26711.0,49379
49381,9192.0,26822.0,49380
49382,9192.0,26919.0,49381
49383,9192.0,28025.0,49382
49384,9192.0,26910.0,49383
49385,9192.0,27396.0,49384
49386,9192.0,26908.0,49385
49387,9192.0,26769.0,49386
49388,9192.0,26810.0,49387
49389,9192.0,25952.0,49388
49390,9192.0,26140.0,49389
49391,9192.0,26084.0,49390
49392,9192.0,26032.0,49391
49393,9192.0,26307.0,49392
49394,9192.0,26003.0,49393
49395,9192.0,26111.0,49394
49396,9192.0,27022.0,49395
49397,9192.0,27773.0,49396
49398,9192.0,27651.0,49397
49399,9192.0,27478.0,49398
49400,9192.0,27412.0,49399
49401,9192.0,27496.0,49400
49402,9192.0,27665.0,49401
49403,9192.0,27654.0,49402
49404,9192.0,27755.0,49403
49405,9192.0,27674.0,49404
49406,9192.0,28014.0,49405
49407,9192.0,28091.0,49406
49408,9192.0,27999.0,49407
49409,9192.0,28269.0,49408
49410,9192.0,28213.0,49409
49411,9192.0,28265.0,49410
49412,9192.0,27109.0,49411
49413,9192.0,28209.0,49412
49414,9192.0,28432.0,49413
49415,9192.0,29693.0,49414
49416,9192.0,29616.0,49415
49417,9192.0,29714.0,49416
49418,9192.0,29652.0,49417
49419,9192.0,29359.0,49418
49420,9192.0,29265.0,49419
49421,9192.0,29265.0,49420
49422,9192.0,29094.0,49421
49423,9192.0,29207.0,49422
49424,9192.0,29682.0,49423
49425,9192.0,29652.0,49424
49426,9192.0,29587.0,49425
49427,9192.0,29583.0,49426
49428,9192.0,29553.0,49427
49429,9192.0,29901.0,49428
49430,9192.0,29901.0,49429
49431,9192.0,29750.0,49430
49432,9192.0,29729.0,49431
49433,9192.0,29669.0,49432
49434,9192.0,28421.0,49433
49435,9192.0,27740.0,49434
49436,9192.0,27711.0,49435
49437,9192.0,27443.0,49436
49438,9192.0,27098.0,49437
49439,9192.0,27359.0,49438
49440,9192.0,27359.0,49439
49441,9192.0,27275.0,49440
49442,9192.0,27172.0,49441
49443,9192.0,28552.0,49442
49444,9192.0,28550.0,49443
49445,9192.0,29675.0,49444
49446,9192.0,29672.0,49445
49447,9192.0,29757.0,49446
49448,9192.0,29755.0,49447
49449,9192.0,29775.0,49448
49450,9192.0,29492.0,49449
49451,9192.0,29389.0,49450
49452,9192.0,29389.0,49451
49453,9192.0,29423.0,49452
49454,9192.0,30030.0,49453
49455,9192.0,30030.0,49454
49456,9192.0,30084.0,49455
49457,9192.0,30084.0,49456
49458,9192.0,29914.0,49457
49459,9192.0,30028.0,49458
49460,9192.0,30321.0,49459
49461,9192.0,30069.0,49460
49462,9192.0,30075.0,49461
49463,9192.0,30140.0,49462
49464,9192.0,30197.0,49463
49465,9192.0,29899.0,49464
49466,9192.0,29557.0,49465
49467,9192.0,29533.0,49466
49468,9192.0,29067.0,49467
49469,9192.0,29067.0,49468
49470,9192.0,27734.0,49469
49471,9192.0,27832.0,49470
49472,9192.0,27880.0,49471
49473,9192.0,27800.0,49472
49474,9192.0,27640.0,49473
49475,9192.0,27883.0,49474
49476,9192.0,27975.0,49475
49477,9192.0,28000.0,49476
49478,9192.0,27751.0,49477
49479,9192.0,27765.0,49478
49480,9192.0,27522.0,49479
49481,9192.0,26839.0,49480
49482,9192.0,26706.0,49481
49483,9192.0,26706.0,49482
49484,9192.0,27214.0,49483
49485,9192.0,27678.0,49484
49486,9192.0,27902.0,49485
49487,9192.0,28031.0,49486
49488,9192.0,27813.0,49487
49489,9192.0,28771.0,49488
49490,9192.0,29215.0,49489
49491,9192.0,29500.0,49490
49492,9192.0,29386.0,49491
49493,9192.0,29301.0,49492
49494,9192.0,29695.0,49493
49495,9192.0,28429.0,49494
49496,9192.0,27456.0,49495
49497,9192.0,27599.0,49496
49498,9192.0,27640.0,49497
49499,9192.0,28079.0,49498
49500,9192.0,28026.0,49499
49501,9192.0,28325.0,49500
49502,9192.0,28363.0,49501
49503,9192.0,28461.0,49502
49504,9192.0,29357.0,49503
49505,9192.0,29115.0,49504
49506,9192.0,29191.0,49505
49507,9192.0,28933.0,49506
49508,9192.0,28857.0,49507
49509,9192.0,28925.0,49508
49510,9192.0,28577.0,49509
49511,9192.0,28663.0,49510
49512,9192.0,29001.0,49511
49513,9192.0,29103.0,49512
49514,9192.0,29103.0,49513
49515,9192.0,28956.0,49514
49516,9192.0,28871.0,49515
49517,9192.0,28265.0,49516
49518,9192.0,28265.0,49517
49519,9192.0,27827.0,49518
49520,9192.0,28373.0,49519
49521,9192.0,28531.0,49520
49522,9192.0,28276.0,49521
49523,9192.0,28275.0,49522
49524,9192.0,28366.0,49523
49525,9192.0,28149.0,49524
49526,9192.0,28060.0,49525
49527,9192.0,29362.0,49526
49528,9192.0,29362.0,49527
49529,9192.0,29700.0,49528
49530,9192.0,28775.0,49529
49531,9192.0,28518.0,49530
49532,9192.0,28519.0,49531
49533,9192.0,28760.0,49532
49534,9192.0,28674.0,49533
49535,9192.0,28674.0,49534
49536,9192.0,28450.0,49535
49537,9192.0,27596.0,49536
49538,9192.0,27782.0,49537
49539,9192.0,27904.0,49538
49540,9192.0,27904.0,49539
49541,9192.0,27591.0,49540
49542,9192.0,27663.0,49541
49543,9192.0,27222.0,49542
49544,9192.0,27364.0,49543
49545,9192.0,27819.0,49544
49546,9192.0,28648.0,49545
49547,9192.0,28567.0,49546
49548,9192.0,28449.0,49547
49549,9192.0,28386.0,49548
49550,9192.0,28256.0,49549
49551,9192.0,28330.0,49550
49552,9192.0,28354.0,49551
49553,9192.0,28506.0,49552
49554,9192.0,28676.0,49553
49555,9192.0,28360.0,49554
49556,9192.0,28356.0,49555
49557,9192.0,28555.0,49556
49558,9192.0,28287.0,49557
49559,9192.0,28287.0,49558
49560,9192.0,28539.0,49559
49561,9192.0,28634.0,49560
49562,9192.0,29014.0,49561
49563,9192.0,29025.0,49562
49564,9192.0,29210.0,49563
49565,9192.0,28827.0,49564
49566,9192.0,28751.0,49565
49567,9192.0,28988.0,49566
49568,9192.0,28988.0,49567
49569,9192.0,29249.0,49568
49570,9192.0,29239.0,49569
49571,9192.0,28139.0,49570
49572,9192.0,28561.0,49571
49573,9192.0,28427.0,49572
49574,9192.0,28130.0,49573
49575,9192.0,27352.0,49574
49576,9192.0,27344.0,49575
49577,9192.0,29215.0,49576
49578,9192.0,28556.0,49577
49579,9192.0,26842.0,49578
49580,9192.0,26859.0,49579
49581,9192.0,26581.0,49580
49582,9192.0,27161.0,49581
49583,9192.0,27445.0,49582
49584,9192.0,27108.0,49583
49585,9192.0,26785.0,49584
49586,9192.0,26785.0,49585
49587,9192.0,26850.0,49586
49588,9192.0,26582.0,49587
49589,9192.0,25945.0,49588
49590,9192.0,25945.0,49589
49591,9192.0,25925.0,49590
49592,9192.0,25976.0,49591
49593,9192.0,26149.0,49592
49594,9192.0,26149.0,49593
49595,9192.0,26146.0,49594
49596,9192.0,25280.0,49595
49597,9192.0,25772.0,49596
49598,9192.0,25988.0,49597
49599,9192.0,26214.0,49598
49600,9192.0,26533.0,49599
49601,9192.0,26533.0,49600
49602,9192.0,26517.0,49601
49603,9192.0,27476.0,49602
49604,9192.0,27620.0,49603
49605,9192.0,27632.0,49604
49606,9192.0,27590.0,49605
49607,9192.0,27729.0,49606
49608,9192.0,27983.0,49607
49609,9192.0,28106.0,49608
49610,9192.0,26964.0,49609
49611,9192.0,25738.0,49610
49612,9192.0,26433.0,49611
49613,9192.0,26402.0,49612
49614,9192.0,26154.0,49613
49615,9192.0,25875.0,49614
49616,9192.0,25856.0,49615
49617,9192.0,25890.0,49616
49618,9192.0,25913.0,49617
49619,9192.0,25782.0,49618
49620,9192.0,25471.0,49619
49621,9192.0,25471.0,49620
49622,9192.0,25194.0,49621
49623,9192.0,25194.0,49622
49624,9192.0,26289.0,49623
49625,9192.0,26132.0,49624
49626,9192.0,26132.0,49625
49627,9192.0,26190.0,49626
49628,9192.0,26025.0,49627
49629,9192.0,26127.0,49628
49630,9192.0,26456.0,49629
49631,9192.0,26456.0,49630
49632,9192.0,26294.0,49631
49633,9192.0,25821.0,49632
49634,9192.0,24777.0,49633
49635,9192.0,25603.0,49634
49636,9192.0,26246.0,49635
49637,9192.0,26324.0,49636
49638,9192.0,25776.0,49637
49639,9192.0,26177.0,49638
49640,9192.0,27299.0,49639
49641,9192.0,28010.0,49640
49642,9192.0,28516.0,49641
49643,9192.0,28625.0,49642
49644,9192.0,29065.0,49643
49645,9192.0,28949.0,49644
49646,9192.0,29038.0,49645
49647,9192.0,29038.0,49646
49648,9192.0,29328.0,49647
49649,9192.0,29416.0,49648
49650,9192.0,29869.0,49649
49651,9192.0,30479.0,49650
49652,9192.0,30871.0,49651
49653,9192.0,30933.0,49652
49654,9192.0,30814.0,49653
49655,9192.0,31118.0,49654
49656,9192.0,31111.0,49655
49657,9192.0,31426.0,49656
49658,9192.0,30307.0,49657
49659,9192.0,30952.0,49658
49660,9192.0,30116.0,49659
49661,9192.0,29679.0,49660
49662,9192.0,29982.0,49661
49663,9192.0,29241.0,49662
49664,9192.0,28662.0,49663
49665,9192.0,28819.0,49664
49666,9192.0,28914.0,49665
49667,9192.0,28804.0,49666
49668,9192.0,28804.0,49667
49669,9192.0,28148.0,49668
49670,9192.0,27952.0,49669
49671,9192.0,28769.0,49670
49672,9192.0,29324.0,49671
49673,9192.0,29644.0,49672
49674,9192.0,29644.0,49673
49675,9192.0,29447.0,49674
49676,9192.0,29464.0,49675
49677,9192.0,29634.0,49676
49678,9192.0,29824.0,49677
49679,9192.0,29957.0,49678
49680,9192.0,29285.0,49679
49681,9192.0,29285.0,49680
49682,9192.0,29243.0,49681
49683,9192.0,28489.0,49682
49684,9192.0,28515.0,49683
49685,9192.0,27896.0,49684
49686,9192.0,28012.0,49685
49687,9192.0,27870.0,49686
49688,9192.0,28195.0,49687
49689,9192.0,28425.0,49688
49690,9192.0,28847.0,49689
49691,9192.0,28847.0,49690
49692,9192.0,29171.0,49691
49693,9192.0,29831.0,49692
49694,9192.0,29852.0,49693
49695,9192.0,29436.0,49694
49696,9192.0,29278.0,49695
49697,9192.0,28785.0,49696
49698,9192.0,28785.0,49697
49699,9192.0,28768.0,49698
49700,9192.0,28754.0,49699
49701,9192.0,28249.0,49700
49702,9192.0,28710.0,49701
49703,9192.0,28710.0,49702
49704,9192.0,28875.0,49703
49705,9192.0,28874.0,49704
49706,9192.0,28869.0,49705
49707,9192.0,29413.0,49706
49708,9192.0,29432.0,49707
49709,9192.0,29453.0,49708
49710,9192.0,29358.0,49709
49711,9192.0,30082.0,49710
49712,9192.0,30077.0,49711
49713,9192.0,30714.0,49712
49714,9192.0,30688.0,49713
49715,9192.0,29807.0,49714
49716,9192.0,29414.0,49715
49717,9192.0,29643.0,49716
49718,9192.0,29814.0,49717
49719,9192.0,29915.0,49718
49720,9192.0,30385.0,49719
49721,9192.0,30180.0,49720
49722,9192.0,30202.0,49721
49723,9192.0,30163.0,49722
49724,9192.0,30419.0,49723
49725,9192.0,30441.0,49724
49726,9192.0,30575.0,49725
49727,9192.0,31677.0,49726
49728,9192.0,31000.0,49727
49729,9192.0,31120.0,49728
49730,9192.0,30629.0,49729
49731,9192.0,30197.0,49730
49732,9192.0,30150.0,49731
49733,9192.0,30818.0,49732
49734,9192.0,30818.0,49733
49735,9192.0,31032.0,49734
49736,9192.0,29952.0,49735
49737,9192.0,30193.0,49736
49738,9192.0,29845.0,49737
49739,9192.0,30403.0,49738
49740,9192.0,30361.0,49739
49741,9192.0,30400.0,49740
49742,9192.0,29377.0,49741
49743,9192.0,29386.0,49742
49744,9192.0,28443.0,49743
49745,9192.0,28453.0,49744
49746,9192.0,27854.0,49745
49747,9192.0,27866.0,49746
49748,9192.0,27643.0,49747
49749,9192.0,27643.0,49748
49750,9192.0,27791.0,49749
49751,9192.0,27840.0,49750
49752,9192.0,27686.0,49751
49753,9192.0,27614.0,49752
49754,9192.0,27614.0,49753
49755,9192.0,28877.0,49754
49756,9192.0,28402.0,49755
49757,9192.0,28387.0,49756
49758,9192.0,28490.0,49757
49759,9192.0,28061.0,49758
49760,9192.0,27985.0,49759
49761,9192.0,27583.0,49760
49762,9192.0,27904.0,49761
49763,9192.0,27583.0,49762
49764,9192.0,27907.0,49763
49765,9192.0,27859.0,49764
49766,9192.0,27982.0,49765
49767,9192.0,28191.0,49766
49768,9192.0,28356.0,49767
49769,9192.0,28018.0,49768
49770,9192.0,27989.0,49769
49771,9192.0,28537.0,49770
49772,9192.0,28547.0,49771
49773,9192.0,27508.0,49772
49774,9192.0,26185.0,49773
49775,9192.0,27048.0,49774
49776,9192.0,27058.0,49775
49777,9192.0,26939.0,49776
49778,9192.0,27322.0,49777
49779,9192.0,27357.0,49778
49780,9192.0,27509.0,49779
49781,9192.0,27509.0,49780
49782,9192.0,27498.0,49781
49783,9192.0,27985.0,49782
49784,9192.0,28548.0,49783
49785,9192.0,28340.0,49784
49786,9192.0,28241.0,49785
49787,9192.0,27600.0,49786
49788,9192.0,28443.0,49787
49789,9192.0,28734.0,49788
49790,9192.0,28821.0,49789
49791,9192.0,28962.0,49790
49792,9192.0,30005.0,49791
49793,9192.0,30710.0,49792
49794,9192.0,30705.0,49793
49795,9192.0,30168.0,49794
49796,9192.0,29817.0,49795
49797,9192.0,30052.0,49796
49798,9192.0,29789.0,49797
49799,9192.0,30137.0,49798
49800,9192.0,30228.0,49799
49801,9192.0,30206.0,49800
49802,9192.0,30339.0,49801
49803,9192.0,30654.0,49802
49804,9192.0,30713.0,49803
49805,9192.0,30837.0,49804
49806,9192.0,31185.0,49805
49807,9192.0,31060.0,49806
49808,9192.0,31019.0,49807
49809,9192.0,30730.0,49808
49810,9192.0,30934.0,49809
49811,9192.0,30830.0,49810
49812,9192.0,30616.0,49811
49813,9192.0,30489.0,49812
49814,9192.0,30942.0,49813
49815,9192.0,30016.0,49814
49816,9192.0,30226.0,49815
49817,9192.0,30292.0,49816
49818,9192.0,30363.0,49817
49819,9192.0,30363.0,49818
49820,9192.0,30212.0,49819
49821,9192.0,29685.0,49820
49822,9192.0,29759.0,49821
49823,9192.0,30392.0,49822
49824,9192.0,30405.0,49823
49825,9192.0,30169.0,49824
49826,9192.0,30131.0,49825
49827,9192.0,30158.0,49826
49828,9192.0,30174.0,49827
49829,9192.0,30340.0,49828
49830,9192.0,30208.0,49829
49831,9192.0,30207.0,49830
49832,9192.0,30191.0,49831
49833,9192.0,29868.0,49832
49834,9192.0,29699.0,49833
49835,9192.0,29866.0,49834
49836,9192.0,29036.0,49835
49837,9192.0,29027.0,49836
49838,9192.0,28904.0,49837
49839,9192.0,28633.0,49838
49840,9192.0,27910.0,49839
49841,9192.0,28070.0,49840
49842,9192.0,28070.0,49841
49843,9192.0,28070.0,49842
49844,9192.0,27737.0,49843
49845,9192.0,28000.0,49844
49846,9192.0,27671.0,49845
49847,9192.0,27611.0,49846
49848,9192.0,28305.0,49847
49849,9192.0,27796.0,49848
49850,9192.0,28141.0,49849
49851,9192.0,28141.0,49850
49852,9192.0,28186.0,49851
49853,9192.0,28242.0,49852
49854,9192.0,28219.0,49853
49855,9192.0,27914.0,49854
49856,9192.0,27780.0,49855
49857,9192.0,27638.0,49856
49858,9192.0,27309.0,49857
49859,9192.0,27196.0,49858
49860,9192.0,27252.0,49859
49861,9192.0,26701.0,49860
49862,9192.0,26632.0,49861
49863,9192.0,26619.0,49862
49864,9192.0,27309.0,49863
49865,9192.0,27634.0,49864
49866,9192.0,27719.0,49865
49867,9192.0,27234.0,49866
49868,9192.0,27870.0,49867
49869,9192.0,28137.0,49868
49870,9192.0,28128.0,49869
49871,9192.0,28665.0,49870
49872,9192.0,28764.0,49871
49873,9192.0,28999.0,49872
49874,9192.0,28999.0,49873
49875,9192.0,29155.0,49874
49876,9192.0,30159.0,49875
49877,9192.0,29907.0,49876
49878,9192.0,30685.0,49877
49879,9192.0,30631.0,49878
49880,9192.0,30727.0,49879
49881,9192.0,30746.0,49880
49882,9192.0,29999.0,49881
49883,9192.0,29943.0,49882
49884,9192.0,30492.0,49883
49885,9192.0,30504.0,49884
49886,9192.0,30471.0,49885
49887,9192.0,30455.0,49886
49888,9192.0,30455.0,49887
49889,9192.0,30479.0,49888
49890,9192.0,30485.0,49889
49891,9192.0,29485.0,49890
49892,9192.0,29503.0,49891
49893,9192.0,29081.0,49892
49894,9192.0,28627.0,49893
49895,9192.0,28535.0,49894
49896,9192.0,27775.0,49895
49897,9192.0,27831.0,49896
49898,9192.0,27799.0,49897
49899,9192.0,27791.0,49898
49900,9192.0,28129.0,49899
49901,9192.0,28321.0,49900
49902,9192.0,28435.0,49901
49903,9192.0,28506.0,49902
49904,9192.0,29144.0,49903
49905,9192.0,28705.0,49904
49906,9192.0,28513.0,49905
49907,9192.0,28568.0,49906
49908,9192.0,28081.0,49907
49909,9192.0,28081.0,49908
49910,9192.0,28005.0,49909
49911,9192.0,28484.0,49910
49912,9192.0,28642.0,49911
49913,9192.0,28353.0,49912
49914,9192.0,28678.0,49913
49915,9192.0,28187.0,49914
49916,9192.0,28037.0,49915
49917,9192.0,28536.0,49916
49918,9192.0,28235.0,49917
49919,9192.0,28501.0,49918
49920,9192.0,28501.0,49919
49921,9192.0,28501.0,49920
49922,9192.0,28501.0,49921
49923,9192.0,28395.0,49922
49924,9192.0,28283.0,49923
49925,9192.0,28266.0,49924
49926,9192.0,28266.0,49925
49927,9192.0,28266.0,49926
49928,9192.0,28979.0,49927
49929,9192.0,29119.0,49928
49930,9192.0,29273.0,49929
49931,9192.0,29661.0,49930
49932,9192.0,29553.0,49931
49933,9192.0,29281.0,49932
49934,9192.0,28897.0,49933
49935,9192.0,29111.0,49934
49936,9192.0,29086.0,49935
49937,9192.0,29086.0,49936
49938,9192.0,29681.0,49937
49939,9192.0,29532.0,49938
49940,9192.0,29109.0,49939
49941,9192.0,29139.0,49940
49942,9192.0,28895.0,49941
49943,9192.0,29021.0,49942
49944,9192.0,28835.0,49943
49945,9192.0,29486.0,49944
49946,9192.0,29484.0,49945
49947,9192.0,29622.0,49946
49948,9192.0,29443.0,49947
49949,9192.0,29022.0,49948
49950,9192.0,29022.0,49949
49951,9192.0,29042.0,49950
49952,9192.0,29124.0,49951
49953,9192.0,29088.0,49952
49954,9192.0,29138.0,49953
49955,9192.0,27343.0,49954
49956,9192.0,27343.0,49955
49957,9192.0,27162.0,49956
49958,9192.0,27054.0,49957
49959,9192.0,26807.0,49958
49960,9192.0,26946.0,49959
49961,9192.0,26946.0,49960
49962,9192.0,26926.0,49961
49963,9192.0,28160.0,49962
49964,9192.0,28081.0,49963
49965,9192.0,27712.0,49964
49966,9192.0,27966.0,49965
49967,9192.0,28032.0,49966
49968,9192.0,27475.0,49967
49969,9192.0,26423.0,49968
49970,9192.0,26072.0,49969
49971,9192.0,26495.0,49970
49972,9192.0,26495.0,49971
49973,9192.0,27145.0,49972
49974,9192.0,27577.0,49973
49975,9192.0,27577.0,49974
49976,9192.0,28027.0,49975
49977,9192.0,28106.0,49976
49978,9192.0,28112.0,49977
49979,9192.0,27985.0,49978
49980,9192.0,27851.0,49979
49981,9192.0,27950.0,49980
49982,9192.0,27585.0,49981
49983,9192.0,28378.0,49982
49984,9192.0,28823.0,49983
49985,9192.0,29185.0,49984
49986,9192.0,30829.0,49985
49987,9192.0,30829.0,49986
49988,9192.0,30824.0,49987
49989,9192.0,30893.0,49988
49990,9192.0,30558.0,49989
49991,9192.0,30558.0,49990
49992,9192.0,31178.0,49991
49993,9192.0,31694.0,49992
49994,9192.0,31694.0,49993
49995,9192.0,31356.0,49994
49996,9192.0,31356.0,49995
49997,9192.0,31524.0,49996
49998,9192.0,31484.0,49997
49999,9192.0,31460.0,49998
50000,9192.0,31629.0,49999
50001,9192.0,31321.0,50000
50002,9192.0,31035.0,50001
50003,9192.0,30296.0,50002
50004,9192.0,30307.0,50003
50005,9192.0,30101.0,50004
50006,9192.0,30129.0,50005
50007,9192.0,28440.0,50006
50008,9192.0,28230.0,50007
50009,9192.0,28230.0,50008
50010,9192.0,28230.0,50009
50011,9192.0,28368.0,50010
50012,9192.0,28469.0,50011
50013,9192.0,28530.0,50012
50014,9192.0,28371.0,50013
50015,9192.0,28232.0,50014
50016,9192.0,28331.0,50015
50017,9192.0,28733.0,50016
50018,9192.0,27540.0,50017
50019,9192.0,27559.0,50018
50020,9192.0,27524.0,50019
50021,9192.0,27524.0,50020
50022,9192.0,27524.0,50021
50023,9192.0,27142.0,50022
50024,9192.0,27340.0,50023
50025,9192.0,27748.0,50024
50026,9192.0,27545.0,50025
50027,9192.0,28228.0,50026
50028,9192.0,27597.0,50027
50029,9192.0,27573.0,50028
50030,9192.0,27404.0,50029
50031,9192.0,27565.0,50030
50032,9192.0,27564.0,50031
50033,9192.0,26974.0,50032
50034,9192.0,26628.0,50033
50035,9192.0,27058.0,50034
50036,9192.0,27062.0,50035
50037,9192.0,27509.0,50036
50038,9192.0,27671.0,50037
50039,9192.0,27120.0,50038
50040,9192.0,27269.0,50039
50041,9192.0,27375.0,50040
50042,9192.0,27308.0,50041
50043,9192.0,28425.0,50042
50044,9192.0,27936.0,50043
50045,9192.0,27805.0,50044
50046,9192.0,27366.0,50045
50047,9192.0,28173.0,50046
50048,9192.0,28513.0,50047
50049,9192.0,28712.0,50048
50050,9192.0,28356.0,50049
50051,9192.0,28260.0,50050
50052,9192.0,28098.0,50051
50053,9192.0,28314.0,50052
50054,9192.0,27356.0,50053
50055,9192.0,27462.0,50054
50056,9192.0,27389.0,50055
50057,9192.0,27389.0,50056
50058,9192.0,27389.0,50057
50059,9192.0,27578.0,50058
50060,9192.0,27531.0,50059
50061,9192.0,27735.0,50060
50062,9192.0,27175.0,50061
50063,9192.0,27603.0,50062
50064,9192.0,27603.0,50063
50065,9192.0,26996.0,50064
50066,9192.0,26747.0,50065
50067,9192.0,26844.0,50066
50068,9192.0,27113.0,50067
50069,9192.0,27166.0,50068
50070,9192.0,27239.0,50069
50071,9192.0,27372.0,50070
50072,9192.0,27407.0,50071
50073,9192.0,27917.0,50072
50074,9192.0,26799.0,50073
50075,9192.0,26735.0,50074
50076,9192.0,27083.0,50075
50077,9192.0,27567.0,50076
50078,9192.0,27642.0,50077
50079,9192.0,27549.0,50078
50080,9192.0,26578.0,50079
50081,9192.0,26243.0,50080
50082,9192.0,26301.0,50081
50083,9192.0,26399.0,50082
50084,9192.0,26399.0,50083
50085,9192.0,26224.0,50084
50086,9192.0,26001.0,50085
50087,9192.0,26375.0,50086
50088,9192.0,26375.0,50087
50089,9192.0,27201.0,50088
50090,9192.0,26946.0,50089
50091,9192.0,27127.0,50090
50092,9192.0,27036.0,50091
50093,9192.0,27191.0,50092
50094,9192.0,28333.0,50093
50095,9192.0,27484.0,50094
50096,9192.0,27442.0,50095
50097,9192.0,28243.0,50096
50098,9192.0,27646.0,50097
50099,9192.0,27382.0,50098
50100,9192.0,27061.0,50099
50101,9192.0,27061.0,50100
50102,9192.0,25973.0,50101
50103,9192.0,25985.0,50102
50104,9192.0,27248.0,50103
50105,9192.0,26825.0,50104
50106,9192.0,27069.0,50105
50107,9192.0,26578.0,50106
50108,9192.0,27125.0,50107
50109,9192.0,27425.0,50108
50110,9192.0,27121.0,50109
50111,9192.0,27590.0,50110
50112,9192.0,27444.0,50111
50113,9192.0,27608.0,50112
50114,9192.0,27608.0,50113
50115,9192.0,27608.0,50114
50116,9192.0,27607.0,50115
50117,9192.0,28183.0,50116
50118,9192.0,29016.0,50117
50119,9192.0,29133.0,50118
50120,9192.0,29013.0,50119
50121,9192.0,29123.0,50120
50122,9192.0,29123.0,50121
50123,9192.0,29192.0,50122
50124,9192.0,29699.0,50123
50125,9192.0,30037.0,50124
50126,9192.0,30563.0,50125
50127,9192.0,30161.0,50126
50128,9192.0,31946.0,50127
50129,9192.0,31606.0,50128
50130,9192.0,31452.0,50129
50131,9192.0,32317.0,50130
50132,9192.0,32284.0,50131
50133,9192.0,31643.0,50132
50134,9192.0,31407.0,50133
50135,9192.0,30515.0,50134
50136,9192.0,31312.0,50135
50137,9192.0,31294.0,50136
50138,9192.0,31275.0,50137
50139,9192.0,31011.0,50138
50140,9192.0,30839.0,50139
50141,9192.0,30703.0,50140
50142,9192.0,30656.0,50141
50143,9192.0,30857.0,50142
50144,9192.0,30595.0,50143
50145,9192.0,29738.0,50144
50146,9192.0,29744.0,50145
50147,9192.0,29407.0,50146
50148,9192.0,30325.0,50147
50149,9192.0,30088.0,50148
50150,9192.0,30335.0,50149
50151,9192.0,30833.0,50150
50152,9192.0,30830.0,50151
50153,9192.0,30730.0,50152
50154,9192.0,30625.0,50153
50155,9192.0,30140.0,50154
50156,9192.0,29925.0,50155
50157,9192.0,29230.0,50156
50158,9192.0,29275.0,50157
50159,9192.0,29032.0,50158
50160,9192.0,28935.0,50159
50161,9192.0,29105.0,50160
50162,9192.0,29692.0,50161
50163,9192.0,28811.0,50162
50164,9192.0,29492.0,50163
50165,9192.0,29096.0,50164
50166,9192.0,29116.0,50165
50167,9192.0,29116.0,50166
50168,9192.0,29269.0,50167
50169,9192.0,29462.0,50168
50170,9192.0,29135.0,50169
50171,9192.0,29121.0,50170
50172,9192.0,29121.0,50171
50173,9192.0,29098.0,50172
50174,9192.0,29224.0,50173
50175,9192.0,29235.0,50174
50176,9192.0,29466.0,50175
50177,9192.0,29026.0,50176
50178,9192.0,28382.0,50177
50179,9192.0,29207.0,50178
50180,9192.0,29396.0,50179
50181,9192.0,29580.0,50180
50182,9192.0,29171.0,50181
50183,9192.0,29086.0,50182
50184,9192.0,28543.0,50183
50185,9192.0,29180.0,50184
50186,9192.0,28723.0,50185
50187,9192.0,29153.0,50186
50188,9192.0,29260.0,50187
50189,9192.0,29207.0,50188
50190,9192.0,29327.0,50189
50191,9192.0,28771.0,50190
50192,9192.0,30614.0,50191
50193,9192.0,30306.0,50192
50194,9192.0,29376.0,50193
50195,9192.0,29376.0,50194
50196,9192.0,29460.0,50195
50197,9192.0,29075.0,50196
50198,9192.0,29103.0,50197
50199,9192.0,29773.0,50198
50200,9192.0,28773.0,50199
50201,9192.0,28780.0,50200
50202,9192.0,29448.0,50201
50203,9192.0,29436.0,50202
50204,9192.0,29498.0,50203
50205,9192.0,29462.0,50204
50206,9192.0,29561.0,50205
50207,9192.0,29331.0,50206
50208,9192.0,29691.0,50207
50209,9192.0,29068.0,50208
50210,9192.0,29510.0,50209
50211,9192.0,29711.0,50210
50212,9192.0,29746.0,50211
50213,9192.0,29343.0,50212
50214,9192.0,28774.0,50213
50215,9192.0,29322.0,50214
50216,9192.0,29406.0,50215
50217,9192.0,29173.0,50216
50218,9192.0,28864.0,50217
50219,9192.0,29273.0,50218
50220,9192.0,29533.0,50219
50221,9192.0,28964.0,50220
50222,9192.0,29234.0,50221
50223,9192.0,29440.0,50222
50224,9192.0,29355.0,50223
50225,9192.0,29691.0,50224
50226,9192.0,30420.0,50225
50227,9192.0,30410.0,50226
50228,9192.0,30652.0,50227
50229,9192.0,31292.0,50228
50230,9192.0,31487.0,50229
50231,9192.0,31137.0,50230
50232,9192.0,30960.0,50231
50233,9192.0,31104.0,50232
50234,9192.0,30986.0,50233
50235,9192.0,30986.0,50234
50236,9192.0,30843.0,50235
50237,9192.0,30620.0,50236
50238,9192.0,30595.0,50237
50239,9192.0,30639.0,50238
50240,9192.0,30434.0,50239
50241,9192.0,29890.0,50240
50242,9192.0,29739.0,50241
50243,9192.0,29800.0,50242
50244,9192.0,29800.0,50243
50245,9192.0,29437.0,50244
50246,9192.0,29090.0,50245
50247,9192.0,29090.0,50246
50248,9192.0,29320.0,50247
50249,9192.0,29153.0,50248
50250,9192.0,28856.0,50249
50251,9192.0,28907.0,50250
50252,9192.0,28293.0,50251
50253,9192.0,28440.0,50252
50254,9192.0,28299.0,50253
50255,9192.0,27742.0,50254
50256,9192.0,27742.0,50255
50257,9192.0,27683.0,50256
50258,9192.0,27928.0,50257
50259,9192.0,27936.0,50258
50260,9192.0,28243.0,50259
50261,9192.0,29619.0,50260
50262,9192.0,29945.0,50261
50263,9192.0,30567.0,50262
50264,9192.0,30652.0,50263
50265,9192.0,30652.0,50264
50266,9192.0,30900.0,50265
50267,9192.0,30532.0,50266
50268,9192.0,30903.0,50267
50269,9192.0,30990.0,50268
50270,9192.0,31080.0,50269
50271,9192.0,31155.0,50270
50272,9192.0,31734.0,50271
50273,9192.0,31538.0,50272
50274,9192.0,31851.0,50273
50275,9192.0,32013.0,50274
50276,9192.0,32292.0,50275
50277,9192.0,32326.0,50276
50278,9192.0,32290.0,50277
50279,9192.0,32511.0,50278
50280,9192.0,31004.0,50279
50281,9192.0,30877.0,50280
50282,9192.0,30877.0,50281
50283,9192.0,30581.0,50282
50284,9192.0,30581.0,50283
50285,9192.0,30023.0,50284
50286,9192.0,30341.0,50285
50287,9192.0,30042.0,50286
50288,9192.0,31073.0,50287
50289,9192.0,30703.0,50288
50290,9192.0,30217.0,50289
50291,9192.0,30217.0,50290
50292,9192.0,30426.0,50291
50293,9192.0,30821.0,50292
50294,9192.0,31152.0,50293
50295,9192.0,30690.0,50294
50296,9192.0,30376.0,50295
50297,9192.0,30560.0,50296
50298,9192.0,29943.0,50297
50299,9192.0,29652.0,50298
50300,9192.0,29382.0,50299
50301,9192.0,29528.0,50300
50302,9192.0,28839.0,50301
50303,9192.0,29070.0,50302
50304,9192.0,29063.0,50303
50305,9192.0,28820.0,50304
50306,9192.0,28820.0,50305
50307,9192.0,28775.0,50306
50308,9192.0,27385.0,50307
50309,9192.0,27385.0,50308
50310,9192.0,27725.0,50309
50311,9192.0,27449.0,50310
50312,9192.0,27672.0,50311
50313,9192.0,27785.0,50312
50314,9192.0,28191.0,50313
50315,9192.0,27626.0,50314
50316,9192.0,27659.0,50315
50317,9192.0,29327.0,50316
50318,9192.0,27781.0,50317
50319,9192.0,27986.0,50318
50320,9192.0,27772.0,50319
50321,9192.0,27772.0,50320
50322,9192.0,27557.0,50321
50323,9192.0,27642.0,50322
50324,9192.0,27970.0,50323
50325,9192.0,27885.0,50324
50326,9192.0,29068.0,50325
50327,9192.0,29016.0,50326
50328,9192.0,29100.0,50327
50329,9192.0,28711.0,50328
50330,9192.0,28047.0,50329
50331,9192.0,27993.0,50330
50332,9192.0,28366.0,50331
50333,9192.0,29098.0,50332
50334,9192.0,29178.0,50333
50335,9192.0,29614.0,50334
50336,9192.0,29000.0,50335
50337,9192.0,29753.0,50336
50338,9192.0,29702.0,50337
50339,9192.0,28967.0,50338
50340,9192.0,28967.0,50339
50341,9192.0,28723.0,50340
50342,9192.0,28723.0,50341
50343,9192.0,28242.0,50342
50344,9192.0,27713.0,50343
50345,9192.0,27866.0,50344
50346,9192.0,28912.0,50345
50347,9192.0,27937.0,50346
50348,9192.0,27777.0,50347
50349,9192.0,27963.0,50348
50350,9192.0,27930.0,50349
50351,9192.0,27960.0,50350
50352,9192.0,27940.0,50351
50353,9192.0,28434.0,50352
50354,9192.0,28802.0,50353
50355,9192.0,28786.0,50354
50356,9192.0,28548.0,50355
50357,9192.0,28501.0,50356
50358,9192.0,28815.0,50357
50359,9192.0,28254.0,50358
50360,9192.0,28203.0,50359
50361,9192.0,28203.0,50360
50362,9192.0,28252.0,50361
50363,9192.0,28397.0,50362
50364,9192.0,27900.0,50363
50365,9192.0,27900.0,50364
50366,9192.0,27612.0,50365
50367,9192.0,27488.0,50366
50368,9192.0,27493.0,50367
50369,9192.0,26932.0,50368
50370,9192.0,26367.0,50369
50371,9192.0,26537.0,50370
50372,9192.0,28188.0,50371
50373,9192.0,28087.0,50372
50374,9192.0,28116.0,50373
50375,9192.0,28034.0,50374
50376,9192.0,27864.0,50375
50377,9192.0,27145.0,50376
50378,9192.0,26993.0,50377
50379,9192.0,26834.0,50378
50380,9192.0,27183.0,50379
50381,9192.0,27173.0,50380
50382,9192.0,27173.0,50381
50383,9192.0,27173.0,50382
50384,9192.0,27056.0,50383
50385,9192.0,26395.0,50384
50386,9192.0,26395.0,50385
50387,9192.0,26337.0,50386
50388,9192.0,26662.0,50387
50389,9192.0,27975.0,50388
50390,9192.0,27922.0,50389
50391,9192.0,27922.0,50390
50392,9192.0,27922.0,50391
50393,9192.0,28210.0,50392
50394,9192.0,28414.0,50393
50395,9192.0,28762.0,50394
50396,9192.0,28790.0,50395
50397,9192.0,28299.0,50396
50398,9192.0,28280.0,50397
50399,9192.0,27923.0,50398
50400,9192.0,28381.0,50399
50401,9192.0,29822.0,50400
50402,9192.0,30515.0,50401
50403,9192.0,30653.0,50402
50404,9192.0,30778.0,50403
50405,9192.0,31245.0,50404
50406,9192.0,31293.0,50405
50407,9192.0,31487.0,50406
50408,9192.0,31699.0,50407
50409,9192.0,32292.0,50408
50410,9192.0,32278.0,50409
50411,9192.0,32135.0,50410
50412,9192.0,32045.0,50411
50413,9192.0,32194.0,50412
50414,9192.0,32006.0,50413
50415,9192.0,32006.0,50414
50416,9192.0,32071.0,50415
50417,9192.0,31701.0,50416
50418,9192.0,31701.0,50417
50419,9192.0,31271.0,50418
50420,9192.0,31023.0,50419
50421,9192.0,30745.0,50420
50422,9192.0,30659.0,50421
50423,9192.0,30856.0,50422
50424,9192.0,31161.0,50423
50425,9192.0,31191.0,50424
50426,9192.0,31823.0,50425
50427,9192.0,30436.0,50426
50428,9192.0,31013.0,50427
50429,9192.0,31233.0,50428
50430,9192.0,31472.0,50429
50431,9192.0,31323.0,50430
50432,9192.0,31809.0,50431
50433,9192.0,31278.0,50432
50434,9192.0,29761.0,50433
50435,9192.0,29583.0,50434
50436,9192.0,29585.0,50435
50437,9192.0,29826.0,50436
50438,9192.0,30716.0,50437
50439,9192.0,31152.0,50438
50440,9192.0,31145.0,50439
50441,9192.0,31416.0,50440
50442,9192.0,31269.0,50441
50443,9192.0,31036.0,50442
50444,9192.0,31251.0,50443
50445,9192.0,31566.0,50444
50446,9192.0,31350.0,50445
50447,9192.0,30269.0,50446
50448,9192.0,30695.0,50447
50449,9192.0,30238.0,50448
50450,9192.0,30289.0,50449
50451,9192.0,30098.0,50450
50452,9192.0,30217.0,50451
50453,9192.0,29991.0,50452
50454,9192.0,30111.0,50453
50455,9192.0,30077.0,50454
50456,9192.0,30137.0,50455
50457,9192.0,30108.0,50456
50458,9192.0,30208.0,50457
50459,9192.0,29728.0,50458
50460,9192.0,30025.0,50459
50461,9192.0,29886.0,50460
50462,9192.0,29719.0,50461
50463,9192.0,29807.0,50462
50464,9192.0,29676.0,50463
50465,9192.0,30185.0,50464
50466,9192.0,30058.0,50465
50467,9192.0,29876.0,50466
50468,9192.0,30004.0,50467
50469,9192.0,29669.0,50468
50470,9192.0,29355.0,50469
50471,9192.0,27889.0,50470
50472,9192.0,28081.0,50471
50473,9192.0,28478.0,50472
50474,9192.0,29389.0,50473
50475,9192.0,30344.0,50474
50476,9192.0,30369.0,50475
50477,9192.0,30516.0,50476
50478,9192.0,30169.0,50477
50479,9192.0,30248.0,50478
50480,9192.0,29914.0,50479
50481,9192.0,29914.0,50480
50482,9192.0,29567.0,50481
50483,9192.0,29571.0,50482
50484,9192.0,28616.0,50483
50485,9192.0,28685.0,50484
50486,9192.0,28029.0,50485
50487,9192.0,28029.0,50486
50488,9192.0,28158.0,50487
50489,9192.0,28297.0,50488
50490,9192.0,28297.0,50489
50491,9192.0,29640.0,50490
50492,9192.0,29317.0,50491
50493,9192.0,28972.0,50492
50494,9192.0,28988.0,50493
50495,9192.0,29093.0,50494
50496,9192.0,29066.0,50495
50497,9192.0,28778.0,50496
50498,9192.0,29456.0,50497
50499,9192.0,29456.0,50498
50500,9192.0,29767.0,50499
50501,9192.0,30263.0,50500
50502,9192.0,31226.0,50501
50503,9192.0,30925.0,50502
50504,9192.0,30925.0,50503
50505,9192.0,30126.0,50504
50506,9192.0,30683.0,50505
50507,9192.0,30519.0,50506
50508,9192.0,30587.0,50507
50509,9192.0,30760.0,50508
50510,9192.0,30920.0,50509
50511,9192.0,30617.0,50510
50512,9192.0,30111.0,50511
50513,9192.0,29753.0,50512
50514,9192.0,30248.0,50513
50515,9192.0,30536.0,50514
50516,9192.0,31489.0,50515
50517,9192.0,31158.0,50516
50518,9192.0,31180.0,50517
50519,9192.0,31167.0,50518
50520,9192.0,32032.0,50519
50521,9192.0,32032.0,50520
50522,9192.0,31651.0,50521
50523,9192.0,31550.0,50522
50524,9192.0,31186.0,50523
50525,9192.0,31526.0,50524
50526,9192.0,31502.0,50525
50527,9192.0,30704.0,50526
50528,9192.0,31485.0,50527
50529,9192.0,31465.0,50528
50530,9192.0,31442.0,50529
50531,9192.0,31542.0,50530
50532,9192.0,31478.0,50531
50533,9192.0,31456.0,50532
50534,9192.0,31986.0,50533
50535,9192.0,31776.0,50534
50536,9192.0,31752.0,50535
50537,9192.0,32636.0,50536
50538,9192.0,32905.0,50537
50539,9192.0,32119.0,50538
50540,9192.0,31824.0,50539
50541,9192.0,30787.0,50540
50542,9192.0,30938.0,50541
50543,9192.0,30500.0,50542
50544,9192.0,30474.0,50543
50545,9192.0,30235.0,50544
50546,9192.0,30214.0,50545
50547,9192.0,30214.0,50546
50548,9192.0,30388.0,50547
50549,9192.0,30737.0,50548
50550,9192.0,31117.0,50549
50551,9192.0,30509.0,50550
50552,9192.0,29941.0,50551
50553,9192.0,29904.0,50552
50554,9192.0,29904.0,50553
50555,9192.0,30440.0,50554
50556,9192.0,30476.0,50555
50557,9192.0,30489.0,50556
50558,9192.0,30489.0,50557
50559,9192.0,30489.0,50558
50560,9192.0,31246.0,50559
50561,9192.0,31464.0,50560
50562,9192.0,31082.0,50561
50563,9192.0,30507.0,50562
50564,9192.0,30553.0,50563
50565,9192.0,30679.0,50564
50566,9192.0,30150.0,50565
50567,9192.0,30168.0,50566
50568,9192.0,30386.0,50567
50569,9192.0,29349.0,50568
50570,9192.0,29308.0,50569
50571,9192.0,29457.0,50570
50572,9192.0,29666.0,50571
50573,9192.0,29878.0,50572
50574,9192.0,29650.0,50573
50575,9192.0,28814.0,50574
50576,9192.0,28731.0,50575
50577,9192.0,29165.0,50576
50578,9192.0,29168.0,50577
50579,9192.0,29062.0,50578
50580,9192.0,29226.0,50579
50581,9192.0,29730.0,50580
50582,9192.0,29739.0,50581
50583,9192.0,29780.0,50582
50584,9192.0,29877.0,50583
50585,9192.0,29922.0,50584
50586,9192.0,29922.0,50585
50587,9192.0,29933.0,50586
50588,9192.0,29865.0,50587
50589,9192.0,30211.0,50588
50590,9192.0,30234.0,50589
50591,9192.0,29827.0,50590
50592,9192.0,29956.0,50591
50593,9192.0,30312.0,50592
50594,9192.0,30312.0,50593
50595,9192.0,30712.0,50594
50596,9192.0,30727.0,50595
50597,9192.0,31710.0,50596
50598,9192.0,32154.0,50597
50599,9192.0,32972.0,50598
50600,9192.0,32552.0,50599
50601,9192.0,32737.0,50600
50602,9192.0,32889.0,50601
50603,9192.0,33444.0,50602
50604,9192.0,33409.0,50603
50605,9192.0,32861.0,50604
50606,9192.0,32621.0,50605
50607,9192.0,32226.0,50606
50608,9192.0,32739.0,50607
50609,9192.0,32664.0,50608
50610,9192.0,32600.0,50609
50611,9192.0,32143.0,50610
50612,9192.0,32092.0,50611
50613,9192.0,31617.0,50612
50614,9192.0,31464.0,50613
50615,9192.0,31222.0,50614
50616,9192.0,31013.0,50615
50617,9192.0,31008.0,50616
50618,9192.0,31538.0,50617
50619,9192.0,31676.0,50618
50620,9192.0,31716.0,50619
50621,9192.0,31887.0,50620
50622,9192.0,31527.0,50621
50623,9192.0,31586.0,50622
50624,9192.0,31500.0,50623
50625,9192.0,31420.0,50624
50626,9192.0,31318.0,50625
50627,9192.0,31455.0,50626
50628,9192.0,31483.0,50627
50629,9192.0,31485.0,50628
50630,9192.0,31677.0,50629
50631,9192.0,31557.0,50630
50632,9192.0,31134.0,50631
50633,9192.0,31352.0,50632
50634,9192.0,32006.0,50633
50635,9192.0,31747.0,50634
50636,9192.0,31348.0,50635
50637,9192.0,31348.0,50636
50638,9192.0,31217.0,50637
50639,9192.0,30916.0,50638
50640,9192.0,29916.0,50639
50641,9192.0,29503.0,50640
50642,9192.0,28887.0,50641
50643,9192.0,28819.0,50642
50644,9192.0,28826.0,50643
50645,9192.0,28926.0,50644
50646,9192.0,29036.0,50645
50647,9192.0,28711.0,50646
50648,9192.0,29506.0,50647
50649,9192.0,29534.0,50648
50650,9192.0,29585.0,50649
50651,9192.0,29585.0,50650
50652,9192.0,29660.0,50651
50653,9192.0,29439.0,50652
50654,9192.0,29526.0,50653
50655,9192.0,28735.0,50654
50656,9192.0,28735.0,50655
50657,9192.0,28254.0,50656
50658,9192.0,28230.0,50657
50659,9192.0,28271.0,50658
50660,9192.0,28389.0,50659
50661,9192.0,28338.0,50660
50662,9192.0,29391.0,50661
50663,9192.0,29662.0,50662
50664,9192.0,29339.0,50663
50665,9192.0,29467.0,50664
50666,9192.0,29277.0,50665
50667,9192.0,29652.0,50666
50668,9192.0,29652.0,50667
50669,9192.0,29875.0,50668
50670,9192.0,30078.0,50669
50671,9192.0,30700.0,50670
50672,9192.0,29780.0,50671
50673,9192.0,29364.0,50672
50674,9192.0,29112.0,50673
50675,9192.0,28349.0,50674
50676,9192.0,28349.0,50675
50677,9192.0,28429.0,50676
50678,9192.0,28399.0,50677
50679,9192.0,28499.0,50678
50680,9192.0,29039.0,50679
50681,9192.0,29449.0,50680
50682,9192.0,29512.0,50681
50683,9192.0,29414.0,50682
50684,9192.0,29414.0,50683
50685,9192.0,28990.0,50684
50686,9192.0,28881.0,50685
50687,9192.0,29054.0,50686
50688,9192.0,28998.0,50687
50689,9192.0,28998.0,50688
50690,9192.0,28911.0,50689
50691,9192.0,28787.0,50690
50692,9192.0,28801.0,50691
50693,9192.0,29612.0,50692
50694,9192.0,29865.0,50693
50695,9192.0,29500.0,50694
50696,9192.0,29564.0,50695
50697,9192.0,29257.0,50696
50698,9192.0,29898.0,50697
50699,9192.0,29774.0,50698
50700,9192.0,31501.0,50699
50701,9192.0,31359.0,50700
50702,9192.0,31072.0,50701
50703,9192.0,30296.0,50702
50704,9192.0,29906.0,50703
50705,9192.0,30032.0,50704
50706,9192.0,30039.0,50705
50707,9192.0,30203.0,50706
50708,9192.0,29636.0,50707
50709,9192.0,29636.0,50708
50710,9192.0,29217.0,50709
50711,9192.0,29295.0,50710
50712,9192.0,29157.0,50711
50713,9192.0,29102.0,50712
50714,9192.0,28913.0,50713
50715,9192.0,29911.0,50714
50716,9192.0,29510.0,50715
50717,9192.0,30395.0,50716
50718,9192.0,30781.0,50717
50719,9192.0,30620.0,50718
50720,9192.0,29879.0,50719
50721,9192.0,29585.0,50720
50722,9192.0,29864.0,50721
50723,9192.0,29391.0,50722
50724,9192.0,29696.0,50723
50725,9192.0,30113.0,50724
50726,9192.0,30070.0,50725
50727,9192.0,29308.0,50726
50728,9192.0,28554.0,50727
50729,9192.0,28437.0,50728
50730,9192.0,28893.0,50729
50731,9192.0,29166.0,50730
50732,9192.0,29131.0,50731
50733,9192.0,28558.0,50732
50734,9192.0,28540.0,50733
50735,9192.0,28790.0,50734
50736,9192.0,28636.0,50735
50737,9192.0,27980.0,50736
50738,9192.0,28058.0,50737
50739,9192.0,28052.0,50738
50740,9192.0,28052.0,50739
50741,9192.0,28037.0,50740
50742,9192.0,28899.0,50741
50743,9192.0,28585.0,50742
50744,9192.0,28731.0,50743
50745,9192.0,27958.0,50744
50746,9192.0,28057.0,50745
50747,9192.0,28776.0,50746
50748,9192.0,28773.0,50747
50749,9192.0,28310.0,50748
50750,9192.0,28381.0,50749
50751,9192.0,28375.0,50750
50752,9192.0,28603.0,50751
50753,9192.0,28570.0,50752
50754,9192.0,29142.0,50753
50755,9192.0,29342.0,50754
50756,9192.0,28891.0,50755
50757,9192.0,28662.0,50756
50758,9192.0,28662.0,50757
50759,9192.0,28996.0,50758
50760,9192.0,29416.0,50759
50761,9192.0,29723.0,50760
50762,9192.0,30219.0,50761
50763,9192.0,29886.0,50762
50764,9192.0,30036.0,50763
50765,9192.0,29563.0,50764
50766,9192.0,29604.0,50765
50767,9192.0,29584.0,50766
50768,9192.0,29584.0,50767
50769,9192.0,29608.0,50768
50770,9192.0,29827.0,50769
50771,9192.0,29839.0,50770
50772,9192.0,30255.0,50771
50773,9192.0,30206.0,50772
50774,9192.0,30558.0,50773
50775,9192.0,29128.0,50774
50776,9192.0,29803.0,50775
50777,9192.0,29629.0,50776
50778,9192.0,29713.0,50777
50779,9192.0,29349.0,50778
50780,9192.0,29528.0,50779
50781,9192.0,30854.0,50780
50782,9192.0,32594.0,50781
50783,9192.0,32036.0,50782
50784,9192.0,32181.0,50783
50785,9192.0,32384.0,50784
50786,9192.0,32039.0,50785
50787,9192.0,32318.0,50786
50788,9192.0,32021.0,50787
50789,9192.0,31821.0,50788
50790,9192.0,31841.0,50789
50791,9192.0,31732.0,50790
50792,9192.0,32327.0,50791
50793,9192.0,31832.0,50792
50794,9192.0,32236.0,50793
50795,9192.0,32194.0,50794
50796,9192.0,32204.0,50795
50797,9192.0,31667.0,50796
50798,9192.0,31265.0,50797
50799,9192.0,30995.0,50798
50800,9192.0,31046.0,50799
50801,9192.0,31176.0,50800
50802,9192.0,30780.0,50801
50803,9192.0,31020.0,50802
50804,9192.0,31500.0,50803
50805,9192.0,31528.0,50804
50806,9192.0,31562.0,50805
50807,9192.0,31522.0,50806
50808,9192.0,31162.0,50807
50809,9192.0,31383.0,50808
50810,9192.0,31383.0,50809
50811,9192.0,31009.0,50810
50812,9192.0,31188.0,50811
50813,9192.0,30807.0,50812
50814,9192.0,30412.0,50813
50815,9192.0,29789.0,50814
50816,9192.0,29974.0,50815
50817,9192.0,30077.0,50816
50818,9192.0,30020.0,50817
50819,9192.0,30022.0,50818
50820,9192.0,29092.0,50819
50821,9192.0,28096.0,50820
50822,9192.0,26941.0,50821
50823,9192.0,27618.0,50822
50824,9192.0,27383.0,50823
50825,9192.0,27528.0,50824
50826,9192.0,27637.0,50825
50827,9192.0,28718.0,50826
50828,9192.0,28946.0,50827
50829,9192.0,28843.0,50828
50830,9192.0,28604.0,50829
50831,9192.0,28910.0,50830
50832,9192.0,29914.0,50831
50833,9192.0,30023.0,50832
50834,9192.0,29512.0,50833
50835,9192.0,29640.0,50834
50836,9192.0,29468.0,50835
50837,9192.0,30165.0,50836
50838,9192.0,30165.0,50837
50839,9192.0,30032.0,50838
50840,9192.0,29843.0,50839
50841,9192.0,29158.0,50840
50842,9192.0,29505.0,50841
50843,9192.0,29551.0,50842
50844,9192.0,29163.0,50843
50845,9192.0,29489.0,50844
50846,9192.0,29933.0,50845
50847,9192.0,30086.0,50846
50848,9192.0,29247.0,50847
50849,9192.0,29448.0,50848
50850,9192.0,29109.0,50849
50851,9192.0,28402.0,50850
50852,9192.0,28178.0,50851
50853,9192.0,27979.0,50852
50854,9192.0,27205.0,50853
50855,9192.0,27344.0,50854
50856,9192.0,27444.0,50855
50857,9192.0,27518.0,50856
50858,9192.0,27445.0,50857
50859,9192.0,27571.0,50858
50860,9192.0,28602.0,50859
50861,9192.0,28616.0,50860
50862,9192.0,28365.0,50861
50863,9192.0,28453.0,50862
50864,9192.0,28055.0,50863
50865,9192.0,28018.0,50864
50866,9192.0,28261.0,50865
50867,9192.0,28261.0,50866
50868,9192.0,28261.0,50867
50869,9192.0,28124.0,50868
50870,9192.0,27250.0,50869
50871,9192.0,27170.0,50870
50872,9192.0,27179.0,50871
50873,9192.0,27132.0,50872
50874,9192.0,28068.0,50873
50875,9192.0,27742.0,50874
50876,9192.0,27296.0,50875
50877,9192.0,27473.0,50876
50878,9192.0,27411.0,50877
50879,9192.0,27495.0,50878
50880,9192.0,27456.0,50879
50881,9192.0,28739.0,50880
50882,9192.0,28822.0,50881
50883,9192.0,28635.0,50882
50884,9192.0,28952.0,50883
50885,9192.0,28728.0,50884
50886,9192.0,28854.0,50885
50887,9192.0,28777.0,50886
50888,9192.0,28771.0,50887
50889,9192.0,28875.0,50888
50890,9192.0,28411.0,50889
50891,9192.0,28348.0,50890
50892,9192.0,28880.0,50891
50893,9192.0,28545.0,50892
50894,9192.0,28524.0,50893
50895,9192.0,27855.0,50894
50896,9192.0,27548.0,50895
50897,9192.0,27548.0,50896
50898,9192.0,27126.0,50897
50899,9192.0,27256.0,50898
50900,9192.0,27461.0,50899
50901,9192.0,27680.0,50900
50902,9192.0,27995.0,50901
50903,9192.0,27942.0,50902
50904,9192.0,27819.0,50903
50905,9192.0,27776.0,50904
50906,9192.0,27854.0,50905
50907,9192.0,29484.0,50906
50908,9192.0,29680.0,50907
50909,9192.0,29764.0,50908
50910,9192.0,29364.0,50909
50911,9192.0,28628.0,50910
50912,9192.0,28571.0,50911
50913,9192.0,27881.0,50912
50914,9192.0,27881.0,50913
50915,9192.0,28775.0,50914
50916,9192.0,28661.0,50915
50917,9192.0,28775.0,50916
50918,9192.0,28832.0,50917
50919,9192.0,28807.0,50918
50920,9192.0,27897.0,50919
50921,9192.0,26737.0,50920
50922,9192.0,26890.0,50921
50923,9192.0,26777.0,50922
50924,9192.0,26916.0,50923
50925,9192.0,26490.0,50924
50926,9192.0,26482.0,50925
50927,9192.0,27202.0,50926
50928,9192.0,27566.0,50927
50929,9192.0,28092.0,50928
50930,9192.0,28137.0,50929
50931,9192.0,28069.0,50930
50932,9192.0,28074.0,50931
50933,9192.0,28163.0,50932
50934,9192.0,27623.0,50933
50935,9192.0,27788.0,50934
50936,9192.0,26801.0,50935
50937,9192.0,26926.0,50936
50938,9192.0,28182.0,50937
50939,9192.0,28423.0,50938
50940,9192.0,28211.0,50939
50941,9192.0,28279.0,50940
50942,9192.0,28450.0,50941
50943,9192.0,28442.0,50942
50944,9192.0,28771.0,50943
50945,9192.0,29607.0,50944
50946,9192.0,29803.0,50945
50947,9192.0,29406.0,50946
50948,9192.0,29406.0,50947
50949,9192.0,29393.0,50948
50950,9192.0,29252.0,50949
50951,9192.0,28917.0,50950
50952,9192.0,30381.0,50951
50953,9192.0,30433.0,50952
50954,9192.0,30364.0,50953
50955,9192.0,30689.0,50954
50956,9192.0,30584.0,50955
50957,9192.0,30514.0,50956
50958,9192.0,30552.0,50957
50959,9192.0,30527.0,50958
50960,9192.0,31596.0,50959
50961,9192.0,31740.0,50960
50962,9192.0,32103.0,50961
50963,9192.0,32087.0,50962
50964,9192.0,31976.0,50963
50965,9192.0,31362.0,50964
50966,9192.0,30993.0,50965
50967,9192.0,30559.0,50966
50968,9192.0,30507.0,50967
50969,9192.0,30780.0,50968
50970,9192.0,30611.0,50969
50971,9192.0,30571.0,50970
50972,9192.0,29834.0,50971
50973,9192.0,29713.0,50972
50974,9192.0,29624.0,50973
50975,9192.0,29838.0,50974
50976,9192.0,28500.0,50975
50977,9192.0,28541.0,50976
50978,9192.0,28227.0,50977
50979,9192.0,28454.0,50978
50980,9192.0,28080.0,50979
50981,9192.0,27714.0,50980
50982,9192.0,28795.0,50981
50983,9192.0,28960.0,50982
50984,9192.0,28812.0,50983
50985,9192.0,28676.0,50984
50986,9192.0,29072.0,50985
50987,9192.0,28671.0,50986
50988,9192.0,28705.0,50987
50989,9192.0,29559.0,50988
50990,9192.0,29364.0,50989
50991,9192.0,29348.0,50990
50992,9192.0,29277.0,50991
50993,9192.0,28417.0,50992
50994,9192.0,28417.0,50993
50995,9192.0,28616.0,50994
50996,9192.0,28150.0,50995
50997,9192.0,29035.0,50996
50998,9192.0,29029.0,50997
50999,9192.0,29067.0,50998
51000,9192.0,28699.0,50999
51001,9192.0,28586.0,51000
51002,9192.0,28568.0,51001
51003,9192.0,28944.0,51002
51004,9192.0,29058.0,51003
51005,9192.0,28920.0,51004
51006,9192.0,28951.0,51005
51007,9192.0,29045.0,51006
51008,9192.0,29073.0,51007
51009,9192.0,28992.0,51008
51010,9192.0,28999.0,51009
51011,9192.0,29402.0,51010
51012,9192.0,29982.0,51011
51013,9192.0,29707.0,51012
51014,9192.0,28451.0,51013
51015,9192.0,28451.0,51014
51016,9192.0,28448.0,51015
51017,9192.0,28086.0,51016
51018,9192.0,28099.0,51017
51019,9192.0,27144.0,51018
51020,9192.0,27352.0,51019
51021,9192.0,27041.0,51020
51022,9192.0,27058.0,51021
51023,9192.0,26733.0,51022
51024,9192.0,27578.0,51023
51025,9192.0,27578.0,51024
51026,9192.0,26903.0,51025
51027,9192.0,26962.0,51026
51028,9192.0,27365.0,51027
51029,9192.0,27188.0,51028
51030,9192.0,26777.0,51029
51031,9192.0,27928.0,51030
51032,9192.0,27919.0,51031
51033,9192.0,26763.0,51032
51034,9192.0,26308.0,51033
51035,9192.0,27404.0,51034
51036,9192.0,27545.0,51035
51037,9192.0,27131.0,51036
51038,9192.0,27349.0,51037
51039,9192.0,28076.0,51038
51040,9192.0,28221.0,51039
51041,9192.0,28554.0,51040
51042,9192.0,28572.0,51041
51043,9192.0,27522.0,51042
51044,9192.0,27626.0,51043
51045,9192.0,27626.0,51044
51046,9192.0,27996.0,51045
51047,9192.0,27871.0,51046
51048,9192.0,27870.0,51047
51049,9192.0,27813.0,51048
51050,9192.0,27813.0,51049
51051,9192.0,27813.0,51050
51052,9192.0,28604.0,51051
51053,9192.0,29013.0,51052
51054,9192.0,29233.0,51053
51055,9192.0,29409.0,51054
51056,9192.0,29485.0,51055
51057,9192.0,29462.0,51056
51058,9192.0,29171.0,51057
51059,9192.0,29993.0,51058
51060,9192.0,29061.0,51059
51061,9192.0,28768.0,51060
51062,9192.0,29176.0,51061
51063,9192.0,29282.0,51062
51064,9192.0,29094.0,51063
51065,9192.0,29388.0,51064
51066,9192.0,29172.0,51065
51067,9192.0,29368.0,51066
51068,9192.0,29035.0,51067
51069,9192.0,29150.0,51068
51070,9192.0,29074.0,51069
51071,9192.0,29178.0,51070
51072,9192.0,29176.0,51071
51073,9192.0,29122.0,51072
51074,9192.0,28598.0,51073
51075,9192.0,28589.0,51074
51076,9192.0,27468.0,51075
51077,9192.0,27607.0,51076
51078,9192.0,27607.0,51077
51079,9192.0,27605.0,51078
51080,9192.0,28756.0,51079
51081,9192.0,28727.0,51080
51082,9192.0,29798.0,51081
51083,9192.0,30111.0,51082
51084,9192.0,29834.0,51083
51085,9192.0,29851.0,51084
51086,9192.0,29612.0,51085
51087,9192.0,29913.0,51086
51088,9192.0,29738.0,51087
51089,9192.0,29765.0,51088
51090,9192.0,29582.0,51089
51091,9192.0,29787.0,51090
51092,9192.0,30046.0,51091
51093,9192.0,30042.0,51092
51094,9192.0,29863.0,51093
51095,9192.0,28974.0,51094
51096,9192.0,28713.0,51095
51097,9192.0,28539.0,51096
51098,9192.0,28852.0,51097
51099,9192.0,28894.0,51098
51100,9192.0,28709.0,51099
51101,9192.0,27920.0,51100
51102,9192.0,27898.0,51101
51103,9192.0,27964.0,51102
51104,9192.0,27320.0,51103
51105,9192.0,27399.0,51104
51106,9192.0,27344.0,51105
51107,9192.0,27740.0,51106
51108,9192.0,27574.0,51107
51109,9192.0,28069.0,51108
51110,9192.0,28681.0,51109
51111,9192.0,28690.0,51110
51112,9192.0,28970.0,51111
51113,9192.0,28366.0,51112
51114,9192.0,29191.0,51113
51115,9192.0,28366.0,51114
51116,9192.0,28249.0,51115
51117,9192.0,28203.0,51116
51118,9192.0,28090.0,51117
51119,9192.0,28552.0,51118
51120,9192.0,27974.0,51119
51121,9192.0,28296.0,51120
51122,9192.0,29270.0,51121
51123,9192.0,29404.0,51122
51124,9192.0,28939.0,51123
51125,9192.0,29066.0,51124
51126,9192.0,28574.0,51125
51127,9192.0,28988.0,51126
51128,9192.0,29040.0,51127
51129,9192.0,29068.0,51128
51130,9192.0,29264.0,51129
51131,9192.0,29167.0,51130
51132,9192.0,29330.0,51131
51133,9192.0,29481.0,51132
51134,9192.0,28236.0,51133
51135,9192.0,28236.0,51134
51136,9192.0,28185.0,51135
51137,9192.0,28119.0,51136
51138,9192.0,28219.0,51137
51139,9192.0,28273.0,51138
51140,9192.0,28273.0,51139
51141,9192.0,28585.0,51140
51142,9192.0,27516.0,51141
51143,9192.0,27345.0,51142
51144,9192.0,27314.0,51143
51145,9192.0,27760.0,51144
51146,9192.0,27134.0,51145
51147,9192.0,27030.0,51146
51148,9192.0,27098.0,51147
51149,9192.0,28026.0,51148
51150,9192.0,28072.0,51149
51151,9192.0,28340.0,51150
51152,9192.0,28827.0,51151
51153,9192.0,28377.0,51152
51154,9192.0,28348.0,51153
51155,9192.0,28310.0,51154
51156,9192.0,27886.0,51155
51157,9192.0,27891.0,51156
51158,9192.0,28862.0,51157
51159,9192.0,28679.0,51158
51160,9192.0,28912.0,51159
51161,9192.0,28752.0,51160
51162,9192.0,29107.0,51161
51163,9192.0,28923.0,51162
51164,9192.0,28865.0,51163
51165,9192.0,28927.0,51164
51166,9192.0,29542.0,51165
51167,9192.0,29935.0,51166
51168,9192.0,29551.0,51167
51169,9192.0,29338.0,51168
51170,9192.0,29602.0,51169
51171,9192.0,29993.0,51170
51172,9192.0,31255.0,51171
51173,9192.0,30735.0,51172
51174,9192.0,30911.0,51173
51175,9192.0,29927.0,51174
51176,9192.0,30099.0,51175
51177,9192.0,30105.0,51176
51178,9192.0,29904.0,51177
51179,9192.0,29608.0,51178
51180,9192.0,29507.0,51179
51181,9192.0,29612.0,51180
51182,9192.0,29555.0,51181
51183,9192.0,29555.0,51182
51184,9192.0,29549.0,51183
51185,9192.0,29309.0,51184
51186,9192.0,29036.0,51185
51187,9192.0,29091.0,51186
51188,9192.0,29495.0,51187
51189,9192.0,29746.0,51188
51190,9192.0,29746.0,51189
51191,9192.0,29675.0,51190
51192,9192.0,29675.0,51191
51193,9192.0,29776.0,51192
51194,9192.0,29624.0,51193
51195,9192.0,29944.0,51194
51196,9192.0,28605.0,51195
51197,9192.0,28650.0,51196
51198,9192.0,28359.0,51197
51199,9192.0,28280.0,51198
51200,9192.0,28387.0,51199
51201,9192.0,28385.0,51200
51202,9192.0,28458.0,51201
51203,9192.0,28422.0,51202
51204,9192.0,29230.0,51203
51205,9192.0,28734.0,51204
51206,9192.0,28814.0,51205
51207,9192.0,28473.0,51206
51208,9192.0,28419.0,51207
51209,9192.0,28368.0,51208
51210,9192.0,28061.0,51209
51211,9192.0,28018.0,51210
51212,9192.0,27653.0,51211
51213,9192.0,28037.0,51212
51214,9192.0,28905.0,51213
51215,9192.0,28891.0,51214
51216,9192.0,29976.0,51215
51217,9192.0,29976.0,51216
51218,9192.0,29959.0,51217
51219,9192.0,29108.0,51218
51220,9192.0,28647.0,51219
51221,9192.0,27954.0,51220
51222,9192.0,28223.0,51221
51223,9192.0,28053.0,51222
51224,9192.0,27529.0,51223
51225,9192.0,26756.0,51224
51226,9192.0,26755.0,51225
51227,9192.0,26755.0,51226
51228,9192.0,26976.0,51227
51229,9192.0,27160.0,51228
51230,9192.0,26967.0,51229
51231,9192.0,27080.0,51230
51232,9192.0,26669.0,51231
51233,9192.0,26279.0,51232
51234,9192.0,26152.0,51233
51235,9192.0,25355.0,51234
51236,9192.0,25497.0,51235
51237,9192.0,25497.0,51236
51238,9192.0,24674.0,51237
51239,9192.0,24430.0,51238
51240,9192.0,26359.0,51239
51241,9192.0,26781.0,51240
51242,9192.0,27218.0,51241
51243,9192.0,27036.0,51242
51244,9192.0,26599.0,51243
51245,9192.0,26331.0,51244
51246,9192.0,26258.0,51245
51247,9192.0,27269.0,51246
51248,9192.0,27224.0,51247
51249,9192.0,26913.0,51248
51250,9192.0,27314.0,51249
51251,9192.0,27188.0,51250
51252,9192.0,27255.0,51251
51253,9192.0,27664.0,51252
51254,9192.0,28160.0,51253
51255,9192.0,28020.0,51254
51256,9192.0,27660.0,51255
51257,9192.0,27229.0,51256
51258,9192.0,27465.0,51257
51259,9192.0,28073.0,51258
51260,9192.0,27945.0,51259
51261,9192.0,27247.0,51260
51262,9192.0,27412.0,51261
51263,9192.0,28216.0,51262
51264,9192.0,28783.0,51263
51265,9192.0,28571.0,51264
51266,9192.0,28516.0,51265
51267,9192.0,28927.0,51266
51268,9192.0,29141.0,51267
51269,9192.0,29225.0,51268
51270,9192.0,28564.0,51269
51271,9192.0,28231.0,51270
51272,9192.0,28322.0,51271
51273,9192.0,28211.0,51272
51274,9192.0,28604.0,51273
51275,9192.0,28403.0,51274
51276,9192.0,28286.0,51275
51277,9192.0,28216.0,51276
51278,9192.0,28216.0,51277
51279,9192.0,28044.0,51278
51280,9192.0,28259.0,51279
51281,9192.0,28531.0,51280
51282,9192.0,28290.0,51281
51283,9192.0,28421.0,51282
51284,9192.0,27659.0,51283
51285,9192.0,27656.0,51284
51286,9192.0,27738.0,51285
51287,9192.0,28252.0,51286
51288,9192.0,28333.0,51287
51289,9192.0,28235.0,51288
51290,9192.0,27876.0,51289
51291,9192.0,29206.0,51290
51292,9192.0,29206.0,51291
51293,9192.0,29143.0,51292
51294,9192.0,28864.0,51293
51295,9192.0,28210.0,51294
51296,9192.0,27374.0,51295
51297,9192.0,27575.0,51296
51298,9192.0,27693.0,51297
51299,9192.0,27836.0,51298
51300,9192.0,29062.0,51299
51301,9192.0,29579.0,51300
51302,9192.0,29022.0,51301
51303,9192.0,28972.0,51302
51304,9192.0,29585.0,51303
51305,9192.0,29582.0,51304
51306,9192.0,29317.0,51305
51307,9192.0,29527.0,51306
51308,9192.0,28071.0,51307
51309,9192.0,28231.0,51308
51310,9192.0,27690.0,51309
51311,9192.0,27632.0,51310
51312,9192.0,28136.0,51311
51313,9192.0,27542.0,51312
51314,9192.0,26947.0,51313
51315,9192.0,27451.0,51314
51316,9192.0,27001.0,51315
51317,9192.0,27034.0,51316
51318,9192.0,27182.0,51317
51319,9192.0,27263.0,51318
51320,9192.0,27389.0,51319
51321,9192.0,27762.0,51320
51322,9192.0,27898.0,51321
51323,9192.0,27841.0,51322
51324,9192.0,28322.0,51323
51325,9192.0,28063.0,51324
51326,9192.0,28297.0,51325
51327,9192.0,28972.0,51326
51328,9192.0,28776.0,51327
51329,9192.0,28652.0,51328
51330,9192.0,28753.0,51329
51331,9192.0,28811.0,51330
51332,9192.0,29639.0,51331
51333,9192.0,29465.0,51332
51334,9192.0,29477.0,51333
51335,9192.0,28887.0,51334
51336,9192.0,28868.0,51335
51337,9192.0,28916.0,51336
51338,9192.0,28932.0,51337
51339,9192.0,28599.0,51338
51340,9192.0,28902.0,51339
51341,9192.0,29513.0,51340
51342,9192.0,29554.0,51341
51343,9192.0,28881.0,51342
51344,9192.0,28916.0,51343
51345,9192.0,28217.0,51344
51346,9192.0,28317.0,51345
51347,9192.0,28081.0,51346
51348,9192.0,28525.0,51347
51349,9192.0,28748.0,51348
51350,9192.0,27369.0,51349
51351,9192.0,28467.0,51350
51352,9192.0,28374.0,51351
51353,9192.0,28124.0,51352
51354,9192.0,28147.0,51353
51355,9192.0,28065.0,51354
51356,9192.0,28026.0,51355
51357,9192.0,28313.0,51356
51358,9192.0,27873.0,51357
51359,9192.0,28067.0,51358
51360,9192.0,28371.0,51359
51361,9192.0,28092.0,51360
51362,9192.0,28092.0,51361
51363,9192.0,27846.0,51362
51364,9192.0,26610.0,51363
51365,9192.0,26205.0,51364
51366,9192.0,25849.0,51365
51367,9192.0,25846.0,51366
51368,9192.0,26092.0,51367
51369,9192.0,26029.0,51368
51370,9192.0,26110.0,51369
51371,9192.0,25817.0,51370
51372,9192.0,25661.0,51371
51373,9192.0,26724.0,51372
51374,9192.0,27069.0,51373
51375,9192.0,27101.0,51374
51376,9192.0,26504.0,51375
51377,9192.0,27629.0,51376
51378,9192.0,27671.0,51377
51379,9192.0,27597.0,51378
51380,9192.0,27863.0,51379
51381,9192.0,27999.0,51380
51382,9192.0,28013.0,51381
51383,9192.0,28462.0,51382
51384,9192.0,27023.0,51383
51385,9192.0,27628.0,51384
51386,9192.0,27709.0,51385
51387,9192.0,27665.0,51386
51388,9192.0,28399.0,51387
51389,9192.0,27729.0,51388
51390,9192.0,26566.0,51389
51391,9192.0,28068.0,51390
51392,9192.0,27905.0,51391
51393,9192.0,27671.0,51392
51394,9192.0,26907.0,51393
51395,9192.0,27347.0,51394
51396,9192.0,27682.0,51395
51397,9192.0,27270.0,51396
51398,9192.0,28238.0,51397
51399,9192.0,27955.0,51398
51400,9192.0,27666.0,51399
51401,9192.0,26006.0,51400
51402,9192.0,26495.0,51401
51403,9192.0,26443.0,51402
51404,9192.0,26020.0,51403
51405,9192.0,26015.0,51404
51406,9192.0,25938.0,51405
51407,9192.0,25733.0,51406
51408,9192.0,25733.0,51407
51409,9192.0,25660.0,51408
51410,9192.0,26313.0,51409
51411,9192.0,26793.0,51410
51412,9192.0,26799.0,51411
51413,9192.0,26656.0,51412
51414,9192.0,27421.0,51413
51415,9192.0,26572.0,51414
51416,9192.0,26424.0,51415
51417,9192.0,26181.0,51416
51418,9192.0,26343.0,51417
51419,9192.0,26490.0,51418
51420,9192.0,26512.0,51419
51421,9192.0,26512.0,51420
51422,9192.0,26857.0,51421
51423,9192.0,26650.0,51422
51424,9192.0,26063.0,51423
51425,9192.0,26063.0,51424
51426,9192.0,26890.0,51425
51427,9192.0,26669.0,51426
51428,9192.0,26995.0,51427
51429,9192.0,26924.0,51428
51430,9192.0,26893.0,51429
51431,9192.0,27758.0,51430
51432,9192.0,27581.0,51431
51433,9192.0,27652.0,51432
51434,9192.0,28645.0,51433
51435,9192.0,28205.0,51434
51436,9192.0,28917.0,51435
51437,9192.0,29119.0,51436
51438,9192.0,28245.0,51437
51439,9192.0,28175.0,51438
51440,9192.0,27552.0,51439
51441,9192.0,27664.0,51440
51442,9192.0,27780.0,51441
51443,9192.0,27780.0,51442
51444,9192.0,27851.0,51443
51445,9192.0,27790.0,51444
51446,9192.0,27624.0,51445
51447,9192.0,28302.0,51446
51448,9192.0,28265.0,51447
51449,9192.0,28989.0,51448
51450,9192.0,28995.0,51449
51451,9192.0,29426.0,51450
51452,9192.0,29426.0,51451
51453,9192.0,29022.0,51452
51454,9192.0,29009.0,51453
51455,9192.0,29149.0,51454
51456,9192.0,28488.0,51455
51457,9192.0,28199.0,51456
51458,9192.0,28210.0,51457
51459,9192.0,28127.0,51458
51460,9192.0,27987.0,51459
51461,9192.0,28544.0,51460
51462,9192.0,28610.0,51461
51463,9192.0,28399.0,51462
51464,9192.0,28340.0,51463
51465,9192.0,28401.0,51464
51466,9192.0,29385.0,51465
51467,9192.0,29305.0,51466
51468,9192.0,29391.0,51467
51469,9192.0,29374.0,51468
51470,9192.0,29305.0,51469
51471,9192.0,29164.0,51470
51472,9192.0,29260.0,51471
51473,9192.0,29026.0,51472
51474,9192.0,28407.0,51473
51475,9192.0,28091.0,51474
51476,9192.0,28130.0,51475
51477,9192.0,29238.0,51476
51478,9192.0,29217.0,51477
51479,9192.0,29350.0,51478
51480,9192.0,29166.0,51479
51481,9192.0,29143.0,51480
51482,9192.0,29775.0,51481
51483,9192.0,28434.0,51482
51484,9192.0,28470.0,51483
51485,9192.0,28236.0,51484
51486,9192.0,28538.0,51485
51487,9192.0,28499.0,51486
51488,9192.0,28492.0,51487
51489,9192.0,29029.0,51488
51490,9192.0,29060.0,51489
51491,9192.0,29249.0,51490
51492,9192.0,29373.0,51491
51493,9192.0,29222.0,51492
51494,9192.0,29222.0,51493
51495,9192.0,29286.0,51494
51496,9192.0,28840.0,51495
51497,9192.0,28347.0,51496
51498,9192.0,26200.0,51497
51499,9192.0,26367.0,51498
51500,9192.0,25844.0,51499
51501,9192.0,25873.0,51500
51502,9192.0,26581.0,51501
51503,9192.0,26855.0,51502
51504,9192.0,26855.0,51503
51505,9192.0,26860.0,51504
51506,9192.0,26717.0,51505
51507,9192.0,26569.0,51506
51508,9192.0,27455.0,51507
51509,9192.0,27976.0,51508
51510,9192.0,28243.0,51509
51511,9192.0,28280.0,51510
51512,9192.0,28424.0,51511
51513,9192.0,28865.0,51512
51514,9192.0,28825.0,51513
51515,9192.0,27952.0,51514
51516,9192.0,27742.0,51515
51517,9192.0,27107.0,51516
51518,9192.0,27240.0,51517
51519,9192.0,26547.0,51518
51520,9192.0,26358.0,51519
51521,9192.0,25690.0,51520
51522,9192.0,25588.0,51521
51523,9192.0,25356.0,51522
51524,9192.0,25407.0,51523
51525,9192.0,25563.0,51524
51526,9192.0,25521.0,51525
51527,9192.0,25521.0,51526
51528,9192.0,24512.0,51527
51529,9192.0,24415.0,51528
51530,9192.0,24415.0,51529
51531,9192.0,24178.0,51530
51532,9192.0,24340.0,51531
51533,9192.0,24529.0,51532
51534,9192.0,24674.0,51533
51535,9192.0,24488.0,51534
51536,9192.0,24488.0,51535
51537,9192.0,24721.0,51536
51538,9192.0,23845.0,51537
51539,9192.0,23331.0,51538
51540,9192.0,23070.0,51539
51541,9192.0,23010.0,51540
51542,9192.0,23305.0,51541
51543,9192.0,22965.0,51542
51544,9192.0,23867.0,51543
51545,9192.0,24138.0,51544
51546,9192.0,24084.0,51545
51547,9192.0,24418.0,51546
51548,9192.0,24418.0,51547
51549,9192.0,24418.0,51548
51550,9192.0,24203.0,51549
51551,9192.0,24875.0,51550
51552,9192.0,25979.0,51551
51553,9192.0,26133.0,51552
51554,9192.0,27084.0,51553
51555,9192.0,27145.0,51554
51556,9192.0,27145.0,51555
51557,9192.0,27436.0,51556
51558,9192.0,27844.0,51557
51559,9192.0,27702.0,51558
51560,9192.0,28797.0,51559
51561,9192.0,28775.0,51560
51562,9192.0,29044.0,51561
51563,9192.0,27523.0,51562
51564,9192.0,27805.0,51563
51565,9192.0,27906.0,51564
51566,9192.0,27864.0,51565
51567,9192.0,28916.0,51566
51568,9192.0,28916.0,51567
51569,9192.0,28903.0,51568
51570,9192.0,28771.0,51569
51571,9192.0,28603.0,51570
51572,9192.0,28603.0,51571
51573,9192.0,28915.0,51572
51574,9192.0,29491.0,51573
51575,9192.0,28562.0,51574
51576,9192.0,28562.0,51575
51577,9192.0,28514.0,51576
51578,9192.0,28720.0,51577
51579,9192.0,28715.0,51578
51580,9192.0,28805.0,51579
51581,9192.0,29050.0,51580
51582,9192.0,28898.0,51581
51583,9192.0,28991.0,51582
51584,9192.0,28753.0,51583
51585,9192.0,28032.0,51584
51586,9192.0,27494.0,51585
51587,9192.0,27246.0,51586
51588,9192.0,26887.0,51587
51589,9192.0,27132.0,51588
51590,9192.0,26957.0,51589
51591,9192.0,27003.0,51590
51592,9192.0,28400.0,51591
51593,9192.0,28509.0,51592
51594,9192.0,28647.0,51593
51595,9192.0,28419.0,51594
51596,9192.0,28732.0,51595
51597,9192.0,28684.0,51596
51598,9192.0,28684.0,51597
51599,9192.0,28582.0,51598
51600,9192.0,27901.0,51599
51601,9192.0,28326.0,51600
51602,9192.0,28317.0,51601
51603,9192.0,28320.0,51602
51604,9192.0,28320.0,51603
51605,9192.0,28637.0,51604
51606,9192.0,28867.0,51605
51607,9192.0,28356.0,51606
51608,9192.0,28503.0,51607
51609,9192.0,28685.0,51608
51610,9192.0,28685.0,51609
51611,9192.0,28421.0,51610
51612,9192.0,28371.0,51611
51613,9192.0,28379.0,51612
51614,9192.0,28373.0,51613
51615,9192.0,28316.0,51614
51616,9192.0,28259.0,51615
51617,9192.0,28951.0,51616
51618,9192.0,28942.0,51617
51619,9192.0,28943.0,51618
51620,9192.0,28843.0,51619
51621,9192.0,29079.0,51620
51622,9192.0,29259.0,51621
51623,9192.0,28380.0,51622
51624,9192.0,28081.0,51623
51625,9192.0,27899.0,51624
51626,9192.0,28544.0,51625
51627,9192.0,27566.0,51626
51628,9192.0,27410.0,51627
51629,9192.0,27573.0,51628
51630,9192.0,27836.0,51629
51631,9192.0,27536.0,51630
51632,9192.0,24926.0,51631
51633,9192.0,25070.0,51632
51634,9192.0,25067.0,51633
51635,9192.0,25067.0,51634
51636,9192.0,25067.0,51635
51637,9192.0,24873.0,51636
51638,9192.0,24970.0,51637
51639,9192.0,25157.0,51638
51640,9192.0,25160.0,51639
51641,9192.0,25068.0,51640
51642,9192.0,24535.0,51641
51643,9192.0,24749.0,51642
51644,9192.0,25293.0,51643
51645,9192.0,24837.0,51644
51646,9192.0,25373.0,51645
51647,9192.0,25484.0,51646
51648,9192.0,26065.0,51647
51649,9192.0,26263.0,51648
51650,9192.0,26379.0,51649
51651,9192.0,26274.0,51650
51652,9192.0,26274.0,51651
51653,9192.0,26030.0,51652
51654,9192.0,26065.0,51653
51655,9192.0,26954.0,51654
51656,9192.0,27275.0,51655
51657,9192.0,27360.0,51656
51658,9192.0,27430.0,51657
51659,9192.0,26498.0,51658
51660,9192.0,27122.0,51659
51661,9192.0,27497.0,51660
51662,9192.0,27179.0,51661
51663,9192.0,27461.0,51662
51664,9192.0,28768.0,51663
51665,9192.0,28267.0,51664
51666,9192.0,28259.0,51665
51667,9192.0,27896.0,51666
51668,9192.0,27924.0,51667
51669,9192.0,27953.0,51668
51670,9192.0,28180.0,51669
51671,9192.0,28200.0,51670
51672,9192.0,28172.0,51671
51673,9192.0,28381.0,51672
51674,9192.0,28483.0,51673
51675,9192.0,28344.0,51674
51676,9192.0,28329.0,51675
51677,9192.0,28275.0,51676
51678,9192.0,29042.0,51677
51679,9192.0,29042.0,51678
51680,9192.0,29103.0,51679
51681,9192.0,28844.0,51680
51682,9192.0,28889.0,51681
51683,9192.0,28896.0,51682
51684,9192.0,29197.0,51683
51685,9192.0,28857.0,51684
51686,9192.0,29386.0,51685
51687,9192.0,29379.0,51686
51688,9192.0,29452.0,51687
51689,9192.0,28358.0,51688
51690,9192.0,28536.0,51689
51691,9192.0,28481.0,51690
51692,9192.0,28734.0,51691
51693,9192.0,28328.0,51692
51694,9192.0,27451.0,51693
51695,9192.0,28612.0,51694
51696,9192.0,28788.0,51695
51697,9192.0,28915.0,51696
51698,9192.0,28399.0,51697
51699,9192.0,28921.0,51698
51700,9192.0,28903.0,51699
51701,9192.0,28987.0,51700
51702,9192.0,28863.0,51701
51703,9192.0,28901.0,51702
51704,9192.0,28217.0,51703
51705,9192.0,28748.0,51704
51706,9192.0,28631.0,51705
51707,9192.0,28631.0,51706
51708,9192.0,28765.0,51707
51709,9192.0,28669.0,51708
51710,9192.0,28066.0,51709
51711,9192.0,27267.0,51710
51712,9192.0,27269.0,51711
51713,9192.0,27106.0,51712
51714,9192.0,27934.0,51713
51715,9192.0,28218.0,51714
51716,9192.0,28246.0,51715
51717,9192.0,28352.0,51716
51718,9192.0,28171.0,51717
51719,9192.0,28036.0,51718
51720,9192.0,28070.0,51719
51721,9192.0,27849.0,51720
51722,9192.0,27960.0,51721
51723,9192.0,27278.0,51722
51724,9192.0,27156.0,51723
51725,9192.0,27401.0,51724
51726,9192.0,27193.0,51725
51727,9192.0,27231.0,51726
51728,9192.0,26763.0,51727
51729,9192.0,27137.0,51728
51730,9192.0,27057.0,51729
51731,9192.0,26842.0,51730
51732,9192.0,26925.0,51731
51733,9192.0,27818.0,51732
51734,9192.0,29505.0,51733
51735,9192.0,29630.0,51734
51736,9192.0,29477.0,51735
51737,9192.0,28768.0,51736
51738,9192.0,28768.0,51737
51739,9192.0,28767.0,51738
51740,9192.0,28507.0,51739
51741,9192.0,28899.0,51740
51742,9192.0,28970.0,51741
51743,9192.0,28711.0,51742
51744,9192.0,28787.0,51743
51745,9192.0,28807.0,51744
51746,9192.0,27888.0,51745
51747,9192.0,27888.0,51746
51748,9192.0,27822.0,51747
51749,9192.0,28376.0,51748
51750,9192.0,28652.0,51749
51751,9192.0,28137.0,51750
51752,9192.0,28121.0,51751
51753,9192.0,28121.0,51752
51754,9192.0,27811.0,51753
51755,9192.0,27712.0,51754
51756,9192.0,27712.0,51755
51757,9192.0,27712.0,51756
51758,9192.0,27661.0,51757
51759,9192.0,27661.0,51758
51760,9192.0,28852.0,51759
51761,9192.0,28759.0,51760
51762,9192.0,28567.0,51761
51763,9192.0,28629.0,51762
51764,9192.0,28716.0,51763
51765,9192.0,28795.0,51764
51766,9192.0,28854.0,51765
51767,9192.0,30561.0,51766
51768,9192.0,30544.0,51767
51769,9192.0,30013.0,51768
51770,9192.0,29947.0,51769
51771,9192.0,30188.0,51770
51772,9192.0,30115.0,51771
51773,9192.0,30460.0,51772
51774,9192.0,30460.0,51773
51775,9192.0,30542.0,51774
51776,9192.0,30915.0,51775
51777,9192.0,31019.0,51776
51778,9192.0,30889.0,51777
51779,9192.0,30989.0,51778
51780,9192.0,31131.0,51779
51781,9192.0,31296.0,51780
51782,9192.0,31713.0,51781
51783,9192.0,31751.0,51782
51784,9192.0,31584.0,51783
51785,9192.0,31984.0,51784
51786,9192.0,31709.0,51785
51787,9192.0,31599.0,51786
51788,9192.0,31724.0,51787
51789,9192.0,31724.0,51788
51790,9192.0,31754.0,51789
51791,9192.0,30792.0,51790
51792,9192.0,30752.0,51791
51793,9192.0,30936.0,51792
51794,9192.0,30782.0,51793
51795,9192.0,30489.0,51794
51796,9192.0,30819.0,51795
51797,9192.0,30921.0,51796
51798,9192.0,30790.0,51797
51799,9192.0,31022.0,51798
51800,9192.0,31175.0,51799
51801,9192.0,31370.0,51800
51802,9192.0,31077.0,51801
51803,9192.0,31130.0,51802
51804,9192.0,30641.0,51803
51805,9192.0,30704.0,51804
51806,9192.0,31407.0,51805
51807,9192.0,31347.0,51806
51808,9192.0,31185.0,51807
51809,9192.0,31302.0,51808
51810,9192.0,31101.0,51809
51811,9192.0,30353.0,51810
51812,9192.0,30897.0,51811
51813,9192.0,30840.0,51812
51814,9192.0,31438.0,51813
51815,9192.0,31071.0,51814
51816,9192.0,30758.0,51815
51817,9192.0,30594.0,51816
51818,9192.0,30980.0,51817
51819,9192.0,30980.0,51818
51820,9192.0,30787.0,51819
51821,9192.0,30933.0,51820
51822,9192.0,32341.0,51821
51823,9192.0,32341.0,51822
51824,9192.0,32321.0,51823
51825,9192.0,33157.0,51824
51826,9192.0,33177.0,51825
51827,9192.0,33179.0,51826
51828,9192.0,32372.0,51827
51829,9192.0,32369.0,51828
51830,9192.0,32334.0,51829
51831,9192.0,32334.0,51830
51832,9192.0,32086.0,51831
51833,9192.0,31920.0,51832
51834,9192.0,32394.0,51833
51835,9192.0,31584.0,51834
51836,9192.0,31692.0,51835
51837,9192.0,31922.0,51836
51838,9192.0,31504.0,51837
51839,9192.0,32000.0,51838
51840,9192.0,31842.0,51839
51841,9192.0,30786.0,51840
51842,9192.0,30733.0,51841
51843,9192.0,30611.0,51842
51844,9192.0,32750.0,51843
51845,9192.0,32589.0,51844
51846,9192.0,32432.0,51845
51847,9192.0,32201.0,51846
51848,9192.0,32397.0,51847
51849,9192.0,32182.0,51848
51850,9192.0,32263.0,51849
51851,9192.0,31516.0,51850
51852,9192.0,30329.0,51851
51853,9192.0,30090.0,51852
51854,9192.0,30095.0,51853
51855,9192.0,30342.0,51854
51856,9192.0,29909.0,51855
51857,9192.0,29975.0,51856
51858,9192.0,30256.0,51857
51859,9192.0,30132.0,51858
51860,9192.0,29364.0,51859
51861,9192.0,29452.0,51860
51862,9192.0,29237.0,51861
51863,9192.0,29068.0,51862
51864,9192.0,29050.0,51863
51865,9192.0,27863.0,51864
51866,9192.0,27845.0,51865
51867,9192.0,30085.0,51866
51868,9192.0,29702.0,51867
51869,9192.0,29717.0,51868
51870,9192.0,29543.0,51869
51871,9192.0,29295.0,51870
51872,9192.0,29835.0,51871
51873,9192.0,29835.0,51872
51874,9192.0,30248.0,51873
51875,9192.0,30313.0,51874
51876,9192.0,30354.0,51875
51877,9192.0,30416.0,51876
51878,9192.0,30035.0,51877
51879,9192.0,30077.0,51878
51880,9192.0,29906.0,51879
51881,9192.0,30839.0,51880
51882,9192.0,31050.0,51881
51883,9192.0,31117.0,51882
51884,9192.0,31281.0,51883
51885,9192.0,31272.0,51884
51886,9192.0,30259.0,51885
51887,9192.0,30592.0,51886
51888,9192.0,29579.0,51887
51889,9192.0,29956.0,51888
51890,9192.0,30115.0,51889
51891,9192.0,30038.0,51890
51892,9192.0,27829.0,51891
51893,9192.0,27998.0,51892
51894,9192.0,27962.0,51893
51895,9192.0,27840.0,51894
51896,9192.0,27649.0,51895
51897,9192.0,28903.0,51896
51898,9192.0,28937.0,51897
51899,9192.0,28869.0,51898
51900,9192.0,28781.0,51899
51901,9192.0,28659.0,51900
51902,9192.0,28848.0,51901
51903,9192.0,28833.0,51902
51904,9192.0,27855.0,51903
51905,9192.0,27817.0,51904
51906,9192.0,27385.0,51905
51907,9192.0,27452.0,51906
51908,9192.0,27452.0,51907
51909,9192.0,27888.0,51908
51910,9192.0,27035.0,51909
51911,9192.0,27042.0,51910
51912,9192.0,27304.0,51911
51913,9192.0,27194.0,51912
51914,9192.0,27194.0,51913
51915,9192.0,27194.0,51914
51916,9192.0,27129.0,51915
51917,9192.0,27290.0,51916
51918,9192.0,27270.0,51917
51919,9192.0,28259.0,51918
51920,9192.0,28410.0,51919
51921,9192.0,28843.0,51920
51922,9192.0,28952.0,51921
51923,9192.0,30486.0,51922
51924,9192.0,30273.0,51923
51925,9192.0,29968.0,51924
51926,9192.0,30105.0,51925
51927,9192.0,30648.0,51926
51928,9192.0,29158.0,51927
51929,9192.0,29154.0,51928
51930,9192.0,29154.0,51929
51931,9192.0,28069.0,51930
51932,9192.0,28088.0,51931
51933,9192.0,28007.0,51932
51934,9192.0,27690.0,51933
51935,9192.0,27246.0,51934
51936,9192.0,27524.0,51935
51937,9192.0,27885.0,51936
51938,9192.0,28107.0,51937
51939,9192.0,28251.0,51938
51940,9192.0,28227.0,51939
51941,9192.0,28227.0,51940
51942,9192.0,27789.0,51941
51943,9192.0,28053.0,51942
51944,9192.0,27974.0,51943
51945,9192.0,27294.0,51944
51946,9192.0,27608.0,51945
51947,9192.0,27881.0,51946
51948,9192.0,28550.0,51947
51949,9192.0,28567.0,51948
51950,9192.0,28223.0,51949
51951,9192.0,28079.0,51950
51952,9192.0,28431.0,51951
51953,9192.0,28431.0,51952
51954,9192.0,28664.0,51953
51955,9192.0,28647.0,51954
51956,9192.0,28432.0,51955
51957,9192.0,28211.0,51956
51958,9192.0,27977.0,51957
51959,9192.0,27809.0,51958
51960,9192.0,27837.0,51959
51961,9192.0,29133.0,51960
51962,9192.0,29122.0,51961
51963,9192.0,29099.0,51962
51964,9192.0,28998.0,51963
51965,9192.0,28895.0,51964
51966,9192.0,28072.0,51965
51967,9192.0,27951.0,51966
51968,9192.0,27659.0,51967
51969,9192.0,27784.0,51968
51970,9192.0,27478.0,51969
51971,9192.0,28056.0,51970
51972,9192.0,28493.0,51971
51973,9192.0,28464.0,51972
51974,9192.0,28640.0,51973
51975,9192.0,28583.0,51974
51976,9192.0,28373.0,51975
51977,9192.0,28207.0,51976
51978,9192.0,28286.0,51977
51979,9192.0,28623.0,51978
51980,9192.0,28623.0,51979
51981,9192.0,28844.0,51980
51982,9192.0,29467.0,51981
51983,9192.0,29464.0,51982
51984,9192.0,29530.0,51983
51985,9192.0,29557.0,51984
51986,9192.0,29591.0,51985
51987,9192.0,29782.0,51986
51988,9192.0,29566.0,51987
51989,9192.0,29566.0,51988
51990,9192.0,29451.0,51989
51991,9192.0,29207.0,51990
51992,9192.0,29165.0,51991
51993,9192.0,29290.0,51992
51994,9192.0,29290.0,51993
51995,9192.0,29317.0,51994
51996,9192.0,28845.0,51995
51997,9192.0,29275.0,51996
51998,9192.0,29268.0,51997
51999,9192.0,29268.0,51998
52000,9192.0,28084.0,51999
52001,9192.0,28250.0,52000
52002,9192.0,28250.0,52001
52003,9192.0,28621.0,52002
52004,9192.0,28928.0,52003
52005,9192.0,28928.0,52004
52006,9192.0,28683.0,52005
52007,9192.0,28683.0,52006
52008,9192.0,28609.0,52007
52009,9192.0,28663.0,52008
52010,9192.0,28222.0,52009
52011,9192.0,28359.0,52010
52012,9192.0,28359.0,52011
52013,9192.0,28454.0,52012
52014,9192.0,28560.0,52013
52015,9192.0,28562.0,52014
52016,9192.0,28446.0,52015
52017,9192.0,28446.0,52016
52018,9192.0,28421.0,52017
52019,9192.0,29348.0,52018
52020,9192.0,29348.0,52019
52021,9192.0,29109.0,52020
52022,9192.0,28638.0,52021
52023,9192.0,28919.0,52022
52024,9192.0,29309.0,52023
52025,9192.0,28029.0,52024
52026,9192.0,27649.0,52025
52027,9192.0,27836.0,52026
52028,9192.0,27207.0,52027
52029,9192.0,27564.0,52028
52030,9192.0,27424.0,52029
52031,9192.0,28275.0,52030
52032,9192.0,28046.0,52031
52033,9192.0,27964.0,52032
52034,9192.0,27964.0,52033
52035,9192.0,27426.0,52034
52036,9192.0,26949.0,52035
52037,9192.0,26949.0,52036
52038,9192.0,26856.0,52037
52039,9192.0,27125.0,52038
52040,9192.0,27649.0,52039
52041,9192.0,27796.0,52040
52042,9192.0,27494.0,52041
52043,9192.0,28400.0,52042
52044,9192.0,27352.0,52043
52045,9192.0,27463.0,52044
52046,9192.0,27463.0,52045
52047,9192.0,26952.0,52046
52048,9192.0,26884.0,52047
52049,9192.0,27839.0,52048
52050,9192.0,26736.0,52049
52051,9192.0,26736.0,52050
52052,9192.0,27563.0,52051
52053,9192.0,27628.0,52052
52054,9192.0,27732.0,52053
52055,9192.0,27786.0,52054
52056,9192.0,28006.0,52055
52057,9192.0,27964.0,52056
52058,9192.0,28096.0,52057
52059,9192.0,28376.0,52058
52060,9192.0,28564.0,52059
52061,9192.0,28218.0,52060
52062,9192.0,28218.0,52061
52063,9192.0,28218.0,52062
52064,9192.0,28139.0,52063
52065,9192.0,28568.0,52064
52066,9192.0,29119.0,52065
52067,9192.0,28511.0,52066
52068,9192.0,28368.0,52067
52069,9192.0,28126.0,52068
52070,9192.0,27973.0,52069
52071,9192.0,27493.0,52070
52072,9192.0,28111.0,52071
52073,9192.0,28215.0,52072
52074,9192.0,27828.0,52073
52075,9192.0,27268.0,52074
52076,9192.0,27168.0,52075
52077,9192.0,27874.0,52076
52078,9192.0,27599.0,52077
52079,9192.0,27696.0,52078
52080,9192.0,27709.0,52079
52081,9192.0,27993.0,52080
52082,9192.0,28316.0,52081
52083,9192.0,27708.0,52082
52084,9192.0,28136.0,52083
52085,9192.0,28137.0,52084
52086,9192.0,28264.0,52085
52087,9192.0,28431.0,52086
52088,9192.0,26847.0,52087
52089,9192.0,27209.0,52088
52090,9192.0,27551.0,52089
52091,9192.0,27317.0,52090
52092,9192.0,27357.0,52091
52093,9192.0,27900.0,52092
52094,9192.0,28450.0,52093
52095,9192.0,28352.0,52094
52096,9192.0,27540.0,52095
52097,9192.0,27540.0,52096
52098,9192.0,27113.0,52097
52099,9192.0,26685.0,52098
52100,9192.0,26886.0,52099
52101,9192.0,26879.0,52100
52102,9192.0,26759.0,52101
52103,9192.0,27202.0,52102
52104,9192.0,27202.0,52103
52105,9192.0,27668.0,52104
52106,9192.0,27519.0,52105
52107,9192.0,29231.0,52106
52108,9192.0,28601.0,52107
52109,9192.0,28197.0,52108
52110,9192.0,27954.0,52109
52111,9192.0,27940.0,52110
52112,9192.0,27731.0,52111
52113,9192.0,27476.0,52112
52114,9192.0,28209.0,52113
52115,9192.0,28209.0,52114
52116,9192.0,28176.0,52115
52117,9192.0,29735.0,52116
52118,9192.0,29630.0,52117
52119,9192.0,29509.0,52118
52120,9192.0,29439.0,52119
52121,9192.0,29290.0,52120
52122,9192.0,29795.0,52121
52123,9192.0,29868.0,52122
52124,9192.0,29976.0,52123
52125,9192.0,30098.0,52124
52126,9192.0,29800.0,52125
52127,9192.0,29278.0,52126
52128,9192.0,29887.0,52127
52129,9192.0,30176.0,52128
52130,9192.0,29827.0,52129
52131,9192.0,30289.0,52130
52132,9192.0,31321.0,52131
52133,9192.0,31787.0,52132
52134,9192.0,31815.0,52133
52135,9192.0,31435.0,52134
52136,9192.0,30405.0,52135
52137,9192.0,31292.0,52136
52138,9192.0,31235.0,52137
52139,9192.0,31594.0,52138
52140,9192.0,31928.0,52139
52141,9192.0,31779.0,52140
52142,9192.0,31650.0,52141
52143,9192.0,31597.0,52142
52144,9192.0,31555.0,52143
52145,9192.0,31645.0,52144
52146,9192.0,29601.0,52145
52147,9192.0,29456.0,52146
52148,9192.0,29569.0,52147
52149,9192.0,29471.0,52148
52150,9192.0,30052.0,52149
52151,9192.0,29718.0,52150
52152,9192.0,29622.0,52151
52153,9192.0,30256.0,52152
52154,9192.0,29988.0,52153
52155,9192.0,29940.0,52154
52156,9192.0,29622.0,52155
52157,9192.0,29523.0,52156
52158,9192.0,29621.0,52157
52159,9192.0,29808.0,52158
52160,9192.0,29434.0,52159
52161,9192.0,29736.0,52160
52162,9192.0,30046.0,52161
52163,9192.0,30174.0,52162
52164,9192.0,30214.0,52163
52165,9192.0,29761.0,52164
52166,9192.0,29421.0,52165
52167,9192.0,29311.0,52166
52168,9192.0,29646.0,52167
52169,9192.0,30835.0,52168
52170,9192.0,30575.0,52169
52171,9192.0,30188.0,52170
52172,9192.0,29984.0,52171
52173,9192.0,29982.0,52172
52174,9192.0,30562.0,52173
52175,9192.0,30730.0,52174
52176,9192.0,30691.0,52175
52177,9192.0,30934.0,52176
52178,9192.0,30351.0,52177
52179,9192.0,30248.0,52178
52180,9192.0,30242.0,52179
52181,9192.0,29825.0,52180
52182,9192.0,29751.0,52181
52183,9192.0,29862.0,52182
52184,9192.0,29251.0,52183
52185,9192.0,29648.0,52184
52186,9192.0,29620.0,52185
52187,9192.0,29620.0,52186
52188,9192.0,28853.0,52187
52189,9192.0,29795.0,52188
52190,9192.0,29475.0,52189
52191,9192.0,28834.0,52190
52192,9192.0,29040.0,52191
52193,9192.0,29091.0,52192
52194,9192.0,29177.0,52193
52195,9192.0,29010.0,52194
52196,9192.0,29010.0,52195
52197,9192.0,29010.0,52196
52198,9192.0,29097.0,52197
52199,9192.0,29073.0,52198
52200,9192.0,28847.0,52199
52201,9192.0,29091.0,52200
52202,9192.0,29184.0,52201
52203,9192.0,29184.0,52202
52204,9192.0,29527.0,52203
52205,9192.0,28860.0,52204
52206,9192.0,28665.0,52205
52207,9192.0,29171.0,52206
52208,9192.0,28818.0,52207
52209,9192.0,27878.0,52208
52210,9192.0,28045.0,52209
52211,9192.0,27924.0,52210
52212,9192.0,27949.0,52211
52213,9192.0,28568.0,52212
52214,9192.0,29096.0,52213
52215,9192.0,29003.0,52214
52216,9192.0,28976.0,52215
52217,9192.0,29455.0,52216
52218,9192.0,29598.0,52217
52219,9192.0,30108.0,52218
52220,9192.0,29763.0,52219
52221,9192.0,29743.0,52220
52222,9192.0,29795.0,52221
52223,9192.0,29659.0,52222
52224,9192.0,29646.0,52223
52225,9192.0,29444.0,52224
52226,9192.0,29675.0,52225
52227,9192.0,29018.0,52226
52228,9192.0,28827.0,52227
52229,9192.0,28719.0,52228
52230,9192.0,28891.0,52229
52231,9192.0,28903.0,52230
52232,9192.0,28789.0,52231
52233,9192.0,28749.0,52232
52234,9192.0,29358.0,52233
52235,9192.0,28931.0,52234
52236,9192.0,29630.0,52235
52237,9192.0,29835.0,52236
52238,9192.0,29864.0,52237
52239,9192.0,29999.0,52238
52240,9192.0,29270.0,52239
52241,9192.0,29379.0,52240
52242,9192.0,28036.0,52241
52243,9192.0,27978.0,52242
52244,9192.0,27978.0,52243
52245,9192.0,28192.0,52244
52246,9192.0,28223.0,52245
52247,9192.0,28173.0,52246
52248,9192.0,27388.0,52247
52249,9192.0,27065.0,52248
52250,9192.0,27095.0,52249
52251,9192.0,27095.0,52250
52252,9192.0,27136.0,52251
52253,9192.0,26112.0,52252
52254,9192.0,25833.0,52253
52255,9192.0,25915.0,52254
52256,9192.0,26466.0,52255
52257,9192.0,26107.0,52256
52258,9192.0,26161.0,52257
52259,9192.0,26267.0,52258
52260,9192.0,25457.0,52259
52261,9192.0,26451.0,52260
52262,9192.0,27428.0,52261
52263,9192.0,27428.0,52262
52264,9192.0,26935.0,52263
52265,9192.0,27080.0,52264
52266,9192.0,27214.0,52265
52267,9192.0,27214.0,52266
52268,9192.0,27134.0,52267
52269,9192.0,26546.0,52268
52270,9192.0,26335.0,52269
52271,9192.0,26874.0,52270
52272,9192.0,26129.0,52271
52273,9192.0,26298.0,52272
52274,9192.0,26810.0,52273
52275,9192.0,26789.0,52274
52276,9192.0,25811.0,52275
52277,9192.0,26825.0,52276
52278,9192.0,27095.0,52277
52279,9192.0,27124.0,52278
52280,9192.0,26147.0,52279
52281,9192.0,25160.0,52280
52282,9192.0,25000.0,52281
52283,9192.0,25082.0,52282
52284,9192.0,23603.0,52283
52285,9192.0,23167.0,52284
52286,9192.0,24213.0,52285
52287,9192.0,26000.0,52286
52288,9192.0,26353.0,52287
52289,9192.0,26287.0,52288
52290,9192.0,27109.0,52289
52291,9192.0,26593.0,52290
52292,9192.0,27179.0,52291
52293,9192.0,26532.0,52292
52294,9192.0,26532.0,52293
52295,9192.0,26446.0,52294
52296,9192.0,27332.0,52295
52297,9192.0,27335.0,52296
52298,9192.0,27306.0,52297
52299,9192.0,27306.0,52298
52300,9192.0,27329.0,52299
52301,9192.0,27329.0,52300
52302,9192.0,27387.0,52301
52303,9192.0,27393.0,52302
52304,9192.0,27186.0,52303
52305,9192.0,27213.0,52304
52306,9192.0,27112.0,52305
52307,9192.0,27124.0,52306
52308,9192.0,27012.0,52307
52309,9192.0,27007.0,52308
52310,9192.0,26852.0,52309
52311,9192.0,26869.0,52310
52312,9192.0,26638.0,52311
52313,9192.0,25513.0,52312
52314,9192.0,25861.0,52313
52315,9192.0,25998.0,52314
52316,9192.0,26204.0,52315
52317,9192.0,26566.0,52316
52318,9192.0,26566.0,52317
52319,9192.0,26597.0,52318
52320,9192.0,26076.0,52319
52321,9192.0,25945.0,52320
52322,9192.0,26046.0,52321
52323,9192.0,25842.0,52322
52324,9192.0,25969.0,52323
52325,9192.0,26128.0,52324
52326,9192.0,27038.0,52325
52327,9192.0,27038.0,52326
52328,9192.0,27036.0,52327
52329,9192.0,27240.0,52328
52330,9192.0,28466.0,52329
52331,9192.0,28612.0,52330
52332,9192.0,30444.0,52331
52333,9192.0,30577.0,52332
52334,9192.0,30528.0,52333
52335,9192.0,30481.0,52334
52336,9192.0,30376.0,52335
52337,9192.0,30735.0,52336
52338,9192.0,29831.0,52337
52339,9192.0,30196.0,52338
52340,9192.0,30035.0,52339
52341,9192.0,30129.0,52340
52342,9192.0,30015.0,52341
52343,9192.0,30643.0,52342
52344,9192.0,30796.0,52343
52345,9192.0,30243.0,52344
52346,9192.0,29748.0,52345
52347,9192.0,29457.0,52346
52348,9192.0,28379.0,52347
52349,9192.0,27819.0,52348
52350,9192.0,28320.0,52349
52351,9192.0,28226.0,52350
52352,9192.0,28360.0,52351
52353,9192.0,28608.0,52352
52354,9192.0,28754.0,52353
52355,9192.0,29294.0,52354
52356,9192.0,29330.0,52355
52357,9192.0,29552.0,52356
52358,9192.0,29813.0,52357
52359,9192.0,29816.0,52358
52360,9192.0,29697.0,52359
52361,9192.0,29618.0,52360
52362,9192.0,30423.0,52361
52363,9192.0,30643.0,52362
52364,9192.0,30395.0,52363
52365,9192.0,29999.0,52364
52366,9192.0,29952.0,52365
52367,9192.0,30194.0,52366
52368,9192.0,30203.0,52367
52369,9192.0,30020.0,52368
52370,9192.0,30103.0,52369
52371,9192.0,30330.0,52370
52372,9192.0,31356.0,52371
52373,9192.0,31356.0,52372
52374,9192.0,31788.0,52373
52375,9192.0,31522.0,52374
52376,9192.0,31297.0,52375
52377,9192.0,31919.0,52376
52378,9192.0,31621.0,52377
52379,9192.0,32419.0,52378
52380,9192.0,31942.0,52379
52381,9192.0,31747.0,52380
52382,9192.0,31787.0,52381
52383,9192.0,31558.0,52382
52384,9192.0,31335.0,52383
52385,9192.0,31730.0,52384
52386,9192.0,31261.0,52385
52387,9192.0,31425.0,52386
52388,9192.0,31187.0,52387
52389,9192.0,31139.0,52388
52390,9192.0,31139.0,52389
52391,9192.0,30959.0,52390
52392,9192.0,31108.0,52391
52393,9192.0,30655.0,52392
52394,9192.0,30593.0,52393
52395,9192.0,30656.0,52394
52396,9192.0,29476.0,52395
52397,9192.0,29447.0,52396
52398,9192.0,29332.0,52397
52399,9192.0,29519.0,52398
52400,9192.0,29530.0,52399
52401,9192.0,29576.0,52400
52402,9192.0,29921.0,52401
52403,9192.0,30043.0,52402
52404,9192.0,29985.0,52403
52405,9192.0,29985.0,52404
52406,9192.0,30367.0,52405
52407,9192.0,30492.0,52406
52408,9192.0,30483.0,52407
52409,9192.0,29840.0,52408
52410,9192.0,30726.0,52409
52411,9192.0,30308.0,52410
52412,9192.0,30370.0,52411
52413,9192.0,30906.0,52412
52414,9192.0,31736.0,52413
52415,9192.0,31610.0,52414
52416,9192.0,31246.0,52415
52417,9192.0,31358.0,52416
52418,9192.0,31221.0,52417
52419,9192.0,31393.0,52418
52420,9192.0,31591.0,52419
52421,9192.0,31428.0,52420
52422,9192.0,31413.0,52421
52423,9192.0,31707.0,52422
52424,9192.0,31387.0,52423
52425,9192.0,31080.0,52424
52426,9192.0,30536.0,52425
52427,9192.0,30439.0,52426
52428,9192.0,30212.0,52427
52429,9192.0,30220.0,52428
52430,9192.0,30136.0,52429
52431,9192.0,30114.0,52430
52432,9192.0,29984.0,52431
52433,9192.0,29753.0,52432
52434,9192.0,30525.0,52433
52435,9192.0,30056.0,52434
52436,9192.0,30061.0,52435
52437,9192.0,29834.0,52436
52438,9192.0,29955.0,52437
52439,9192.0,30471.0,52438
52440,9192.0,30568.0,52439
52441,9192.0,30568.0,52440
52442,9192.0,30560.0,52441
52443,9192.0,30962.0,52442
52444,9192.0,31208.0,52443
52445,9192.0,31638.0,52444
52446,9192.0,31732.0,52445
52447,9192.0,31861.0,52446
52448,9192.0,31959.0,52447
52449,9192.0,31657.0,52448
52450,9192.0,32177.0,52449
52451,9192.0,32587.0,52450
52452,9192.0,32859.0,52451
52453,9192.0,32860.0,52452
52454,9192.0,33369.0,52453
52455,9192.0,33369.0,52454
52456,9192.0,33319.0,52455
52457,9192.0,32394.0,52456
52458,9192.0,32544.0,52457
52459,9192.0,32814.0,52458
52460,9192.0,32813.0,52459
52461,9192.0,32739.0,52460
52462,9192.0,31646.0,52461
52463,9192.0,32241.0,52462
52464,9192.0,32171.0,52463
52465,9192.0,32569.0,52464
52466,9192.0,32487.0,52465
52467,9192.0,32516.0,52466
52468,9192.0,32255.0,52467
52469,9192.0,31449.0,52468
52470,9192.0,31465.0,52469
52471,9192.0,29994.0,52470
52472,9192.0,29794.0,52471
52473,9192.0,30312.0,52472
52474,9192.0,30096.0,52473
52475,9192.0,30155.0,52474
52476,9192.0,30124.0,52475
52477,9192.0,29970.0,52476
52478,9192.0,29068.0,52477
52479,9192.0,29068.0,52478
52480,9192.0,28988.0,52479
52481,9192.0,28210.0,52480
52482,9192.0,28305.0,52481
52483,9192.0,29257.0,52482
52484,9192.0,29563.0,52483
52485,9192.0,29437.0,52484
52486,9192.0,29439.0,52485
52487,9192.0,29439.0,52486
52488,9192.0,29730.0,52487
52489,9192.0,30475.0,52488
52490,9192.0,30475.0,52489
52491,9192.0,30068.0,52490
52492,9192.0,30359.0,52491
52493,9192.0,28859.0,52492
52494,9192.0,28478.0,52493
52495,9192.0,28251.0,52494
52496,9192.0,28264.0,52495
52497,9192.0,28508.0,52496
52498,9192.0,29074.0,52497
52499,9192.0,30062.0,52498
52500,9192.0,29597.0,52499
52501,9192.0,29725.0,52500
52502,9192.0,29689.0,52501
52503,9192.0,29660.0,52502
52504,9192.0,29711.0,52503
52505,9192.0,29662.0,52504
52506,9192.0,30909.0,52505
52507,9192.0,31034.0,52506
52508,9192.0,30853.0,52507
52509,9192.0,31003.0,52508
52510,9192.0,31166.0,52509
52511,9192.0,31297.0,52510
52512,9192.0,31244.0,52511
52513,9192.0,31165.0,52512
52514,9192.0,31172.0,52513
52515,9192.0,31383.0,52514
52516,9192.0,31452.0,52515
52517,9192.0,31993.0,52516
52518,9192.0,31668.0,52517
52519,9192.0,31499.0,52518
52520,9192.0,31047.0,52519
52521,9192.0,30590.0,52520
52522,9192.0,30656.0,52521
52523,9192.0,30535.0,52522
52524,9192.0,30421.0,52523
52525,9192.0,30421.0,52524
52526,9192.0,29899.0,52525
52527,9192.0,29899.0,52526
52528,9192.0,29812.0,52527
52529,9192.0,29846.0,52528
52530,9192.0,30734.0,52529
52531,9192.0,30790.0,52530
52532,9192.0,30988.0,52531
52533,9192.0,30979.0,52532
52534,9192.0,30898.0,52533
52535,9192.0,30697.0,52534
52536,9192.0,30819.0,52535
52537,9192.0,30692.0,52536
52538,9192.0,30555.0,52537
52539,9192.0,30594.0,52538
52540,9192.0,30625.0,52539
52541,9192.0,30403.0,52540
52542,9192.0,30232.0,52541
52543,9192.0,30176.0,52542
52544,9192.0,30182.0,52543
52545,9192.0,30117.0,52544
52546,9192.0,29269.0,52545
52547,9192.0,29269.0,52546
52548,9192.0,30905.0,52547
52549,9192.0,29550.0,52548
52550,9192.0,29224.0,52549
52551,9192.0,29215.0,52550
52552,9192.0,29177.0,52551
52553,9192.0,29463.0,52552
52554,9192.0,29234.0,52553
52555,9192.0,29165.0,52554
52556,9192.0,28591.0,52555
52557,9192.0,28290.0,52556
52558,9192.0,27559.0,52557
52559,9192.0,28085.0,52558
52560,9192.0,28074.0,52559
52561,9192.0,28109.0,52560
52562,9192.0,28050.0,52561
52563,9192.0,27787.0,52562
52564,9192.0,27800.0,52563
52565,9192.0,28410.0,52564
52566,9192.0,28323.0,52565
52567,9192.0,28622.0,52566
52568,9192.0,28723.0,52567
52569,9192.0,29320.0,52568
52570,9192.0,28967.0,52569
52571,9192.0,29150.0,52570
52572,9192.0,29282.0,52571
52573,9192.0,29849.0,52572
52574,9192.0,28434.0,52573
52575,9192.0,27803.0,52574
52576,9192.0,27673.0,52575
52577,9192.0,27452.0,52576
52578,9192.0,27346.0,52577
52579,9192.0,27178.0,52578
52580,9192.0,27240.0,52579
52581,9192.0,26682.0,52580
52582,9192.0,26764.0,52581
52583,9192.0,27058.0,52582
52584,9192.0,28066.0,52583
52585,9192.0,28218.0,52584
52586,9192.0,28613.0,52585
52587,9192.0,28685.0,52586
52588,9192.0,29125.0,52587
52589,9192.0,29062.0,52588
52590,9192.0,29038.0,52589
52591,9192.0,28675.0,52590
52592,9192.0,28123.0,52591
52593,9192.0,28389.0,52592
52594,9192.0,28389.0,52593
52595,9192.0,29170.0,52594
52596,9192.0,29175.0,52595
52597,9192.0,29126.0,52596
52598,9192.0,29111.0,52597
52599,9192.0,29169.0,52598
52600,9192.0,27836.0,52599
52601,9192.0,28065.0,52600
52602,9192.0,27702.0,52601
52603,9192.0,27669.0,52602
52604,9192.0,28176.0,52603
52605,9192.0,27645.0,52604
52606,9192.0,27746.0,52605
52607,9192.0,27996.0,52606
52608,9192.0,27932.0,52607
52609,9192.0,29468.0,52608
52610,9192.0,29468.0,52609
52611,9192.0,29243.0,52610
52612,9192.0,28949.0,52611
52613,9192.0,28831.0,52612
52614,9192.0,28582.0,52613
52615,9192.0,29108.0,52614
52616,9192.0,28473.0,52615
52617,9192.0,28505.0,52616
52618,9192.0,28948.0,52617
52619,9192.0,28702.0,52618
52620,9192.0,28190.0,52619
52621,9192.0,29070.0,52620
52622,9192.0,29078.0,52621
52623,9192.0,29284.0,52622
52624,9192.0,29156.0,52623
52625,9192.0,29633.0,52624
52626,9192.0,29633.0,52625
52627,9192.0,29806.0,52626
52628,9192.0,29806.0,52627
52629,9192.0,29296.0,52628
52630,9192.0,28986.0,52629
52631,9192.0,28764.0,52630
52632,9192.0,28918.0,52631
52633,9192.0,28804.0,52632
52634,9192.0,29137.0,52633
52635,9192.0,29165.0,52634
52636,9192.0,29165.0,52635
52637,9192.0,29165.0,52636
52638,9192.0,29033.0,52637
52639,9192.0,29033.0,52638
52640,9192.0,28888.0,52639
52641,9192.0,28843.0,52640
52642,9192.0,28795.0,52641
52643,9192.0,27744.0,52642
52644,9192.0,27421.0,52643
52645,9192.0,27431.0,52644
52646,9192.0,27655.0,52645
52647,9192.0,27546.0,52646
52648,9192.0,27675.0,52647
52649,9192.0,28051.0,52648
52650,9192.0,28582.0,52649
52651,9192.0,28533.0,52650
52652,9192.0,28629.0,52651
52653,9192.0,28643.0,52652
52654,9192.0,28520.0,52653
52655,9192.0,28385.0,52654
52656,9192.0,28097.0,52655
52657,9192.0,28079.0,52656
52658,9192.0,28079.0,52657
52659,9192.0,27642.0,52658
52660,9192.0,27082.0,52659
52661,9192.0,27248.0,52660
52662,9192.0,27278.0,52661
52663,9192.0,27294.0,52662
52664,9192.0,28236.0,52663
52665,9192.0,29003.0,52664
52666,9192.0,28977.0,52665
52667,9192.0,28977.0,52666
52668,9192.0,28949.0,52667
52669,9192.0,28949.0,52668
52670,9192.0,29522.0,52669
52671,9192.0,29959.0,52670
52672,9192.0,28952.0,52671
52673,9192.0,28876.0,52672
52674,9192.0,28705.0,52673
52675,9192.0,28825.0,52674
52676,9192.0,28164.0,52675
52677,9192.0,27564.0,52676
52678,9192.0,27652.0,52677
52679,9192.0,27564.0,52678
52680,9192.0,27179.0,52679
52681,9192.0,27373.0,52680
52682,9192.0,27688.0,52681
52683,9192.0,27662.0,52682
52684,9192.0,28177.0,52683
52685,9192.0,27973.0,52684
52686,9192.0,27973.0,52685
52687,9192.0,28262.0,52686
52688,9192.0,28332.0,52687
52689,9192.0,27481.0,52688
52690,9192.0,27567.0,52689
52691,9192.0,27458.0,52690
52692,9192.0,27458.0,52691
52693,9192.0,26715.0,52692
52694,9192.0,26730.0,52693
52695,9192.0,26836.0,52694
52696,9192.0,27189.0,52695
52697,9192.0,27189.0,52696
52698,9192.0,27488.0,52697
52699,9192.0,27488.0,52698
52700,9192.0,27691.0,52699
52701,9192.0,28113.0,52700
52702,9192.0,26933.0,52701
52703,9192.0,27126.0,52702
52704,9192.0,27852.0,52703
52705,9192.0,27428.0,52704
52706,9192.0,27540.0,52705
52707,9192.0,27363.0,52706
52708,9192.0,26607.0,52707
52709,9192.0,27503.0,52708
52710,9192.0,27248.0,52709
52711,9192.0,27550.0,52710
52712,9192.0,27419.0,52711
52713,9192.0,27793.0,52712
52714,9192.0,27755.0,52713
52715,9192.0,28790.0,52714
52716,9192.0,28202.0,52715
52717,9192.0,28388.0,52716
52718,9192.0,28803.0,52717
52719,9192.0,29522.0,52718
52720,9192.0,29943.0,52719
52721,9192.0,30250.0,52720
52722,9192.0,30250.0,52721
52723,9192.0,29008.0,52722
52724,9192.0,28990.0,52723
52725,9192.0,28963.0,52724
52726,9192.0,28837.0,52725
52727,9192.0,28810.0,52726
52728,9192.0,28864.0,52727
52729,9192.0,29714.0,52728
52730,9192.0,30260.0,52729
52731,9192.0,31311.0,52730
52732,9192.0,31817.0,52731
52733,9192.0,31814.0,52732
52734,9192.0,31991.0,52733
52735,9192.0,31807.0,52734
52736,9192.0,31887.0,52735
52737,9192.0,31828.0,52736
52738,9192.0,31425.0,52737
52739,9192.0,31471.0,52738
52740,9192.0,31441.0,52739
52741,9192.0,31336.0,52740
52742,9192.0,31132.0,52741
52743,9192.0,31003.0,52742
52744,9192.0,30279.0,52743
52745,9192.0,30111.0,52744
52746,9192.0,31029.0,52745
52747,9192.0,31039.0,52746
52748,9192.0,30808.0,52747
52749,9192.0,29640.0,52748
52750,9192.0,29638.0,52749
52751,9192.0,29751.0,52750
52752,9192.0,29804.0,52751
52753,9192.0,29924.0,52752
52754,9192.0,30225.0,52753
52755,9192.0,30218.0,52754
52756,9192.0,29856.0,52755
52757,9192.0,28903.0,52756
52758,9192.0,28539.0,52757
52759,9192.0,28459.0,52758
52760,9192.0,28452.0,52759
52761,9192.0,28730.0,52760
52762,9192.0,29330.0,52761
52763,9192.0,29326.0,52762
52764,9192.0,29831.0,52763
52765,9192.0,29603.0,52764
52766,9192.0,30150.0,52765
52767,9192.0,29926.0,52766
52768,9192.0,29707.0,52767
52769,9192.0,29707.0,52768
52770,9192.0,29422.0,52769
52771,9192.0,29643.0,52770
52772,9192.0,29465.0,52771
52773,9192.0,29892.0,52772
52774,9192.0,29795.0,52773
52775,9192.0,29775.0,52774
52776,9192.0,29784.0,52775
52777,9192.0,28485.0,52776
52778,9192.0,28193.0,52777
52779,9192.0,28166.0,52778
52780,9192.0,28263.0,52779
52781,9192.0,28263.0,52780
52782,9192.0,28020.0,52781
52783,9192.0,27887.0,52782
52784,9192.0,28019.0,52783
52785,9192.0,27972.0,52784
52786,9192.0,27673.0,52785
52787,9192.0,27673.0,52786
52788,9192.0,27673.0,52787
52789,9192.0,27445.0,52788
52790,9192.0,27784.0,52789
52791,9192.0,27840.0,52790
52792,9192.0,25770.0,52791
52793,9192.0,27340.0,52792
52794,9192.0,27138.0,52793
52795,9192.0,27170.0,52794
52796,9192.0,28690.0,52795
52797,9192.0,29006.0,52796
52798,9192.0,29486.0,52797
52799,9192.0,29588.0,52798
52800,9192.0,29717.0,52799
52801,9192.0,29444.0,52800
52802,9192.0,29198.0,52801
52803,9192.0,28380.0,52802
52804,9192.0,28098.0,52803
52805,9192.0,27165.0,52804
52806,9192.0,28286.0,52805
52807,9192.0,28124.0,52806
52808,9192.0,28249.0,52807
52809,9192.0,28362.0,52808
52810,9192.0,28190.0,52809
52811,9192.0,27904.0,52810
52812,9192.0,28054.0,52811
52813,9192.0,27718.0,52812
52814,9192.0,26973.0,52813
52815,9192.0,27032.0,52814
52816,9192.0,27894.0,52815
52817,9192.0,27894.0,52816
52818,9192.0,27866.0,52817
52819,9192.0,28108.0,52818
52820,9192.0,28467.0,52819
52821,9192.0,28778.0,52820
52822,9192.0,29279.0,52821
52823,9192.0,30528.0,52822
52824,9192.0,30580.0,52823
52825,9192.0,30580.0,52824
52826,9192.0,30612.0,52825
52827,9192.0,30805.0,52826
52828,9192.0,29831.0,52827
52829,9192.0,29956.0,52828
52830,9192.0,29709.0,52829
52831,9192.0,29710.0,52830
52832,9192.0,29710.0,52831
52833,9192.0,29684.0,52832
52834,9192.0,29841.0,52833
52835,9192.0,29428.0,52834
52836,9192.0,29020.0,52835
52837,9192.0,28982.0,52836
52838,9192.0,28982.0,52837
52839,9192.0,28627.0,52838
52840,9192.0,28298.0,52839
52841,9192.0,29042.0,52840
52842,9192.0,29080.0,52841
52843,9192.0,29236.0,52842
52844,9192.0,29202.0,52843
52845,9192.0,29202.0,52844
52846,9192.0,29638.0,52845
52847,9192.0,30314.0,52846
52848,9192.0,30238.0,52847
52849,9192.0,29582.0,52848
52850,9192.0,31462.0,52849
52851,9192.0,31134.0,52850
52852,9192.0,30925.0,52851
52853,9192.0,31073.0,52852
52854,9192.0,31180.0,52853
52855,9192.0,31433.0,52854
52856,9192.0,31471.0,52855
52857,9192.0,31468.0,52856
52858,9192.0,31567.0,52857
52859,9192.0,31330.0,52858
52860,9192.0,31609.0,52859
52861,9192.0,31666.0,52860
52862,9192.0,31647.0,52861
52863,9192.0,31631.0,52862
52864,9192.0,31572.0,52863
52865,9192.0,31785.0,52864
52866,9192.0,32053.0,52865
52867,9192.0,31623.0,52866
52868,9192.0,30538.0,52867
52869,9192.0,30305.0,52868
52870,9192.0,30758.0,52869
52871,9192.0,30456.0,52870
52872,9192.0,30410.0,52871
52873,9192.0,30151.0,52872
52874,9192.0,30068.0,52873
52875,9192.0,29828.0,52874
52876,9192.0,29648.0,52875
52877,9192.0,29685.0,52876
52878,9192.0,29234.0,52877
52879,9192.0,28934.0,52878
52880,9192.0,29355.0,52879
52881,9192.0,29272.0,52880
52882,9192.0,29243.0,52881
52883,9192.0,29243.0,52882
52884,9192.0,28728.0,52883
52885,9192.0,27597.0,52884
52886,9192.0,27828.0,52885
52887,9192.0,27597.0,52886
52888,9192.0,27597.0,52887
52889,9192.0,28083.0,52888
52890,9192.0,28176.0,52889
52891,9192.0,27912.0,52890
52892,9192.0,29257.0,52891
52893,9192.0,29598.0,52892
52894,9192.0,29775.0,52893
52895,9192.0,29610.0,52894
52896,9192.0,29665.0,52895
52897,9192.0,29174.0,52896
52898,9192.0,28974.0,52897
52899,9192.0,28813.0,52898
52900,9192.0,30238.0,52899
52901,9192.0,29970.0,52900
52902,9192.0,31243.0,52901
52903,9192.0,30854.0,52902
52904,9192.0,30752.0,52903
52905,9192.0,30752.0,52904
52906,9192.0,30752.0,52905
52907,9192.0,31620.0,52906
52908,9192.0,31216.0,52907
52909,9192.0,31143.0,52908
52910,9192.0,30754.0,52909
52911,9192.0,30633.0,52910
52912,9192.0,30778.0,52911
52913,9192.0,30520.0,52912
52914,9192.0,30517.0,52913
52915,9192.0,30529.0,52914
52916,9192.0,30252.0,52915
52917,9192.0,29922.0,52916
52918,9192.0,29796.0,52917
52919,9192.0,29995.0,52918
52920,9192.0,30040.0,52919
52921,9192.0,30102.0,52920
52922,9192.0,29958.0,52921
52923,9192.0,29862.0,52922
52924,9192.0,30291.0,52923
52925,9192.0,30782.0,52924
52926,9192.0,30951.0,52925
52927,9192.0,31151.0,52926
52928,9192.0,30717.0,52927
52929,9192.0,30634.0,52928
52930,9192.0,30497.0,52929
52931,9192.0,30771.0,52930
52932,9192.0,30666.0,52931
52933,9192.0,30666.0,52932
52934,9192.0,29763.0,52933
52935,9192.0,29702.0,52934
52936,9192.0,29535.0,52935
52937,9192.0,29873.0,52936
52938,9192.0,29594.0,52937
52939,9192.0,30726.0,52938
52940,9192.0,30342.0,52939
52941,9192.0,30475.0,52940
52942,9192.0,30520.0,52941
52943,9192.0,29950.0,52942
52944,9192.0,30093.0,52943
52945,9192.0,30602.0,52944
52946,9192.0,31689.0,52945
52947,9192.0,31935.0,52946
52948,9192.0,31372.0,52947
52949,9192.0,31178.0,52948
52950,9192.0,31476.0,52949
52951,9192.0,31049.0,52950
52952,9192.0,31175.0,52951
52953,9192.0,31166.0,52952
52954,9192.0,30533.0,52953
52955,9192.0,30518.0,52954
52956,9192.0,29732.0,52955
52957,9192.0,30242.0,52956
52958,9192.0,29110.0,52957
52959,9192.0,28474.0,52958
52960,9192.0,28281.0,52959
52961,9192.0,28281.0,52960
52962,9192.0,28267.0,52961
52963,9192.0,28267.0,52962
52964,9192.0,28855.0,52963
52965,9192.0,29150.0,52964
52966,9192.0,28903.0,52965
52967,9192.0,29934.0,52966
52968,9192.0,29934.0,52967
52969,9192.0,30186.0,52968
52970,9192.0,30208.0,52969
52971,9192.0,30480.0,52970
52972,9192.0,30196.0,52971
52973,9192.0,30064.0,52972
52974,9192.0,30727.0,52973
52975,9192.0,29321.0,52974
52976,9192.0,29291.0,52975
52977,9192.0,29290.0,52976
52978,9192.0,29290.0,52977
52979,9192.0,28934.0,52978
52980,9192.0,28343.0,52979
52981,9192.0,28405.0,52980
52982,9192.0,28409.0,52981
52983,9192.0,28487.0,52982
52984,9192.0,28422.0,52983
52985,9192.0,28657.0,52984
52986,9192.0,28606.0,52985
52987,9192.0,29211.0,52986
52988,9192.0,29419.0,52987
52989,9192.0,29366.0,52988
52990,9192.0,29484.0,52989
52991,9192.0,29391.0,52990
52992,9192.0,29462.0,52991
52993,9192.0,31151.0,52992
52994,9192.0,31789.0,52993
52995,9192.0,31057.0,52994
52996,9192.0,31170.0,52995
52997,9192.0,31929.0,52996
52998,9192.0,31978.0,52997
52999,9192.0,31978.0,52998
53000,9192.0,31898.0,52999
53001,9192.0,31978.0,53000
53002,9192.0,31903.0,53001
53003,9192.0,31967.0,53002
53004,9192.0,31851.0,53003
53005,9192.0,31914.0,53004
53006,9192.0,31982.0,53005
53007,9192.0,31938.0,53006
53008,9192.0,31252.0,53007
53009,9192.0,30327.0,53008
53010,9192.0,30185.0,53009
53011,9192.0,30167.0,53010
53012,9192.0,30172.0,53011
53013,9192.0,30171.0,53012
53014,9192.0,30226.0,53013
53015,9192.0,30321.0,53014
53016,9192.0,30330.0,53015
53017,9192.0,29669.0,53016
53018,9192.0,29933.0,53017
53019,9192.0,30079.0,53018
53020,9192.0,29784.0,53019
53021,9192.0,29607.0,53020
53022,9192.0,29698.0,53021
53023,9192.0,29741.0,53022
53024,9192.0,29592.0,53023
53025,9192.0,29247.0,53024
53026,9192.0,30765.0,53025
53027,9192.0,30733.0,53026
53028,9192.0,30903.0,53027
53029,9192.0,31833.0,53028
53030,9192.0,31856.0,53029
53031,9192.0,31998.0,53030
53032,9192.0,32103.0,53031
53033,9192.0,31904.0,53032
53034,9192.0,31885.0,53033
53035,9192.0,31997.0,53034
53036,9192.0,32047.0,53035
53037,9192.0,32136.0,53036
53038,9192.0,32213.0,53037
53039,9192.0,32245.0,53038
53040,9192.0,32139.0,53039
53041,9192.0,32139.0,53040
53042,9192.0,32419.0,53041
53043,9192.0,32612.0,53042
53044,9192.0,32622.0,53043
53045,9192.0,32218.0,53044
53046,9192.0,32164.0,53045
53047,9192.0,32164.0,53046
53048,9192.0,30721.0,53047
53049,9192.0,30507.0,53048
53050,9192.0,30377.0,53049
53051,9192.0,30406.0,53050
53052,9192.0,30496.0,53051
53053,9192.0,30714.0,53052
53054,9192.0,31516.0,53053
53055,9192.0,31897.0,53054
53056,9192.0,31885.0,53055
53057,9192.0,30619.0,53056
53058,9192.0,30337.0,53057
53059,9192.0,30217.0,53058
53060,9192.0,30125.0,53059
53061,9192.0,30522.0,53060
53062,9192.0,30026.0,53061
53063,9192.0,29944.0,53062
53064,9192.0,30025.0,53063
53065,9192.0,30025.0,53064
53066,9192.0,29936.0,53065
53067,9192.0,30235.0,53066
53068,9192.0,29564.0,53067
53069,9192.0,30220.0,53068
53070,9192.0,30342.0,53069
53071,9192.0,30511.0,53070
53072,9192.0,30509.0,53071
53073,9192.0,30978.0,53072
53074,9192.0,30890.0,53073
53075,9192.0,31077.0,53074
53076,9192.0,32276.0,53075
53077,9192.0,31419.0,53076
53078,9192.0,31428.0,53077
53079,9192.0,31545.0,53078
53080,9192.0,31245.0,53079
53081,9192.0,30365.0,53080
53082,9192.0,29257.0,53081
53083,9192.0,29127.0,53082
53084,9192.0,29005.0,53083
53085,9192.0,28847.0,53084
53086,9192.0,28927.0,53085
53087,9192.0,29640.0,53086
53088,9192.0,29651.0,53087
53089,9192.0,29963.0,53088
53090,9192.0,29935.0,53089
53091,9192.0,29402.0,53090
53092,9192.0,29402.0,53091
53093,9192.0,28739.0,53092
53094,9192.0,28116.0,53093
53095,9192.0,28091.0,53094
53096,9192.0,28134.0,53095
53097,9192.0,28057.0,53096
53098,9192.0,28635.0,53097
53099,9192.0,28473.0,53098
53100,9192.0,28545.0,53099
53101,9192.0,28545.0,53100
53102,9192.0,28545.0,53101
53103,9192.0,28594.0,53102
53104,9192.0,29025.0,53103
53105,9192.0,29387.0,53104
53106,9192.0,29268.0,53105
53107,9192.0,29279.0,53106
53108,9192.0,30126.0,53107
53109,9192.0,29988.0,53108
53110,9192.0,28560.0,53109
53111,9192.0,29400.0,53110
53112,9192.0,29578.0,53111
53113,9192.0,29574.0,53112
53114,9192.0,29660.0,53113
53115,9192.0,29410.0,53114
53116,9192.0,29226.0,53115
53117,9192.0,29758.0,53116
53118,9192.0,30428.0,53117
53119,9192.0,30548.0,53118
53120,9192.0,29715.0,53119
53121,9192.0,31153.0,53120
53122,9192.0,31170.0,53121
53123,9192.0,30368.0,53122
53124,9192.0,30352.0,53123
53125,9192.0,30458.0,53124
53126,9192.0,30322.0,53125
53127,9192.0,30275.0,53126
53128,9192.0,29410.0,53127
53129,9192.0,29730.0,53128
53130,9192.0,29730.0,53129
53131,9192.0,29949.0,53130
53132,9192.0,30147.0,53131
53133,9192.0,30196.0,53132
53134,9192.0,30148.0,53133
53135,9192.0,30286.0,53134
53136,9192.0,30670.0,53135
53137,9192.0,30777.0,53136
53138,9192.0,30282.0,53137
53139,9192.0,30159.0,53138
53140,9192.0,30037.0,53139
53141,9192.0,29799.0,53140
53142,9192.0,29806.0,53141
53143,9192.0,29633.0,53142
53144,9192.0,30183.0,53143
53145,9192.0,31109.0,53144
53146,9192.0,31291.0,53145
53147,9192.0,30992.0,53146
53148,9192.0,31512.0,53147
53149,9192.0,31892.0,53148
53150,9192.0,31421.0,53149
53151,9192.0,31798.0,53150
53152,9192.0,33018.0,53151
53153,9192.0,32769.0,53152
53154,9192.0,33035.0,53153
53155,9192.0,33295.0,53154
53156,9192.0,33104.0,53155
53157,9192.0,33243.0,53156
53158,9192.0,33225.0,53157
53159,9192.0,33546.0,53158
53160,9192.0,33481.0,53159
53161,9192.0,33481.0,53160
53162,9192.0,33465.0,53161
53163,9192.0,32340.0,53162
53164,9192.0,32910.0,53163
53165,9192.0,31827.0,53164
53166,9192.0,31827.0,53165
53167,9192.0,32132.0,53166
53168,9192.0,32213.0,53167
53169,9192.0,31922.0,53168
53170,9192.0,32015.0,53169
53171,9192.0,30957.0,53170
53172,9192.0,30647.0,53171
53173,9192.0,29727.0,53172
53174,9192.0,28884.0,53173
53175,9192.0,29012.0,53174
53176,9192.0,28960.0,53175
53177,9192.0,28400.0,53176
53178,9192.0,28387.0,53177
53179,9192.0,29501.0,53178
53180,9192.0,28708.0,53179
53181,9192.0,29241.0,53180
53182,9192.0,29432.0,53181
53183,9192.0,28488.0,53182
53184,9192.0,28488.0,53183
53185,9192.0,28649.0,53184
53186,9192.0,27755.0,53185
53187,9192.0,27934.0,53186
53188,9192.0,27946.0,53187
53189,9192.0,27946.0,53188
53190,9192.0,27964.0,53189
53191,9192.0,28514.0,53190
53192,9192.0,29419.0,53191
53193,9192.0,29554.0,53192
53194,9192.0,29554.0,53193
53195,9192.0,29554.0,53194
53196,9192.0,29552.0,53195
53197,9192.0,29707.0,53196
53198,9192.0,28450.0,53197
53199,9192.0,27997.0,53198
53200,9192.0,28302.0,53199
53201,9192.0,28126.0,53200
53202,9192.0,28230.0,53201
53203,9192.0,27921.0,53202
53204,9192.0,28031.0,53203
53205,9192.0,28005.0,53204
53206,9192.0,27571.0,53205
53207,9192.0,27572.0,53206
53208,9192.0,27349.0,53207
53209,9192.0,27297.0,53208
53210,9192.0,27313.0,53209
53211,9192.0,27622.0,53210
53212,9192.0,27544.0,53211
53213,9192.0,27544.0,53212
53214,9192.0,27742.0,53213
53215,9192.0,26744.0,53214
53216,9192.0,26762.0,53215
53217,9192.0,26436.0,53216
53218,9192.0,26515.0,53217
53219,9192.0,26349.0,53218
53220,9192.0,25708.0,53219
53221,9192.0,25696.0,53220
53222,9192.0,25482.0,53221
53223,9192.0,25207.0,53222
53224,9192.0,25176.0,53223
53225,9192.0,25338.0,53224
53226,9192.0,25647.0,53225
53227,9192.0,25639.0,53226
53228,9192.0,25456.0,53227
53229,9192.0,24709.0,53228
53230,9192.0,24685.0,53229
53231,9192.0,24851.0,53230
53232,9192.0,25168.0,53231
53233,9192.0,25115.0,53232
53234,9192.0,25115.0,53233
53235,9192.0,25043.0,53234
53236,9192.0,25043.0,53235
53237,9192.0,24989.0,53236
53238,9192.0,24734.0,53237
53239,9192.0,24842.0,53238
53240,9192.0,24879.0,53239
53241,9192.0,26060.0,53240
53242,9192.0,26897.0,53241
53243,9192.0,27020.0,53242
53244,9192.0,26651.0,53243
53245,9192.0,27493.0,53244
53246,9192.0,27510.0,53245
53247,9192.0,28267.0,53246
53248,9192.0,28267.0,53247
53249,9192.0,27515.0,53248
53250,9192.0,27801.0,53249
53251,9192.0,28483.0,53250
53252,9192.0,28576.0,53251
53253,9192.0,28576.0,53252
53254,9192.0,28524.0,53253
53255,9192.0,28687.0,53254
53256,9192.0,28687.0,53255
53257,9192.0,28687.0,53256
53258,9192.0,28753.0,53257
53259,9192.0,28627.0,53258
53260,9192.0,28716.0,53259
53261,9192.0,28735.0,53260
53262,9192.0,28209.0,53261
53263,9192.0,28182.0,53262
53264,9192.0,28130.0,53263
53265,9192.0,27844.0,53264
53266,9192.0,28499.0,53265
53267,9192.0,28380.0,53266
53268,9192.0,28376.0,53267
53269,9192.0,28376.0,53268
53270,9192.0,28689.0,53269
53271,9192.0,28719.0,53270
53272,9192.0,30025.0,53271
53273,9192.0,30170.0,53272
53274,9192.0,30220.0,53273
53275,9192.0,30584.0,53274
53276,9192.0,30633.0,53275
53277,9192.0,29846.0,53276
53278,9192.0,32087.0,53277
53279,9192.0,31175.0,53278
53280,9192.0,30941.0,53279
53281,9192.0,31433.0,53280
53282,9192.0,30330.0,53281
53283,9192.0,31443.0,53282
53284,9192.0,31469.0,53283
53285,9192.0,31689.0,53284
53286,9192.0,31665.0,53285
53287,9192.0,31759.0,53286
53288,9192.0,31817.0,53287
53289,9192.0,31358.0,53288
53290,9192.0,31359.0,53289
53291,9192.0,31750.0,53290
53292,9192.0,31962.0,53291
53293,9192.0,30583.0,53292
53294,9192.0,30533.0,53293
53295,9192.0,30332.0,53294
53296,9192.0,30464.0,53295
53297,9192.0,30195.0,53296
53298,9192.0,30160.0,53297
53299,9192.0,29439.0,53298
53300,9192.0,29067.0,53299
53301,9192.0,28962.0,53300
53302,9192.0,29431.0,53301
53303,9192.0,29640.0,53302
53304,9192.0,29791.0,53303
53305,9192.0,29815.0,53304
53306,9192.0,29472.0,53305
53307,9192.0,29469.0,53306
53308,9192.0,29469.0,53307
53309,9192.0,28779.0,53308
53310,9192.0,28640.0,53309
53311,9192.0,29021.0,53310
53312,9192.0,29021.0,53311
53313,9192.0,28956.0,53312
53314,9192.0,28801.0,53313
53315,9192.0,27673.0,53314
53316,9192.0,27347.0,53315
53317,9192.0,27266.0,53316
53318,9192.0,26755.0,53317
53319,9192.0,25589.0,53318
53320,9192.0,25579.0,53319
53321,9192.0,25771.0,53320
53322,9192.0,25498.0,53321
53323,9192.0,25740.0,53322
53324,9192.0,25693.0,53323
53325,9192.0,25554.0,53324
53326,9192.0,25566.0,53325
53327,9192.0,25615.0,53326
53328,9192.0,26472.0,53327
53329,9192.0,26472.0,53328
53330,9192.0,26341.0,53329
53331,9192.0,26170.0,53330
53332,9192.0,26436.0,53331
53333,9192.0,25232.0,53332
53334,9192.0,25021.0,53333
53335,9192.0,25021.0,53334
53336,9192.0,25204.0,53335
53337,9192.0,25204.0,53336
53338,9192.0,25124.0,53337
53339,9192.0,26307.0,53338
53340,9192.0,26053.0,53339
53341,9192.0,25962.0,53340
53342,9192.0,25680.0,53341
53343,9192.0,25862.0,53342
53344,9192.0,26196.0,53343
53345,9192.0,26506.0,53344
53346,9192.0,26739.0,53345
53347,9192.0,27844.0,53346
53348,9192.0,27704.0,53347
53349,9192.0,27925.0,53348
53350,9192.0,28031.0,53349
53351,9192.0,28272.0,53350
53352,9192.0,27465.0,53351
53353,9192.0,27377.0,53352
53354,9192.0,27330.0,53353
53355,9192.0,27681.0,53354
53356,9192.0,27069.0,53355
53357,9192.0,27073.0,53356
53358,9192.0,27196.0,53357
53359,9192.0,27757.0,53358
53360,9192.0,27182.0,53359
53361,9192.0,27182.0,53360
53362,9192.0,27141.0,53361
53363,9192.0,28046.0,53362
53364,9192.0,28284.0,53363
53365,9192.0,28244.0,53364
53366,9192.0,28743.0,53365
53367,9192.0,28582.0,53366
53368,9192.0,28372.0,53367
53369,9192.0,28370.0,53368
53370,9192.0,28817.0,53369
53371,9192.0,28829.0,53370
53372,9192.0,28557.0,53371
53373,9192.0,29086.0,53372
53374,9192.0,29237.0,53373
53375,9192.0,30089.0,53374
53376,9192.0,29918.0,53375
53377,9192.0,30012.0,53376
53378,9192.0,29406.0,53377
53379,9192.0,30823.0,53378
53380,9192.0,30793.0,53379
53381,9192.0,30821.0,53380
53382,9192.0,30826.0,53381
53383,9192.0,30797.0,53382
53384,9192.0,29579.0,53383
53385,9192.0,29559.0,53384
53386,9192.0,29833.0,53385
53387,9192.0,29634.0,53386
53388,9192.0,29317.0,53387
53389,9192.0,29329.0,53388
53390,9192.0,29205.0,53389
53391,9192.0,29250.0,53390
53392,9192.0,29242.0,53391
53393,9192.0,28680.0,53392
53394,9192.0,28433.0,53393
53395,9192.0,28934.0,53394
53396,9192.0,28199.0,53395
53397,9192.0,28608.0,53396
53398,9192.0,28631.0,53397
53399,9192.0,28403.0,53398
53400,9192.0,28454.0,53399
53401,9192.0,28527.0,53400
53402,9192.0,28367.0,53401
53403,9192.0,28527.0,53402
53404,9192.0,27243.0,53403
53405,9192.0,27243.0,53404
53406,9192.0,27424.0,53405
53407,9192.0,27658.0,53406
53408,9192.0,27658.0,53407
53409,9192.0,28156.0,53408
53410,9192.0,27989.0,53409
53411,9192.0,28095.0,53410
53412,9192.0,28154.0,53411
53413,9192.0,28278.0,53412
53414,9192.0,28458.0,53413
53415,9192.0,28620.0,53414
53416,9192.0,28620.0,53415
53417,9192.0,28405.0,53416
53418,9192.0,28220.0,53417
53419,9192.0,29631.0,53418
53420,9192.0,28751.0,53419
53421,9192.0,28699.0,53420
53422,9192.0,27153.0,53421
53423,9192.0,26934.0,53422
53424,9192.0,27155.0,53423
53425,9192.0,27101.0,53424
53426,9192.0,26903.0,53425
53427,9192.0,26887.0,53426
53428,9192.0,25818.0,53427
53429,9192.0,25854.0,53428
53430,9192.0,26176.0,53429
53431,9192.0,26222.0,53430
53432,9192.0,27889.0,53431
53433,9192.0,27775.0,53432
53434,9192.0,27163.0,53433
53435,9192.0,27289.0,53434
53436,9192.0,27681.0,53435
53437,9192.0,27681.0,53436
53438,9192.0,27643.0,53437
53439,9192.0,27949.0,53438
53440,9192.0,27876.0,53439
53441,9192.0,27562.0,53440
53442,9192.0,27217.0,53441
53443,9192.0,27090.0,53442
53444,9192.0,27845.0,53443
53445,9192.0,28442.0,53444
53446,9192.0,28442.0,53445
53447,9192.0,28470.0,53446
53448,9192.0,28156.0,53447
53449,9192.0,28918.0,53448
53450,9192.0,29536.0,53449
53451,9192.0,29352.0,53450
53452,9192.0,29441.0,53451
53453,9192.0,28808.0,53452
53454,9192.0,29560.0,53453
53455,9192.0,29299.0,53454
53456,9192.0,28939.0,53455
53457,9192.0,28941.0,53456
53458,9192.0,29191.0,53457
53459,9192.0,29200.0,53458
53460,9192.0,29477.0,53459
53461,9192.0,29373.0,53460
53462,9192.0,29626.0,53461
53463,9192.0,29839.0,53462
53464,9192.0,29730.0,53463
53465,9192.0,29939.0,53464
53466,9192.0,29822.0,53465
53467,9192.0,30040.0,53466
53468,9192.0,29594.0,53467
53469,9192.0,29713.0,53468
53470,9192.0,28695.0,53469
53471,9192.0,28581.0,53470
53472,9192.0,28934.0,53471
53473,9192.0,28446.0,53472
53474,9192.0,28192.0,53473
53475,9192.0,27633.0,53474
53476,9192.0,26965.0,53475
53477,9192.0,27384.0,53476
53478,9192.0,27374.0,53477
53479,9192.0,27540.0,53478
53480,9192.0,27323.0,53479
53481,9192.0,27238.0,53480
53482,9192.0,27167.0,53481
53483,9192.0,27138.0,53482
53484,9192.0,27151.0,53483
53485,9192.0,27101.0,53484
53486,9192.0,26990.0,53485
53487,9192.0,26990.0,53486
53488,9192.0,26204.0,53487
53489,9192.0,26832.0,53488
53490,9192.0,26809.0,53489
53491,9192.0,28402.0,53490
53492,9192.0,29405.0,53491
53493,9192.0,27959.0,53492
53494,9192.0,28008.0,53493
53495,9192.0,27174.0,53494
53496,9192.0,27139.0,53495
53497,9192.0,27135.0,53496
53498,9192.0,27595.0,53497
53499,9192.0,26862.0,53498
53500,9192.0,27495.0,53499
53501,9192.0,27114.0,53500
53502,9192.0,26901.0,53501
53503,9192.0,26267.0,53502
53504,9192.0,26538.0,53503
53505,9192.0,26984.0,53504
53506,9192.0,28171.0,53505
53507,9192.0,28176.0,53506
53508,9192.0,28092.0,53507
53509,9192.0,28425.0,53508
53510,9192.0,29095.0,53509
53511,9192.0,29102.0,53510
53512,9192.0,28723.0,53511
53513,9192.0,28682.0,53512
53514,9192.0,29158.0,53513
53515,9192.0,29311.0,53514
53516,9192.0,29268.0,53515
53517,9192.0,28998.0,53516
53518,9192.0,28940.0,53517
53519,9192.0,29279.0,53518
53520,9192.0,28564.0,53519
53521,9192.0,28563.0,53520
53522,9192.0,28354.0,53521
53523,9192.0,28341.0,53522
53524,9192.0,28426.0,53523
53525,9192.0,28340.0,53524
53526,9192.0,28370.0,53525
53527,9192.0,27890.0,53526
53528,9192.0,27960.0,53527
53529,9192.0,27947.0,53528
53530,9192.0,27719.0,53529
53531,9192.0,27847.0,53530
53532,9192.0,28231.0,53531
53533,9192.0,28141.0,53532
53534,9192.0,28668.0,53533
53535,9192.0,27250.0,53534
53536,9192.0,27250.0,53535
53537,9192.0,27928.0,53536
53538,9192.0,28030.0,53537
53539,9192.0,27060.0,53538
53540,9192.0,27052.0,53539
53541,9192.0,27148.0,53540
53542,9192.0,27208.0,53541
53543,9192.0,26744.0,53542
53544,9192.0,26976.0,53543
53545,9192.0,26056.0,53544
53546,9192.0,26280.0,53545
53547,9192.0,25962.0,53546
53548,9192.0,25704.0,53547
53549,9192.0,25868.0,53548
53550,9192.0,26668.0,53549
53551,9192.0,26856.0,53550
53552,9192.0,27460.0,53551
53553,9192.0,26944.0,53552
53554,9192.0,26785.0,53553
53555,9192.0,27134.0,53554
53556,9192.0,26812.0,53555
53557,9192.0,26812.0,53556
53558,9192.0,26812.0,53557
53559,9192.0,26831.0,53558
53560,9192.0,26627.0,53559
53561,9192.0,26424.0,53560
53562,9192.0,26330.0,53561
53563,9192.0,26415.0,53562
53564,9192.0,27377.0,53563
53565,9192.0,27970.0,53564
53566,9192.0,27970.0,53565
53567,9192.0,27987.0,53566
53568,9192.0,26599.0,53567
53569,9192.0,27385.0,53568
53570,9192.0,27096.0,53569
53571,9192.0,26997.0,53570
53572,9192.0,27032.0,53571
53573,9192.0,26573.0,53572
53574,9192.0,26383.0,53573
53575,9192.0,26373.0,53574
53576,9192.0,26373.0,53575
53577,9192.0,26392.0,53576
53578,9192.0,27332.0,53577
53579,9192.0,27100.0,53578
53580,9192.0,27305.0,53579
53581,9192.0,27305.0,53580
53582,9192.0,28815.0,53581
53583,9192.0,28967.0,53582
53584,9192.0,28967.0,53583
53585,9192.0,29073.0,53584
53586,9192.0,28903.0,53585
53587,9192.0,29627.0,53586
53588,9192.0,29101.0,53587
53589,9192.0,29115.0,53588
53590,9192.0,29115.0,53589
53591,9192.0,28447.0,53590
53592,9192.0,28411.0,53591
53593,9192.0,28426.0,53592
53594,9192.0,28451.0,53593
53595,9192.0,28451.0,53594
53596,9192.0,28829.0,53595
53597,9192.0,28505.0,53596
53598,9192.0,28405.0,53597
53599,9192.0,28666.0,53598
53600,9192.0,28152.0,53599
53601,9192.0,29439.0,53600
53602,9192.0,29307.0,53601
53603,9192.0,29278.0,53602
53604,9192.0,29697.0,53603
53605,9192.0,29702.0,53604
53606,9192.0,29267.0,53605
53607,9192.0,28587.0,53606
53608,9192.0,28771.0,53607
53609,9192.0,29615.0,53608
53610,9192.0,29672.0,53609
53611,9192.0,29043.0,53610
53612,9192.0,29209.0,53611
53613,9192.0,29209.0,53612
53614,9192.0,29247.0,53613
53615,9192.0,28434.0,53614
53616,9192.0,28489.0,53615
53617,9192.0,28774.0,53616
53618,9192.0,28916.0,53617
53619,9192.0,28947.0,53618
53620,9192.0,29210.0,53619
53621,9192.0,29392.0,53620
53622,9192.0,29379.0,53621
53623,9192.0,29445.0,53622
53624,9192.0,29393.0,53623
53625,9192.0,29256.0,53624
53626,9192.0,29253.0,53625
53627,9192.0,29182.0,53626
53628,9192.0,29434.0,53627
53629,9192.0,29470.0,53628
53630,9192.0,29470.0,53629
53631,9192.0,29450.0,53630
53632,9192.0,29583.0,53631
53633,9192.0,29164.0,53632
53634,9192.0,29113.0,53633
53635,9192.0,29257.0,53634
53636,9192.0,27832.0,53635
53637,9192.0,28275.0,53636
53638,9192.0,28276.0,53637
53639,9192.0,29118.0,53638
53640,9192.0,29990.0,53639
53641,9192.0,29536.0,53640
53642,9192.0,29248.0,53641
53643,9192.0,29222.0,53642
53644,9192.0,29596.0,53643
53645,9192.0,29198.0,53644
53646,9192.0,28861.0,53645
53647,9192.0,29855.0,53646
53648,9192.0,29855.0,53647
53649,9192.0,30003.0,53648
53650,9192.0,29696.0,53649
53651,9192.0,29731.0,53650
53652,9192.0,28973.0,53651
53653,9192.0,28718.0,53652
53654,9192.0,28352.0,53653
53655,9192.0,28494.0,53654
53656,9192.0,28335.0,53655
53657,9192.0,28323.0,53656
53658,9192.0,28323.0,53657
53659,9192.0,28391.0,53658
53660,9192.0,28373.0,53659
53661,9192.0,28155.0,53660
53662,9192.0,27741.0,53661
53663,9192.0,28346.0,53662
53664,9192.0,28981.0,53663
53665,9192.0,28980.0,53664
53666,9192.0,29089.0,53665
53667,9192.0,28947.0,53666
53668,9192.0,28916.0,53667
53669,9192.0,28966.0,53668
53670,9192.0,28467.0,53669
53671,9192.0,28458.0,53670
53672,9192.0,28219.0,53671
53673,9192.0,28608.0,53672
53674,9192.0,28646.0,53673
53675,9192.0,29021.0,53674
53676,9192.0,28607.0,53675
53677,9192.0,27697.0,53676
53678,9192.0,26214.0,53677
53679,9192.0,26012.0,53678
53680,9192.0,26399.0,53679
53681,9192.0,26282.0,53680
53682,9192.0,26286.0,53681
53683,9192.0,26642.0,53682
53684,9192.0,26062.0,53683
53685,9192.0,25859.0,53684
53686,9192.0,25662.0,53685
53687,9192.0,26191.0,53686
53688,9192.0,26191.0,53687
53689,9192.0,26090.0,53688
53690,9192.0,28480.0,53689
53691,9192.0,27322.0,53690
53692,9192.0,27237.0,53691
53693,9192.0,28256.0,53692
53694,9192.0,28388.0,53693
53695,9192.0,28654.0,53694
53696,9192.0,28231.0,53695
53697,9192.0,28260.0,53696
53698,9192.0,28221.0,53697
53699,9192.0,28632.0,53698
53700,9192.0,28935.0,53699
53701,9192.0,28967.0,53700
53702,9192.0,29948.0,53701
53703,9192.0,30305.0,53702
53704,9192.0,30527.0,53703
53705,9192.0,30140.0,53704
53706,9192.0,30300.0,53705
53707,9192.0,29716.0,53706
53708,9192.0,30011.0,53707
53709,9192.0,30196.0,53708
53710,9192.0,30134.0,53709
53711,9192.0,30891.0,53710
53712,9192.0,30891.0,53711
53713,9192.0,30429.0,53712
53714,9192.0,30179.0,53713
53715,9192.0,30093.0,53714
53716,9192.0,30023.0,53715
53717,9192.0,30046.0,53716
53718,9192.0,30046.0,53717
53719,9192.0,29971.0,53718
53720,9192.0,30436.0,53719
53721,9192.0,30628.0,53720
53722,9192.0,30762.0,53721
53723,9192.0,30335.0,53722
53724,9192.0,29235.0,53723
53725,9192.0,29588.0,53724
53726,9192.0,30175.0,53725
53727,9192.0,29856.0,53726
53728,9192.0,29770.0,53727
53729,9192.0,29662.0,53728
53730,9192.0,30081.0,53729
53731,9192.0,30053.0,53730
53732,9192.0,30052.0,53731
53733,9192.0,30052.0,53732
53734,9192.0,29283.0,53733
53735,9192.0,29143.0,53734
53736,9192.0,29193.0,53735
53737,9192.0,29173.0,53736
53738,9192.0,29155.0,53737
53739,9192.0,29137.0,53738
53740,9192.0,29018.0,53739
53741,9192.0,29236.0,53740
53742,9192.0,29329.0,53741
53743,9192.0,29280.0,53742
53744,9192.0,29069.0,53743
53745,9192.0,28378.0,53744
53746,9192.0,28544.0,53745
53747,9192.0,28285.0,53746
53748,9192.0,28137.0,53747
53749,9192.0,28386.0,53748
53750,9192.0,28878.0,53749
53751,9192.0,28260.0,53750
53752,9192.0,29544.0,53751
53753,9192.0,29772.0,53752
53754,9192.0,29774.0,53753
53755,9192.0,29716.0,53754
53756,9192.0,29365.0,53755
53757,9192.0,29146.0,53756
53758,9192.0,28881.0,53757
53759,9192.0,28324.0,53758
53760,9192.0,28602.0,53759
53761,9192.0,29277.0,53760
53762,9192.0,29225.0,53761
53763,9192.0,29041.0,53762
53764,9192.0,28596.0,53763
53765,9192.0,28550.0,53764
53766,9192.0,28970.0,53765
53767,9192.0,28805.0,53766
53768,9192.0,29159.0,53767
53769,9192.0,30521.0,53768
53770,9192.0,30430.0,53769
53771,9192.0,30388.0,53770
53772,9192.0,28803.0,53771
53773,9192.0,28941.0,53772
53774,9192.0,29043.0,53773
53775,9192.0,29089.0,53774
53776,9192.0,29134.0,53775
53777,9192.0,28325.0,53776
53778,9192.0,27361.0,53777
53779,9192.0,27200.0,53778
53780,9192.0,27498.0,53779
53781,9192.0,26944.0,53780
53782,9192.0,26904.0,53781
53783,9192.0,28038.0,53782
53784,9192.0,27545.0,53783
53785,9192.0,28108.0,53784
53786,9192.0,28118.0,53785
53787,9192.0,28144.0,53786
53788,9192.0,28256.0,53787
53789,9192.0,28282.0,53788
53790,9192.0,28327.0,53789
53791,9192.0,28404.0,53790
53792,9192.0,28323.0,53791
53793,9192.0,28367.0,53792
53794,9192.0,28277.0,53793
53795,9192.0,28127.0,53794
53796,9192.0,28180.0,53795
53797,9192.0,28191.0,53796
53798,9192.0,28291.0,53797
53799,9192.0,28442.0,53798
53800,9192.0,28139.0,53799
53801,9192.0,27901.0,53800
53802,9192.0,27732.0,53801
53803,9192.0,28548.0,53802
53804,9192.0,28472.0,53803
53805,9192.0,28487.0,53804
53806,9192.0,28443.0,53805
53807,9192.0,27166.0,53806
53808,9192.0,27055.0,53807
53809,9192.0,25402.0,53808
53810,9192.0,25352.0,53809
53811,9192.0,25312.0,53810
53812,9192.0,26248.0,53811
53813,9192.0,26521.0,53812
53814,9192.0,25552.0,53813
53815,9192.0,25435.0,53814
53816,9192.0,25435.0,53815
53817,9192.0,25651.0,53816
53818,9192.0,26251.0,53817
53819,9192.0,25937.0,53818
53820,9192.0,26103.0,53819
53821,9192.0,26214.0,53820
53822,9192.0,26392.0,53821
53823,9192.0,27117.0,53822
53824,9192.0,27261.0,53823
53825,9192.0,26934.0,53824
53826,9192.0,27370.0,53825
53827,9192.0,27216.0,53826
53828,9192.0,27065.0,53827
53829,9192.0,26566.0,53828
53830,9192.0,26566.0,53829
53831,9192.0,25704.0,53830
53832,9192.0,25704.0,53831
53833,9192.0,27079.0,53832
53834,9192.0,28326.0,53833
53835,9192.0,28326.0,53834
53836,9192.0,28469.0,53835
53837,9192.0,28746.0,53836
53838,9192.0,28539.0,53837
53839,9192.0,28545.0,53838
53840,9192.0,27834.0,53839
53841,9192.0,27516.0,53840
53842,9192.0,28079.0,53841
53843,9192.0,28685.0,53842
53844,9192.0,28788.0,53843
53845,9192.0,28893.0,53844
53846,9192.0,29200.0,53845
53847,9192.0,29212.0,53846
53848,9192.0,29479.0,53847
53849,9192.0,29346.0,53848
53850,9192.0,30234.0,53849
53851,9192.0,30368.0,53850
53852,9192.0,30220.0,53851
53853,9192.0,30354.0,53852
53854,9192.0,30300.0,53853
53855,9192.0,30391.0,53854
53856,9192.0,30869.0,53855
53857,9192.0,30941.0,53856
53858,9192.0,30220.0,53857
53859,9192.0,30187.0,53858
53860,9192.0,30203.0,53859
53861,9192.0,30283.0,53860
53862,9192.0,31260.0,53861
53863,9192.0,30909.0,53862
53864,9192.0,30844.0,53863
53865,9192.0,31115.0,53864
53866,9192.0,29474.0,53865
53867,9192.0,29855.0,53866
53868,9192.0,29848.0,53867
53869,9192.0,30613.0,53868
53870,9192.0,29980.0,53869
53871,9192.0,29375.0,53870
53872,9192.0,29137.0,53871
53873,9192.0,29173.0,53872
53874,9192.0,29382.0,53873
53875,9192.0,29313.0,53874
53876,9192.0,29804.0,53875
53877,9192.0,29198.0,53876
53878,9192.0,29193.0,53877
53879,9192.0,29210.0,53878
53880,9192.0,29176.0,53879
53881,9192.0,27830.0,53880
53882,9192.0,28227.0,53881
53883,9192.0,27027.0,53882
53884,9192.0,27003.0,53883
53885,9192.0,27177.0,53884
53886,9192.0,27112.0,53885
53887,9192.0,27095.0,53886
53888,9192.0,28030.0,53887
53889,9192.0,28939.0,53888
53890,9192.0,29411.0,53889
53891,9192.0,29167.0,53890
53892,9192.0,29597.0,53891
53893,9192.0,29212.0,53892
53894,9192.0,29128.0,53893
53895,9192.0,29085.0,53894
53896,9192.0,28979.0,53895
53897,9192.0,29010.0,53896
53898,9192.0,29010.0,53897
53899,9192.0,28642.0,53898
53900,9192.0,27832.0,53899
53901,9192.0,27578.0,53900
53902,9192.0,27641.0,53901
53903,9192.0,27641.0,53902
53904,9192.0,27646.0,53903
53905,9192.0,27304.0,53904
53906,9192.0,27367.0,53905
53907,9192.0,27617.0,53906
53908,9192.0,27062.0,53907
53909,9192.0,26811.0,53908
53910,9192.0,26811.0,53909
53911,9192.0,26284.0,53910
53912,9192.0,26303.0,53911
53913,9192.0,26888.0,53912
53914,9192.0,26707.0,53913
53915,9192.0,26952.0,53914
53916,9192.0,26952.0,53915
53917,9192.0,27354.0,53916
53918,9192.0,26709.0,53917
53919,9192.0,26709.0,53918
53920,9192.0,26846.0,53919
53921,9192.0,26790.0,53920
53922,9192.0,26109.0,53921
53923,9192.0,27735.0,53922
53924,9192.0,27763.0,53923
53925,9192.0,28387.0,53924
53926,9192.0,29341.0,53925
53927,9192.0,29341.0,53926
53928,9192.0,29585.0,53927
53929,9192.0,29280.0,53928
53930,9192.0,30505.0,53929
53931,9192.0,30508.0,53930
53932,9192.0,30799.0,53931
53933,9192.0,30154.0,53932
53934,9192.0,30597.0,53933
53935,9192.0,30622.0,53934
53936,9192.0,31386.0,53935
53937,9192.0,31391.0,53936
53938,9192.0,31164.0,53937
53939,9192.0,29918.0,53938
53940,9192.0,30538.0,53939
53941,9192.0,31016.0,53940
53942,9192.0,30886.0,53941
53943,9192.0,30562.0,53942
53944,9192.0,30767.0,53943
53945,9192.0,29574.0,53944
53946,9192.0,29571.0,53945
53947,9192.0,30250.0,53946
53948,9192.0,30533.0,53947
53949,9192.0,30637.0,53948
53950,9192.0,30723.0,53949
53951,9192.0,30832.0,53950
53952,9192.0,29392.0,53951
53953,9192.0,29392.0,53952
53954,9192.0,29870.0,53953
53955,9192.0,29848.0,53954
53956,9192.0,30989.0,53955
53957,9192.0,31000.0,53956
53958,9192.0,31009.0,53957
53959,9192.0,29778.0,53958
53960,9192.0,30037.0,53959
53961,9192.0,31065.0,53960
53962,9192.0,31174.0,53961
53963,9192.0,31379.0,53962
53964,9192.0,31379.0,53963
53965,9192.0,30763.0,53964
53966,9192.0,29821.0,53965
53967,9192.0,28730.0,53966
53968,9192.0,28730.0,53967
53969,9192.0,28567.0,53968
53970,9192.0,27710.0,53969
53971,9192.0,27591.0,53970
53972,9192.0,27307.0,53971
53973,9192.0,27586.0,53972
53974,9192.0,27776.0,53973
53975,9192.0,27829.0,53974
53976,9192.0,27927.0,53975
53977,9192.0,28151.0,53976
53978,9192.0,27795.0,53977
53979,9192.0,27855.0,53978
53980,9192.0,28015.0,53979
53981,9192.0,28175.0,53980
53982,9192.0,28452.0,53981
53983,9192.0,29059.0,53982
53984,9192.0,29307.0,53983
53985,9192.0,29336.0,53984
53986,9192.0,29179.0,53985
53987,9192.0,28854.0,53986
53988,9192.0,29047.0,53987
53989,9192.0,29062.0,53988
53990,9192.0,30087.0,53989
53991,9192.0,30318.0,53990
53992,9192.0,30318.0,53991
53993,9192.0,30520.0,53992
53994,9192.0,30520.0,53993
53995,9192.0,30643.0,53994
53996,9192.0,30104.0,53995
53997,9192.0,30238.0,53996
53998,9192.0,29914.0,53997
53999,9192.0,29451.0,53998
54000,9192.0,30749.0,53999
54001,9192.0,30878.0,54000
54002,9192.0,30564.0,54001
54003,9192.0,30993.0,54002
54004,9192.0,30577.0,54003
54005,9192.0,30556.0,54004
54006,9192.0,30127.0,54005
54007,9192.0,31107.0,54006
54008,9192.0,29981.0,54007
54009,9192.0,29889.0,54008
54010,9192.0,30166.0,54009
54011,9192.0,30311.0,54010
54012,9192.0,30512.0,54011
54013,9192.0,30594.0,54012
54014,9192.0,30581.0,54013
54015,9192.0,30246.0,54014
54016,9192.0,30098.0,54015
54017,9192.0,29894.0,54016
54018,9192.0,29153.0,54017
54019,9192.0,29096.0,54018
54020,9192.0,28346.0,54019
54021,9192.0,27864.0,54020
54022,9192.0,27874.0,54021
54023,9192.0,26713.0,54022
54024,9192.0,26471.0,54023
54025,9192.0,26733.0,54024
54026,9192.0,26158.0,54025
54027,9192.0,26596.0,54026
54028,9192.0,26593.0,54027
54029,9192.0,25933.0,54028
54030,9192.0,25932.0,54029
54031,9192.0,26255.0,54030
54032,9192.0,25957.0,54031
54033,9192.0,25795.0,54032
54034,9192.0,25730.0,54033
54035,9192.0,25691.0,54034
54036,9192.0,25358.0,54035
54037,9192.0,25395.0,54036
54038,9192.0,25643.0,54037
54039,9192.0,25622.0,54038
54040,9192.0,25553.0,54039
54041,9192.0,25800.0,54040
54042,9192.0,25589.0,54041
54043,9192.0,25721.0,54042
54044,9192.0,25772.0,54043
54045,9192.0,26629.0,54044
54046,9192.0,26886.0,54045
54047,9192.0,26860.0,54046
54048,9192.0,26844.0,54047
54049,9192.0,27724.0,54048
54050,9192.0,27455.0,54049
54051,9192.0,27153.0,54050
54052,9192.0,27314.0,54051
54053,9192.0,27835.0,54052
54054,9192.0,28408.0,54053
54055,9192.0,28015.0,54054
54056,9192.0,27801.0,54055
54057,9192.0,26995.0,54056
54058,9192.0,27496.0,54057
54059,9192.0,27806.0,54058
54060,9192.0,27981.0,54059
54061,9192.0,27958.0,54060
54062,9192.0,28033.0,54061
54063,9192.0,27740.0,54062
54064,9192.0,26623.0,54063
54065,9192.0,26239.0,54064
54066,9192.0,25836.0,54065
54067,9192.0,26062.0,54066
54068,9192.0,26062.0,54067
54069,9192.0,26062.0,54068
54070,9192.0,26020.0,54069
54071,9192.0,26020.0,54070
54072,9192.0,26020.0,54071
54073,9192.0,26262.0,54072
54074,9192.0,26166.0,54073
54075,9192.0,25861.0,54074
54076,9192.0,25830.0,54075
54077,9192.0,26645.0,54076
54078,9192.0,27354.0,54077
54079,9192.0,26757.0,54078
54080,9192.0,26078.0,54079
54081,9192.0,26210.0,54080
54082,9192.0,26395.0,54081
54083,9192.0,26055.0,54082
54084,9192.0,26064.0,54083
54085,9192.0,26064.0,54084
54086,9192.0,25920.0,54085
54087,9192.0,26746.0,54086
54088,9192.0,26844.0,54087
54089,9192.0,26685.0,54088
54090,9192.0,26738.0,54089
54091,9192.0,26018.0,54090
54092,9192.0,25927.0,54091
54093,9192.0,26088.0,54092
54094,9192.0,26343.0,54093
54095,9192.0,26666.0,54094
54096,9192.0,26616.0,54095
54097,9192.0,26623.0,54096
54098,9192.0,26605.0,54097
54099,9192.0,26605.0,54098
54100,9192.0,26638.0,54099
54101,9192.0,26466.0,54100
54102,9192.0,25941.0,54101
54103,9192.0,25734.0,54102
54104,9192.0,25734.0,54103
54105,9192.0,25812.0,54104
54106,9192.0,25812.0,54105
54107,9192.0,26665.0,54106
54108,9192.0,27044.0,54107
54109,9192.0,27500.0,54108
54110,9192.0,27654.0,54109
54111,9192.0,27685.0,54110
54112,9192.0,28208.0,54111
54113,9192.0,27585.0,54112
54114,9192.0,27721.0,54113
54115,9192.0,26921.0,54114
54116,9192.0,27665.0,54115
54117,9192.0,27352.0,54116
54118,9192.0,27189.0,54117
54119,9192.0,27459.0,54118
54120,9192.0,27447.0,54119
54121,9192.0,27379.0,54120
54122,9192.0,27543.0,54121
54123,9192.0,27368.0,54122
54124,9192.0,27374.0,54123
54125,9192.0,27402.0,54124
54126,9192.0,27508.0,54125
54127,9192.0,28461.0,54126
54128,9192.0,27801.0,54127
54129,9192.0,27640.0,54128
54130,9192.0,28132.0,54129
54131,9192.0,28165.0,54130
54132,9192.0,27903.0,54131
54133,9192.0,28063.0,54132
54134,9192.0,28063.0,54133
54135,9192.0,28556.0,54134
54136,9192.0,28752.0,54135
54137,9192.0,28017.0,54136
54138,9192.0,28017.0,54137
54139,9192.0,28022.0,54138
54140,9192.0,28440.0,54139
54141,9192.0,28440.0,54140
54142,9192.0,29275.0,54141
54143,9192.0,29275.0,54142
54144,9192.0,29281.0,54143
54145,9192.0,29279.0,54144
54146,9192.0,28968.0,54145
54147,9192.0,28915.0,54146
54148,9192.0,29132.0,54147
54149,9192.0,28864.0,54148
54150,9192.0,29077.0,54149
54151,9192.0,28177.0,54150
54152,9192.0,28986.0,54151
54153,9192.0,27937.0,54152
54154,9192.0,27937.0,54153
54155,9192.0,27835.0,54154
54156,9192.0,28110.0,54155
54157,9192.0,28068.0,54156
54158,9192.0,27766.0,54157
54159,9192.0,27952.0,54158
54160,9192.0,27944.0,54159
54161,9192.0,27956.0,54160
54162,9192.0,27685.0,54161
54163,9192.0,27665.0,54162
54164,9192.0,27947.0,54163
54165,9192.0,27897.0,54164
54166,9192.0,28725.0,54165
54167,9192.0,28706.0,54166
54168,9192.0,28610.0,54167
54169,9192.0,28497.0,54168
54170,9192.0,28262.0,54169
54171,9192.0,28713.0,54170
54172,9192.0,29997.0,54171
54173,9192.0,30195.0,54172
54174,9192.0,30251.0,54173
54175,9192.0,30257.0,54174
54176,9192.0,30457.0,54175
54177,9192.0,30639.0,54176
54178,9192.0,30419.0,54177
54179,9192.0,29446.0,54178
54180,9192.0,29589.0,54179
54181,9192.0,29024.0,54180
54182,9192.0,28634.0,54181
54183,9192.0,29024.0,54182
54184,9192.0,29930.0,54183
54185,9192.0,29870.0,54184
54186,9192.0,29833.0,54185
54187,9192.0,30560.0,54186
54188,9192.0,30564.0,54187
54189,9192.0,30559.0,54188
54190,9192.0,30885.0,54189
54191,9192.0,31112.0,54190
54192,9192.0,31416.0,54191
54193,9192.0,31285.0,54192
54194,9192.0,31559.0,54193
54195,9192.0,31559.0,54194
54196,9192.0,32383.0,54195
54197,9192.0,32633.0,54196
54198,9192.0,32873.0,54197
54199,9192.0,32770.0,54198
54200,9192.0,32716.0,54199
54201,9192.0,31987.0,54200
54202,9192.0,32032.0,54201
54203,9192.0,31879.0,54202
54204,9192.0,31879.0,54203
54205,9192.0,31879.0,54204
54206,9192.0,32155.0,54205
54207,9192.0,31719.0,54206
54208,9192.0,30232.0,54207
54209,9192.0,30405.0,54208
54210,9192.0,30034.0,54209
54211,9192.0,30125.0,54210
54212,9192.0,29945.0,54211
54213,9192.0,29635.0,54212
54214,9192.0,29635.0,54213
54215,9192.0,29770.0,54214
54216,9192.0,29719.0,54215
54217,9192.0,29890.0,54216
54218,9192.0,30038.0,54217
54219,9192.0,30033.0,54218
54220,9192.0,28602.0,54219
54221,9192.0,28191.0,54220
54222,9192.0,27852.0,54221
54223,9192.0,28037.0,54222
54224,9192.0,28014.0,54223
54225,9192.0,27972.0,54224
54226,9192.0,27565.0,54225
54227,9192.0,27867.0,54226
54228,9192.0,27740.0,54227
54229,9192.0,27817.0,54228
54230,9192.0,28118.0,54229
54231,9192.0,27414.0,54230
54232,9192.0,26392.0,54231
54233,9192.0,26223.0,54232
54234,9192.0,26224.0,54233
54235,9192.0,26009.0,54234
54236,9192.0,24865.0,54235
54237,9192.0,24467.0,54236
54238,9192.0,24561.0,54237
54239,9192.0,24367.0,54238
54240,9192.0,24831.0,54239
54241,9192.0,25885.0,54240
54242,9192.0,26600.0,54241
54243,9192.0,27357.0,54242
54244,9192.0,27357.0,54243
54245,9192.0,27274.0,54244
54246,9192.0,27262.0,54245
54247,9192.0,27003.0,54246
54248,9192.0,27024.0,54247
54249,9192.0,27030.0,54248
54250,9192.0,27181.0,54249
54251,9192.0,27181.0,54250
54252,9192.0,27181.0,54251
54253,9192.0,27361.0,54252
54254,9192.0,27064.0,54253
54255,9192.0,26420.0,54254
54256,9192.0,26743.0,54255
54257,9192.0,26798.0,54256
54258,9192.0,27213.0,54257
54259,9192.0,28614.0,54258
54260,9192.0,29212.0,54259
54261,9192.0,29675.0,54260
54262,9192.0,30239.0,54261
54263,9192.0,30511.0,54262
54264,9192.0,30381.0,54263
54265,9192.0,30756.0,54264
54266,9192.0,30560.0,54265
54267,9192.0,30582.0,54266
54268,9192.0,31151.0,54267
54269,9192.0,29859.0,54268
54270,9192.0,29343.0,54269
54271,9192.0,29376.0,54270
54272,9192.0,29957.0,54271
54273,9192.0,29481.0,54272
54274,9192.0,29469.0,54273
54275,9192.0,29286.0,54274
54276,9192.0,29091.0,54275
54277,9192.0,29130.0,54276
54278,9192.0,29448.0,54277
54279,9192.0,28350.0,54278
54280,9192.0,28135.0,54279
54281,9192.0,28913.0,54280
54282,9192.0,28913.0,54281
54283,9192.0,28930.0,54282
54284,9192.0,29119.0,54283
54285,9192.0,29102.0,54284
54286,9192.0,28856.0,54285
54287,9192.0,29055.0,54286
54288,9192.0,28745.0,54287
54289,9192.0,28704.0,54288
54290,9192.0,28231.0,54289
54291,9192.0,28139.0,54290
54292,9192.0,27478.0,54291
54293,9192.0,27735.0,54292
54294,9192.0,27539.0,54293
54295,9192.0,27539.0,54294
54296,9192.0,27307.0,54295
54297,9192.0,27667.0,54296
54298,9192.0,28816.0,54297
54299,9192.0,29037.0,54298
54300,9192.0,29104.0,54299
54301,9192.0,29032.0,54300
54302,9192.0,29457.0,54301
54303,9192.0,28739.0,54302
54304,9192.0,28739.0,54303
54305,9192.0,28935.0,54304
54306,9192.0,28515.0,54305
54307,9192.0,28730.0,54306
54308,9192.0,28662.0,54307
54309,9192.0,28344.0,54308
54310,9192.0,28306.0,54309
54311,9192.0,28278.0,54310
54312,9192.0,28918.0,54311
54313,9192.0,28740.0,54312
54314,9192.0,29055.0,54313
54315,9192.0,28823.0,54314
54316,9192.0,28506.0,54315
54317,9192.0,28802.0,54316
54318,9192.0,28638.0,54317
54319,9192.0,28629.0,54318
54320,9192.0,28473.0,54319
54321,9192.0,28175.0,54320
54322,9192.0,27643.0,54321
54323,9192.0,27379.0,54322
54324,9192.0,27407.0,54323
54325,9192.0,27407.0,54324
54326,9192.0,27407.0,54325
54327,9192.0,27166.0,54326
54328,9192.0,27118.0,54327
54329,9192.0,27099.0,54328
54330,9192.0,27216.0,54329
54331,9192.0,27314.0,54330
54332,9192.0,27855.0,54331
54333,9192.0,27855.0,54332
54334,9192.0,28331.0,54333
54335,9192.0,28331.0,54334
54336,9192.0,29538.0,54335
54337,9192.0,29512.0,54336
54338,9192.0,29521.0,54337
54339,9192.0,29579.0,54338
54340,9192.0,29775.0,54339
54341,9192.0,29821.0,54340
54342,9192.0,29561.0,54341
54343,9192.0,30114.0,54342
54344,9192.0,29787.0,54343
54345,9192.0,29765.0,54344
54346,9192.0,30938.0,54345
54347,9192.0,30929.0,54346
54348,9192.0,30706.0,54347
54349,9192.0,30375.0,54348
54350,9192.0,30150.0,54349
54351,9192.0,30338.0,54350
54352,9192.0,29871.0,54351
54353,9192.0,29455.0,54352
54354,9192.0,29351.0,54353
54355,9192.0,29706.0,54354
54356,9192.0,29175.0,54355
54357,9192.0,29175.0,54356
54358,9192.0,29299.0,54357
54359,9192.0,29434.0,54358
54360,9192.0,29578.0,54359
54361,9192.0,29511.0,54360
54362,9192.0,30662.0,54361
54363,9192.0,30619.0,54362
54364,9192.0,30495.0,54363
54365,9192.0,29853.0,54364
54366,9192.0,29447.0,54365
54367,9192.0,29648.0,54366
54368,9192.0,28811.0,54367
54369,9192.0,28878.0,54368
54370,9192.0,28277.0,54369
54371,9192.0,27853.0,54370
54372,9192.0,28134.0,54371
54373,9192.0,28085.0,54372
54374,9192.0,29123.0,54373
54375,9192.0,29123.0,54374
54376,9192.0,29155.0,54375
54377,9192.0,29542.0,54376
54378,9192.0,29520.0,54377
54379,9192.0,29539.0,54378
54380,9192.0,29175.0,54379
54381,9192.0,28949.0,54380
54382,9192.0,28851.0,54381
54383,9192.0,28970.0,54382
54384,9192.0,28890.0,54383
54385,9192.0,29887.0,54384
54386,9192.0,29705.0,54385
54387,9192.0,29749.0,54386
54388,9192.0,29712.0,54387
54389,9192.0,30842.0,54388
54390,9192.0,30855.0,54389
54391,9192.0,30909.0,54390
54392,9192.0,30909.0,54391
54393,9192.0,30343.0,54392
54394,9192.0,29877.0,54393
54395,9192.0,29724.0,54394
54396,9192.0,29577.0,54395
54397,9192.0,29272.0,54396
54398,9192.0,29433.0,54397
54399,9192.0,29885.0,54398
54400,9192.0,30174.0,54399
54401,9192.0,30023.0,54400
54402,9192.0,30071.0,54401
54403,9192.0,30102.0,54402
54404,9192.0,29760.0,54403
54405,9192.0,30942.0,54404
54406,9192.0,30048.0,54405
54407,9192.0,28870.0,54406
54408,9192.0,29142.0,54407
54409,9192.0,28856.0,54408
54410,9192.0,28880.0,54409
54411,9192.0,29402.0,54410
54412,9192.0,29357.0,54411
54413,9192.0,29409.0,54412
54414,9192.0,29258.0,54413
54415,9192.0,28740.0,54414
54416,9192.0,28746.0,54415
54417,9192.0,28925.0,54416
54418,9192.0,29001.0,54417
54419,9192.0,28885.0,54418
54420,9192.0,27962.0,54419
54421,9192.0,27910.0,54420
54422,9192.0,27507.0,54421
54423,9192.0,27518.0,54422
54424,9192.0,26802.0,54423
54425,9192.0,27021.0,54424
54426,9192.0,27021.0,54425
54427,9192.0,26909.0,54426
54428,9192.0,26909.0,54427
54429,9192.0,27321.0,54428
54430,9192.0,27842.0,54429
54431,9192.0,26619.0,54430
54432,9192.0,26476.0,54431
54433,9192.0,25680.0,54432
54434,9192.0,25713.0,54433
54435,9192.0,25770.0,54434
54436,9192.0,25770.0,54435
54437,9192.0,25394.0,54436
54438,9192.0,25054.0,54437
54439,9192.0,25114.0,54438
54440,9192.0,26088.0,54439
54441,9192.0,26088.0,54440
54442,9192.0,25877.0,54441
54443,9192.0,26397.0,54442
54444,9192.0,26480.0,54443
54445,9192.0,26526.0,54444
54446,9192.0,26451.0,54445
54447,9192.0,25915.0,54446
54448,9192.0,26760.0,54447
54449,9192.0,26649.0,54448
54450,9192.0,26665.0,54449
54451,9192.0,27201.0,54450
54452,9192.0,27910.0,54451
54453,9192.0,27950.0,54452
54454,9192.0,28489.0,54453
54455,9192.0,27851.0,54454
54456,9192.0,28026.0,54455
54457,9192.0,27603.0,54456
54458,9192.0,28142.0,54457
54459,9192.0,27995.0,54458
54460,9192.0,27561.0,54459
54461,9192.0,27561.0,54460
54462,9192.0,28108.0,54461
54463,9192.0,29609.0,54462
54464,9192.0,29384.0,54463
54465,9192.0,29318.0,54464
54466,9192.0,29507.0,54465
54467,9192.0,29589.0,54466
54468,9192.0,29896.0,54467
54469,9192.0,30007.0,54468
54470,9192.0,31250.0,54469
54471,9192.0,30936.0,54470
54472,9192.0,31136.0,54471
54473,9192.0,31301.0,54472
54474,9192.0,30799.0,54473
54475,9192.0,30819.0,54474
54476,9192.0,30987.0,54475
54477,9192.0,32497.0,54476
54478,9192.0,32161.0,54477
54479,9192.0,31950.0,54478
54480,9192.0,31875.0,54479
54481,9192.0,31874.0,54480
54482,9192.0,32006.0,54481
54483,9192.0,31683.0,54482
54484,9192.0,31530.0,54483
54485,9192.0,30879.0,54484
54486,9192.0,31025.0,54485
54487,9192.0,30341.0,54486
54488,9192.0,30292.0,54487
54489,9192.0,30284.0,54488
54490,9192.0,30194.0,54489
54491,9192.0,31091.0,54490
54492,9192.0,31091.0,54491
54493,9192.0,30632.0,54492
54494,9192.0,30633.0,54493
54495,9192.0,30111.0,54494
54496,9192.0,30181.0,54495
54497,9192.0,29279.0,54496
54498,9192.0,29135.0,54497
54499,9192.0,29230.0,54498
54500,9192.0,28857.0,54499
54501,9192.0,29242.0,54500
54502,9192.0,29113.0,54501
54503,9192.0,29883.0,54502
54504,9192.0,28573.0,54503
54505,9192.0,28505.0,54504
54506,9192.0,28751.0,54505
54507,9192.0,28323.0,54506
54508,9192.0,28320.0,54507
54509,9192.0,29119.0,54508
54510,9192.0,28405.0,54509
54511,9192.0,28143.0,54510
54512,9192.0,28059.0,54511
54513,9192.0,28006.0,54512
54514,9192.0,28726.0,54513
54515,9192.0,28731.0,54514
54516,9192.0,29200.0,54515
54517,9192.0,28869.0,54516
54518,9192.0,27947.0,54517
54519,9192.0,27947.0,54518
54520,9192.0,27553.0,54519
54521,9192.0,27292.0,54520
54522,9192.0,27292.0,54521
54523,9192.0,27669.0,54522
54524,9192.0,27798.0,54523
54525,9192.0,28030.0,54524
54526,9192.0,27643.0,54525
54527,9192.0,27952.0,54526
54528,9192.0,28033.0,54527
54529,9192.0,28033.0,54528
54530,9192.0,27418.0,54529
54531,9192.0,26872.0,54530
54532,9192.0,26803.0,54531
54533,9192.0,26791.0,54532
54534,9192.0,27054.0,54533
54535,9192.0,27109.0,54534
54536,9192.0,27099.0,54535
54537,9192.0,28250.0,54536
54538,9192.0,28606.0,54537
54539,9192.0,28800.0,54538
54540,9192.0,28858.0,54539
54541,9192.0,28337.0,54540
54542,9192.0,28892.0,54541
54543,9192.0,28185.0,54542
54544,9192.0,27816.0,54543
54545,9192.0,27880.0,54544
54546,9192.0,27880.0,54545
54547,9192.0,27880.0,54546
54548,9192.0,27991.0,54547
54549,9192.0,28730.0,54548
54550,9192.0,28571.0,54549
54551,9192.0,27378.0,54550
54552,9192.0,26901.0,54551
54553,9192.0,27139.0,54552
54554,9192.0,27158.0,54553
54555,9192.0,26483.0,54554
54556,9192.0,27262.0,54555
54557,9192.0,27366.0,54556
54558,9192.0,27850.0,54557
54559,9192.0,27586.0,54558
54560,9192.0,27395.0,54559
54561,9192.0,27533.0,54560
54562,9192.0,27630.0,54561
54563,9192.0,27188.0,54562
54564,9192.0,27238.0,54563
54565,9192.0,27210.0,54564
54566,9192.0,28168.0,54565
54567,9192.0,28134.0,54566
54568,9192.0,28442.0,54567
54569,9192.0,27771.0,54568
54570,9192.0,27925.0,54569
54571,9192.0,27763.0,54570
54572,9192.0,27442.0,54571
54573,9192.0,27442.0,54572
54574,9192.0,27765.0,54573
54575,9192.0,28208.0,54574
54576,9192.0,27959.0,54575
54577,9192.0,27531.0,54576
54578,9192.0,27491.0,54577
54579,9192.0,28297.0,54578
54580,9192.0,28297.0,54579
54581,9192.0,27993.0,54580
54582,9192.0,28050.0,54581
54583,9192.0,27695.0,54582
54584,9192.0,27308.0,54583
54585,9192.0,27470.0,54584
54586,9192.0,27804.0,54585
54587,9192.0,27789.0,54586
54588,9192.0,27874.0,54587
54589,9192.0,26469.0,54588
54590,9192.0,26482.0,54589
54591,9192.0,26211.0,54590
54592,9192.0,26236.0,54591
54593,9192.0,25763.0,54592
54594,9192.0,26521.0,54593
54595,9192.0,27237.0,54594
54596,9192.0,27432.0,54595
54597,9192.0,27874.0,54596
54598,9192.0,28230.0,54597
54599,9192.0,29978.0,54598
54600,9192.0,30008.0,54599
54601,9192.0,30636.0,54600
54602,9192.0,30685.0,54601
54603,9192.0,30640.0,54602
54604,9192.0,30432.0,54603
54605,9192.0,29803.0,54604
54606,9192.0,29464.0,54605
54607,9192.0,29361.0,54606
54608,9192.0,28890.0,54607
54609,9192.0,29105.0,54608
54610,9192.0,29060.0,54609
54611,9192.0,29226.0,54610
54612,9192.0,29349.0,54611
54613,9192.0,29178.0,54612
54614,9192.0,29071.0,54613
54615,9192.0,28857.0,54614
54616,9192.0,28853.0,54615
54617,9192.0,27913.0,54616
54618,9192.0,27854.0,54617
54619,9192.0,28431.0,54618
54620,9192.0,28464.0,54619
54621,9192.0,29492.0,54620
54622,9192.0,28849.0,54621
54623,9192.0,28849.0,54622
54624,9192.0,28553.0,54623
54625,9192.0,28553.0,54624
54626,9192.0,28666.0,54625
54627,9192.0,28331.0,54626
54628,9192.0,28110.0,54627
54629,9192.0,28086.0,54628
54630,9192.0,28048.0,54629
54631,9192.0,28048.0,54630
54632,9192.0,27811.0,54631
54633,9192.0,28698.0,54632
54634,9192.0,28780.0,54633
54635,9192.0,28970.0,54634
54636,9192.0,28496.0,54635
54637,9192.0,27876.0,54636
54638,9192.0,27798.0,54637
54639,9192.0,27798.0,54638
54640,9192.0,27602.0,54639
54641,9192.0,27902.0,54640
54642,9192.0,27799.0,54641
54643,9192.0,27631.0,54642
54644,9192.0,27631.0,54643
54645,9192.0,27930.0,54644
54646,9192.0,28000.0,54645
54647,9192.0,28324.0,54646
54648,9192.0,28555.0,54647
54649,9192.0,28918.0,54648
54650,9192.0,29068.0,54649
54651,9192.0,29036.0,54650
54652,9192.0,28769.0,54651
54653,9192.0,29350.0,54652
54654,9192.0,28514.0,54653
54655,9192.0,28104.0,54654
54656,9192.0,28070.0,54655
54657,9192.0,27202.0,54656
54658,9192.0,26807.0,54657
54659,9192.0,27058.0,54658
54660,9192.0,27516.0,54659
54661,9192.0,27334.0,54660
54662,9192.0,27400.0,54661
54663,9192.0,27441.0,54662
54664,9192.0,26922.0,54663
54665,9192.0,26980.0,54664
54666,9192.0,27896.0,54665
54667,9192.0,27340.0,54666
54668,9192.0,27441.0,54667
54669,9192.0,28268.0,54668
54670,9192.0,28268.0,54669
54671,9192.0,28356.0,54670
54672,9192.0,29570.0,54671
54673,9192.0,29551.0,54672
54674,9192.0,29500.0,54673
54675,9192.0,29166.0,54674
54676,9192.0,28813.0,54675
54677,9192.0,28782.0,54676
54678,9192.0,28634.0,54677
54679,9192.0,28633.0,54678
54680,9192.0,28656.0,54679
54681,9192.0,29286.0,54680
54682,9192.0,29986.0,54681
54683,9192.0,29645.0,54682
54684,9192.0,29753.0,54683
54685,9192.0,29666.0,54684
54686,9192.0,29538.0,54685
54687,9192.0,30669.0,54686
54688,9192.0,30603.0,54687
54689,9192.0,30449.0,54688
54690,9192.0,31246.0,54689
54691,9192.0,31925.0,54690
54692,9192.0,31732.0,54691
54693,9192.0,31701.0,54692
54694,9192.0,31715.0,54693
54695,9192.0,30173.0,54694
54696,9192.0,30203.0,54695
54697,9192.0,30181.0,54696
54698,9192.0,30250.0,54697
54699,9192.0,30217.0,54698
54700,9192.0,30217.0,54699
54701,9192.0,30122.0,54700
54702,9192.0,30235.0,54701
54703,9192.0,30237.0,54702
54704,9192.0,30219.0,54703
54705,9192.0,29131.0,54704
54706,9192.0,30130.0,54705
54707,9192.0,30107.0,54706
54708,9192.0,31317.0,54707
54709,9192.0,31276.0,54708
54710,9192.0,31544.0,54709
54711,9192.0,30216.0,54710
54712,9192.0,30290.0,54711
54713,9192.0,30343.0,54712
54714,9192.0,30122.0,54713
54715,9192.0,30305.0,54714
54716,9192.0,30378.0,54715
54717,9192.0,30378.0,54716
54718,9192.0,29818.0,54717
54719,9192.0,29541.0,54718
54720,9192.0,29561.0,54719
54721,9192.0,31001.0,54720
54722,9192.0,31447.0,54721
54723,9192.0,31404.0,54722
54724,9192.0,30435.0,54723
54725,9192.0,30278.0,54724
54726,9192.0,30830.0,54725
54727,9192.0,30669.0,54726
54728,9192.0,30437.0,54727
54729,9192.0,28889.0,54728
54730,9192.0,28589.0,54729
54731,9192.0,28571.0,54730
54732,9192.0,28636.0,54731
54733,9192.0,28920.0,54732
54734,9192.0,29042.0,54733
54735,9192.0,29042.0,54734
54736,9192.0,29435.0,54735
54737,9192.0,29435.0,54736
54738,9192.0,29314.0,54737
54739,9192.0,29314.0,54738
54740,9192.0,29387.0,54739
54741,9192.0,29553.0,54740
54742,9192.0,29553.0,54741
54743,9192.0,29912.0,54742
54744,9192.0,29916.0,54743
54745,9192.0,29777.0,54744
54746,9192.0,30073.0,54745
54747,9192.0,30219.0,54746
54748,9192.0,29872.0,54747
54749,9192.0,29240.0,54748
54750,9192.0,28948.0,54749
54751,9192.0,28923.0,54750
54752,9192.0,28923.0,54751
54753,9192.0,28865.0,54752
54754,9192.0,29253.0,54753
54755,9192.0,29253.0,54754
54756,9192.0,29199.0,54755
54757,9192.0,28421.0,54756
54758,9192.0,28362.0,54757
54759,9192.0,27753.0,54758
54760,9192.0,27753.0,54759
54761,9192.0,27753.0,54760
54762,9192.0,27691.0,54761
54763,9192.0,27640.0,54762
54764,9192.0,28837.0,54763
54765,9192.0,28748.0,54764
54766,9192.0,28741.0,54765
54767,9192.0,29108.0,54766
54768,9192.0,29187.0,54767
54769,9192.0,29189.0,54768
54770,9192.0,28898.0,54769
54771,9192.0,28186.0,54770
54772,9192.0,28727.0,54771
54773,9192.0,28208.0,54772
54774,9192.0,28001.0,54773
54775,9192.0,28476.0,54774
54776,9192.0,27466.0,54775
54777,9192.0,27721.0,54776
54778,9192.0,27902.0,54777
54779,9192.0,27616.0,54778
54780,9192.0,27637.0,54779
54781,9192.0,28215.0,54780
54782,9192.0,28638.0,54781
54783,9192.0,28203.0,54782
54784,9192.0,28782.0,54783
54785,9192.0,28765.0,54784
54786,9192.0,28762.0,54785
54787,9192.0,29418.0,54786
54788,9192.0,29399.0,54787
54789,9192.0,29403.0,54788
54790,9192.0,29361.0,54789
54791,9192.0,29361.0,54790
54792,9192.0,28749.0,54791
54793,9192.0,28356.0,54792
54794,9192.0,28151.0,54793
54795,9192.0,28233.0,54794
54796,9192.0,28455.0,54795
54797,9192.0,28291.0,54796
54798,9192.0,28003.0,54797
54799,9192.0,28028.0,54798
54800,9192.0,28049.0,54799
54801,9192.0,27975.0,54800
54802,9192.0,27872.0,54801
54803,9192.0,29541.0,54802
54804,9192.0,29763.0,54803
54805,9192.0,31370.0,54804
54806,9192.0,31237.0,54805
54807,9192.0,32113.0,54806
54808,9192.0,32213.0,54807
54809,9192.0,31898.0,54808
54810,9192.0,31921.0,54809
54811,9192.0,32374.0,54810
54812,9192.0,30212.0,54811
54813,9192.0,30311.0,54812
54814,9192.0,29755.0,54813
54815,9192.0,29665.0,54814
54816,9192.0,29407.0,54815
54817,9192.0,29245.0,54816
54818,9192.0,29466.0,54817
54819,9192.0,29980.0,54818
54820,9192.0,28046.0,54819
54821,9192.0,27762.0,54820
54822,9192.0,27762.0,54821
54823,9192.0,26923.0,54822
54824,9192.0,26904.0,54823
54825,9192.0,27370.0,54824
54826,9192.0,28176.0,54825
54827,9192.0,28420.0,54826
54828,9192.0,27855.0,54827
54829,9192.0,27709.0,54828
54830,9192.0,27524.0,54829
54831,9192.0,28169.0,54830
54832,9192.0,28169.0,54831
54833,9192.0,28522.0,54832
54834,9192.0,28615.0,54833
54835,9192.0,28628.0,54834
54836,9192.0,28797.0,54835
54837,9192.0,28128.0,54836
54838,9192.0,28128.0,54837
54839,9192.0,28238.0,54838
54840,9192.0,28238.0,54839
54841,9192.0,28011.0,54840
54842,9192.0,27841.0,54841
54843,9192.0,28038.0,54842
54844,9192.0,28147.0,54843
54845,9192.0,28147.0,54844
54846,9192.0,28945.0,54845
54847,9192.0,28913.0,54846
54848,9192.0,27194.0,54847
54849,9192.0,27194.0,54848
54850,9192.0,27194.0,54849
54851,9192.0,27194.0,54850
54852,9192.0,27460.0,54851
54853,9192.0,27473.0,54852
54854,9192.0,27715.0,54853
54855,9192.0,28091.0,54854
54856,9192.0,28306.0,54855
54857,9192.0,28144.0,54856
54858,9192.0,28144.0,54857
54859,9192.0,28477.0,54858
54860,9192.0,28477.0,54859
54861,9192.0,28571.0,54860
54862,9192.0,29285.0,54861
54863,9192.0,28837.0,54862
54864,9192.0,29659.0,54863
54865,9192.0,30982.0,54864
54866,9192.0,30587.0,54865
54867,9192.0,30153.0,54866
54868,9192.0,30610.0,54867
54869,9192.0,30180.0,54868
54870,9192.0,30365.0,54869
54871,9192.0,31014.0,54870
54872,9192.0,31014.0,54871
54873,9192.0,30804.0,54872
54874,9192.0,30804.0,54873
54875,9192.0,30665.0,54874
54876,9192.0,30122.0,54875
54877,9192.0,30122.0,54876
54878,9192.0,30343.0,54877
54879,9192.0,29716.0,54878
54880,9192.0,30095.0,54879
54881,9192.0,30297.0,54880
54882,9192.0,30215.0,54881
54883,9192.0,30499.0,54882
54884,9192.0,30867.0,54883
54885,9192.0,31756.0,54884
54886,9192.0,31528.0,54885
54887,9192.0,31663.0,54886
54888,9192.0,31665.0,54887
54889,9192.0,31677.0,54888
54890,9192.0,31350.0,54889
54891,9192.0,31526.0,54890
54892,9192.0,31355.0,54891
54893,9192.0,30719.0,54892
54894,9192.0,30716.0,54893
54895,9192.0,31200.0,54894
54896,9192.0,31153.0,54895
54897,9192.0,31097.0,54896
54898,9192.0,31055.0,54897
54899,9192.0,31350.0,54898
54900,9192.0,31168.0,54899
54901,9192.0,31220.0,54900
54902,9192.0,31602.0,54901
54903,9192.0,31489.0,54902
54904,9192.0,31464.0,54903
54905,9192.0,31471.0,54904
54906,9192.0,31688.0,54905
54907,9192.0,31040.0,54906
54908,9192.0,30468.0,54907
54909,9192.0,30468.0,54908
54910,9192.0,30615.0,54909
54911,9192.0,29693.0,54910
54912,9192.0,29663.0,54911
54913,9192.0,28262.0,54912
54914,9192.0,28726.0,54913
54915,9192.0,28119.0,54914
54916,9192.0,28149.0,54915
54917,9192.0,28173.0,54916
54918,9192.0,28334.0,54917
54919,9192.0,29051.0,54918
54920,9192.0,28957.0,54919
54921,9192.0,29254.0,54920
54922,9192.0,29155.0,54921
54923,9192.0,29755.0,54922
54924,9192.0,29749.0,54923
54925,9192.0,27369.0,54924
54926,9192.0,27306.0,54925
54927,9192.0,26754.0,54926
54928,9192.0,26805.0,54927
54929,9192.0,26798.0,54928
54930,9192.0,26652.0,54929
54931,9192.0,26363.0,54930
54932,9192.0,27514.0,54931
54933,9192.0,27604.0,54932
54934,9192.0,27600.0,54933
54935,9192.0,27921.0,54934
54936,9192.0,28025.0,54935
54937,9192.0,27690.0,54936
54938,9192.0,27996.0,54937
54939,9192.0,28073.0,54938
54940,9192.0,28592.0,54939
54941,9192.0,28372.0,54940
54942,9192.0,28606.0,54941
54943,9192.0,27586.0,54942
54944,9192.0,26578.0,54943
54945,9192.0,25971.0,54944
54946,9192.0,25919.0,54945
54947,9192.0,26086.0,54946
54948,9192.0,26584.0,54947
54949,9192.0,26527.0,54948
54950,9192.0,26539.0,54949
54951,9192.0,26438.0,54950
54952,9192.0,26700.0,54951
54953,9192.0,27306.0,54952
54954,9192.0,27676.0,54953
54955,9192.0,27592.0,54954
54956,9192.0,28114.0,54955
54957,9192.0,28106.0,54956
54958,9192.0,27323.0,54957
54959,9192.0,27890.0,54958
54960,9192.0,27890.0,54959
54961,9192.0,27667.0,54960
54962,9192.0,27598.0,54961
54963,9192.0,27438.0,54962
54964,9192.0,27532.0,54963
54965,9192.0,27532.0,54964
54966,9192.0,28058.0,54965
54967,9192.0,27489.0,54966
54968,9192.0,28884.0,54967
54969,9192.0,28547.0,54968
54970,9192.0,28267.0,54969
54971,9192.0,28403.0,54970
54972,9192.0,29386.0,54971
54973,9192.0,28166.0,54972
54974,9192.0,28409.0,54973
54975,9192.0,29113.0,54974
54976,9192.0,28567.0,54975
54977,9192.0,28577.0,54976
54978,9192.0,28521.0,54977
54979,9192.0,28521.0,54978
54980,9192.0,28266.0,54979
54981,9192.0,28317.0,54980
54982,9192.0,28400.0,54981
54983,9192.0,28240.0,54982
54984,9192.0,28422.0,54983
54985,9192.0,28407.0,54984
54986,9192.0,28407.0,54985
54987,9192.0,28470.0,54986
54988,9192.0,28799.0,54987
54989,9192.0,28969.0,54988
54990,9192.0,28066.0,54989
54991,9192.0,28362.0,54990
54992,9192.0,28312.0,54991
54993,9192.0,28739.0,54992
54994,9192.0,28789.0,54993
54995,9192.0,28632.0,54994
54996,9192.0,28631.0,54995
54997,9192.0,28703.0,54996
54998,9192.0,28453.0,54997
54999,9192.0,28920.0,54998
55000,9192.0,29235.0,54999
55001,9192.0,29235.0,55000
55002,9192.0,29389.0,55001
55003,9192.0,29058.0,55002
55004,9192.0,28884.0,55003
55005,9192.0,28326.0,55004
55006,9192.0,28347.0,55005
55007,9192.0,28253.0,55006
55008,9192.0,28345.0,55007
55009,9192.0,28383.0,55008
55010,9192.0,27528.0,55009
55011,9192.0,27855.0,55010
55012,9192.0,27835.0,55011
55013,9192.0,27882.0,55012
55014,9192.0,27566.0,55013
55015,9192.0,27713.0,55014
55016,9192.0,28081.0,55015
55017,9192.0,28218.0,55016
55018,9192.0,28407.0,55017
55019,9192.0,27943.0,55018
55020,9192.0,28130.0,55019
55021,9192.0,27522.0,55020
55022,9192.0,27387.0,55021
55023,9192.0,27437.0,55022
55024,9192.0,27524.0,55023
55025,9192.0,27506.0,55024
55026,9192.0,27584.0,55025
55027,9192.0,27736.0,55026
55028,9192.0,28043.0,55027
55029,9192.0,27477.0,55028
55030,9192.0,28226.0,55029
55031,9192.0,27045.0,55030
55032,9192.0,27536.0,55031
55033,9192.0,27536.0,55032
55034,9192.0,27996.0,55033
55035,9192.0,28042.0,55034
55036,9192.0,28993.0,55035
55037,9192.0,29408.0,55036
55038,9192.0,29853.0,55037
55039,9192.0,30449.0,55038
55040,9192.0,30203.0,55039
55041,9192.0,30087.0,55040
55042,9192.0,31925.0,55041
55043,9192.0,31908.0,55042
55044,9192.0,30729.0,55043
55045,9192.0,31013.0,55044
55046,9192.0,31035.0,55045
55047,9192.0,31292.0,55046
55048,9192.0,29091.0,55047
55049,9192.0,29091.0,55048
55050,9192.0,29227.0,55049
55051,9192.0,29222.0,55050
55052,9192.0,28951.0,55051
55053,9192.0,28688.0,55052
55054,9192.0,28310.0,55053
55055,9192.0,28396.0,55054
55056,9192.0,28966.0,55055
55057,9192.0,29147.0,55056
55058,9192.0,29263.0,55057
55059,9192.0,29604.0,55058
55060,9192.0,29604.0,55059
55061,9192.0,29251.0,55060
55062,9192.0,29205.0,55061
55063,9192.0,29139.0,55062
55064,9192.0,28967.0,55063
55065,9192.0,28892.0,55064
55066,9192.0,29052.0,55065
55067,9192.0,29034.0,55066
55068,9192.0,28931.0,55067
55069,9192.0,28956.0,55068
55070,9192.0,28956.0,55069
55071,9192.0,29107.0,55070
55072,9192.0,29345.0,55071
55073,9192.0,29957.0,55072
55074,9192.0,29770.0,55073
55075,9192.0,29080.0,55074
55076,9192.0,29354.0,55075
55077,9192.0,29273.0,55076
55078,9192.0,28386.0,55077
55079,9192.0,28386.0,55078
55080,9192.0,28581.0,55079
55081,9192.0,28671.0,55080
55082,9192.0,28287.0,55081
55083,9192.0,28281.0,55082
55084,9192.0,28476.0,55083
55085,9192.0,28505.0,55084
55086,9192.0,28345.0,55085
55087,9192.0,28451.0,55086
55088,9192.0,28561.0,55087
55089,9192.0,28266.0,55088
55090,9192.0,28340.0,55089
55091,9192.0,28155.0,55090
55092,9192.0,28465.0,55091
55093,9192.0,28406.0,55092
55094,9192.0,27451.0,55093
55095,9192.0,27434.0,55094
55096,9192.0,27416.0,55095
55097,9192.0,27453.0,55096
55098,9192.0,27817.0,55097
55099,9192.0,27817.0,55098
55100,9192.0,27720.0,55099
55101,9192.0,28439.0,55100
55102,9192.0,28479.0,55101
55103,9192.0,28619.0,55102
55104,9192.0,28255.0,55103
55105,9192.0,28561.0,55104
55106,9192.0,28305.0,55105
55107,9192.0,28113.0,55106
55108,9192.0,27996.0,55107
55109,9192.0,27851.0,55108
55110,9192.0,28723.0,55109
55111,9192.0,28764.0,55110
55112,9192.0,29353.0,55111
55113,9192.0,29614.0,55112
55114,9192.0,29582.0,55113
55115,9192.0,28434.0,55114
55116,9192.0,28577.0,55115
55117,9192.0,29874.0,55116
55118,9192.0,29298.0,55117
55119,9192.0,29747.0,55118
55120,9192.0,29486.0,55119
55121,9192.0,29406.0,55120
55122,9192.0,29374.0,55121
55123,9192.0,29242.0,55122
55124,9192.0,28876.0,55123
55125,9192.0,29104.0,55124
55126,9192.0,30463.0,55125
55127,9192.0,31146.0,55126
55128,9192.0,31248.0,55127
55129,9192.0,31539.0,55128
55130,9192.0,31774.0,55129
55131,9192.0,31829.0,55130
55132,9192.0,31974.0,55131
55133,9192.0,30849.0,55132
55134,9192.0,30040.0,55133
55135,9192.0,29802.0,55134
55136,9192.0,29721.0,55135
55137,9192.0,29533.0,55136
55138,9192.0,29260.0,55137
55139,9192.0,28804.0,55138
55140,9192.0,28769.0,55139
55141,9192.0,28513.0,55140
55142,9192.0,29202.0,55141
55143,9192.0,29211.0,55142
55144,9192.0,28263.0,55143
55145,9192.0,28259.0,55144
55146,9192.0,28163.0,55145
55147,9192.0,28487.0,55146
55148,9192.0,28644.0,55147
55149,9192.0,28376.0,55148
55150,9192.0,27943.0,55149
55151,9192.0,27567.0,55150
55152,9192.0,26788.0,55151
55153,9192.0,26788.0,55152
55154,9192.0,26880.0,55153
55155,9192.0,26891.0,55154
55156,9192.0,27324.0,55155
55157,9192.0,27304.0,55156
55158,9192.0,27513.0,55157
55159,9192.0,27660.0,55158
55160,9192.0,27620.0,55159
55161,9192.0,28131.0,55160
55162,9192.0,28185.0,55161
55163,9192.0,27426.0,55162
55164,9192.0,27622.0,55163
55165,9192.0,27552.0,55164
55166,9192.0,27417.0,55165
55167,9192.0,27527.0,55166
55168,9192.0,27766.0,55167
55169,9192.0,27661.0,55168
55170,9192.0,27384.0,55169
55171,9192.0,27495.0,55170
55172,9192.0,27104.0,55171
55173,9192.0,27040.0,55172
55174,9192.0,27034.0,55173
55175,9192.0,27420.0,55174
55176,9192.0,27424.0,55175
55177,9192.0,27505.0,55176
55178,9192.0,27881.0,55177
55179,9192.0,27184.0,55178
55180,9192.0,28870.0,55179
55181,9192.0,30046.0,55180
55182,9192.0,29418.0,55181
55183,9192.0,29198.0,55182
55184,9192.0,29198.0,55183
55185,9192.0,29343.0,55184
55186,9192.0,28872.0,55185
55187,9192.0,29115.0,55186
55188,9192.0,29115.0,55187
55189,9192.0,28906.0,55188
55190,9192.0,28659.0,55189
55191,9192.0,28592.0,55190
55192,9192.0,28592.0,55191
55193,9192.0,28313.0,55192
55194,9192.0,27621.0,55193
55195,9192.0,27621.0,55194
55196,9192.0,27649.0,55195
55197,9192.0,27855.0,55196
55198,9192.0,27320.0,55197
55199,9192.0,26749.0,55198
55200,9192.0,26870.0,55199
55201,9192.0,27248.0,55200
55202,9192.0,28038.0,55201
55203,9192.0,28154.0,55202
55204,9192.0,28450.0,55203
55205,9192.0,28304.0,55204
55206,9192.0,28379.0,55205
55207,9192.0,28422.0,55206
55208,9192.0,28468.0,55207
55209,9192.0,29293.0,55208
55210,9192.0,29529.0,55209
55211,9192.0,30243.0,55210
55212,9192.0,30340.0,55211
55213,9192.0,30459.0,55212
55214,9192.0,30109.0,55213
55215,9192.0,29258.0,55214
55216,9192.0,29138.0,55215
55217,9192.0,28815.0,55216
55218,9192.0,29251.0,55217
55219,9192.0,29403.0,55218
55220,9192.0,29207.0,55219
55221,9192.0,29171.0,55220
55222,9192.0,28053.0,55221
55223,9192.0,28672.0,55222
55224,9192.0,28457.0,55223
55225,9192.0,29256.0,55224
55226,9192.0,29927.0,55225
55227,9192.0,29255.0,55226
55228,9192.0,29164.0,55227
55229,9192.0,29514.0,55228
55230,9192.0,30004.0,55229
55231,9192.0,29938.0,55230
55232,9192.0,29968.0,55231
55233,9192.0,30512.0,55232
55234,9192.0,30394.0,55233
55235,9192.0,30305.0,55234
55236,9192.0,30016.0,55235
55237,9192.0,29644.0,55236
55238,9192.0,29706.0,55237
55239,9192.0,29706.0,55238
55240,9192.0,30520.0,55239
55241,9192.0,30440.0,55240
55242,9192.0,29491.0,55241
55243,9192.0,28707.0,55242
55244,9192.0,28701.0,55243
55245,9192.0,28679.0,55244
55246,9192.0,28787.0,55245
55247,9192.0,28541.0,55246
55248,9192.0,28914.0,55247
55249,9192.0,28958.0,55248
55250,9192.0,29089.0,55249
55251,9192.0,29505.0,55250
55252,9192.0,29505.0,55251
55253,9192.0,29327.0,55252
55254,9192.0,29329.0,55253
55255,9192.0,30864.0,55254
55256,9192.0,30628.0,55255
55257,9192.0,30350.0,55256
55258,9192.0,30458.0,55257
55259,9192.0,30344.0,55258
55260,9192.0,30059.0,55259
55261,9192.0,30081.0,55260
55262,9192.0,30488.0,55261
55263,9192.0,29964.0,55262
55264,9192.0,29664.0,55263
55265,9192.0,29587.0,55264
55266,9192.0,29933.0,55265
55267,9192.0,29634.0,55266
55268,9192.0,29647.0,55267
55269,9192.0,29480.0,55268
55270,9192.0,29379.0,55269
55271,9192.0,29706.0,55270
55272,9192.0,29475.0,55271
55273,9192.0,29645.0,55272
55274,9192.0,29719.0,55273
55275,9192.0,28971.0,55274
55276,9192.0,28917.0,55275
55277,9192.0,29118.0,55276
55278,9192.0,28877.0,55277
55279,9192.0,29046.0,55278
55280,9192.0,27860.0,55279
55281,9192.0,27928.0,55280
55282,9192.0,28209.0,55281
55283,9192.0,27357.0,55282
55284,9192.0,27294.0,55283
55285,9192.0,27273.0,55284
55286,9192.0,27264.0,55285
55287,9192.0,26585.0,55286
55288,9192.0,27095.0,55287
55289,9192.0,27095.0,55288
55290,9192.0,28182.0,55289
55291,9192.0,28182.0,55290
55292,9192.0,28267.0,55291
55293,9192.0,28377.0,55292
55294,9192.0,28397.0,55293
55295,9192.0,28433.0,55294
55296,9192.0,28398.0,55295
55297,9192.0,28398.0,55296
55298,9192.0,27803.0,55297
55299,9192.0,28289.0,55298
55300,9192.0,28662.0,55299
55301,9192.0,28460.0,55300
55302,9192.0,28190.0,55301
55303,9192.0,28139.0,55302
55304,9192.0,28118.0,55303
55305,9192.0,28005.0,55304
55306,9192.0,27722.0,55305
55307,9192.0,28542.0,55306
55308,9192.0,29352.0,55307
55309,9192.0,30841.0,55308
55310,9192.0,29991.0,55309
55311,9192.0,29245.0,55310
55312,9192.0,29146.0,55311
55313,9192.0,29401.0,55312
55314,9192.0,29401.0,55313
55315,9192.0,29180.0,55314
55316,9192.0,28737.0,55315
55317,9192.0,28764.0,55316
55318,9192.0,28985.0,55317
55319,9192.0,29629.0,55318
55320,9192.0,29838.0,55319
55321,9192.0,29699.0,55320
55322,9192.0,28534.0,55321
55323,9192.0,28595.0,55322
55324,9192.0,28922.0,55323
55325,9192.0,28870.0,55324
55326,9192.0,29428.0,55325
55327,9192.0,28758.0,55326
55328,9192.0,28723.0,55327
55329,9192.0,29934.0,55328
55330,9192.0,30561.0,55329
55331,9192.0,30281.0,55330
55332,9192.0,29892.0,55331
55333,9192.0,29873.0,55332
55334,9192.0,29824.0,55333
55335,9192.0,30473.0,55334
55336,9192.0,30476.0,55335
55337,9192.0,30063.0,55336
55338,9192.0,30056.0,55337
55339,9192.0,30161.0,55338
55340,9192.0,30406.0,55339
55341,9192.0,29699.0,55340
55342,9192.0,28866.0,55341
55343,9192.0,29161.0,55342
55344,9192.0,29459.0,55343
55345,9192.0,29437.0,55344
55346,9192.0,30499.0,55345
55347,9192.0,30641.0,55346
55348,9192.0,30641.0,55347
55349,9192.0,30799.0,55348
55350,9192.0,31147.0,55349
55351,9192.0,30501.0,55350
55352,9192.0,29779.0,55351
55353,9192.0,30760.0,55352
55354,9192.0,30972.0,55353
55355,9192.0,31088.0,55354
55356,9192.0,31088.0,55355
55357,9192.0,30922.0,55356
55358,9192.0,30946.0,55357
55359,9192.0,30422.0,55358
55360,9192.0,31184.0,55359
55361,9192.0,31207.0,55360
55362,9192.0,31117.0,55361
55363,9192.0,31465.0,55362
55364,9192.0,31465.0,55363
55365,9192.0,31513.0,55364
55366,9192.0,31473.0,55365
55367,9192.0,31423.0,55366
55368,9192.0,32019.0,55367
55369,9192.0,32065.0,55368
55370,9192.0,32290.0,55369
55371,9192.0,31343.0,55370
55372,9192.0,31497.0,55371
55373,9192.0,31360.0,55372
55374,9192.0,31563.0,55373
55375,9192.0,31517.0,55374
55376,9192.0,31581.0,55375
55377,9192.0,31551.0,55376
55378,9192.0,31436.0,55377
55379,9192.0,31754.0,55378
55380,9192.0,31754.0,55379
55381,9192.0,32179.0,55380
55382,9192.0,31843.0,55381
55383,9192.0,31085.0,55382
55384,9192.0,31430.0,55383
55385,9192.0,30697.0,55384
55386,9192.0,31310.0,55385
55387,9192.0,31086.0,55386
55388,9192.0,31036.0,55387
55389,9192.0,30848.0,55388
55390,9192.0,31062.0,55389
55391,9192.0,31117.0,55390
55392,9192.0,31261.0,55391
55393,9192.0,31312.0,55392
55394,9192.0,31104.0,55393
55395,9192.0,30976.0,55394
55396,9192.0,31028.0,55395
55397,9192.0,31021.0,55396
55398,9192.0,29917.0,55397
55399,9192.0,30157.0,55398
55400,9192.0,30429.0,55399
55401,9192.0,30419.0,55400
55402,9192.0,31413.0,55401
55403,9192.0,30773.0,55402
55404,9192.0,30523.0,55403
55405,9192.0,30523.0,55404
55406,9192.0,30874.0,55405
55407,9192.0,30862.0,55406
55408,9192.0,30935.0,55407
55409,9192.0,30871.0,55408
55410,9192.0,30908.0,55409
55411,9192.0,31043.0,55410
55412,9192.0,31061.0,55411
55413,9192.0,31139.0,55412
55414,9192.0,31079.0,55413
55415,9192.0,31134.0,55414
55416,9192.0,31137.0,55415
55417,9192.0,32030.0,55416
55418,9192.0,31479.0,55417
55419,9192.0,31479.0,55418
55420,9192.0,31554.0,55419
55421,9192.0,31553.0,55420
55422,9192.0,31143.0,55421
55423,9192.0,30249.0,55422
55424,9192.0,28188.0,55423
55425,9192.0,28064.0,55424
55426,9192.0,28535.0,55425
55427,9192.0,29139.0,55426
55428,9192.0,29349.0,55427
55429,9192.0,30177.0,55428
55430,9192.0,29768.0,55429
55431,9192.0,29645.0,55430
55432,9192.0,30062.0,55431
55433,9192.0,30083.0,55432
55434,9192.0,29660.0,55433
55435,9192.0,29660.0,55434
55436,9192.0,30127.0,55435
55437,9192.0,30127.0,55436
55438,9192.0,29164.0,55437
55439,9192.0,29164.0,55438
55440,9192.0,29709.0,55439
55441,9192.0,29752.0,55440
55442,9192.0,30864.0,55441
55443,9192.0,29425.0,55442
55444,9192.0,29110.0,55443
55445,9192.0,29095.0,55444
55446,9192.0,29047.0,55445
55447,9192.0,29159.0,55446
55448,9192.0,29089.0,55447
55449,9192.0,29485.0,55448
55450,9192.0,29597.0,55449
55451,9192.0,29640.0,55450
55452,9192.0,29843.0,55451
55453,9192.0,30393.0,55452
55454,9192.0,30254.0,55453
55455,9192.0,29038.0,55454
55456,9192.0,29071.0,55455
55457,9192.0,29061.0,55456
55458,9192.0,29687.0,55457
55459,9192.0,29687.0,55458
55460,9192.0,29613.0,55459
55461,9192.0,29711.0,55460
55462,9192.0,29482.0,55461
55463,9192.0,29701.0,55462
55464,9192.0,28880.0,55463
55465,9192.0,28876.0,55464
55466,9192.0,29178.0,55465
55467,9192.0,28874.0,55466
55468,9192.0,29153.0,55467
55469,9192.0,29331.0,55468
55470,9192.0,28868.0,55469
55471,9192.0,28868.0,55470
55472,9192.0,29129.0,55471
55473,9192.0,30128.0,55472
55474,9192.0,30138.0,55473
55475,9192.0,30066.0,55474
55476,9192.0,29730.0,55475
55477,9192.0,30188.0,55476
55478,9192.0,31409.0,55477
55479,9192.0,31417.0,55478
55480,9192.0,30536.0,55479
55481,9192.0,31237.0,55480
55482,9192.0,31259.0,55481
55483,9192.0,30832.0,55482
55484,9192.0,30925.0,55483
55485,9192.0,30381.0,55484
55486,9192.0,30500.0,55485
55487,9192.0,29991.0,55486
55488,9192.0,30044.0,55487
55489,9192.0,29915.0,55488
55490,9192.0,29861.0,55489
55491,9192.0,29629.0,55490
55492,9192.0,29454.0,55491
55493,9192.0,30289.0,55492
55494,9192.0,30147.0,55493
55495,9192.0,29324.0,55494
55496,9192.0,29660.0,55495
55497,9192.0,29380.0,55496
55498,9192.0,29457.0,55497
55499,9192.0,29457.0,55498
55500,9192.0,29688.0,55499
55501,9192.0,29519.0,55500
55502,9192.0,29193.0,55501
55503,9192.0,29143.0,55502
55504,9192.0,29114.0,55503
55505,9192.0,29319.0,55504
55506,9192.0,28838.0,55505
55507,9192.0,28845.0,55506
55508,9192.0,27813.0,55507
55509,9192.0,27818.0,55508
55510,9192.0,27724.0,55509
55511,9192.0,28221.0,55510
55512,9192.0,27979.0,55511
55513,9192.0,28341.0,55512
55514,9192.0,28370.0,55513
55515,9192.0,27804.0,55514
55516,9192.0,27497.0,55515
55517,9192.0,27668.0,55516
55518,9192.0,27574.0,55517
55519,9192.0,27680.0,55518
55520,9192.0,27202.0,55519
55521,9192.0,27531.0,55520
55522,9192.0,27658.0,55521
55523,9192.0,27658.0,55522
55524,9192.0,27280.0,55523
55525,9192.0,26923.0,55524
55526,9192.0,27120.0,55525
55527,9192.0,27129.0,55526
55528,9192.0,27136.0,55527
55529,9192.0,28753.0,55528
55530,9192.0,28880.0,55529
55531,9192.0,29165.0,55530
55532,9192.0,29867.0,55531
55533,9192.0,29235.0,55532
55534,9192.0,30184.0,55533
55535,9192.0,30096.0,55534
55536,9192.0,29876.0,55535
55537,9192.0,29858.0,55536
55538,9192.0,29919.0,55537
55539,9192.0,29933.0,55538
55540,9192.0,30213.0,55539
55541,9192.0,30849.0,55540
55542,9192.0,29209.0,55541
55543,9192.0,29179.0,55542
55544,9192.0,29241.0,55543
55545,9192.0,28714.0,55544
55546,9192.0,28789.0,55545
55547,9192.0,28794.0,55546
55548,9192.0,29383.0,55547
55549,9192.0,29742.0,55548
55550,9192.0,29762.0,55549
55551,9192.0,30379.0,55550
55552,9192.0,30538.0,55551
55553,9192.0,30452.0,55552
55554,9192.0,30439.0,55553
55555,9192.0,30540.0,55554
55556,9192.0,31176.0,55555
55557,9192.0,30794.0,55556
55558,9192.0,29670.0,55557
55559,9192.0,30167.0,55558
55560,9192.0,30915.0,55559
55561,9192.0,30779.0,55560
55562,9192.0,29500.0,55561
55563,9192.0,28785.0,55562
55564,9192.0,28785.0,55563
55565,9192.0,28511.0,55564
55566,9192.0,28558.0,55565
55567,9192.0,28558.0,55566
55568,9192.0,28119.0,55567
55569,9192.0,27916.0,55568
55570,9192.0,28020.0,55569
55571,9192.0,28407.0,55570
55572,9192.0,27781.0,55571
55573,9192.0,27907.0,55572
55574,9192.0,27825.0,55573
55575,9192.0,27781.0,55574
55576,9192.0,27805.0,55575
55577,9192.0,27650.0,55576
55578,9192.0,27878.0,55577
55579,9192.0,27625.0,55578
55580,9192.0,28428.0,55579
55581,9192.0,28306.0,55580
55582,9192.0,28306.0,55581
55583,9192.0,26642.0,55582
55584,9192.0,27312.0,55583
55585,9192.0,26804.0,55584
55586,9192.0,26695.0,55585
55587,9192.0,27619.0,55586
55588,9192.0,27511.0,55587
55589,9192.0,27291.0,55588
55590,9192.0,27262.0,55589
55591,9192.0,27262.0,55590
55592,9192.0,27509.0,55591
55593,9192.0,28408.0,55592
55594,9192.0,28408.0,55593
55595,9192.0,27925.0,55594
55596,9192.0,28078.0,55595
55597,9192.0,28284.0,55596
55598,9192.0,28169.0,55597
55599,9192.0,28083.0,55598
55600,9192.0,27939.0,55599
55601,9192.0,27896.0,55600
55602,9192.0,27662.0,55601
55603,9192.0,27564.0,55602
55604,9192.0,27887.0,55603
55605,9192.0,27947.0,55604
55606,9192.0,27633.0,55605
55607,9192.0,27692.0,55606
55608,9192.0,27414.0,55607
55609,9192.0,27823.0,55608
55610,9192.0,27814.0,55609
55611,9192.0,27287.0,55610
55612,9192.0,26623.0,55611
55613,9192.0,26656.0,55612
55614,9192.0,27071.0,55613
55615,9192.0,27187.0,55614
55616,9192.0,27505.0,55615
55617,9192.0,26737.0,55616
55618,9192.0,26597.0,55617
55619,9192.0,26329.0,55618
55620,9192.0,26562.0,55619
55621,9192.0,25592.0,55620
55622,9192.0,24818.0,55621
55623,9192.0,25504.0,55622
55624,9192.0,25820.0,55623
55625,9192.0,25820.0,55624
55626,9192.0,25820.0,55625
55627,9192.0,25820.0,55626
55628,9192.0,25708.0,55627
55629,9192.0,25162.0,55628
55630,9192.0,25944.0,55629
55631,9192.0,25092.0,55630
55632,9192.0,25092.0,55631
55633,9192.0,24479.0,55632
55634,9192.0,24400.0,55633
55635,9192.0,23999.0,55634
55636,9192.0,24529.0,55635
55637,9192.0,25280.0,55636
55638,9192.0,25419.0,55637
55639,9192.0,25541.0,55638
55640,9192.0,25541.0,55639
55641,9192.0,26132.0,55640
55642,9192.0,26201.0,55641
55643,9192.0,26201.0,55642
55644,9192.0,25671.0,55643
55645,9192.0,25209.0,55644
55646,9192.0,25209.0,55645
55647,9192.0,25194.0,55646
55648,9192.0,25194.0,55647
55649,9192.0,25274.0,55648
55650,9192.0,25531.0,55649
55651,9192.0,26387.0,55650
55652,9192.0,26493.0,55651
55653,9192.0,28044.0,55652
55654,9192.0,28156.0,55653
55655,9192.0,27835.0,55654
55656,9192.0,27835.0,55655
55657,9192.0,27835.0,55656
55658,9192.0,28348.0,55657
55659,9192.0,28348.0,55658
55660,9192.0,29148.0,55659
55661,9192.0,29077.0,55660
55662,9192.0,28621.0,55661
55663,9192.0,28838.0,55662
55664,9192.0,28775.0,55663
55665,9192.0,28799.0,55664
55666,9192.0,28323.0,55665
55667,9192.0,28759.0,55666
55668,9192.0,28088.0,55667
55669,9192.0,28094.0,55668
55670,9192.0,28458.0,55669
55671,9192.0,29018.0,55670
55672,9192.0,28263.0,55671
55673,9192.0,28510.0,55672
55674,9192.0,28505.0,55673
55675,9192.0,28733.0,55674
55676,9192.0,28771.0,55675
55677,9192.0,28217.0,55676
55678,9192.0,28010.0,55677
55679,9192.0,28312.0,55678
55680,9192.0,28270.0,55679
55681,9192.0,28644.0,55680
55682,9192.0,28699.0,55681
55683,9192.0,27708.0,55682
55684,9192.0,27302.0,55683
55685,9192.0,27666.0,55684
55686,9192.0,27800.0,55685
55687,9192.0,28363.0,55686
55688,9192.0,27716.0,55687
55689,9192.0,27369.0,55688
55690,9192.0,27604.0,55689
55691,9192.0,27987.0,55690
55692,9192.0,27986.0,55691
55693,9192.0,28594.0,55692
55694,9192.0,28791.0,55693
55695,9192.0,28502.0,55694
55696,9192.0,28361.0,55695
55697,9192.0,28880.0,55696
55698,9192.0,28846.0,55697
55699,9192.0,28901.0,55698
55700,9192.0,29032.0,55699
55701,9192.0,29184.0,55700
55702,9192.0,29515.0,55701
55703,9192.0,29366.0,55702
55704,9192.0,29173.0,55703
55705,9192.0,29263.0,55704
55706,9192.0,29070.0,55705
55707,9192.0,28885.0,55706
55708,9192.0,28885.0,55707
55709,9192.0,28563.0,55708
55710,9192.0,28788.0,55709
55711,9192.0,28640.0,55710
55712,9192.0,28936.0,55711
55713,9192.0,29101.0,55712
55714,9192.0,29022.0,55713
55715,9192.0,28491.0,55714
55716,9192.0,28432.0,55715
55717,9192.0,28588.0,55716
55718,9192.0,27514.0,55717
55719,9192.0,27929.0,55718
55720,9192.0,28469.0,55719
55721,9192.0,28942.0,55720
55722,9192.0,28689.0,55721
55723,9192.0,28783.0,55722
55724,9192.0,28419.0,55723
55725,9192.0,27663.0,55724
55726,9192.0,27956.0,55725
55727,9192.0,28322.0,55726
55728,9192.0,28249.0,55727
55729,9192.0,28181.0,55728
55730,9192.0,28147.0,55729
55731,9192.0,28184.0,55730
55732,9192.0,28563.0,55731
55733,9192.0,28349.0,55732
55734,9192.0,28502.0,55733
55735,9192.0,29215.0,55734
55736,9192.0,29392.0,55735
55737,9192.0,29969.0,55736
55738,9192.0,29972.0,55737
55739,9192.0,29333.0,55738
55740,9192.0,28864.0,55739
55741,9192.0,28864.0,55740
55742,9192.0,29046.0,55741
55743,9192.0,28747.0,55742
55744,9192.0,29210.0,55743
55745,9192.0,29089.0,55744
55746,9192.0,29541.0,55745
55747,9192.0,30067.0,55746
55748,9192.0,29333.0,55747
55749,9192.0,29552.0,55748
55750,9192.0,29647.0,55749
55751,9192.0,29687.0,55750
55752,9192.0,29946.0,55751
55753,9192.0,29883.0,55752
55754,9192.0,29674.0,55753
55755,9192.0,29532.0,55754
55756,9192.0,29545.0,55755
55757,9192.0,29577.0,55756
55758,9192.0,29594.0,55757
55759,9192.0,29594.0,55758
55760,9192.0,29686.0,55759
55761,9192.0,29772.0,55760
55762,9192.0,29010.0,55761
55763,9192.0,28902.0,55762
55764,9192.0,28902.0,55763
55765,9192.0,28803.0,55764
55766,9192.0,29917.0,55765
55767,9192.0,30025.0,55766
55768,9192.0,29850.0,55767
55769,9192.0,29850.0,55768
55770,9192.0,30158.0,55769
55771,9192.0,30931.0,55770
55772,9192.0,30831.0,55771
55773,9192.0,30841.0,55772
55774,9192.0,30461.0,55773
55775,9192.0,29341.0,55774
55776,9192.0,29348.0,55775
55777,9192.0,29348.0,55776
55778,9192.0,29348.0,55777
55779,9192.0,29541.0,55778
55780,9192.0,29531.0,55779
55781,9192.0,29161.0,55780
55782,9192.0,29171.0,55781
55783,9192.0,29308.0,55782
55784,9192.0,29153.0,55783
55785,9192.0,28901.0,55784
55786,9192.0,29184.0,55785
55787,9192.0,29235.0,55786
55788,9192.0,29371.0,55787
55789,9192.0,29142.0,55788
55790,9192.0,29593.0,55789
55791,9192.0,29188.0,55790
55792,9192.0,29619.0,55791
55793,9192.0,29415.0,55792
55794,9192.0,29394.0,55793
55795,9192.0,29119.0,55794
55796,9192.0,29157.0,55795
55797,9192.0,29270.0,55796
55798,9192.0,29513.0,55797
55799,9192.0,29513.0,55798
55800,9192.0,31401.0,55799
55801,9192.0,31360.0,55800
55802,9192.0,31297.0,55801
55803,9192.0,31466.0,55802
55804,9192.0,31230.0,55803
55805,9192.0,31174.0,55804
55806,9192.0,31109.0,55805
55807,9192.0,31227.0,55806
55808,9192.0,31611.0,55807
55809,9192.0,31884.0,55808
55810,9192.0,31220.0,55809
55811,9192.0,30559.0,55810
55812,9192.0,30951.0,55811
55813,9192.0,31297.0,55812
55814,9192.0,31322.0,55813
55815,9192.0,31322.0,55814
55816,9192.0,29639.0,55815
55817,9192.0,28627.0,55816
55818,9192.0,29013.0,55817
55819,9192.0,28792.0,55818
55820,9192.0,28238.0,55819
55821,9192.0,28179.0,55820
55822,9192.0,30873.0,55821
55823,9192.0,30646.0,55822
55824,9192.0,30659.0,55823
55825,9192.0,30554.0,55824
55826,9192.0,30836.0,55825
55827,9192.0,30861.0,55826
55828,9192.0,31077.0,55827
55829,9192.0,31152.0,55828
55830,9192.0,31311.0,55829
55831,9192.0,31349.0,55830
55832,9192.0,31554.0,55831
55833,9192.0,31472.0,55832
55834,9192.0,31707.0,55833
55835,9192.0,31733.0,55834
55836,9192.0,31721.0,55835
55837,9192.0,31461.0,55836
55838,9192.0,31330.0,55837
55839,9192.0,31330.0,55838
55840,9192.0,31363.0,55839
55841,9192.0,32423.0,55840
55842,9192.0,32667.0,55841
55843,9192.0,32423.0,55842
55844,9192.0,32398.0,55843
55845,9192.0,32147.0,55844
55846,9192.0,32162.0,55845
55847,9192.0,31960.0,55846
55848,9192.0,31960.0,55847
55849,9192.0,31798.0,55848
55850,9192.0,31373.0,55849
55851,9192.0,31022.0,55850
55852,9192.0,31011.0,55851
55853,9192.0,31174.0,55852
55854,9192.0,30828.0,55853
55855,9192.0,30349.0,55854
55856,9192.0,30349.0,55855
55857,9192.0,30573.0,55856
55858,9192.0,30573.0,55857
55859,9192.0,30546.0,55858
55860,9192.0,30218.0,55859
55861,9192.0,30259.0,55860
55862,9192.0,30436.0,55861
55863,9192.0,29832.0,55862
55864,9192.0,28845.0,55863
55865,9192.0,29347.0,55864
55866,9192.0,29118.0,55865
55867,9192.0,29205.0,55866
55868,9192.0,29389.0,55867
55869,9192.0,29508.0,55868
55870,9192.0,28759.0,55869
55871,9192.0,28357.0,55870
55872,9192.0,28257.0,55871
55873,9192.0,28354.0,55872
55874,9192.0,28310.0,55873
55875,9192.0,28158.0,55874
55876,9192.0,28158.0,55875
55877,9192.0,28158.0,55876
55878,9192.0,27754.0,55877
55879,9192.0,27748.0,55878
55880,9192.0,27748.0,55879
55881,9192.0,28220.0,55880
55882,9192.0,28242.0,55881
55883,9192.0,28320.0,55882
55884,9192.0,28770.0,55883
55885,9192.0,28695.0,55884
55886,9192.0,28678.0,55885
55887,9192.0,28717.0,55886
55888,9192.0,28717.0,55887
55889,9192.0,28316.0,55888
55890,9192.0,28316.0,55889
55891,9192.0,28212.0,55890
55892,9192.0,28212.0,55891
55893,9192.0,28212.0,55892
55894,9192.0,28808.0,55893
55895,9192.0,29092.0,55894
55896,9192.0,28355.0,55895
55897,9192.0,28055.0,55896
55898,9192.0,28060.0,55897
55899,9192.0,28004.0,55898
55900,9192.0,28160.0,55899
55901,9192.0,28089.0,55900
55902,9192.0,28182.0,55901
55903,9192.0,28098.0,55902
55904,9192.0,27844.0,55903
55905,9192.0,27746.0,55904
55906,9192.0,28049.0,55905
55907,9192.0,27742.0,55906
55908,9192.0,28598.0,55907
55909,9192.0,28575.0,55908
55910,9192.0,28864.0,55909
55911,9192.0,29128.0,55910
55912,9192.0,29073.0,55911
55913,9192.0,29420.0,55912
55914,9192.0,29170.0,55913
55915,9192.0,29393.0,55914
55916,9192.0,29257.0,55915
55917,9192.0,28819.0,55916
55918,9192.0,28813.0,55917
55919,9192.0,29077.0,55918
55920,9192.0,29086.0,55919
55921,9192.0,28977.0,55920
55922,9192.0,28780.0,55921
55923,9192.0,28780.0,55922
55924,9192.0,27786.0,55923
55925,9192.0,27786.0,55924
55926,9192.0,27917.0,55925
55927,9192.0,27697.0,55926
55928,9192.0,27680.0,55927
55929,9192.0,29049.0,55928
55930,9192.0,29231.0,55929
55931,9192.0,29145.0,55930
55932,9192.0,29359.0,55931
55933,9192.0,29732.0,55932
55934,9192.0,29732.0,55933
55935,9192.0,29403.0,55934
55936,9192.0,28190.0,55935
55937,9192.0,27506.0,55936
55938,9192.0,27169.0,55937
55939,9192.0,27408.0,55938
55940,9192.0,27278.0,55939
55941,9192.0,27209.0,55940
55942,9192.0,27803.0,55941
55943,9192.0,27837.0,55942
55944,9192.0,27470.0,55943
55945,9192.0,27857.0,55944
55946,9192.0,27113.0,55945
55947,9192.0,27250.0,55946
55948,9192.0,26401.0,55947
55949,9192.0,26401.0,55948
55950,9192.0,25771.0,55949
55951,9192.0,25923.0,55950
55952,9192.0,26521.0,55951
55953,9192.0,26700.0,55952
55954,9192.0,27057.0,55953
55955,9192.0,27194.0,55954
55956,9192.0,27044.0,55955
55957,9192.0,27044.0,55956
55958,9192.0,27068.0,55957
55959,9192.0,26086.0,55958
55960,9192.0,26109.0,55959
55961,9192.0,25495.0,55960
55962,9192.0,25370.0,55961
55963,9192.0,25368.0,55962
55964,9192.0,25368.0,55963
55965,9192.0,25417.0,55964
55966,9192.0,26152.0,55965
55967,9192.0,26622.0,55966
55968,9192.0,26827.0,55967
55969,9192.0,27089.0,55968
55970,9192.0,27917.0,55969
55971,9192.0,27672.0,55970
55972,9192.0,27621.0,55971
55973,9192.0,27890.0,55972
55974,9192.0,27934.0,55973
55975,9192.0,27993.0,55974
55976,9192.0,27771.0,55975
55977,9192.0,27776.0,55976
55978,9192.0,27316.0,55977
55979,9192.0,27331.0,55978
55980,9192.0,26850.0,55979
55981,9192.0,26505.0,55980
55982,9192.0,26668.0,55981
55983,9192.0,26722.0,55982
55984,9192.0,25431.0,55983
55985,9192.0,25069.0,55984
55986,9192.0,24762.0,55985
55987,9192.0,24762.0,55986
55988,9192.0,24449.0,55987
55989,9192.0,24596.0,55988
55990,9192.0,25206.0,55989
55991,9192.0,25383.0,55990
55992,9192.0,25167.0,55991
55993,9192.0,25636.0,55992
55994,9192.0,27175.0,55993
55995,9192.0,25213.0,55994
55996,9192.0,25328.0,55995
55997,9192.0,24733.0,55996
55998,9192.0,24555.0,55997
55999,9192.0,24294.0,55998
56000,9192.0,24494.0,55999
56001,9192.0,25483.0,56000
56002,9192.0,26018.0,56001
56003,9192.0,26107.0,56002
56004,9192.0,26107.0,56003
56005,9192.0,26085.0,56004
56006,9192.0,25816.0,56005
56007,9192.0,25964.0,56006
56008,9192.0,25581.0,56007
56009,9192.0,25083.0,56008
56010,9192.0,24760.0,56009
56011,9192.0,25563.0,56010
56012,9192.0,25451.0,56011
56013,9192.0,24504.0,56012
56014,9192.0,24604.0,56013
56015,9192.0,24384.0,56014
56016,9192.0,23979.0,56015
56017,9192.0,24009.0,56016
56018,9192.0,24185.0,56017
56019,9192.0,24795.0,56018
56020,9192.0,25002.0,56019
56021,9192.0,25202.0,56020
56022,9192.0,25569.0,56021
56023,9192.0,25811.0,56022
56024,9192.0,25430.0,56023
56025,9192.0,25458.0,56024
56026,9192.0,24601.0,56025
56027,9192.0,24601.0,56026
56028,9192.0,24807.0,56027
56029,9192.0,24199.0,56028
56030,9192.0,23289.0,56029
56031,9192.0,22935.0,56030
56032,9192.0,23041.0,56031
56033,9192.0,23989.0,56032
56034,9192.0,23989.0,56033
56035,9192.0,25237.0,56034
56036,9192.0,25237.0,56035
56037,9192.0,25237.0,56036
56038,9192.0,26736.0,56037
56039,9192.0,26677.0,56038
56040,9192.0,26477.0,56039
56041,9192.0,26479.0,56040
56042,9192.0,26596.0,56041
56043,9192.0,26685.0,56042
56044,9192.0,26665.0,56043
56045,9192.0,26898.0,56044
56046,9192.0,26551.0,56045
56047,9192.0,25524.0,56046
56048,9192.0,25974.0,56047
56049,9192.0,26133.0,56048
56050,9192.0,26009.0,56049
56051,9192.0,25757.0,56050
56052,9192.0,25757.0,56051
56053,9192.0,25288.0,56052
56054,9192.0,25911.0,56053
56055,9192.0,26067.0,56054
56056,9192.0,25207.0,56055
56057,9192.0,24727.0,56056
56058,9192.0,25571.0,56057
56059,9192.0,25768.0,56058
56060,9192.0,26193.0,56059
56061,9192.0,25631.0,56060
56062,9192.0,25580.0,56061
56063,9192.0,25605.0,56062
56064,9192.0,25881.0,56063
56065,9192.0,26181.0,56064
56066,9192.0,26122.0,56065
56067,9192.0,26848.0,56066
56068,9192.0,26745.0,56067
56069,9192.0,27147.0,56068
56070,9192.0,27212.0,56069
56071,9192.0,26968.0,56070
56072,9192.0,27770.0,56071
56073,9192.0,27743.0,56072
56074,9192.0,27768.0,56073
56075,9192.0,27790.0,56074
56076,9192.0,27620.0,56075
56077,9192.0,27620.0,56076
56078,9192.0,27575.0,56077
56079,9192.0,27959.0,56078
56080,9192.0,27970.0,56079
56081,9192.0,27924.0,56080
56082,9192.0,27885.0,56081
56083,9192.0,28518.0,56082
56084,9192.0,28446.0,56083
56085,9192.0,28327.0,56084
56086,9192.0,28040.0,56085
56087,9192.0,27984.0,56086
56088,9192.0,27181.0,56087
56089,9192.0,27328.0,56088
56090,9192.0,27248.0,56089
56091,9192.0,27775.0,56090
56092,9192.0,27769.0,56091
56093,9192.0,27769.0,56092
56094,9192.0,27876.0,56093
56095,9192.0,29152.0,56094
56096,9192.0,28991.0,56095
56097,9192.0,28719.0,56096
56098,9192.0,28700.0,56097
56099,9192.0,27321.0,56098
56100,9192.0,27413.0,56099
56101,9192.0,27320.0,56100
56102,9192.0,28641.0,56101
56103,9192.0,28603.0,56102
56104,9192.0,28611.0,56103
56105,9192.0,28602.0,56104
56106,9192.0,28750.0,56105
56107,9192.0,28728.0,56106
56108,9192.0,28899.0,56107
56109,9192.0,29390.0,56108
56110,9192.0,29816.0,56109
56111,9192.0,29944.0,56110
56112,9192.0,30047.0,56111
56113,9192.0,30053.0,56112
56114,9192.0,30140.0,56113
56115,9192.0,30881.0,56114
56116,9192.0,29655.0,56115
56117,9192.0,29637.0,56116
56118,9192.0,29677.0,56117
56119,9192.0,29988.0,56118
56120,9192.0,29158.0,56119
56121,9192.0,28873.0,56120
56122,9192.0,28932.0,56121
56123,9192.0,28394.0,56122
56124,9192.0,28575.0,56123
56125,9192.0,28870.0,56124
56126,9192.0,28790.0,56125
56127,9192.0,27631.0,56126
56128,9192.0,27553.0,56127
56129,9192.0,28235.0,56128
56130,9192.0,28171.0,56129
56131,9192.0,28171.0,56130
56132,9192.0,28659.0,56131
56133,9192.0,28438.0,56132
56134,9192.0,28715.0,56133
56135,9192.0,27674.0,56134
56136,9192.0,27808.0,56135
56137,9192.0,27808.0,56136
56138,9192.0,27450.0,56137
56139,9192.0,27459.0,56138
56140,9192.0,27406.0,56139
56141,9192.0,28188.0,56140
56142,9192.0,28188.0,56141
56143,9192.0,27980.0,56142
56144,9192.0,28660.0,56143
56145,9192.0,28660.0,56144
56146,9192.0,28567.0,56145
56147,9192.0,28560.0,56146
56148,9192.0,29632.0,56147
56149,9192.0,29671.0,56148
56150,9192.0,29469.0,56149
56151,9192.0,29229.0,56150
56152,9192.0,29059.0,56151
56153,9192.0,28843.0,56152
56154,9192.0,28417.0,56153
56155,9192.0,28796.0,56154
56156,9192.0,28786.0,56155
56157,9192.0,28652.0,56156
56158,9192.0,29388.0,56157
56159,9192.0,29313.0,56158
56160,9192.0,29060.0,56159
56161,9192.0,29213.0,56160
56162,9192.0,29070.0,56161
56163,9192.0,29343.0,56162
56164,9192.0,29322.0,56163
56165,9192.0,29080.0,56164
56166,9192.0,30020.0,56165
56167,9192.0,30043.0,56166
56168,9192.0,30077.0,56167
56169,9192.0,29753.0,56168
56170,9192.0,29279.0,56169
56171,9192.0,29354.0,56170
56172,9192.0,29500.0,56171
56173,9192.0,29244.0,56172
56174,9192.0,29015.0,56173
56175,9192.0,28944.0,56174
56176,9192.0,28944.0,56175
56177,9192.0,28727.0,56176
56178,9192.0,27343.0,56177
56179,9192.0,27817.0,56178
56180,9192.0,28097.0,56179
56181,9192.0,28123.0,56180
56182,9192.0,28274.0,56181
56183,9192.0,27696.0,56182
56184,9192.0,28287.0,56183
56185,9192.0,28414.0,56184
56186,9192.0,28503.0,56185
56187,9192.0,28517.0,56186
56188,9192.0,28904.0,56187
56189,9192.0,28839.0,56188
56190,9192.0,28814.0,56189
56191,9192.0,29025.0,56190
56192,9192.0,29116.0,56191
56193,9192.0,29037.0,56192
56194,9192.0,28926.0,56193
56195,9192.0,28902.0,56194
56196,9192.0,28768.0,56195
56197,9192.0,28540.0,56196
56198,9192.0,28540.0,56197
56199,9192.0,27447.0,56198
56200,9192.0,27263.0,56199
56201,9192.0,27033.0,56200
56202,9192.0,27101.0,56201
56203,9192.0,27110.0,56202
56204,9192.0,26955.0,56203
56205,9192.0,26805.0,56204
56206,9192.0,26798.0,56205
56207,9192.0,26759.0,56206
56208,9192.0,25726.0,56207
56209,9192.0,25907.0,56208
56210,9192.0,25790.0,56209
56211,9192.0,25813.0,56210
56212,9192.0,25813.0,56211
56213,9192.0,26413.0,56212
56214,9192.0,27855.0,56213
56215,9192.0,27529.0,56214
56216,9192.0,27799.0,56215
56217,9192.0,27845.0,56216
56218,9192.0,27836.0,56217
56219,9192.0,26750.0,56218
56220,9192.0,26619.0,56219
56221,9192.0,27525.0,56220
56222,9192.0,27667.0,56221
56223,9192.0,26450.0,56222
56224,9192.0,26561.0,56223
56225,9192.0,26344.0,56224
56226,9192.0,26455.0,56225
56227,9192.0,27074.0,56226
56228,9192.0,26147.0,56227
56229,9192.0,27309.0,56228
56230,9192.0,26852.0,56229
56231,9192.0,26895.0,56230
56232,9192.0,26529.0,56231
56233,9192.0,26510.0,56232
56234,9192.0,26090.0,56233
56235,9192.0,25886.0,56234
56236,9192.0,26762.0,56235
56237,9192.0,26836.0,56236
56238,9192.0,27483.0,56237
56239,9192.0,27378.0,56238
56240,9192.0,27887.0,56239
56241,9192.0,27887.0,56240
56242,9192.0,28192.0,56241
56243,9192.0,28192.0,56242
56244,9192.0,27444.0,56243
56245,9192.0,27422.0,56244
56246,9192.0,27483.0,56245
56247,9192.0,27852.0,56246
56248,9192.0,27963.0,56247
56249,9192.0,28057.0,56248
56250,9192.0,28105.0,56249
56251,9192.0,27780.0,56250
56252,9192.0,27248.0,56251
56253,9192.0,27113.0,56252
56254,9192.0,27113.0,56253
56255,9192.0,26227.0,56254
56256,9192.0,27463.0,56255
56257,9192.0,27666.0,56256
56258,9192.0,27252.0,56257
56259,9192.0,27390.0,56258
56260,9192.0,27486.0,56259
56261,9192.0,27348.0,56260
56262,9192.0,27371.0,56261
56263,9192.0,27967.0,56262
56264,9192.0,27936.0,56263
56265,9192.0,27956.0,56264
56266,9192.0,28398.0,56265
56267,9192.0,28346.0,56266
56268,9192.0,28363.0,56267
56269,9192.0,28078.0,56268
56270,9192.0,30228.0,56269
56271,9192.0,29842.0,56270
56272,9192.0,30647.0,56271
56273,9192.0,30553.0,56272
56274,9192.0,30897.0,56273
56275,9192.0,30849.0,56274
56276,9192.0,31228.0,56275
56277,9192.0,31273.0,56276
56278,9192.0,31366.0,56277
56279,9192.0,31330.0,56278
56280,9192.0,31483.0,56279
56281,9192.0,30064.0,56280
56282,9192.0,30642.0,56281
56283,9192.0,30148.0,56282
56284,9192.0,29831.0,56283
56285,9192.0,29931.0,56284
56286,9192.0,29931.0,56285
56287,9192.0,30170.0,56286
56288,9192.0,29829.0,56287
56289,9192.0,30163.0,56288
56290,9192.0,29913.0,56289
56291,9192.0,30852.0,56290
56292,9192.0,29293.0,56291
56293,9192.0,28996.0,56292
56294,9192.0,28752.0,56293
56295,9192.0,28752.0,56294
56296,9192.0,28433.0,56295
56297,9192.0,28433.0,56296
56298,9192.0,28128.0,56297
56299,9192.0,28530.0,56298
56300,9192.0,27770.0,56299
56301,9192.0,27850.0,56300
56302,9192.0,27839.0,56301
56303,9192.0,28107.0,56302
56304,9192.0,27814.0,56303
56305,9192.0,27999.0,56304
56306,9192.0,27999.0,56305
56307,9192.0,28094.0,56306
56308,9192.0,27712.0,56307
56309,9192.0,28074.0,56308
56310,9192.0,29233.0,56309
56311,9192.0,29800.0,56310
56312,9192.0,28805.0,56311
56313,9192.0,28897.0,56312
56314,9192.0,28787.0,56313
56315,9192.0,28684.0,56314
56316,9192.0,28453.0,56315
56317,9192.0,29645.0,56316
56318,9192.0,31314.0,56317
56319,9192.0,31312.0,56318
56320,9192.0,31148.0,56319
56321,9192.0,31157.0,56320
56322,9192.0,31182.0,56321
56323,9192.0,31296.0,56322
56324,9192.0,31278.0,56323
56325,9192.0,31303.0,56324
56326,9192.0,31303.0,56325
56327,9192.0,31336.0,56326
56328,9192.0,31214.0,56327
56329,9192.0,31132.0,56328
56330,9192.0,31132.0,56329
56331,9192.0,31143.0,56330
56332,9192.0,31153.0,56331
56333,9192.0,31123.0,56332
56334,9192.0,30520.0,56333
56335,9192.0,30385.0,56334
56336,9192.0,30400.0,56335
56337,9192.0,30418.0,56336
56338,9192.0,30804.0,56337
56339,9192.0,30165.0,56338
56340,9192.0,29229.0,56339
56341,9192.0,29677.0,56340
56342,9192.0,29670.0,56341
56343,9192.0,29705.0,56342
56344,9192.0,29974.0,56343
56345,9192.0,29863.0,56344
56346,9192.0,29877.0,56345
56347,9192.0,31080.0,56346
56348,9192.0,30468.0,56347
56349,9192.0,30558.0,56348
56350,9192.0,31333.0,56349
56351,9192.0,30282.0,56350
56352,9192.0,30281.0,56351
56353,9192.0,29955.0,56352
56354,9192.0,29882.0,56353
56355,9192.0,29979.0,56354
56356,9192.0,30036.0,56355
56357,9192.0,30120.0,56356
56358,9192.0,30513.0,56357
56359,9192.0,30503.0,56358
56360,9192.0,30705.0,56359
56361,9192.0,31469.0,56360
56362,9192.0,31469.0,56361
56363,9192.0,31655.0,56362
56364,9192.0,31286.0,56363
56365,9192.0,31186.0,56364
56366,9192.0,30867.0,56365
56367,9192.0,30970.0,56366
56368,9192.0,30895.0,56367
56369,9192.0,30323.0,56368
56370,9192.0,28943.0,56369
56371,9192.0,28580.0,56370
56372,9192.0,28544.0,56371
56373,9192.0,27214.0,56372
56374,9192.0,27143.0,56373
56375,9192.0,26641.0,56374
56376,9192.0,26842.0,56375
56377,9192.0,26842.0,56376
56378,9192.0,26871.0,56377
56379,9192.0,26805.0,56378
56380,9192.0,26546.0,56379
56381,9192.0,26546.0,56380
56382,9192.0,26502.0,56381
56383,9192.0,26408.0,56382
56384,9192.0,26724.0,56383
56385,9192.0,26560.0,56384
56386,9192.0,25782.0,56385
56387,9192.0,25782.0,56386
56388,9192.0,26279.0,56387
56389,9192.0,27010.0,56388
56390,9192.0,27217.0,56389
56391,9192.0,27286.0,56390
56392,9192.0,27353.0,56391
56393,9192.0,27223.0,56392
56394,9192.0,27883.0,56393
56395,9192.0,27187.0,56394
56396,9192.0,27042.0,56395
56397,9192.0,27438.0,56396
56398,9192.0,27439.0,56397
56399,9192.0,27310.0,56398
56400,9192.0,27310.0,56399
56401,9192.0,27310.0,56400
56402,9192.0,27851.0,56401
56403,9192.0,27826.0,56402
56404,9192.0,27813.0,56403
56405,9192.0,27671.0,56404
56406,9192.0,27771.0,56405
56407,9192.0,27655.0,56406
56408,9192.0,27464.0,56407
56409,9192.0,27974.0,56408
56410,9192.0,27403.0,56409
56411,9192.0,27309.0,56410
56412,9192.0,27550.0,56411
56413,9192.0,27628.0,56412
56414,9192.0,27645.0,56413
56415,9192.0,27843.0,56414
56416,9192.0,28962.0,56415
56417,9192.0,28873.0,56416
56418,9192.0,28692.0,56417
56419,9192.0,28650.0,56418
56420,9192.0,28733.0,56419
56421,9192.0,28733.0,56420
56422,9192.0,28733.0,56421
56423,9192.0,28385.0,56422
56424,9192.0,28032.0,56423
56425,9192.0,28877.0,56424
56426,9192.0,29357.0,56425
56427,9192.0,28959.0,56426
56428,9192.0,29175.0,56427
56429,9192.0,29135.0,56428
56430,9192.0,29092.0,56429
56431,9192.0,30222.0,56430
56432,9192.0,30241.0,56431
56433,9192.0,30655.0,56432
56434,9192.0,30556.0,56433
56435,9192.0,30038.0,56434
56436,9192.0,30039.0,56435
56437,9192.0,30039.0,56436
56438,9192.0,29243.0,56437
56439,9192.0,29271.0,56438
56440,9192.0,29639.0,56439
56441,9192.0,29787.0,56440
56442,9192.0,29458.0,56441
56443,9192.0,29537.0,56442
56444,9192.0,29537.0,56443
56445,9192.0,29411.0,56444
56446,9192.0,30246.0,56445
56447,9192.0,31222.0,56446
56448,9192.0,31313.0,56447
56449,9192.0,31280.0,56448
56450,9192.0,31364.0,56449
56451,9192.0,31607.0,56450
56452,9192.0,31586.0,56451
56453,9192.0,31751.0,56452
56454,9192.0,31711.0,56453
56455,9192.0,31772.0,56454
56456,9192.0,30733.0,56455
56457,9192.0,30670.0,56456
56458,9192.0,31253.0,56457
56459,9192.0,31396.0,56458
56460,9192.0,31258.0,56459
56461,9192.0,31584.0,56460
56462,9192.0,31520.0,56461
56463,9192.0,32407.0,56462
56464,9192.0,32563.0,56463
56465,9192.0,32603.0,56464
56466,9192.0,32481.0,56465
56467,9192.0,31896.0,56466
56468,9192.0,31565.0,56467
56469,9192.0,31337.0,56468
56470,9192.0,30649.0,56469
56471,9192.0,30504.0,56470
56472,9192.0,30504.0,56471
56473,9192.0,30003.0,56472
56474,9192.0,30003.0,56473
56475,9192.0,29720.0,56474
56476,9192.0,27859.0,56475
56477,9192.0,28082.0,56476
56478,9192.0,28167.0,56477
56479,9192.0,28167.0,56478
56480,9192.0,27795.0,56479
56481,9192.0,27829.0,56480
56482,9192.0,27935.0,56481
56483,9192.0,27935.0,56482
56484,9192.0,28174.0,56483
56485,9192.0,29181.0,56484
56486,9192.0,29090.0,56485
56487,9192.0,29120.0,56486
56488,9192.0,28819.0,56487
56489,9192.0,27856.0,56488
56490,9192.0,27667.0,56489
56491,9192.0,27747.0,56490
56492,9192.0,27833.0,56491
56493,9192.0,28601.0,56492
56494,9192.0,28562.0,56493
56495,9192.0,28596.0,56494
56496,9192.0,28717.0,56495
56497,9192.0,28715.0,56496
56498,9192.0,28520.0,56497
56499,9192.0,28520.0,56498
56500,9192.0,27780.0,56499
56501,9192.0,27780.0,56500
56502,9192.0,27820.0,56501
56503,9192.0,27820.0,56502
56504,9192.0,28209.0,56503
56505,9192.0,28147.0,56504
56506,9192.0,28247.0,56505
56507,9192.0,28098.0,56506
56508,9192.0,28809.0,56507
56509,9192.0,28631.0,56508
56510,9192.0,29083.0,56509
56511,9192.0,29149.0,56510
56512,9192.0,29149.0,56511
56513,9192.0,29205.0,56512
56514,9192.0,29205.0,56513
56515,9192.0,29205.0,56514
56516,9192.0,29386.0,56515
56517,9192.0,29413.0,56516
56518,9192.0,29505.0,56517
56519,9192.0,29505.0,56518
56520,9192.0,29517.0,56519
56521,9192.0,29700.0,56520
56522,9192.0,30026.0,56521
56523,9192.0,30043.0,56522
56524,9192.0,30097.0,56523
56525,9192.0,29717.0,56524
56526,9192.0,29976.0,56525
56527,9192.0,30189.0,56526
56528,9192.0,30297.0,56527
56529,9192.0,30455.0,56528
56530,9192.0,30185.0,56529
56531,9192.0,30384.0,56530
56532,9192.0,30345.0,56531
56533,9192.0,30524.0,56532
56534,9192.0,30166.0,56533
56535,9192.0,30360.0,56534
56536,9192.0,30283.0,56535
56537,9192.0,30274.0,56536
56538,9192.0,29612.0,56537
56539,9192.0,29473.0,56538
56540,9192.0,29282.0,56539
56541,9192.0,29637.0,56540
56542,9192.0,30583.0,56541
56543,9192.0,29851.0,56542
56544,9192.0,30077.0,56543
56545,9192.0,30080.0,56544
56546,9192.0,30109.0,56545
56547,9192.0,29399.0,56546
56548,9192.0,29593.0,56547
56549,9192.0,29484.0,56548
56550,9192.0,29525.0,56549
56551,9192.0,29604.0,56550
56552,9192.0,29528.0,56551
56553,9192.0,29599.0,56552
56554,9192.0,30071.0,56553
56555,9192.0,30083.0,56554
56556,9192.0,30190.0,56555
56557,9192.0,30365.0,56556
56558,9192.0,30295.0,56557
56559,9192.0,30502.0,56558
56560,9192.0,30648.0,56559
56561,9192.0,30558.0,56560
56562,9192.0,30574.0,56561
56563,9192.0,30540.0,56562
56564,9192.0,30485.0,56563
56565,9192.0,30610.0,56564
56566,9192.0,30176.0,56565
56567,9192.0,30137.0,56566
56568,9192.0,30258.0,56567
56569,9192.0,30865.0,56568
56570,9192.0,30863.0,56569
56571,9192.0,30577.0,56570
56572,9192.0,30912.0,56571
56573,9192.0,30850.0,56572
56574,9192.0,30134.0,56573
56575,9192.0,30439.0,56574
56576,9192.0,30439.0,56575
56577,9192.0,30740.0,56576
56578,9192.0,30413.0,56577
56579,9192.0,30371.0,56578
56580,9192.0,30279.0,56579
56581,9192.0,30163.0,56580
56582,9192.0,29007.0,56581
56583,9192.0,29181.0,56582
56584,9192.0,27876.0,56583
56585,9192.0,27705.0,56584
56586,9192.0,27705.0,56585
56587,9192.0,27786.0,56586
56588,9192.0,27742.0,56587
56589,9192.0,27656.0,56588
56590,9192.0,27402.0,56589
56591,9192.0,26239.0,56590
56592,9192.0,26015.0,56591
56593,9192.0,26015.0,56592
56594,9192.0,25558.0,56593
56595,9192.0,25536.0,56594
56596,9192.0,26086.0,56595
56597,9192.0,26258.0,56596
56598,9192.0,25731.0,56597
56599,9192.0,25766.0,56598
56600,9192.0,26028.0,56599
56601,9192.0,26122.0,56600
56602,9192.0,26210.0,56601
56603,9192.0,27398.0,56602
56604,9192.0,27465.0,56603
56605,9192.0,27466.0,56604
56606,9192.0,27466.0,56605
56607,9192.0,27423.0,56606
56608,9192.0,27122.0,56607
56609,9192.0,28557.0,56608
56610,9192.0,28458.0,56609
56611,9192.0,28259.0,56610
56612,9192.0,28259.0,56611
56613,9192.0,28152.0,56612
56614,9192.0,28137.0,56613
56615,9192.0,28155.0,56614
56616,9192.0,28234.0,56615
56617,9192.0,28234.0,56616
56618,9192.0,28233.0,56617
56619,9192.0,28233.0,56618
56620,9192.0,28874.0,56619
56621,9192.0,29398.0,56620
56622,9192.0,29845.0,56621
56623,9192.0,30528.0,56622
56624,9192.0,30824.0,56623
56625,9192.0,29479.0,56624
56626,9192.0,29479.0,56625
56627,9192.0,29311.0,56626
56628,9192.0,28996.0,56627
56629,9192.0,29469.0,56628
56630,9192.0,29796.0,56629
56631,9192.0,29765.0,56630
56632,9192.0,29714.0,56631
56633,9192.0,30033.0,56632
56634,9192.0,30313.0,56633
56635,9192.0,30133.0,56634
56636,9192.0,30195.0,56635
56637,9192.0,29907.0,56636
56638,9192.0,29954.0,56637
56639,9192.0,30482.0,56638
56640,9192.0,30420.0,56639
56641,9192.0,30105.0,56640
56642,9192.0,30942.0,56641
56643,9192.0,31895.0,56642
56644,9192.0,31910.0,56643
56645,9192.0,31528.0,56644
56646,9192.0,31539.0,56645
56647,9192.0,31487.0,56646
56648,9192.0,31470.0,56647
56649,9192.0,31708.0,56648
56650,9192.0,32352.0,56649
56651,9192.0,32066.0,56650
56652,9192.0,32281.0,56651
56653,9192.0,31935.0,56652
56654,9192.0,31471.0,56653
56655,9192.0,31474.0,56654
56656,9192.0,30936.0,56655
56657,9192.0,30406.0,56656
56658,9192.0,29955.0,56657
56659,9192.0,29971.0,56658
56660,9192.0,30926.0,56659
56661,9192.0,30612.0,56660
56662,9192.0,30612.0,56661
56663,9192.0,30878.0,56662
56664,9192.0,30859.0,56663
56665,9192.0,30507.0,56664
56666,9192.0,29712.0,56665
56667,9192.0,30268.0,56666
56668,9192.0,30681.0,56667
56669,9192.0,30640.0,56668
56670,9192.0,30461.0,56669
56671,9192.0,30749.0,56670
56672,9192.0,30779.0,56671
56673,9192.0,30770.0,56672
56674,9192.0,31132.0,56673
56675,9192.0,30947.0,56674
56676,9192.0,31086.0,56675
56677,9192.0,30612.0,56676
56678,9192.0,29556.0,56677
56679,9192.0,29487.0,56678
56680,9192.0,29469.0,56679
56681,9192.0,28347.0,56680
56682,9192.0,29382.0,56681
56683,9192.0,29570.0,56682
56684,9192.0,29570.0,56683
56685,9192.0,29673.0,56684
56686,9192.0,29681.0,56685
56687,9192.0,29681.0,56686
56688,9192.0,30180.0,56687
56689,9192.0,29932.0,56688
56690,9192.0,29373.0,56689
56691,9192.0,29373.0,56690
56692,9192.0,28218.0,56691
56693,9192.0,28218.0,56692
56694,9192.0,28109.0,56693
56695,9192.0,28118.0,56694
56696,9192.0,27336.0,56695
56697,9192.0,27452.0,56696
56698,9192.0,27206.0,56697
56699,9192.0,27206.0,56698
56700,9192.0,27448.0,56699
56701,9192.0,27631.0,56700
56702,9192.0,27910.0,56701
56703,9192.0,27205.0,56702
56704,9192.0,27222.0,56703
56705,9192.0,27469.0,56704
56706,9192.0,27924.0,56705
56707,9192.0,28278.0,56706
56708,9192.0,28901.0,56707
56709,9192.0,28013.0,56708
56710,9192.0,28398.0,56709
56711,9192.0,28874.0,56710
56712,9192.0,28874.0,56711
56713,9192.0,28874.0,56712
56714,9192.0,28859.0,56713
56715,9192.0,28980.0,56714
56716,9192.0,28980.0,56715
56717,9192.0,29041.0,56716
56718,9192.0,28665.0,56717
56719,9192.0,28665.0,56718
56720,9192.0,27944.0,56719
56721,9192.0,27906.0,56720
56722,9192.0,27935.0,56721
56723,9192.0,28189.0,56722
56724,9192.0,28580.0,56723
56725,9192.0,29137.0,56724
56726,9192.0,29118.0,56725
56727,9192.0,29000.0,56726
56728,9192.0,30142.0,56727
56729,9192.0,30199.0,56728
56730,9192.0,29842.0,56729
56731,9192.0,30068.0,56730
56732,9192.0,28797.0,56731
56733,9192.0,29378.0,56732
56734,9192.0,29290.0,56733
56735,9192.0,29290.0,56734
56736,9192.0,29337.0,56735
56737,9192.0,29337.0,56736
56738,9192.0,29431.0,56737
56739,9192.0,28879.0,56738
56740,9192.0,28928.0,56739
56741,9192.0,29518.0,56740
56742,9192.0,29603.0,56741
56743,9192.0,29367.0,56742
56744,9192.0,28377.0,56743
56745,9192.0,28854.0,56744
56746,9192.0,28279.0,56745
56747,9192.0,28266.0,56746
56748,9192.0,27136.0,56747
56749,9192.0,27061.0,56748
56750,9192.0,27090.0,56749
56751,9192.0,27098.0,56750
56752,9192.0,26653.0,56751
56753,9192.0,26653.0,56752
56754,9192.0,26371.0,56753
56755,9192.0,26217.0,56754
56756,9192.0,26360.0,56755
56757,9192.0,26276.0,56756
56758,9192.0,26121.0,56757
56759,9192.0,26028.0,56758
56760,9192.0,26028.0,56759
56761,9192.0,25036.0,56760
56762,9192.0,24600.0,56761
56763,9192.0,25209.0,56762
56764,9192.0,25096.0,56763
56765,9192.0,24944.0,56764
56766,9192.0,25445.0,56765
56767,9192.0,25440.0,56766
56768,9192.0,25440.0,56767
56769,9192.0,25479.0,56768
56770,9192.0,25578.0,56769
56771,9192.0,25895.0,56770
56772,9192.0,26202.0,56771
56773,9192.0,26137.0,56772
56774,9192.0,27311.0,56773
56775,9192.0,27101.0,56774
56776,9192.0,27133.0,56775
56777,9192.0,27288.0,56776
56778,9192.0,27187.0,56777
56779,9192.0,27520.0,56778
56780,9192.0,27238.0,56779
56781,9192.0,27307.0,56780
56782,9192.0,27762.0,56781
56783,9192.0,27762.0,56782
56784,9192.0,27888.0,56783
56785,9192.0,28118.0,56784
56786,9192.0,28047.0,56785
56787,9192.0,28026.0,56786
56788,9192.0,28021.0,56787
56789,9192.0,27737.0,56788
56790,9192.0,27038.0,56789
56791,9192.0,27095.0,56790
56792,9192.0,27195.0,56791
56793,9192.0,27595.0,56792
56794,9192.0,28330.0,56793
56795,9192.0,28372.0,56794
56796,9192.0,27921.0,56795
56797,9192.0,27951.0,56796
56798,9192.0,28268.0,56797
56799,9192.0,28536.0,56798
56800,9192.0,28294.0,56799
56801,9192.0,28286.0,56800
56802,9192.0,28001.0,56801
56803,9192.0,28058.0,56802
56804,9192.0,29457.0,56803
56805,9192.0,29593.0,56804
56806,9192.0,29593.0,56805
56807,9192.0,29640.0,56806
56808,9192.0,29587.0,56807
56809,9192.0,28939.0,56808
56810,9192.0,28650.0,56809
56811,9192.0,27722.0,56810
56812,9192.0,27062.0,56811
56813,9192.0,26186.0,56812
56814,9192.0,26627.0,56813
56815,9192.0,26468.0,56814
56816,9192.0,26322.0,56815
56817,9192.0,26165.0,56816
56818,9192.0,26322.0,56817
56819,9192.0,27164.0,56818
56820,9192.0,27705.0,56819
56821,9192.0,27718.0,56820
56822,9192.0,28649.0,56821
56823,9192.0,28650.0,56822
56824,9192.0,28792.0,56823
56825,9192.0,28901.0,56824
56826,9192.0,28901.0,56825
56827,9192.0,28212.0,56826
56828,9192.0,29085.0,56827
56829,9192.0,29545.0,56828
56830,9192.0,29630.0,56829
56831,9192.0,30137.0,56830
56832,9192.0,30137.0,56831
56833,9192.0,30208.0,56832
56834,9192.0,30246.0,56833
56835,9192.0,29762.0,56834
56836,9192.0,29823.0,56835
56837,9192.0,29772.0,56836
56838,9192.0,29823.0,56837
56839,9192.0,29621.0,56838
56840,9192.0,28700.0,56839
56841,9192.0,28818.0,56840
56842,9192.0,29128.0,56841
56843,9192.0,29011.0,56842
56844,9192.0,28065.0,56843
56845,9192.0,28006.0,56844
56846,9192.0,28328.0,56845
56847,9192.0,28000.0,56846
56848,9192.0,28301.0,56847
56849,9192.0,28782.0,56848
56850,9192.0,27978.0,56849
56851,9192.0,27961.0,56850
56852,9192.0,27961.0,56851
56853,9192.0,27864.0,56852
56854,9192.0,27864.0,56853
56855,9192.0,27641.0,56854
56856,9192.0,27252.0,56855
56857,9192.0,26025.0,56856
56858,9192.0,26328.0,56857
56859,9192.0,26040.0,56858
56860,9192.0,26658.0,56859
56861,9192.0,29635.0,56860
56862,9192.0,29558.0,56861
56863,9192.0,30443.0,56862
56864,9192.0,30441.0,56863
56865,9192.0,30413.0,56864
56866,9192.0,30848.0,56865
56867,9192.0,31005.0,56866
56868,9192.0,31006.0,56867
56869,9192.0,30985.0,56868
56870,9192.0,29679.0,56869
56871,9192.0,29300.0,56870
56872,9192.0,29775.0,56871
56873,9192.0,29582.0,56872
56874,9192.0,29582.0,56873
56875,9192.0,28124.0,56874
56876,9192.0,27665.0,56875
56877,9192.0,27554.0,56876
56878,9192.0,27554.0,56877
56879,9192.0,27604.0,56878
56880,9192.0,26712.0,56879
56881,9192.0,26833.0,56880
56882,9192.0,26783.0,56881
56883,9192.0,26930.0,56882
56884,9192.0,26299.0,56883
56885,9192.0,26314.0,56884
56886,9192.0,26504.0,56885
56887,9192.0,27207.0,56886
56888,9192.0,27411.0,56887
56889,9192.0,27542.0,56888
56890,9192.0,27329.0,56889
56891,9192.0,27470.0,56890
56892,9192.0,28393.0,56891
56893,9192.0,28189.0,56892
56894,9192.0,28095.0,56893
56895,9192.0,27897.0,56894
56896,9192.0,27925.0,56895
56897,9192.0,27977.0,56896
56898,9192.0,27977.0,56897
56899,9192.0,28862.0,56898
56900,9192.0,27968.0,56899
56901,9192.0,28586.0,56900
56902,9192.0,28799.0,56901
56903,9192.0,28835.0,56902
56904,9192.0,29292.0,56903
56905,9192.0,29244.0,56904
56906,9192.0,29168.0,56905
56907,9192.0,29519.0,56906
56908,9192.0,29762.0,56907
56909,9192.0,29597.0,56908
56910,9192.0,29739.0,56909
56911,9192.0,29357.0,56910
56912,9192.0,28983.0,56911
56913,9192.0,30443.0,56912
56914,9192.0,30548.0,56913
56915,9192.0,30217.0,56914
56916,9192.0,30581.0,56915
56917,9192.0,30609.0,56916
56918,9192.0,30656.0,56917
56919,9192.0,30960.0,56918
56920,9192.0,30527.0,56919
56921,9192.0,30170.0,56920
56922,9192.0,30208.0,56921
56923,9192.0,30189.0,56922
56924,9192.0,30052.0,56923
56925,9192.0,29875.0,56924
56926,9192.0,29816.0,56925
56927,9192.0,29737.0,56926
56928,9192.0,29735.0,56927
56929,9192.0,29809.0,56928
56930,9192.0,29781.0,56929
56931,9192.0,29759.0,56930
56932,9192.0,29597.0,56931
56933,9192.0,29597.0,56932
56934,9192.0,28828.0,56933
56935,9192.0,28775.0,56934
56936,9192.0,28811.0,56935
56937,9192.0,29104.0,56936
56938,9192.0,29701.0,56937
56939,9192.0,29789.0,56938
56940,9192.0,28401.0,56939
56941,9192.0,28163.0,56940
56942,9192.0,27962.0,56941
56943,9192.0,28115.0,56942
56944,9192.0,28097.0,56943
56945,9192.0,28192.0,56944
56946,9192.0,30359.0,56945
56947,9192.0,30709.0,56946
56948,9192.0,31020.0,56947
56949,9192.0,30285.0,56948
56950,9192.0,29481.0,56949
56951,9192.0,29868.0,56950
56952,9192.0,31060.0,56951
56953,9192.0,30594.0,56952
56954,9192.0,31125.0,56953
56955,9192.0,31260.0,56954
56956,9192.0,31436.0,56955
56957,9192.0,31602.0,56956
56958,9192.0,31316.0,56957
56959,9192.0,30393.0,56958
56960,9192.0,30192.0,56959
56961,9192.0,30976.0,56960
56962,9192.0,30946.0,56961
56963,9192.0,30152.0,56962
56964,9192.0,28643.0,56963
56965,9192.0,28863.0,56964
56966,9192.0,28953.0,56965
56967,9192.0,28972.0,56966
56968,9192.0,28981.0,56967
56969,9192.0,28910.0,56968
56970,9192.0,28290.0,56969
56971,9192.0,29045.0,56970
56972,9192.0,28778.0,56971
56973,9192.0,29188.0,56972
56974,9192.0,29286.0,56973
56975,9192.0,28980.0,56974
56976,9192.0,28505.0,56975
56977,9192.0,28552.0,56976
56978,9192.0,28317.0,56977
56979,9192.0,27621.0,56978
56980,9192.0,27621.0,56979
56981,9192.0,27672.0,56980
56982,9192.0,27379.0,56981
56983,9192.0,28050.0,56982
56984,9192.0,28050.0,56983
56985,9192.0,27299.0,56984
56986,9192.0,27389.0,56985
56987,9192.0,27597.0,56986
56988,9192.0,27742.0,56987
56989,9192.0,27742.0,56988
56990,9192.0,28256.0,56989
56991,9192.0,28798.0,56990
56992,9192.0,28981.0,56991
56993,9192.0,29357.0,56992
56994,9192.0,29313.0,56993
56995,9192.0,29222.0,56994
56996,9192.0,29189.0,56995
56997,9192.0,29061.0,56996
56998,9192.0,28557.0,56997
56999,9192.0,28566.0,56998
57000,9192.0,28558.0,56999
57001,9192.0,27907.0,57000
57002,9192.0,27885.0,57001
57003,9192.0,28123.0,57002
57004,9192.0,28078.0,57003
57005,9192.0,28278.0,57004
57006,9192.0,28278.0,57005
57007,9192.0,28795.0,57006
57008,9192.0,29087.0,57007
57009,9192.0,28936.0,57008
57010,9192.0,29009.0,57009
57011,9192.0,28939.0,57010
57012,9192.0,29011.0,57011
57013,9192.0,29024.0,57012
57014,9192.0,29060.0,57013
57015,9192.0,29135.0,57014
57016,9192.0,29433.0,57015
57017,9192.0,29246.0,57016
57018,9192.0,29118.0,57017
57019,9192.0,29340.0,57018
57020,9192.0,29286.0,57019
57021,9192.0,29286.0,57020
57022,9192.0,29089.0,57021
57023,9192.0,29108.0,57022
57024,9192.0,29648.0,57023
57025,9192.0,29421.0,57024
57026,9192.0,29404.0,57025
57027,9192.0,29811.0,57026
57028,9192.0,29666.0,57027
57029,9192.0,29579.0,57028
57030,9192.0,29666.0,57029
57031,9192.0,29855.0,57030
57032,9192.0,30219.0,57031
57033,9192.0,30150.0,57032
57034,9192.0,29132.0,57033
57035,9192.0,29341.0,57034
57036,9192.0,29549.0,57035
57037,9192.0,29759.0,57036
57038,9192.0,30535.0,57037
57039,9192.0,30204.0,57038
57040,9192.0,30324.0,57039
57041,9192.0,30524.0,57040
57042,9192.0,30215.0,57041
57043,9192.0,29853.0,57042
57044,9192.0,29880.0,57043
57045,9192.0,29579.0,57044
57046,9192.0,29585.0,57045
57047,9192.0,29585.0,57046
57048,9192.0,29443.0,57047
57049,9192.0,29443.0,57048
57050,9192.0,29308.0,57049
57051,9192.0,29638.0,57050
57052,9192.0,28796.0,57051
57053,9192.0,28824.0,57052
57054,9192.0,28600.0,57053
57055,9192.0,28698.0,57054
57056,9192.0,30327.0,57055
57057,9192.0,29955.0,57056
57058,9192.0,30092.0,57057
57059,9192.0,29520.0,57058
57060,9192.0,29431.0,57059
57061,9192.0,29431.0,57060
57062,9192.0,29532.0,57061
57063,9192.0,29437.0,57062
57064,9192.0,29702.0,57063
57065,9192.0,29702.0,57064
57066,9192.0,29747.0,57065
57067,9192.0,31138.0,57066
57068,9192.0,30897.0,57067
57069,9192.0,30240.0,57068
57070,9192.0,30882.0,57069
57071,9192.0,30957.0,57070
57072,9192.0,30865.0,57071
57073,9192.0,30816.0,57072
57074,9192.0,31082.0,57073
57075,9192.0,31206.0,57074
57076,9192.0,30910.0,57075
57077,9192.0,30821.0,57076
57078,9192.0,30077.0,57077
57079,9192.0,29857.0,57078
57080,9192.0,29622.0,57079
57081,9192.0,29650.0,57080
57082,9192.0,29334.0,57081
57083,9192.0,29443.0,57082
57084,9192.0,30104.0,57083
57085,9192.0,29846.0,57084
57086,9192.0,29784.0,57085
57087,9192.0,29453.0,57086
57088,9192.0,29706.0,57087
57089,9192.0,29844.0,57088
57090,9192.0,30119.0,57089
57091,9192.0,29942.0,57090
57092,9192.0,29942.0,57091
57093,9192.0,29927.0,57092
57094,9192.0,29864.0,57093
57095,9192.0,29676.0,57094
57096,9192.0,29655.0,57095
57097,9192.0,29700.0,57096
57098,9192.0,29706.0,57097
57099,9192.0,29587.0,57098
57100,9192.0,29752.0,57099
57101,9192.0,29153.0,57100
57102,9192.0,29153.0,57101
57103,9192.0,28964.0,57102
57104,9192.0,29225.0,57103
57105,9192.0,29089.0,57104
57106,9192.0,29223.0,57105
57107,9192.0,29690.0,57106
57108,9192.0,29364.0,57107
57109,9192.0,29330.0,57108
57110,9192.0,29613.0,57109
57111,9192.0,29812.0,57110
57112,9192.0,28390.0,57111
57113,9192.0,28423.0,57112
57114,9192.0,28428.0,57113
57115,9192.0,28564.0,57114
57116,9192.0,29526.0,57115
57117,9192.0,29712.0,57116
57118,9192.0,28798.0,57117
57119,9192.0,28798.0,57118
57120,9192.0,28533.0,57119
57121,9192.0,29178.0,57120
57122,9192.0,29702.0,57121
57123,9192.0,29364.0,57122
57124,9192.0,29543.0,57123
57125,9192.0,29271.0,57124
57126,9192.0,29240.0,57125
57127,9192.0,28949.0,57126
57128,9192.0,29304.0,57127
57129,9192.0,28235.0,57128
57130,9192.0,28152.0,57129
57131,9192.0,28146.0,57130
57132,9192.0,27806.0,57131
57133,9192.0,27678.0,57132
57134,9192.0,26897.0,57133
57135,9192.0,26978.0,57134
57136,9192.0,27743.0,57135
57137,9192.0,27764.0,57136
57138,9192.0,27764.0,57137
57139,9192.0,27960.0,57138
57140,9192.0,27782.0,57139
57141,9192.0,27528.0,57140
57142,9192.0,27595.0,57141
57143,9192.0,27603.0,57142
57144,9192.0,27482.0,57143
57145,9192.0,26940.0,57144
57146,9192.0,27672.0,57145
57147,9192.0,27875.0,57146
57148,9192.0,28714.0,57147
57149,9192.0,29182.0,57148
57150,9192.0,29316.0,57149
57151,9192.0,28668.0,57150
57152,9192.0,29484.0,57151
57153,9192.0,29687.0,57152
57154,9192.0,29830.0,57153
57155,9192.0,30477.0,57154
57156,9192.0,30398.0,57155
57157,9192.0,30364.0,57156
57158,9192.0,30084.0,57157
57159,9192.0,29908.0,57158
57160,9192.0,30189.0,57159
57161,9192.0,30228.0,57160
57162,9192.0,30291.0,57161
57163,9192.0,30311.0,57162
57164,9192.0,30627.0,57163
57165,9192.0,30646.0,57164
57166,9192.0,29759.0,57165
57167,9192.0,30216.0,57166
57168,9192.0,30197.0,57167
57169,9192.0,30043.0,57168
57170,9192.0,29956.0,57169
57171,9192.0,30000.0,57170
57172,9192.0,30624.0,57171
57173,9192.0,30888.0,57172
57174,9192.0,29272.0,57173
57175,9192.0,29276.0,57174
57176,9192.0,28933.0,57175
57177,9192.0,28883.0,57176
57178,9192.0,28968.0,57177
57179,9192.0,28588.0,57178
57180,9192.0,28305.0,57179
57181,9192.0,28243.0,57180
57182,9192.0,28243.0,57181
57183,9192.0,28143.0,57182
57184,9192.0,28143.0,57183
57185,9192.0,28215.0,57184
57186,9192.0,28638.0,57185
57187,9192.0,29081.0,57186
57188,9192.0,29527.0,57187
57189,9192.0,29560.0,57188
57190,9192.0,30208.0,57189
57191,9192.0,30088.0,57190
57192,9192.0,30088.0,57191
57193,9192.0,29958.0,57192
57194,9192.0,30624.0,57193
57195,9192.0,30216.0,57194
57196,9192.0,30191.0,57195
57197,9192.0,30233.0,57196
57198,9192.0,30243.0,57197
57199,9192.0,30309.0,57198
57200,9192.0,30072.0,57199
57201,9192.0,29893.0,57200
57202,9192.0,29773.0,57201
57203,9192.0,30367.0,57202
57204,9192.0,30353.0,57203
57205,9192.0,30416.0,57204
57206,9192.0,30865.0,57205
57207,9192.0,31125.0,57206
57208,9192.0,31151.0,57207
57209,9192.0,31255.0,57208
57210,9192.0,30976.0,57209
57211,9192.0,31372.0,57210
57212,9192.0,30951.0,57211
57213,9192.0,31004.0,57212
57214,9192.0,29862.0,57213
57215,9192.0,29729.0,57214
57216,9192.0,29383.0,57215
57217,9192.0,29275.0,57216
57218,9192.0,29522.0,57217
57219,9192.0,29553.0,57218
57220,9192.0,29174.0,57219
57221,9192.0,29269.0,57220
57222,9192.0,28877.0,57221
57223,9192.0,28231.0,57222
57224,9192.0,28223.0,57223
57225,9192.0,28290.0,57224
57226,9192.0,27678.0,57225
57227,9192.0,27653.0,57226
57228,9192.0,27475.0,57227
57229,9192.0,27396.0,57228
57230,9192.0,27667.0,57229
57231,9192.0,27423.0,57230
57232,9192.0,27736.0,57231
57233,9192.0,27718.0,57232
57234,9192.0,29715.0,57233
57235,9192.0,29714.0,57234
57236,9192.0,29722.0,57235
57237,9192.0,29825.0,57236
57238,9192.0,29259.0,57237
57239,9192.0,29266.0,57238
57240,9192.0,28693.0,57239
57241,9192.0,29202.0,57240
57242,9192.0,29803.0,57241
57243,9192.0,29660.0,57242
57244,9192.0,29426.0,57243
57245,9192.0,29188.0,57244
57246,9192.0,29202.0,57245
57247,9192.0,28250.0,57246
57248,9192.0,27959.0,57247
57249,9192.0,27959.0,57248
57250,9192.0,27868.0,57249
57251,9192.0,27868.0,57250
57252,9192.0,28000.0,57251
57253,9192.0,28000.0,57252
57254,9192.0,28000.0,57253
57255,9192.0,28411.0,57254
57256,9192.0,28411.0,57255
57257,9192.0,28139.0,57256
57258,9192.0,28096.0,57257
57259,9192.0,28390.0,57258
57260,9192.0,28267.0,57259
57261,9192.0,28301.0,57260
57262,9192.0,29209.0,57261
57263,9192.0,29129.0,57262
57264,9192.0,29432.0,57263
57265,9192.0,29364.0,57264
57266,9192.0,29314.0,57265
57267,9192.0,29224.0,57266
57268,9192.0,28863.0,57267
57269,9192.0,28863.0,57268
57270,9192.0,28046.0,57269
57271,9192.0,28046.0,57270
57272,9192.0,28407.0,57271
57273,9192.0,28407.0,57272
57274,9192.0,28982.0,57273
57275,9192.0,28571.0,57274
57276,9192.0,28771.0,57275
57277,9192.0,28792.0,57276
57278,9192.0,29031.0,57277
57279,9192.0,29078.0,57278
57280,9192.0,28958.0,57279
57281,9192.0,29099.0,57280
57282,9192.0,29640.0,57281
57283,9192.0,30364.0,57282
57284,9192.0,30812.0,57283
57285,9192.0,30678.0,57284
57286,9192.0,32197.0,57285
57287,9192.0,31875.0,57286
57288,9192.0,31927.0,57287
57289,9192.0,31905.0,57288
57290,9192.0,31706.0,57289
57291,9192.0,31088.0,57290
57292,9192.0,30575.0,57291
57293,9192.0,30372.0,57292
57294,9192.0,30359.0,57293
57295,9192.0,30359.0,57294
57296,9192.0,30401.0,57295
57297,9192.0,30401.0,57296
57298,9192.0,30401.0,57297
57299,9192.0,30507.0,57298
57300,9192.0,29426.0,57299
57301,9192.0,29912.0,57300
57302,9192.0,30080.0,57301
57303,9192.0,30125.0,57302
57304,9192.0,30510.0,57303
57305,9192.0,30827.0,57304
57306,9192.0,30546.0,57305
57307,9192.0,29800.0,57306
57308,9192.0,30315.0,57307
57309,9192.0,30622.0,57308
57310,9192.0,30466.0,57309
57311,9192.0,30509.0,57310
57312,9192.0,30658.0,57311
57313,9192.0,31020.0,57312
57314,9192.0,31013.0,57313
57315,9192.0,30394.0,57314
57316,9192.0,30771.0,57315
57317,9192.0,30310.0,57316
57318,9192.0,30318.0,57317
57319,9192.0,30512.0,57318
57320,9192.0,30262.0,57319
57321,9192.0,30715.0,57320
57322,9192.0,30145.0,57321
57323,9192.0,29402.0,57322
57324,9192.0,29313.0,57323
57325,9192.0,28974.0,57324
57326,9192.0,29152.0,57325
57327,9192.0,29039.0,57326
57328,9192.0,29160.0,57327
57329,9192.0,29058.0,57328
57330,9192.0,28776.0,57329
57331,9192.0,28790.0,57330
57332,9192.0,28737.0,57331
57333,9192.0,28789.0,57332
57334,9192.0,28990.0,57333
57335,9192.0,28543.0,57334
57336,9192.0,29307.0,57335
57337,9192.0,29397.0,57336
57338,9192.0,29411.0,57337
57339,9192.0,29161.0,57338
57340,9192.0,29411.0,57339
57341,9192.0,28722.0,57340
57342,9192.0,28410.0,57341
57343,9192.0,28519.0,57342
57344,9192.0,28684.0,57343
57345,9192.0,27805.0,57344
57346,9192.0,27805.0,57345
57347,9192.0,27843.0,57346
57348,9192.0,27969.0,57347
57349,9192.0,28076.0,57348
57350,9192.0,28323.0,57349
57351,9192.0,28082.0,57350
57352,9192.0,29016.0,57351
57353,9192.0,29016.0,57352
57354,9192.0,29016.0,57353
57355,9192.0,29262.0,57354
57356,9192.0,29186.0,57355
57357,9192.0,29221.0,57356
57358,9192.0,29082.0,57357
57359,9192.0,29768.0,57358
57360,9192.0,29742.0,57359
57361,9192.0,28607.0,57360
57362,9192.0,28214.0,57361
57363,9192.0,27406.0,57362
57364,9192.0,27384.0,57363
57365,9192.0,26670.0,57364
57366,9192.0,26670.0,57365
57367,9192.0,26937.0,57366
57368,9192.0,26760.0,57367
57369,9192.0,26867.0,57368
57370,9192.0,26997.0,57369
57371,9192.0,27146.0,57370
57372,9192.0,27123.0,57371
57373,9192.0,27119.0,57372
57374,9192.0,27449.0,57373
57375,9192.0,27589.0,57374
57376,9192.0,28301.0,57375
57377,9192.0,28156.0,57376
57378,9192.0,28420.0,57377
57379,9192.0,28181.0,57378
57380,9192.0,27760.0,57379
57381,9192.0,28137.0,57380
57382,9192.0,28134.0,57381
57383,9192.0,28108.0,57382
57384,9192.0,26813.0,57383
57385,9192.0,27335.0,57384
57386,9192.0,26545.0,57385
57387,9192.0,26501.0,57386
57388,9192.0,26730.0,57387
57389,9192.0,26738.0,57388
57390,9192.0,26379.0,57389
57391,9192.0,26025.0,57390
57392,9192.0,26025.0,57391
57393,9192.0,26598.0,57392
57394,9192.0,28210.0,57393
57395,9192.0,28195.0,57394
57396,9192.0,28396.0,57395
57397,9192.0,29023.0,57396
57398,9192.0,28608.0,57397
57399,9192.0,28819.0,57398
57400,9192.0,28916.0,57399
57401,9192.0,29457.0,57400
57402,9192.0,29545.0,57401
57403,9192.0,30011.0,57402
57404,9192.0,30004.0,57403
57405,9192.0,30050.0,57404
57406,9192.0,29969.0,57405
57407,9192.0,29706.0,57406
57408,9192.0,30206.0,57407
57409,9192.0,29806.0,57408
57410,9192.0,28831.0,57409
57411,9192.0,28843.0,57410
57412,9192.0,28902.0,57411
57413,9192.0,28241.0,57412
57414,9192.0,28451.0,57413
57415,9192.0,28214.0,57414
57416,9192.0,28671.0,57415
57417,9192.0,28390.0,57416
57418,9192.0,28288.0,57417
57419,9192.0,28484.0,57418
57420,9192.0,28526.0,57419
57421,9192.0,28463.0,57420
57422,9192.0,28453.0,57421
57423,9192.0,28624.0,57422
57424,9192.0,28221.0,57423
57425,9192.0,28600.0,57424
57426,9192.0,28495.0,57425
57427,9192.0,28311.0,57426
57428,9192.0,28760.0,57427
57429,9192.0,28281.0,57428
57430,9192.0,26838.0,57429
57431,9192.0,27571.0,57430
57432,9192.0,27963.0,57431
57433,9192.0,27809.0,57432
57434,9192.0,27819.0,57433
57435,9192.0,27701.0,57434
57436,9192.0,27517.0,57435
57437,9192.0,27237.0,57436
57438,9192.0,27634.0,57437
57439,9192.0,27592.0,57438
57440,9192.0,27376.0,57439
57441,9192.0,27247.0,57440
57442,9192.0,27163.0,57441
57443,9192.0,27830.0,57442
57444,9192.0,28154.0,57443
57445,9192.0,28101.0,57444
57446,9192.0,27604.0,57445
57447,9192.0,27604.0,57446
57448,9192.0,27759.0,57447
57449,9192.0,27668.0,57448
57450,9192.0,27735.0,57449
57451,9192.0,27735.0,57450
57452,9192.0,27436.0,57451
57453,9192.0,28498.0,57452
57454,9192.0,28506.0,57453
57455,9192.0,28346.0,57454
57456,9192.0,28608.0,57455
57457,9192.0,28855.0,57456
57458,9192.0,28881.0,57457
57459,9192.0,28881.0,57458
57460,9192.0,28917.0,57459
57461,9192.0,28442.0,57460
57462,9192.0,28295.0,57461
57463,9192.0,27895.0,57462
57464,9192.0,26835.0,57463
57465,9192.0,26837.0,57464
57466,9192.0,26855.0,57465
57467,9192.0,26906.0,57466
57468,9192.0,26905.0,57467
57469,9192.0,26913.0,57468
57470,9192.0,27154.0,57469
57471,9192.0,26505.0,57470
57472,9192.0,26158.0,57471
57473,9192.0,26137.0,57472
57474,9192.0,26064.0,57473
57475,9192.0,26340.0,57474
57476,9192.0,26897.0,57475
57477,9192.0,27097.0,57476
57478,9192.0,27502.0,57477
57479,9192.0,27852.0,57478
57480,9192.0,27464.0,57479
57481,9192.0,27464.0,57480
57482,9192.0,27399.0,57481
57483,9192.0,26901.0,57482
57484,9192.0,27027.0,57483
57485,9192.0,27463.0,57484
57486,9192.0,27154.0,57485
57487,9192.0,27145.0,57486
57488,9192.0,27474.0,57487
57489,9192.0,27288.0,57488
57490,9192.0,27251.0,57489
57491,9192.0,26188.0,57490
57492,9192.0,27412.0,57491
57493,9192.0,27450.0,57492
57494,9192.0,27697.0,57493
57495,9192.0,28045.0,57494
57496,9192.0,28088.0,57495
57497,9192.0,28825.0,57496
57498,9192.0,28935.0,57497
57499,9192.0,28751.0,57498
57500,9192.0,29231.0,57499
57501,9192.0,29037.0,57500
57502,9192.0,28943.0,57501
57503,9192.0,29648.0,57502
57504,9192.0,29630.0,57503
57505,9192.0,29196.0,57504
57506,9192.0,28921.0,57505
57507,9192.0,27800.0,57506
57508,9192.0,28333.0,57507
57509,9192.0,28333.0,57508
57510,9192.0,27986.0,57509
57511,9192.0,29295.0,57510
57512,9192.0,28395.0,57511
57513,9192.0,28588.0,57512
57514,9192.0,28125.0,57513
57515,9192.0,28125.0,57514
57516,9192.0,27616.0,57515
57517,9192.0,27662.0,57516
57518,9192.0,27167.0,57517
57519,9192.0,27144.0,57518
57520,9192.0,27502.0,57519
57521,9192.0,27676.0,57520
57522,9192.0,27185.0,57521
57523,9192.0,25968.0,57522
57524,9192.0,26224.0,57523
57525,9192.0,25942.0,57524
57526,9192.0,26573.0,57525
57527,9192.0,26839.0,57526
57528,9192.0,26681.0,57527
57529,9192.0,26681.0,57528
57530,9192.0,26681.0,57529
57531,9192.0,26513.0,57530
57532,9192.0,26564.0,57531
57533,9192.0,26379.0,57532
57534,9192.0,26582.0,57533
57535,9192.0,25997.0,57534
57536,9192.0,26139.0,57535
57537,9192.0,25749.0,57536
57538,9192.0,26494.0,57537
57539,9192.0,26494.0,57538
57540,9192.0,26619.0,57539
57541,9192.0,26760.0,57540
57542,9192.0,26605.0,57541
57543,9192.0,27998.0,57542
57544,9192.0,28176.0,57543
57545,9192.0,27575.0,57544
57546,9192.0,27571.0,57545
57547,9192.0,27571.0,57546
57548,9192.0,27421.0,57547
57549,9192.0,27590.0,57548
57550,9192.0,27781.0,57549
57551,9192.0,27400.0,57550
57552,9192.0,26755.0,57551
57553,9192.0,26821.0,57552
57554,9192.0,26083.0,57553
57555,9192.0,26509.0,57554
57556,9192.0,26479.0,57555
57557,9192.0,26330.0,57556
57558,9192.0,26058.0,57557
57559,9192.0,26688.0,57558
57560,9192.0,26415.0,57559
57561,9192.0,26415.0,57560
57562,9192.0,26260.0,57561
57563,9192.0,25321.0,57562
57564,9192.0,25520.0,57563
57565,9192.0,25580.0,57564
57566,9192.0,25263.0,57565
57567,9192.0,25270.0,57566
57568,9192.0,24941.0,57567
57569,9192.0,24879.0,57568
57570,9192.0,25127.0,57569
57571,9192.0,25494.0,57570
57572,9192.0,26398.0,57571
57573,9192.0,26533.0,57572
57574,9192.0,27209.0,57573
57575,9192.0,27212.0,57574
57576,9192.0,27462.0,57575
57577,9192.0,28830.0,57576
57578,9192.0,28853.0,57577
57579,9192.0,29615.0,57578
57580,9192.0,29511.0,57579
57581,9192.0,29688.0,57580
57582,9192.0,29692.0,57581
57583,9192.0,30506.0,57582
57584,9192.0,30395.0,57583
57585,9192.0,30146.0,57584
57586,9192.0,30239.0,57585
57587,9192.0,30280.0,57586
57588,9192.0,30243.0,57587
57589,9192.0,31448.0,57588
57590,9192.0,31131.0,57589
57591,9192.0,31229.0,57590
57592,9192.0,31289.0,57591
57593,9192.0,31663.0,57592
57594,9192.0,31947.0,57593
57595,9192.0,31375.0,57594
57596,9192.0,31291.0,57595
57597,9192.0,31832.0,57596
57598,9192.0,31512.0,57597
57599,9192.0,31956.0,57598
57600,9192.0,31406.0,57599
57601,9192.0,31432.0,57600
57602,9192.0,31473.0,57601
57603,9192.0,30498.0,57602
57604,9192.0,29880.0,57603
57605,9192.0,30408.0,57604
57606,9192.0,29914.0,57605
57607,9192.0,30352.0,57606
57608,9192.0,29792.0,57607
57609,9192.0,29939.0,57608
57610,9192.0,30470.0,57609
57611,9192.0,30303.0,57610
57612,9192.0,30598.0,57611
57613,9192.0,30826.0,57612
57614,9192.0,30871.0,57613
57615,9192.0,30614.0,57614
57616,9192.0,29817.0,57615
57617,9192.0,30114.0,57616
57618,9192.0,30017.0,57617
57619,9192.0,29933.0,57618
57620,9192.0,30183.0,57619
57621,9192.0,31085.0,57620
57622,9192.0,30995.0,57621
57623,9192.0,31841.0,57622
57624,9192.0,31410.0,57623
57625,9192.0,30792.0,57624
57626,9192.0,30793.0,57625
57627,9192.0,30812.0,57626
57628,9192.0,29807.0,57627
57629,9192.0,29134.0,57628
57630,9192.0,28699.0,57629
57631,9192.0,28670.0,57630
57632,9192.0,28666.0,57631
57633,9192.0,28762.0,57632
57634,9192.0,29332.0,57633
57635,9192.0,29415.0,57634
57636,9192.0,29307.0,57635
57637,9192.0,30002.0,57636
57638,9192.0,30239.0,57637
57639,9192.0,30313.0,57638
57640,9192.0,30729.0,57639
57641,9192.0,30511.0,57640
57642,9192.0,31246.0,57641
57643,9192.0,31423.0,57642
57644,9192.0,32175.0,57643
57645,9192.0,31877.0,57644
57646,9192.0,31291.0,57645
57647,9192.0,31485.0,57646
57648,9192.0,30716.0,57647
57649,9192.0,30499.0,57648
57650,9192.0,29994.0,57649
57651,9192.0,30084.0,57650
57652,9192.0,30084.0,57651
57653,9192.0,30429.0,57652
57654,9192.0,30627.0,57653
57655,9192.0,30884.0,57654
57656,9192.0,31616.0,57655
57657,9192.0,31277.0,57656
57658,9192.0,31258.0,57657
57659,9192.0,31405.0,57658
57660,9192.0,31066.0,57659
57661,9192.0,30967.0,57660
57662,9192.0,30941.0,57661
57663,9192.0,30708.0,57662
57664,9192.0,30404.0,57663
57665,9192.0,30366.0,57664
57666,9192.0,30490.0,57665
57667,9192.0,31157.0,57666
57668,9192.0,30830.0,57667
57669,9192.0,30807.0,57668
57670,9192.0,31502.0,57669
57671,9192.0,31544.0,57670
57672,9192.0,31744.0,57671
57673,9192.0,31663.0,57672
57674,9192.0,31282.0,57673
57675,9192.0,31655.0,57674
57676,9192.0,31924.0,57675
57677,9192.0,31785.0,57676
57678,9192.0,31978.0,57677
57679,9192.0,32215.0,57678
57680,9192.0,32236.0,57679
57681,9192.0,32672.0,57680
57682,9192.0,33065.0,57681
57683,9192.0,33013.0,57682
57684,9192.0,33140.0,57683
57685,9192.0,32638.0,57684
57686,9192.0,32455.0,57685
57687,9192.0,31526.0,57686
57688,9192.0,30942.0,57687
57689,9192.0,30539.0,57688
57690,9192.0,30543.0,57689
57691,9192.0,30596.0,57690
57692,9192.0,29890.0,57691
57693,9192.0,29484.0,57692
57694,9192.0,29519.0,57693
57695,9192.0,29956.0,57694
57696,9192.0,30313.0,57695
57697,9192.0,30509.0,57696
57698,9192.0,30110.0,57697
57699,9192.0,29640.0,57698
57700,9192.0,29764.0,57699
57701,9192.0,29734.0,57700
57702,9192.0,28248.0,57701
57703,9192.0,28248.0,57702
57704,9192.0,28355.0,57703
57705,9192.0,28356.0,57704
57706,9192.0,28195.0,57705
57707,9192.0,28063.0,57706
57708,9192.0,28019.0,57707
57709,9192.0,27956.0,57708
57710,9192.0,28356.0,57709
57711,9192.0,28356.0,57710
57712,9192.0,28939.0,57711
57713,9192.0,28978.0,57712
57714,9192.0,29316.0,57713
57715,9192.0,29034.0,57714
57716,9192.0,30361.0,57715
57717,9192.0,30359.0,57716
57718,9192.0,30135.0,57717
57719,9192.0,30249.0,57718
57720,9192.0,30259.0,57719
57721,9192.0,30117.0,57720
57722,9192.0,30470.0,57721
57723,9192.0,30624.0,57722
57724,9192.0,30565.0,57723
57725,9192.0,30522.0,57724
57726,9192.0,30498.0,57725
57727,9192.0,30720.0,57726
57728,9192.0,30410.0,57727
57729,9192.0,30157.0,57728
57730,9192.0,29579.0,57729
57731,9192.0,29679.0,57730
57732,9192.0,29909.0,57731
57733,9192.0,29852.0,57732
57734,9192.0,29662.0,57733
57735,9192.0,28991.0,57734
57736,9192.0,29301.0,57735
57737,9192.0,29706.0,57736
57738,9192.0,29706.0,57737
57739,9192.0,29792.0,57738
57740,9192.0,30064.0,57739
57741,9192.0,29710.0,57740
57742,9192.0,29541.0,57741
57743,9192.0,28267.0,57742
57744,9192.0,28351.0,57743
57745,9192.0,28170.0,57744
57746,9192.0,28538.0,57745
57747,9192.0,28782.0,57746
57748,9192.0,28886.0,57747
57749,9192.0,29053.0,57748
57750,9192.0,29065.0,57749
57751,9192.0,29412.0,57750
57752,9192.0,29326.0,57751
57753,9192.0,29431.0,57752
57754,9192.0,29712.0,57753
57755,9192.0,29013.0,57754
57756,9192.0,28646.0,57755
57757,9192.0,28601.0,57756
57758,9192.0,28945.0,57757
57759,9192.0,29258.0,57758
57760,9192.0,29062.0,57759
57761,9192.0,28832.0,57760
57762,9192.0,29261.0,57761
57763,9192.0,28997.0,57762
57764,9192.0,28947.0,57763
57765,9192.0,28764.0,57764
57766,9192.0,28304.0,57765
57767,9192.0,28241.0,57766
57768,9192.0,28792.0,57767
57769,9192.0,28363.0,57768
57770,9192.0,27373.0,57769
57771,9192.0,27194.0,57770
57772,9192.0,27486.0,57771
57773,9192.0,27414.0,57772
57774,9192.0,27660.0,57773
57775,9192.0,27476.0,57774
57776,9192.0,27472.0,57775
57777,9192.0,27536.0,57776
57778,9192.0,27536.0,57777
57779,9192.0,27338.0,57778
57780,9192.0,27468.0,57779
57781,9192.0,28033.0,57780
57782,9192.0,28424.0,57781
57783,9192.0,28424.0,57782
57784,9192.0,28735.0,57783
57785,9192.0,28669.0,57784
57786,9192.0,28943.0,57785
57787,9192.0,29193.0,57786
57788,9192.0,29008.0,57787
57789,9192.0,29008.0,57788
57790,9192.0,28763.0,57789
57791,9192.0,28903.0,57790
57792,9192.0,29096.0,57791
57793,9192.0,28941.0,57792
57794,9192.0,29613.0,57793
57795,9192.0,29079.0,57794
57796,9192.0,28872.0,57795
57797,9192.0,28626.0,57796
57798,9192.0,28764.0,57797
57799,9192.0,29261.0,57798
57800,9192.0,29412.0,57799
57801,9192.0,29356.0,57800
57802,9192.0,29353.0,57801
57803,9192.0,29124.0,57802
57804,9192.0,29124.0,57803
57805,9192.0,29116.0,57804
57806,9192.0,29077.0,57805
57807,9192.0,29995.0,57806
57808,9192.0,30171.0,57807
57809,9192.0,30362.0,57808
57810,9192.0,30405.0,57809
57811,9192.0,30403.0,57810
57812,9192.0,30403.0,57811
57813,9192.0,30416.0,57812
57814,9192.0,30516.0,57813
57815,9192.0,30393.0,57814
57816,9192.0,30393.0,57815
57817,9192.0,31541.0,57816
57818,9192.0,31460.0,57817
57819,9192.0,31369.0,57818
57820,9192.0,31514.0,57819
57821,9192.0,31575.0,57820
57822,9192.0,31377.0,57821
57823,9192.0,31377.0,57822
57824,9192.0,31574.0,57823
57825,9192.0,32048.0,57824
57826,9192.0,31424.0,57825
57827,9192.0,31360.0,57826
57828,9192.0,31269.0,57827
57829,9192.0,31539.0,57828
57830,9192.0,31814.0,57829
57831,9192.0,31770.0,57830
57832,9192.0,31770.0,57831
57833,9192.0,31950.0,57832
57834,9192.0,31695.0,57833
57835,9192.0,30813.0,57834
57836,9192.0,31127.0,57835
57837,9192.0,31126.0,57836
57838,9192.0,31139.0,57837
57839,9192.0,31125.0,57838
57840,9192.0,31179.0,57839
57841,9192.0,31179.0,57840
57842,9192.0,29337.0,57841
57843,9192.0,29118.0,57842
57844,9192.0,29120.0,57843
57845,9192.0,29214.0,57844
57846,9192.0,28910.0,57845
57847,9192.0,28701.0,57846
57848,9192.0,28977.0,57847
57849,9192.0,28898.0,57848
57850,9192.0,28898.0,57849
57851,9192.0,28982.0,57850
57852,9192.0,28885.0,57851
57853,9192.0,29675.0,57852
57854,9192.0,29675.0,57853
57855,9192.0,29339.0,57854
57856,9192.0,29348.0,57855
57857,9192.0,29669.0,57856
57858,9192.0,29911.0,57857
57859,9192.0,29911.0,57858
57860,9192.0,29311.0,57859
57861,9192.0,29352.0,57860
57862,9192.0,29461.0,57861
57863,9192.0,29461.0,57862
57864,9192.0,29467.0,57863
57865,9192.0,29575.0,57864
57866,9192.0,30399.0,57865
57867,9192.0,30124.0,57866
57868,9192.0,30142.0,57867
57869,9192.0,30215.0,57868
57870,9192.0,30159.0,57869
57871,9192.0,30225.0,57870
57872,9192.0,30339.0,57871
57873,9192.0,29840.0,57872
57874,9192.0,30088.0,57873
57875,9192.0,30065.0,57874
57876,9192.0,28928.0,57875
57877,9192.0,28673.0,57876
57878,9192.0,29588.0,57877
57879,9192.0,29550.0,57878
57880,9192.0,29550.0,57879
57881,9192.0,29616.0,57880
57882,9192.0,29723.0,57881
57883,9192.0,30590.0,57882
57884,9192.0,30508.0,57883
57885,9192.0,30360.0,57884
57886,9192.0,30484.0,57885
57887,9192.0,30964.0,57886
57888,9192.0,30743.0,57887
57889,9192.0,31497.0,57888
57890,9192.0,31384.0,57889
57891,9192.0,30170.0,57890
57892,9192.0,30612.0,57891
57893,9192.0,31039.0,57892
57894,9192.0,31110.0,57893
57895,9192.0,30999.0,57894
57896,9192.0,31066.0,57895
57897,9192.0,31449.0,57896
57898,9192.0,31692.0,57897
57899,9192.0,31271.0,57898
57900,9192.0,31275.0,57899
57901,9192.0,31091.0,57900
57902,9192.0,30750.0,57901
57903,9192.0,30643.0,57902
57904,9192.0,30815.0,57903
57905,9192.0,31483.0,57904
57906,9192.0,31401.0,57905
57907,9192.0,31757.0,57906
57908,9192.0,30976.0,57907
57909,9192.0,30965.0,57908
57910,9192.0,31118.0,57909
57911,9192.0,30770.0,57910
57912,9192.0,29889.0,57911
57913,9192.0,30042.0,57912
57914,9192.0,30042.0,57913
57915,9192.0,30067.0,57914
57916,9192.0,30346.0,57915
57917,9192.0,30403.0,57916
57918,9192.0,30884.0,57917
57919,9192.0,31050.0,57918
57920,9192.0,30717.0,57919
57921,9192.0,31027.0,57920
57922,9192.0,30958.0,57921
57923,9192.0,29890.0,57922
57924,9192.0,30166.0,57923
57925,9192.0,30261.0,57924
57926,9192.0,30249.0,57925
57927,9192.0,30582.0,57926
57928,9192.0,30134.0,57927
57929,9192.0,30271.0,57928
57930,9192.0,30271.0,57929
57931,9192.0,30257.0,57930
57932,9192.0,30257.0,57931
57933,9192.0,30547.0,57932
57934,9192.0,30624.0,57933
57935,9192.0,30683.0,57934
57936,9192.0,30201.0,57935
57937,9192.0,30201.0,57936
57938,9192.0,30290.0,57937
57939,9192.0,29002.0,57938
57940,9192.0,29021.0,57939
57941,9192.0,29136.0,57940
57942,9192.0,29001.0,57941
57943,9192.0,28947.0,57942
57944,9192.0,28738.0,57943
57945,9192.0,29951.0,57944
57946,9192.0,29974.0,57945
57947,9192.0,30043.0,57946
57948,9192.0,30214.0,57947
57949,9192.0,30214.0,57948
57950,9192.0,30594.0,57949
57951,9192.0,30172.0,57950
57952,9192.0,29916.0,57951
57953,9192.0,30281.0,57952
57954,9192.0,30364.0,57953
57955,9192.0,30781.0,57954
57956,9192.0,30842.0,57955
57957,9192.0,31058.0,57956
57958,9192.0,31767.0,57957
57959,9192.0,32065.0,57958
57960,9192.0,32065.0,57959
57961,9192.0,31465.0,57960
57962,9192.0,31788.0,57961
57963,9192.0,31807.0,57962
57964,9192.0,31807.0,57963
57965,9192.0,32058.0,57964
57966,9192.0,31897.0,57965
57967,9192.0,31749.0,57966
57968,9192.0,31657.0,57967
57969,9192.0,31657.0,57968
57970,9192.0,31681.0,57969
57971,9192.0,31863.0,57970
57972,9192.0,31676.0,57971
57973,9192.0,32270.0,57972
57974,9192.0,32486.0,57973
57975,9192.0,32370.0,57974
57976,9192.0,32449.0,57975
57977,9192.0,32750.0,57976
57978,9192.0,32159.0,57977
57979,9192.0,32311.0,57978
57980,9192.0,32223.0,57979
57981,9192.0,32578.0,57980
57982,9192.0,32633.0,57981
57983,9192.0,32667.0,57982
57984,9192.0,32605.0,57983
57985,9192.0,32221.0,57984
57986,9192.0,31980.0,57985
57987,9192.0,31650.0,57986
57988,9192.0,31051.0,57987
57989,9192.0,31516.0,57988
57990,9192.0,31408.0,57989
57991,9192.0,31210.0,57990
57992,9192.0,30388.0,57991
57993,9192.0,30289.0,57992
57994,9192.0,30269.0,57993
57995,9192.0,28821.0,57994
57996,9192.0,28821.0,57995
57997,9192.0,29375.0,57996
57998,9192.0,29445.0,57997
57999,9192.0,29153.0,57998
58000,9192.0,29377.0,57999
58001,9192.0,29088.0,58000
58002,9192.0,28437.0,58001
58003,9192.0,28263.0,58002
58004,9192.0,26589.0,58003
58005,9192.0,26152.0,58004
58006,9192.0,25682.0,58005
58007,9192.0,25581.0,58006
58008,9192.0,25601.0,58007
58009,9192.0,25601.0,58008
58010,9192.0,25433.0,58009
58011,9192.0,25553.0,58010
58012,9192.0,25500.0,58011
58013,9192.0,25445.0,58012
58014,9192.0,25117.0,58013
58015,9192.0,25802.0,58014
58016,9192.0,25781.0,58015
58017,9192.0,25848.0,58016
58018,9192.0,26188.0,58017
58019,9192.0,26188.0,58018
58020,9192.0,26229.0,58019
58021,9192.0,26229.0,58020
58022,9192.0,26685.0,58021
58023,9192.0,27404.0,58022
58024,9192.0,27468.0,58023
58025,9192.0,27517.0,58024
58026,9192.0,25394.0,58025
58027,9192.0,23868.0,58026
58028,9192.0,23868.0,58027
58029,9192.0,23865.0,58028
58030,9192.0,23801.0,58029
58031,9192.0,23230.0,58030
58032,9192.0,24183.0,58031
58033,9192.0,24122.0,58032
58034,9192.0,26363.0,58033
58035,9192.0,26644.0,58034
58036,9192.0,26735.0,58035
58037,9192.0,25919.0,58036
58038,9192.0,25996.0,58037
58039,9192.0,26253.0,58038
58040,9192.0,26408.0,58039
58041,9192.0,26664.0,58040
58042,9192.0,26278.0,58041
58043,9192.0,26706.0,58042
58044,9192.0,26659.0,58043
58045,9192.0,26404.0,58044
58046,9192.0,26330.0,58045
58047,9192.0,27007.0,58046
58048,9192.0,27404.0,58047
58049,9192.0,26110.0,58048
58050,9192.0,25991.0,58049
58051,9192.0,25838.0,58050
58052,9192.0,25925.0,58051
58053,9192.0,26026.0,58052
58054,9192.0,25845.0,58053
58055,9192.0,26226.0,58054
58056,9192.0,26206.0,58055
58057,9192.0,27063.0,58056
58058,9192.0,27299.0,58057
58059,9192.0,27526.0,58058
58060,9192.0,28499.0,58059
58061,9192.0,28499.0,58060
58062,9192.0,28442.0,58061
58063,9192.0,28262.0,58062
58064,9192.0,28139.0,58063
58065,9192.0,28046.0,58064
58066,9192.0,28046.0,58065
58067,9192.0,28061.0,58066
58068,9192.0,27954.0,58067
58069,9192.0,27473.0,58068
58070,9192.0,27473.0,58069
58071,9192.0,27380.0,58070
58072,9192.0,27380.0,58071
58073,9192.0,28086.0,58072
58074,9192.0,28892.0,58073
58075,9192.0,28793.0,58074
58076,9192.0,28765.0,58075
58077,9192.0,27738.0,58076
58078,9192.0,27340.0,58077
58079,9192.0,27378.0,58078
58080,9192.0,28484.0,58079
58081,9192.0,28715.0,58080
58082,9192.0,28521.0,58081
58083,9192.0,28279.0,58082
58084,9192.0,28524.0,58083
58085,9192.0,28495.0,58084
58086,9192.0,28675.0,58085
58087,9192.0,28539.0,58086
58088,9192.0,28722.0,58087
58089,9192.0,28765.0,58088
58090,9192.0,28413.0,58089
58091,9192.0,28463.0,58090
58092,9192.0,28290.0,58091
58093,9192.0,28528.0,58092
58094,9192.0,28283.0,58093
58095,9192.0,28712.0,58094
58096,9192.0,28609.0,58095
58097,9192.0,28584.0,58096
58098,9192.0,27982.0,58097
58099,9192.0,27901.0,58098
58100,9192.0,27893.0,58099
58101,9192.0,27286.0,58100
58102,9192.0,27301.0,58101
58103,9192.0,26784.0,58102
58104,9192.0,27256.0,58103
58105,9192.0,27519.0,58104
58106,9192.0,28326.0,58105
58107,9192.0,28559.0,58106
58108,9192.0,29044.0,58107
58109,9192.0,29196.0,58108
58110,9192.0,29184.0,58109
58111,9192.0,29309.0,58110
58112,9192.0,29791.0,58111
58113,9192.0,29535.0,58112
58114,9192.0,30072.0,58113
58115,9192.0,29850.0,58114
58116,9192.0,29865.0,58115
58117,9192.0,30288.0,58116
58118,9192.0,30288.0,58117
58119,9192.0,30341.0,58118
58120,9192.0,30506.0,58119
58121,9192.0,30472.0,58120
58122,9192.0,30245.0,58121
58123,9192.0,30761.0,58122
58124,9192.0,31008.0,58123
58125,9192.0,30909.0,58124
58126,9192.0,31723.0,58125
58127,9192.0,31078.0,58126
58128,9192.0,30958.0,58127
58129,9192.0,30111.0,58128
58130,9192.0,30111.0,58129
58131,9192.0,29944.0,58130
58132,9192.0,29555.0,58131
58133,9192.0,28989.0,58132
58134,9192.0,29129.0,58133
58135,9192.0,29325.0,58134
58136,9192.0,29961.0,58135
58137,9192.0,29808.0,58136
58138,9192.0,29094.0,58137
58139,9192.0,29141.0,58138
58140,9192.0,29141.0,58139
58141,9192.0,28345.0,58140
58142,9192.0,28476.0,58141
58143,9192.0,28555.0,58142
58144,9192.0,29608.0,58143
58145,9192.0,30262.0,58144
58146,9192.0,30262.0,58145
58147,9192.0,30877.0,58146
58148,9192.0,30327.0,58147
58149,9192.0,30327.0,58148
58150,9192.0,30529.0,58149
58151,9192.0,30083.0,58150
58152,9192.0,29601.0,58151
58153,9192.0,29665.0,58152
58154,9192.0,29231.0,58153
58155,9192.0,30011.0,58154
58156,9192.0,29898.0,58155
58157,9192.0,29220.0,58156
58158,9192.0,29768.0,58157
58159,9192.0,29577.0,58158
58160,9192.0,30341.0,58159
58161,9192.0,29626.0,58160
58162,9192.0,29819.0,58161
58163,9192.0,29819.0,58162
58164,9192.0,29212.0,58163
58165,9192.0,29458.0,58164
58166,9192.0,29491.0,58165
58167,9192.0,29310.0,58166
58168,9192.0,29046.0,58167
58169,9192.0,29046.0,58168
58170,9192.0,29042.0,58169
58171,9192.0,28922.0,58170
58172,9192.0,29020.0,58171
58173,9192.0,28785.0,58172
58174,9192.0,29044.0,58173
58175,9192.0,28782.0,58174
58176,9192.0,28543.0,58175
58177,9192.0,29290.0,58176
58178,9192.0,29077.0,58177
58179,9192.0,29726.0,58178
58180,9192.0,30226.0,58179
58181,9192.0,30358.0,58180
58182,9192.0,30075.0,58181
58183,9192.0,30018.0,58182
58184,9192.0,30163.0,58183
58185,9192.0,30123.0,58184
58186,9192.0,30111.0,58185
58187,9192.0,30096.0,58186
58188,9192.0,29792.0,58187
58189,9192.0,29947.0,58188
58190,9192.0,29914.0,58189
58191,9192.0,31082.0,58190
58192,9192.0,31489.0,58191
58193,9192.0,31368.0,58192
58194,9192.0,31733.0,58193
58195,9192.0,31733.0,58194
58196,9192.0,31793.0,58195
58197,9192.0,31856.0,58196
58198,9192.0,32000.0,58197
58199,9192.0,31970.0,58198
58200,9192.0,32055.0,58199
58201,9192.0,31743.0,58200
58202,9192.0,31924.0,58201
58203,9192.0,31042.0,58202
58204,9192.0,30648.0,58203
58205,9192.0,30330.0,58204
58206,9192.0,30835.0,58205
58207,9192.0,30254.0,58206
58208,9192.0,29928.0,58207
58209,9192.0,30004.0,58208
58210,9192.0,30016.0,58209
58211,9192.0,30302.0,58210
58212,9192.0,30350.0,58211
58213,9192.0,30409.0,58212
58214,9192.0,30411.0,58213
58215,9192.0,30411.0,58214
58216,9192.0,30366.0,58215
58217,9192.0,30884.0,58216
58218,9192.0,30597.0,58217
58219,9192.0,29202.0,58218
58220,9192.0,29137.0,58219
58221,9192.0,29361.0,58220
58222,9192.0,29455.0,58221
58223,9192.0,28672.0,58222
58224,9192.0,28648.0,58223
58225,9192.0,28565.0,58224
58226,9192.0,28182.0,58225
58227,9192.0,27941.0,58226
58228,9192.0,28994.0,58227
58229,9192.0,29029.0,58228
58230,9192.0,28977.0,58229
58231,9192.0,29976.0,58230
58232,9192.0,30498.0,58231
58233,9192.0,30388.0,58232
58234,9192.0,30651.0,58233
58235,9192.0,30745.0,58234
58236,9192.0,30741.0,58235
58237,9192.0,30766.0,58236
58238,9192.0,30518.0,58237
58239,9192.0,30519.0,58238
58240,9192.0,30124.0,58239
58241,9192.0,30599.0,58240
58242,9192.0,30477.0,58241
58243,9192.0,30477.0,58242
58244,9192.0,30725.0,58243
58245,9192.0,30298.0,58244
58246,9192.0,30287.0,58245
58247,9192.0,30711.0,58246
58248,9192.0,31229.0,58247
58249,9192.0,31140.0,58248
58250,9192.0,31238.0,58249
58251,9192.0,31385.0,58250
58252,9192.0,30668.0,58251
58253,9192.0,30630.0,58252
58254,9192.0,30949.0,58253
58255,9192.0,31341.0,58254
58256,9192.0,31725.0,58255
58257,9192.0,31482.0,58256
58258,9192.0,31299.0,58257
58259,9192.0,30957.0,58258
58260,9192.0,29474.0,58259
58261,9192.0,28007.0,58260
58262,9192.0,26439.0,58261
58263,9192.0,26575.0,58262
58264,9192.0,26554.0,58263
58265,9192.0,26569.0,58264
58266,9192.0,26819.0,58265
58267,9192.0,27332.0,58266
58268,9192.0,27386.0,58267
58269,9192.0,27372.0,58268
58270,9192.0,27372.0,58269
58271,9192.0,28586.0,58270
58272,9192.0,28370.0,58271
58273,9192.0,28277.0,58272
58274,9192.0,28274.0,58273
58275,9192.0,27757.0,58274
58276,9192.0,27735.0,58275
58277,9192.0,27500.0,58276
58278,9192.0,27006.0,58277
58279,9192.0,26894.0,58278
58280,9192.0,26867.0,58279
58281,9192.0,26867.0,58280
58282,9192.0,26747.0,58281
58283,9192.0,26896.0,58282
58284,9192.0,26826.0,58283
58285,9192.0,26695.0,58284
58286,9192.0,27027.0,58285
58287,9192.0,27170.0,58286
58288,9192.0,27170.0,58287
58289,9192.0,27380.0,58288
58290,9192.0,27538.0,58289
58291,9192.0,26989.0,58290
58292,9192.0,27328.0,58291
58293,9192.0,27254.0,58292
58294,9192.0,26962.0,58293
58295,9192.0,27455.0,58294
58296,9192.0,27411.0,58295
58297,9192.0,27882.0,58296
58298,9192.0,28535.0,58297
58299,9192.0,28804.0,58298
58300,9192.0,29136.0,58299
58301,9192.0,29098.0,58300
58302,9192.0,28384.0,58301
58303,9192.0,28350.0,58302
58304,9192.0,28356.0,58303
58305,9192.0,27980.0,58304
58306,9192.0,27358.0,58305
58307,9192.0,27335.0,58306
58308,9192.0,26851.0,58307
58309,9192.0,27797.0,58308
58310,9192.0,28809.0,58309
58311,9192.0,29005.0,58310
58312,9192.0,29368.0,58311
58313,9192.0,29234.0,58312
58314,9192.0,28226.0,58313
58315,9192.0,28478.0,58314
58316,9192.0,28790.0,58315
58317,9192.0,28818.0,58316
58318,9192.0,28941.0,58317
58319,9192.0,28985.0,58318
58320,9192.0,29008.0,58319
58321,9192.0,29036.0,58320
58322,9192.0,28910.0,58321
58323,9192.0,28992.0,58322
58324,9192.0,28992.0,58323
58325,9192.0,29090.0,58324
58326,9192.0,29168.0,58325
58327,9192.0,29075.0,58326
58328,9192.0,29585.0,58327
58329,9192.0,30012.0,58328
58330,9192.0,30184.0,58329
58331,9192.0,30433.0,58330
58332,9192.0,29494.0,58331
58333,9192.0,29648.0,58332
58334,9192.0,29400.0,58333
58335,9192.0,28222.0,58334
58336,9192.0,28218.0,58335
58337,9192.0,28314.0,58336
58338,9192.0,28706.0,58337
58339,9192.0,28587.0,58338
58340,9192.0,28375.0,58339
58341,9192.0,28375.0,58340
58342,9192.0,28655.0,58341
58343,9192.0,28552.0,58342
58344,9192.0,28552.0,58343
58345,9192.0,28552.0,58344
58346,9192.0,28251.0,58345
58347,9192.0,28164.0,58346
58348,9192.0,28153.0,58347
58349,9192.0,28006.0,58348
58350,9192.0,28013.0,58349
58351,9192.0,27781.0,58350
58352,9192.0,27922.0,58351
58353,9192.0,27919.0,58352
58354,9192.0,28240.0,58353
58355,9192.0,28240.0,58354
58356,9192.0,28240.0,58355
58357,9192.0,27826.0,58356
58358,9192.0,27484.0,58357
58359,9192.0,27893.0,58358
58360,9192.0,27861.0,58359
58361,9192.0,27780.0,58360
58362,9192.0,27925.0,58361
58363,9192.0,27828.0,58362
58364,9192.0,27265.0,58363
58365,9192.0,27324.0,58364
58366,9192.0,27608.0,58365
58367,9192.0,28610.0,58366
58368,9192.0,28135.0,58367
58369,9192.0,28135.0,58368
58370,9192.0,27131.0,58369
58371,9192.0,26812.0,58370
58372,9192.0,26812.0,58371
58373,9192.0,26783.0,58372
58374,9192.0,26783.0,58373
58375,9192.0,26120.0,58374
58376,9192.0,26468.0,58375
58377,9192.0,26498.0,58376
58378,9192.0,26337.0,58377
58379,9192.0,25244.0,58378
58380,9192.0,25358.0,58379
58381,9192.0,25279.0,58380
58382,9192.0,25279.0,58381
58383,9192.0,25024.0,58382
58384,9192.0,24284.0,58383
58385,9192.0,24186.0,58384
58386,9192.0,24217.0,58385
58387,9192.0,24993.0,58386
58388,9192.0,24993.0,58387
58389,9192.0,25408.0,58388
58390,9192.0,25600.0,58389
58391,9192.0,25986.0,58390
58392,9192.0,25986.0,58391
58393,9192.0,26094.0,58392
58394,9192.0,26094.0,58393
58395,9192.0,25185.0,58394
58396,9192.0,25185.0,58395
58397,9192.0,24705.0,58396
58398,9192.0,24854.0,58397
58399,9192.0,25021.0,58398
58400,9192.0,25046.0,58399
58401,9192.0,25157.0,58400
58402,9192.0,25678.0,58401
58403,9192.0,25678.0,58402
58404,9192.0,25716.0,58403
58405,9192.0,25722.0,58404
58406,9192.0,25451.0,58405
58407,9192.0,25451.0,58406
58408,9192.0,26983.0,58407
58409,9192.0,27679.0,58408
58410,9192.0,27549.0,58409
58411,9192.0,27650.0,58410
58412,9192.0,26858.0,58411
58413,9192.0,27067.0,58412
58414,9192.0,27094.0,58413
58415,9192.0,26896.0,58414
58416,9192.0,26745.0,58415
58417,9192.0,26373.0,58416
58418,9192.0,26377.0,58417
58419,9192.0,26770.0,58418
58420,9192.0,26587.0,58419
58421,9192.0,26658.0,58420
58422,9192.0,26648.0,58421
58423,9192.0,27378.0,58422
58424,9192.0,27436.0,58423
58425,9192.0,26744.0,58424
58426,9192.0,26744.0,58425
58427,9192.0,26663.0,58426
58428,9192.0,25574.0,58427
58429,9192.0,25557.0,58428
58430,9192.0,26123.0,58429
58431,9192.0,26071.0,58430
58432,9192.0,25936.0,58431
58433,9192.0,26270.0,58432
58434,9192.0,26288.0,58433
58435,9192.0,26693.0,58434
58436,9192.0,26848.0,58435
58437,9192.0,27216.0,58436
58438,9192.0,27375.0,58437
58439,9192.0,27413.0,58438
58440,9192.0,28049.0,58439
58441,9192.0,28286.0,58440
58442,9192.0,28282.0,58441
58443,9192.0,28265.0,58442
58444,9192.0,28762.0,58443
58445,9192.0,29298.0,58444
58446,9192.0,29353.0,58445
58447,9192.0,29377.0,58446
58448,9192.0,29600.0,58447
58449,9192.0,29428.0,58448
58450,9192.0,29558.0,58449
58451,9192.0,29518.0,58450
58452,9192.0,29220.0,58451
58453,9192.0,29220.0,58452
58454,9192.0,29313.0,58453
58455,9192.0,29647.0,58454
58456,9192.0,29764.0,58455
58457,9192.0,29764.0,58456
58458,9192.0,29728.0,58457
58459,9192.0,29349.0,58458
58460,9192.0,29748.0,58459
58461,9192.0,29748.0,58460
58462,9192.0,28754.0,58461
58463,9192.0,28739.0,58462
58464,9192.0,28509.0,58463
58465,9192.0,28509.0,58464
58466,9192.0,28081.0,58465
58467,9192.0,27485.0,58466
58468,9192.0,27461.0,58467
58469,9192.0,27449.0,58468
58470,9192.0,27724.0,58469
58471,9192.0,28575.0,58470
58472,9192.0,28054.0,58471
58473,9192.0,28001.0,58472
58474,9192.0,27618.0,58473
58475,9192.0,27618.0,58474
58476,9192.0,28313.0,58475
58477,9192.0,28793.0,58476
58478,9192.0,29326.0,58477
58479,9192.0,29357.0,58478
58480,9192.0,29281.0,58479
58481,9192.0,29182.0,58480
58482,9192.0,29443.0,58481
58483,9192.0,29558.0,58482
58484,9192.0,29736.0,58483
58485,9192.0,29377.0,58484
58486,9192.0,29648.0,58485
58487,9192.0,30314.0,58486
58488,9192.0,30314.0,58487
58489,9192.0,28969.0,58488
58490,9192.0,28789.0,58489
58491,9192.0,28840.0,58490
58492,9192.0,28972.0,58491
58493,9192.0,29250.0,58492
58494,9192.0,29132.0,58493
58495,9192.0,28790.0,58494
58496,9192.0,28781.0,58495
58497,9192.0,28429.0,58496
58498,9192.0,28610.0,58497
58499,9192.0,28276.0,58498
58500,9192.0,28137.0,58499
58501,9192.0,28157.0,58500
58502,9192.0,27937.0,58501
58503,9192.0,28634.0,58502
58504,9192.0,28599.0,58503
58505,9192.0,28943.0,58504
58506,9192.0,30326.0,58505
58507,9192.0,30163.0,58506
58508,9192.0,30291.0,58507
58509,9192.0,29203.0,58508
58510,9192.0,28974.0,58509
58511,9192.0,28974.0,58510
58512,9192.0,28975.0,58511
58513,9192.0,29582.0,58512
58514,9192.0,28979.0,58513
58515,9192.0,28953.0,58514
58516,9192.0,28612.0,58515
58517,9192.0,27897.0,58516
58518,9192.0,27918.0,58517
58519,9192.0,27401.0,58518
58520,9192.0,27614.0,58519
58521,9192.0,27614.0,58520
58522,9192.0,28104.0,58521
58523,9192.0,28104.0,58522
58524,9192.0,28008.0,58523
58525,9192.0,28158.0,58524
58526,9192.0,29132.0,58525
58527,9192.0,29036.0,58526
58528,9192.0,29524.0,58527
58529,9192.0,29524.0,58528
58530,9192.0,29286.0,58529
58531,9192.0,28826.0,58530
58532,9192.0,26774.0,58531
58533,9192.0,26537.0,58532
58534,9192.0,26537.0,58533
58535,9192.0,26437.0,58534
58536,9192.0,26495.0,58535
58537,9192.0,26670.0,58536
58538,9192.0,26803.0,58537
58539,9192.0,27951.0,58538
58540,9192.0,28064.0,58539
58541,9192.0,28309.0,58540
58542,9192.0,28654.0,58541
58543,9192.0,28299.0,58542
58544,9192.0,28820.0,58543
58545,9192.0,28945.0,58544
58546,9192.0,28589.0,58545
58547,9192.0,29238.0,58546
58548,9192.0,29237.0,58547
58549,9192.0,30662.0,58548
58550,9192.0,30563.0,58549
58551,9192.0,30394.0,58550
58552,9192.0,30777.0,58551
58553,9192.0,30778.0,58552
58554,9192.0,30836.0,58553
58555,9192.0,31144.0,58554
58556,9192.0,30407.0,58555
58557,9192.0,29948.0,58556
58558,9192.0,29948.0,58557
58559,9192.0,30984.0,58558
58560,9192.0,30706.0,58559
58561,9192.0,30433.0,58560
58562,9192.0,30634.0,58561
58563,9192.0,30659.0,58562
58564,9192.0,32473.0,58563
58565,9192.0,32437.0,58564
58566,9192.0,32358.0,58565
58567,9192.0,32312.0,58566
58568,9192.0,31854.0,58567
58569,9192.0,31975.0,58568
58570,9192.0,31580.0,58569
58571,9192.0,31370.0,58570
58572,9192.0,31799.0,58571
58573,9192.0,32095.0,58572
58574,9192.0,33390.0,58573
58575,9192.0,33276.0,58574
58576,9192.0,32266.0,58575
58577,9192.0,31611.0,58576
58578,9192.0,31479.0,58577
58579,9192.0,31240.0,58578
58580,9192.0,31050.0,58579
58581,9192.0,31538.0,58580
58582,9192.0,31232.0,58581
58583,9192.0,30473.0,58582
58584,9192.0,30726.0,58583
58585,9192.0,30738.0,58584
58586,9192.0,30730.0,58585
58587,9192.0,30808.0,58586
58588,9192.0,31557.0,58587
58589,9192.0,31557.0,58588
58590,9192.0,31947.0,58589
58591,9192.0,31934.0,58590
58592,9192.0,32030.0,58591
58593,9192.0,32015.0,58592
58594,9192.0,32054.0,58593
58595,9192.0,31851.0,58594
58596,9192.0,31847.0,58595
58597,9192.0,32756.0,58596
58598,9192.0,32800.0,58597
58599,9192.0,32131.0,58598
58600,9192.0,31876.0,58599
58601,9192.0,32148.0,58600
58602,9192.0,30991.0,58601
58603,9192.0,31087.0,58602
58604,9192.0,30323.0,58603
58605,9192.0,29237.0,58604
58606,9192.0,28587.0,58605
58607,9192.0,28306.0,58606
58608,9192.0,28371.0,58607
58609,9192.0,28691.0,58608
58610,9192.0,28159.0,58609
58611,9192.0,28599.0,58610
58612,9192.0,28650.0,58611
58613,9192.0,28673.0,58612
58614,9192.0,28447.0,58613
58615,9192.0,28458.0,58614
58616,9192.0,28453.0,58615
58617,9192.0,28453.0,58616
58618,9192.0,28321.0,58617
58619,9192.0,28358.0,58618
58620,9192.0,28224.0,58619
58621,9192.0,28570.0,58620
58622,9192.0,28651.0,58621
58623,9192.0,30165.0,58622
58624,9192.0,30028.0,58623
58625,9192.0,29938.0,58624
58626,9192.0,29377.0,58625
58627,9192.0,28861.0,58626
58628,9192.0,28872.0,58627
58629,9192.0,29194.0,58628
58630,9192.0,29300.0,58629
58631,9192.0,29336.0,58630
58632,9192.0,29336.0,58631
58633,9192.0,29464.0,58632
58634,9192.0,29144.0,58633
58635,9192.0,29372.0,58634
58636,9192.0,29210.0,58635
58637,9192.0,29748.0,58636
58638,9192.0,29863.0,58637
58639,9192.0,29892.0,58638
58640,9192.0,29892.0,58639
58641,9192.0,30158.0,58640
58642,9192.0,31271.0,58641
58643,9192.0,31265.0,58642
58644,9192.0,31569.0,58643
58645,9192.0,30978.0,58644
58646,9192.0,30557.0,58645
58647,9192.0,30682.0,58646
58648,9192.0,29684.0,58647
58649,9192.0,28771.0,58648
58650,9192.0,29237.0,58649
58651,9192.0,29553.0,58650
58652,9192.0,30008.0,58651
58653,9192.0,30039.0,58652
58654,9192.0,29804.0,58653
58655,9192.0,29826.0,58654
58656,9192.0,29937.0,58655
58657,9192.0,30265.0,58656
58658,9192.0,31165.0,58657
58659,9192.0,31394.0,58658
58660,9192.0,30912.0,58659
58661,9192.0,31157.0,58660
58662,9192.0,31335.0,58661
58663,9192.0,31590.0,58662
58664,9192.0,31675.0,58663
58665,9192.0,31894.0,58664
58666,9192.0,31215.0,58665
58667,9192.0,31215.0,58666
58668,9192.0,31215.0,58667
58669,9192.0,31054.0,58668
58670,9192.0,31054.0,58669
58671,9192.0,29871.0,58670
58672,9192.0,29620.0,58671
58673,9192.0,29696.0,58672
58674,9192.0,30027.0,58673
58675,9192.0,30086.0,58674
58676,9192.0,30086.0,58675
58677,9192.0,29670.0,58676
58678,9192.0,29753.0,58677
58679,9192.0,30057.0,58678
58680,9192.0,29822.0,58679
58681,9192.0,29321.0,58680
58682,9192.0,29321.0,58681
58683,9192.0,29492.0,58682
58684,9192.0,29601.0,58683
58685,9192.0,28698.0,58684
58686,9192.0,28843.0,58685
58687,9192.0,29236.0,58686
58688,9192.0,30151.0,58687
58689,9192.0,30262.0,58688
58690,9192.0,30380.0,58689
58691,9192.0,30326.0,58690
58692,9192.0,30091.0,58691
58693,9192.0,31617.0,58692
58694,9192.0,31515.0,58693
58695,9192.0,31237.0,58694
58696,9192.0,30682.0,58695
58697,9192.0,30682.0,58696
58698,9192.0,30694.0,58697
58699,9192.0,31182.0,58698
58700,9192.0,30609.0,58699
58701,9192.0,28502.0,58700
58702,9192.0,27008.0,58701
58703,9192.0,27241.0,58702
58704,9192.0,26900.0,58703
58705,9192.0,26796.0,58704
58706,9192.0,26827.0,58705
58707,9192.0,26827.0,58706
58708,9192.0,26962.0,58707
58709,9192.0,28857.0,58708
58710,9192.0,28857.0,58709
58711,9192.0,27866.0,58710
58712,9192.0,27756.0,58711
58713,9192.0,28838.0,58712
58714,9192.0,28977.0,58713
58715,9192.0,29805.0,58714
58716,9192.0,29821.0,58715
58717,9192.0,29931.0,58716
58718,9192.0,30786.0,58717
58719,9192.0,30893.0,58718
58720,9192.0,30842.0,58719
58721,9192.0,31071.0,58720
58722,9192.0,31163.0,58721
58723,9192.0,31312.0,58722
58724,9192.0,31312.0,58723
58725,9192.0,31599.0,58724
58726,9192.0,31787.0,58725
58727,9192.0,31112.0,58726
58728,9192.0,31112.0,58727
58729,9192.0,31235.0,58728
58730,9192.0,30912.0,58729
58731,9192.0,30848.0,58730
58732,9192.0,31257.0,58731
58733,9192.0,31233.0,58732
58734,9192.0,31254.0,58733
58735,9192.0,31246.0,58734
58736,9192.0,30951.0,58735
58737,9192.0,31113.0,58736
58738,9192.0,31113.0,58737
58739,9192.0,30761.0,58738
58740,9192.0,30753.0,58739
58741,9192.0,31030.0,58740
58742,9192.0,30239.0,58741
58743,9192.0,30256.0,58742
58744,9192.0,30503.0,58743
58745,9192.0,30628.0,58744
58746,9192.0,30619.0,58745
58747,9192.0,30489.0,58746
58748,9192.0,30291.0,58747
58749,9192.0,30310.0,58748
58750,9192.0,29771.0,58749
58751,9192.0,30408.0,58750
58752,9192.0,30163.0,58751
58753,9192.0,30714.0,58752
58754,9192.0,30592.0,58753
58755,9192.0,31002.0,58754
58756,9192.0,32073.0,58755
58757,9192.0,32316.0,58756
58758,9192.0,32145.0,58757
58759,9192.0,31664.0,58758
58760,9192.0,31734.0,58759
58761,9192.0,31829.0,58760
58762,9192.0,31962.0,58761
58763,9192.0,31345.0,58762
58764,9192.0,31539.0,58763
58765,9192.0,31665.0,58764
58766,9192.0,31620.0,58765
58767,9192.0,31618.0,58766
58768,9192.0,31618.0,58767
58769,9192.0,31443.0,58768
58770,9192.0,30520.0,58769
58771,9192.0,31080.0,58770
58772,9192.0,31076.0,58771
58773,9192.0,31234.0,58772
58774,9192.0,31482.0,58773
58775,9192.0,31314.0,58774
58776,9192.0,31391.0,58775
58777,9192.0,31809.0,58776
58778,9192.0,31894.0,58777
58779,9192.0,31984.0,58778
58780,9192.0,31017.0,58779
58781,9192.0,30757.0,58780
58782,9192.0,30827.0,58781
58783,9192.0,30622.0,58782
58784,9192.0,30127.0,58783
58785,9192.0,30228.0,58784
58786,9192.0,29111.0,58785
58787,9192.0,29111.0,58786
58788,9192.0,28769.0,58787
58789,9192.0,29491.0,58788
58790,9192.0,29476.0,58789
58791,9192.0,29285.0,58790
58792,9192.0,28242.0,58791
58793,9192.0,28320.0,58792
58794,9192.0,28077.0,58793
58795,9192.0,27781.0,58794
58796,9192.0,27953.0,58795
58797,9192.0,27953.0,58796
58798,9192.0,28297.0,58797
58799,9192.0,29077.0,58798
58800,9192.0,29277.0,58799
58801,9192.0,29094.0,58800
58802,9192.0,28098.0,58801
58803,9192.0,28214.0,58802
58804,9192.0,28233.0,58803
58805,9192.0,28446.0,58804
58806,9192.0,28446.0,58805
58807,9192.0,28446.0,58806
58808,9192.0,28446.0,58807
58809,9192.0,28402.0,58808
58810,9192.0,28402.0,58809
58811,9192.0,28769.0,58810
58812,9192.0,28769.0,58811
58813,9192.0,28381.0,58812
58814,9192.0,28057.0,58813
58815,9192.0,27781.0,58814
58816,9192.0,28177.0,58815
58817,9192.0,28225.0,58816
58818,9192.0,28800.0,58817
58819,9192.0,27146.0,58818
58820,9192.0,26986.0,58819
58821,9192.0,26878.0,58820
58822,9192.0,26792.0,58821
58823,9192.0,26261.0,58822
58824,9192.0,26608.0,58823
58825,9192.0,26921.0,58824
58826,9192.0,26581.0,58825
58827,9192.0,26581.0,58826
58828,9192.0,26581.0,58827
58829,9192.0,26236.0,58828
58830,9192.0,26236.0,58829
58831,9192.0,27141.0,58830
58832,9192.0,27392.0,58831
58833,9192.0,27454.0,58832
58834,9192.0,26884.0,58833
58835,9192.0,26872.0,58834
58836,9192.0,26902.0,58835
58837,9192.0,26902.0,58836
58838,9192.0,27814.0,58837
58839,9192.0,27814.0,58838
58840,9192.0,27427.0,58839
58841,9192.0,27041.0,58840
58842,9192.0,27021.0,58841
58843,9192.0,27507.0,58842
58844,9192.0,27159.0,58843
58845,9192.0,26424.0,58844
58846,9192.0,27100.0,58845
58847,9192.0,27152.0,58846
58848,9192.0,27152.0,58847
58849,9192.0,26565.0,58848
58850,9192.0,27271.0,58849
58851,9192.0,27135.0,58850
58852,9192.0,27819.0,58851
58853,9192.0,27819.0,58852
58854,9192.0,27664.0,58853
58855,9192.0,27842.0,58854
58856,9192.0,28426.0,58855
58857,9192.0,27697.0,58856
58858,9192.0,27538.0,58857
58859,9192.0,27508.0,58858
58860,9192.0,27522.0,58859
58861,9192.0,27649.0,58860
58862,9192.0,28137.0,58861
58863,9192.0,28139.0,58862
58864,9192.0,28139.0,58863
58865,9192.0,28578.0,58864
58866,9192.0,29116.0,58865
58867,9192.0,28268.0,58866
58868,9192.0,28268.0,58867
58869,9192.0,28127.0,58868
58870,9192.0,27899.0,58869
58871,9192.0,27658.0,58870
58872,9192.0,27658.0,58871
58873,9192.0,28302.0,58872
58874,9192.0,28178.0,58873
58875,9192.0,28049.0,58874
58876,9192.0,28051.0,58875
58877,9192.0,27819.0,58876
58878,9192.0,27819.0,58877
58879,9192.0,28085.0,58878
58880,9192.0,28085.0,58879
58881,9192.0,28308.0,58880
58882,9192.0,28308.0,58881
58883,9192.0,28549.0,58882
58884,9192.0,28588.0,58883
58885,9192.0,28878.0,58884
58886,9192.0,28899.0,58885
58887,9192.0,28694.0,58886
58888,9192.0,28198.0,58887
58889,9192.0,28325.0,58888
58890,9192.0,27519.0,58889
58891,9192.0,28260.0,58890
58892,9192.0,28462.0,58891
58893,9192.0,28554.0,58892
58894,9192.0,29052.0,58893
58895,9192.0,28991.0,58894
58896,9192.0,28991.0,58895
58897,9192.0,28575.0,58896
58898,9192.0,28621.0,58897
58899,9192.0,29692.0,58898
58900,9192.0,30277.0,58899
58901,9192.0,30267.0,58900
58902,9192.0,30200.0,58901
58903,9192.0,30060.0,58902
58904,9192.0,30340.0,58903
58905,9192.0,30213.0,58904
58906,9192.0,29628.0,58905
58907,9192.0,29593.0,58906
58908,9192.0,29565.0,58907
58909,9192.0,29428.0,58908
58910,9192.0,29490.0,58909
58911,9192.0,28699.0,58910
58912,9192.0,28377.0,58911
58913,9192.0,28300.0,58912
58914,9192.0,27626.0,58913
58915,9192.0,27587.0,58914
58916,9192.0,28331.0,58915
58917,9192.0,28331.0,58916
58918,9192.0,28639.0,58917
58919,9192.0,28582.0,58918
58920,9192.0,28526.0,58919
58921,9192.0,27619.0,58920
58922,9192.0,27742.0,58921
58923,9192.0,27726.0,58922
58924,9192.0,27726.0,58923
58925,9192.0,27726.0,58924
58926,9192.0,27982.0,58925
58927,9192.0,28014.0,58926
58928,9192.0,28341.0,58927
58929,9192.0,28252.0,58928
58930,9192.0,28489.0,58929
58931,9192.0,28274.0,58930
58932,9192.0,28531.0,58931
58933,9192.0,27957.0,58932
58934,9192.0,28826.0,58933
58935,9192.0,28920.0,58934
58936,9192.0,28641.0,58935
58937,9192.0,28344.0,58936
58938,9192.0,28150.0,58937
58939,9192.0,28649.0,58938
58940,9192.0,28829.0,58939
58941,9192.0,29290.0,58940
58942,9192.0,28360.0,58941
58943,9192.0,29083.0,58942
58944,9192.0,28826.0,58943
58945,9192.0,28932.0,58944
58946,9192.0,29256.0,58945
58947,9192.0,29671.0,58946
58948,9192.0,30115.0,58947
58949,9192.0,29965.0,58948
58950,9192.0,29967.0,58949
58951,9192.0,29845.0,58950
58952,9192.0,29807.0,58951
58953,9192.0,30037.0,58952
58954,9192.0,29950.0,58953
58955,9192.0,29599.0,58954
58956,9192.0,29723.0,58955
58957,9192.0,29712.0,58956
58958,9192.0,29567.0,58957
58959,9192.0,29757.0,58958
58960,9192.0,29681.0,58959
58961,9192.0,29663.0,58960
58962,9192.0,29338.0,58961
58963,9192.0,29213.0,58962
58964,9192.0,29777.0,58963
58965,9192.0,29767.0,58964
58966,9192.0,29843.0,58965
58967,9192.0,29817.0,58966
58968,9192.0,29000.0,58967
58969,9192.0,29000.0,58968
58970,9192.0,29518.0,58969
58971,9192.0,29512.0,58970
58972,9192.0,29602.0,58971
58973,9192.0,29743.0,58972
58974,9192.0,31346.0,58973
58975,9192.0,31189.0,58974
58976,9192.0,31195.0,58975
58977,9192.0,31201.0,58976
58978,9192.0,31127.0,58977
58979,9192.0,30562.0,58978
58980,9192.0,30573.0,58979
58981,9192.0,30547.0,58980
58982,9192.0,30371.0,58981
58983,9192.0,30779.0,58982
58984,9192.0,30779.0,58983
58985,9192.0,30031.0,58984
58986,9192.0,29795.0,58985
58987,9192.0,29384.0,58986
58988,9192.0,27641.0,58987
58989,9192.0,27955.0,58988
58990,9192.0,27955.0,58989
58991,9192.0,27829.0,58990
58992,9192.0,28064.0,58991
58993,9192.0,28585.0,58992
58994,9192.0,27883.0,58993
58995,9192.0,28994.0,58994
58996,9192.0,29395.0,58995
58997,9192.0,29323.0,58996
58998,9192.0,29424.0,58997
58999,9192.0,29484.0,58998
59000,9192.0,30236.0,58999
59001,9192.0,29589.0,59000
59002,9192.0,29539.0,59001
59003,9192.0,29148.0,59002
59004,9192.0,30044.0,59003
59005,9192.0,29656.0,59004
59006,9192.0,29581.0,59005
59007,9192.0,29667.0,59006
59008,9192.0,29573.0,59007
59009,9192.0,29407.0,59008
59010,9192.0,28431.0,59009
59011,9192.0,28686.0,59010
59012,9192.0,28733.0,59011
59013,9192.0,28854.0,59012
59014,9192.0,29005.0,59013
59015,9192.0,29168.0,59014
59016,9192.0,29126.0,59015
59017,9192.0,28820.0,59016
59018,9192.0,28911.0,59017
59019,9192.0,28911.0,59018
59020,9192.0,28075.0,59019
59021,9192.0,27674.0,59020
59022,9192.0,26550.0,59021
59023,9192.0,26550.0,59022
59024,9192.0,27344.0,59023
59025,9192.0,27261.0,59024
59026,9192.0,27704.0,59025
59027,9192.0,27674.0,59026
59028,9192.0,27046.0,59027
59029,9192.0,27028.0,59028
59030,9192.0,26810.0,59029
59031,9192.0,26419.0,59030
59032,9192.0,26287.0,59031
59033,9192.0,27146.0,59032
59034,9192.0,27022.0,59033
59035,9192.0,26794.0,59034
59036,9192.0,26794.0,59035
59037,9192.0,27036.0,59036
59038,9192.0,26959.0,59037
59039,9192.0,26806.0,59038
59040,9192.0,26687.0,59039
59041,9192.0,26687.0,59040
59042,9192.0,26544.0,59041
59043,9192.0,26878.0,59042
59044,9192.0,26878.0,59043
59045,9192.0,26923.0,59044
59046,9192.0,27026.0,59045
59047,9192.0,26688.0,59046
59048,9192.0,26680.0,59047
59049,9192.0,26658.0,59048
59050,9192.0,26321.0,59049
59051,9192.0,26321.0,59050
59052,9192.0,26928.0,59051
59053,9192.0,27325.0,59052
59054,9192.0,26898.0,59053
59055,9192.0,26898.0,59054
59056,9192.0,27997.0,59055
59057,9192.0,28214.0,59056
59058,9192.0,28214.0,59057
59059,9192.0,28690.0,59058
59060,9192.0,29641.0,59059
59061,9192.0,29443.0,59060
59062,9192.0,29657.0,59061
59063,9192.0,29512.0,59062
59064,9192.0,29536.0,59063
59065,9192.0,28896.0,59064
59066,9192.0,28885.0,59065
59067,9192.0,28883.0,59066
59068,9192.0,29614.0,59067
59069,9192.0,29843.0,59068
59070,9192.0,29844.0,59069
59071,9192.0,29465.0,59070
59072,9192.0,28866.0,59071
59073,9192.0,28538.0,59072
59074,9192.0,28367.0,59073
59075,9192.0,28435.0,59074
59076,9192.0,27483.0,59075
59077,9192.0,27707.0,59076
59078,9192.0,27865.0,59077
59079,9192.0,27885.0,59078
59080,9192.0,26948.0,59079
59081,9192.0,27181.0,59080
59082,9192.0,26896.0,59081
59083,9192.0,26802.0,59082
59084,9192.0,26872.0,59083
59085,9192.0,26929.0,59084
59086,9192.0,28083.0,59085
59087,9192.0,28000.0,59086
59088,9192.0,28000.0,59087
59089,9192.0,27738.0,59088
59090,9192.0,28228.0,59089
59091,9192.0,29778.0,59090
59092,9192.0,30016.0,59091
59093,9192.0,29693.0,59092
59094,9192.0,29375.0,59093
59095,9192.0,29363.0,59094
59096,9192.0,30061.0,59095
59097,9192.0,30560.0,59096
59098,9192.0,31611.0,59097
59099,9192.0,31515.0,59098
59100,9192.0,31589.0,59099
59101,9192.0,31938.0,59100
59102,9192.0,31882.0,59101
59103,9192.0,31855.0,59102
59104,9192.0,32105.0,59103
59105,9192.0,32221.0,59104
59106,9192.0,32300.0,59105
59107,9192.0,32245.0,59106
59108,9192.0,32059.0,59107
59109,9192.0,31974.0,59108
59110,9192.0,31652.0,59109
59111,9192.0,31724.0,59110
59112,9192.0,32137.0,59111
59113,9192.0,31828.0,59112
59114,9192.0,31826.0,59113
59115,9192.0,31665.0,59114
59116,9192.0,31267.0,59115
59117,9192.0,30847.0,59116
59118,9192.0,30021.0,59117
59119,9192.0,29869.0,59118
59120,9192.0,29473.0,59119
59121,9192.0,29283.0,59120
59122,9192.0,29201.0,59121
59123,9192.0,29731.0,59122
59124,9192.0,29649.0,59123
59125,9192.0,29528.0,59124
59126,9192.0,29818.0,59125
59127,9192.0,30027.0,59126
59128,9192.0,30114.0,59127
59129,9192.0,30763.0,59128
59130,9192.0,30598.0,59129
59131,9192.0,30966.0,59130
59132,9192.0,30634.0,59131
59133,9192.0,30813.0,59132
59134,9192.0,30813.0,59133
59135,9192.0,31238.0,59134
59136,9192.0,31180.0,59135
59137,9192.0,31043.0,59136
59138,9192.0,30507.0,59137
59139,9192.0,30196.0,59138
59140,9192.0,29179.0,59139
59141,9192.0,28849.0,59140
59142,9192.0,28823.0,59141
59143,9192.0,29168.0,59142
59144,9192.0,29041.0,59143
59145,9192.0,29578.0,59144
59146,9192.0,29592.0,59145
59147,9192.0,29154.0,59146
59148,9192.0,28446.0,59147
59149,9192.0,28653.0,59148
59150,9192.0,28329.0,59149
59151,9192.0,28419.0,59150
59152,9192.0,29031.0,59151
59153,9192.0,28918.0,59152
59154,9192.0,29281.0,59153
59155,9192.0,29123.0,59154
59156,9192.0,29424.0,59155
59157,9192.0,29487.0,59156
59158,9192.0,29466.0,59157
59159,9192.0,29884.0,59158
59160,9192.0,29757.0,59159
59161,9192.0,29730.0,59160
59162,9192.0,29681.0,59161
59163,9192.0,29680.0,59162
59164,9192.0,29561.0,59163
59165,9192.0,29045.0,59164
59166,9192.0,28536.0,59165
59167,9192.0,28611.0,59166
59168,9192.0,28611.0,59167
59169,9192.0,29333.0,59168
59170,9192.0,29339.0,59169
59171,9192.0,27875.0,59170
59172,9192.0,27710.0,59171
59173,9192.0,27807.0,59172
59174,9192.0,27797.0,59173
59175,9192.0,28050.0,59174
59176,9192.0,28403.0,59175
59177,9192.0,27958.0,59176
59178,9192.0,27920.0,59177
59179,9192.0,27452.0,59178
59180,9192.0,27844.0,59179
59181,9192.0,27463.0,59180
59182,9192.0,27720.0,59181
59183,9192.0,27785.0,59182
59184,9192.0,27631.0,59183
59185,9192.0,27631.0,59184
59186,9192.0,27631.0,59185
59187,9192.0,27778.0,59186
59188,9192.0,27468.0,59187
59189,9192.0,29943.0,59188
59190,9192.0,30267.0,59189
59191,9192.0,30296.0,59190
59192,9192.0,30324.0,59191
59193,9192.0,30516.0,59192
59194,9192.0,31321.0,59193
59195,9192.0,31083.0,59194
59196,9192.0,30939.0,59195
59197,9192.0,30915.0,59196
59198,9192.0,30707.0,59197
59199,9192.0,30476.0,59198
59200,9192.0,30592.0,59199
59201,9192.0,30592.0,59200
59202,9192.0,30637.0,59201
59203,9192.0,30730.0,59202
59204,9192.0,30704.0,59203
59205,9192.0,30687.0,59204
59206,9192.0,30789.0,59205
59207,9192.0,31193.0,59206
59208,9192.0,31427.0,59207
59209,9192.0,31427.0,59208
59210,9192.0,31422.0,59209
59211,9192.0,31228.0,59210
59212,9192.0,31928.0,59211
59213,9192.0,31863.0,59212
59214,9192.0,31495.0,59213
59215,9192.0,30853.0,59214
59216,9192.0,30736.0,59215
59217,9192.0,30762.0,59216
59218,9192.0,30762.0,59217
59219,9192.0,30702.0,59218
59220,9192.0,30654.0,59219
59221,9192.0,29389.0,59220
59222,9192.0,29574.0,59221
59223,9192.0,29281.0,59222
59224,9192.0,27395.0,59223
59225,9192.0,27111.0,59224
59226,9192.0,26706.0,59225
59227,9192.0,26731.0,59226
59228,9192.0,25593.0,59227
59229,9192.0,25593.0,59228
59230,9192.0,25624.0,59229
59231,9192.0,25443.0,59230
59232,9192.0,25256.0,59231
59233,9192.0,25256.0,59232
59234,9192.0,25041.0,59233
59235,9192.0,25041.0,59234
59236,9192.0,25041.0,59235
59237,9192.0,24636.0,59236
59238,9192.0,24674.0,59237
59239,9192.0,23610.0,59238
59240,9192.0,23625.0,59239
59241,9192.0,23625.0,59240
59242,9192.0,25056.0,59241
59243,9192.0,25164.0,59242
59244,9192.0,26792.0,59243
59245,9192.0,27031.0,59244
59246,9192.0,25383.0,59245
59247,9192.0,25383.0,59246
59248,9192.0,25383.0,59247
59249,9192.0,26435.0,59248
59250,9192.0,26168.0,59249
59251,9192.0,26168.0,59250
59252,9192.0,26173.0,59251
59253,9192.0,26559.0,59252
59254,9192.0,26559.0,59253
59255,9192.0,27664.0,59254
59256,9192.0,27511.0,59255
59257,9192.0,27511.0,59256
59258,9192.0,28363.0,59257
59259,9192.0,28300.0,59258
59260,9192.0,28726.0,59259
59261,9192.0,28913.0,59260
59262,9192.0,28913.0,59261
59263,9192.0,28585.0,59262
59264,9192.0,28589.0,59263
59265,9192.0,28379.0,59264
59266,9192.0,28826.0,59265
59267,9192.0,28974.0,59266
59268,9192.0,28974.0,59267
59269,9192.0,28877.0,59268
59270,9192.0,29473.0,59269
59271,9192.0,28180.0,59270
59272,9192.0,27963.0,59271
59273,9192.0,27984.0,59272
59274,9192.0,26835.0,59273
59275,9192.0,26758.0,59274
59276,9192.0,26949.0,59275
59277,9192.0,26929.0,59276
59278,9192.0,26985.0,59277
59279,9192.0,27463.0,59278
59280,9192.0,27450.0,59279
59281,9192.0,27895.0,59280
59282,9192.0,27294.0,59281
59283,9192.0,27294.0,59282
59284,9192.0,27305.0,59283
59285,9192.0,27912.0,59284
59286,9192.0,27950.0,59285
59287,9192.0,27721.0,59286
59288,9192.0,27391.0,59287
59289,9192.0,27450.0,59288
59290,9192.0,27470.0,59289
59291,9192.0,27470.0,59290
59292,9192.0,27329.0,59291
59293,9192.0,27211.0,59292
59294,9192.0,27252.0,59293
59295,9192.0,28030.0,59294
59296,9192.0,28020.0,59295
59297,9192.0,27773.0,59296
59298,9192.0,27538.0,59297
59299,9192.0,27264.0,59298
59300,9192.0,26807.0,59299
59301,9192.0,26678.0,59300
59302,9192.0,26893.0,59301
59303,9192.0,26893.0,59302
59304,9192.0,26476.0,59303
59305,9192.0,26254.0,59304
59306,9192.0,26242.0,59305
59307,9192.0,26241.0,59306
59308,9192.0,26241.0,59307
59309,9192.0,26374.0,59308
59310,9192.0,26417.0,59309
59311,9192.0,26417.0,59310
59312,9192.0,26417.0,59311
59313,9192.0,25925.0,59312
59314,9192.0,26061.0,59313
59315,9192.0,26510.0,59314
59316,9192.0,26489.0,59315
59317,9192.0,26862.0,59316
59318,9192.0,27945.0,59317
59319,9192.0,28926.0,59318
59320,9192.0,27963.0,59319
59321,9192.0,27598.0,59320
59322,9192.0,27301.0,59321
59323,9192.0,26089.0,59322
59324,9192.0,26089.0,59323
59325,9192.0,25679.0,59324
59326,9192.0,25679.0,59325
59327,9192.0,25710.0,59326
59328,9192.0,25710.0,59327
59329,9192.0,26384.0,59328
59330,9192.0,26550.0,59329
59331,9192.0,26533.0,59330
59332,9192.0,26533.0,59331
59333,9192.0,26845.0,59332
59334,9192.0,27045.0,59333
59335,9192.0,27045.0,59334
59336,9192.0,27813.0,59335
59337,9192.0,28310.0,59336
59338,9192.0,28457.0,59337
59339,9192.0,29510.0,59338
59340,9192.0,29714.0,59339
59341,9192.0,30849.0,59340
59342,9192.0,30838.0,59341
59343,9192.0,30846.0,59342
59344,9192.0,30862.0,59343
59345,9192.0,30983.0,59344
59346,9192.0,30798.0,59345
59347,9192.0,30790.0,59346
59348,9192.0,30821.0,59347
59349,9192.0,31129.0,59348
59350,9192.0,31166.0,59349
59351,9192.0,31195.0,59350
59352,9192.0,31065.0,59351
59353,9192.0,31011.0,59352
59354,9192.0,31448.0,59353
59355,9192.0,31212.0,59354
59356,9192.0,31398.0,59355
59357,9192.0,31350.0,59356
59358,9192.0,31127.0,59357
59359,9192.0,30962.0,59358
59360,9192.0,30535.0,59359
59361,9192.0,30599.0,59360
59362,9192.0,31132.0,59361
59363,9192.0,31279.0,59362
59364,9192.0,31469.0,59363
59365,9192.0,31006.0,59364
59366,9192.0,31141.0,59365
59367,9192.0,30818.0,59366
59368,9192.0,30818.0,59367
59369,9192.0,30770.0,59368
59370,9192.0,30781.0,59369
59371,9192.0,30625.0,59370
59372,9192.0,30660.0,59371
59373,9192.0,30668.0,59372
59374,9192.0,30414.0,59373
59375,9192.0,30528.0,59374
59376,9192.0,30560.0,59375
59377,9192.0,30692.0,59376
59378,9192.0,29463.0,59377
59379,9192.0,27934.0,59378
59380,9192.0,29160.0,59379
59381,9192.0,29233.0,59380
59382,9192.0,29011.0,59381
59383,9192.0,28808.0,59382
59384,9192.0,28322.0,59383
59385,9192.0,28130.0,59384
59386,9192.0,28354.0,59385
59387,9192.0,28354.0,59386
59388,9192.0,28197.0,59387
59389,9192.0,28107.0,59388
59390,9192.0,28071.0,59389
59391,9192.0,28140.0,59390
59392,9192.0,28255.0,59391
59393,9192.0,28245.0,59392
59394,9192.0,28765.0,59393
59395,9192.0,28668.0,59394
59396,9192.0,28668.0,59395
59397,9192.0,28668.0,59396
59398,9192.0,27403.0,59397
59399,9192.0,27529.0,59398
59400,9192.0,27424.0,59399
59401,9192.0,27149.0,59400
59402,9192.0,27448.0,59401
59403,9192.0,28334.0,59402
59404,9192.0,28823.0,59403
59405,9192.0,28795.0,59404
59406,9192.0,28689.0,59405
59407,9192.0,28458.0,59406
59408,9192.0,28450.0,59407
59409,9192.0,29019.0,59408
59410,9192.0,29019.0,59409
59411,9192.0,29466.0,59410
59412,9192.0,30108.0,59411
59413,9192.0,30124.0,59412
59414,9192.0,30278.0,59413
59415,9192.0,30349.0,59414
59416,9192.0,30359.0,59415
59417,9192.0,29790.0,59416
59418,9192.0,29955.0,59417
59419,9192.0,29184.0,59418
59420,9192.0,28953.0,59419
59421,9192.0,29015.0,59420
59422,9192.0,29727.0,59421
59423,9192.0,30028.0,59422
59424,9192.0,29891.0,59423
59425,9192.0,30226.0,59424
59426,9192.0,29907.0,59425
59427,9192.0,29885.0,59426
59428,9192.0,29975.0,59427
59429,9192.0,29798.0,59428
59430,9192.0,29886.0,59429
59431,9192.0,30266.0,59430
59432,9192.0,30220.0,59431
59433,9192.0,30441.0,59432
59434,9192.0,30463.0,59433
59435,9192.0,29352.0,59434
59436,9192.0,29297.0,59435
59437,9192.0,29297.0,59436
59438,9192.0,29124.0,59437
59439,9192.0,28428.0,59438
59440,9192.0,28461.0,59439
59441,9192.0,28739.0,59440
59442,9192.0,28836.0,59441
59443,9192.0,28836.0,59442
59444,9192.0,27518.0,59443
59445,9192.0,28853.0,59444
59446,9192.0,28921.0,59445
59447,9192.0,28873.0,59446
59448,9192.0,27849.0,59447
59449,9192.0,27419.0,59448
59450,9192.0,27271.0,59449
59451,9192.0,27418.0,59450
59452,9192.0,27120.0,59451
59453,9192.0,27636.0,59452
59454,9192.0,28186.0,59453
59455,9192.0,29242.0,59454
59456,9192.0,29127.0,59455
59457,9192.0,29892.0,59456
59458,9192.0,30431.0,59457
59459,9192.0,30263.0,59458
59460,9192.0,30115.0,59459
59461,9192.0,29856.0,59460
59462,9192.0,29841.0,59461
59463,9192.0,29586.0,59462
59464,9192.0,29744.0,59463
59465,9192.0,29682.0,59464
59466,9192.0,29706.0,59465
59467,9192.0,29572.0,59466
59468,9192.0,29985.0,59467
59469,9192.0,29786.0,59468
59470,9192.0,28897.0,59469
59471,9192.0,29376.0,59470
59472,9192.0,29335.0,59471
59473,9192.0,29193.0,59472
59474,9192.0,29169.0,59473
59475,9192.0,29169.0,59474
59476,9192.0,27455.0,59475
59477,9192.0,27100.0,59476
59478,9192.0,28636.0,59477
59479,9192.0,29810.0,59478
59480,9192.0,30069.0,59479
59481,9192.0,30069.0,59480
59482,9192.0,30237.0,59481
59483,9192.0,30184.0,59482
59484,9192.0,29791.0,59483
59485,9192.0,29837.0,59484
59486,9192.0,29788.0,59485
59487,9192.0,29788.0,59486
59488,9192.0,29936.0,59487
59489,9192.0,30066.0,59488
59490,9192.0,31152.0,59489
59491,9192.0,31152.0,59490
59492,9192.0,31322.0,59491
59493,9192.0,31543.0,59492
59494,9192.0,31743.0,59493
59495,9192.0,31286.0,59494
59496,9192.0,31901.0,59495
59497,9192.0,31905.0,59496
59498,9192.0,30378.0,59497
59499,9192.0,30411.0,59498
59500,9192.0,30362.0,59499
59501,9192.0,30227.0,59500
59502,9192.0,30329.0,59501
59503,9192.0,29767.0,59502
59504,9192.0,30030.0,59503
59505,9192.0,30025.0,59504
59506,9192.0,30060.0,59505
59507,9192.0,30068.0,59506
59508,9192.0,30176.0,59507
59509,9192.0,30711.0,59508
59510,9192.0,30718.0,59509
59511,9192.0,31179.0,59510
59512,9192.0,31343.0,59511
59513,9192.0,31158.0,59512
59514,9192.0,31095.0,59513
59515,9192.0,30956.0,59514
59516,9192.0,30943.0,59515
59517,9192.0,31258.0,59516
59518,9192.0,31258.0,59517
59519,9192.0,30000.0,59518
59520,9192.0,30147.0,59519
59521,9192.0,29958.0,59520
59522,9192.0,29516.0,59521
59523,9192.0,29511.0,59522
59524,9192.0,29380.0,59523
59525,9192.0,29476.0,59524
59526,9192.0,30821.0,59525
59527,9192.0,31037.0,59526
59528,9192.0,30784.0,59527
59529,9192.0,30418.0,59528
59530,9192.0,30187.0,59529
59531,9192.0,30356.0,59530
59532,9192.0,30952.0,59531
59533,9192.0,31043.0,59532
59534,9192.0,30548.0,59533
59535,9192.0,30486.0,59534
59536,9192.0,30880.0,59535
59537,9192.0,30541.0,59536
59538,9192.0,30561.0,59537
59539,9192.0,31166.0,59538
59540,9192.0,30276.0,59539
59541,9192.0,30247.0,59540
59542,9192.0,30156.0,59541
59543,9192.0,30131.0,59542
59544,9192.0,30150.0,59543
59545,9192.0,30190.0,59544
59546,9192.0,30522.0,59545
59547,9192.0,30173.0,59546
59548,9192.0,30554.0,59547
59549,9192.0,30252.0,59548
59550,9192.0,30519.0,59549
59551,9192.0,30530.0,59550
59552,9192.0,30544.0,59551
59553,9192.0,30373.0,59552
59554,9192.0,30373.0,59553
59555,9192.0,29516.0,59554
59556,9192.0,29618.0,59555
59557,9192.0,29260.0,59556
59558,9192.0,29213.0,59557
59559,9192.0,29000.0,59558
59560,9192.0,29000.0,59559
59561,9192.0,28943.0,59560
59562,9192.0,28653.0,59561
59563,9192.0,28828.0,59562
59564,9192.0,28794.0,59563
59565,9192.0,28419.0,59564
59566,9192.0,28105.0,59565
59567,9192.0,27856.0,59566
59568,9192.0,27920.0,59567
59569,9192.0,27319.0,59568
59570,9192.0,27308.0,59569
59571,9192.0,27860.0,59570
59572,9192.0,27862.0,59571
59573,9192.0,28854.0,59572
59574,9192.0,28444.0,59573
59575,9192.0,28649.0,59574
59576,9192.0,29018.0,59575
59577,9192.0,29067.0,59576
59578,9192.0,29014.0,59577
59579,9192.0,29907.0,59578
59580,9192.0,29477.0,59579
59581,9192.0,29503.0,59580
59582,9192.0,29438.0,59581
59583,9192.0,29415.0,59582
59584,9192.0,29808.0,59583
59585,9192.0,30239.0,59584
59586,9192.0,30369.0,59585
59587,9192.0,30403.0,59586
59588,9192.0,29913.0,59587
59589,9192.0,29103.0,59588
59590,9192.0,29033.0,59589
59591,9192.0,29217.0,59590
59592,9192.0,29067.0,59591
59593,9192.0,29157.0,59592
59594,9192.0,28991.0,59593
59595,9192.0,29216.0,59594
59596,9192.0,29216.0,59595
59597,9192.0,29216.0,59596
59598,9192.0,29401.0,59597
59599,9192.0,29279.0,59598
59600,9192.0,28880.0,59599
59601,9192.0,29134.0,59600
59602,9192.0,27914.0,59601
59603,9192.0,28261.0,59602
59604,9192.0,29373.0,59603
59605,9192.0,28410.0,59604
59606,9192.0,28381.0,59605
59607,9192.0,27915.0,59606
59608,9192.0,27967.0,59607
59609,9192.0,28062.0,59608
59610,9192.0,28626.0,59609
59611,9192.0,27293.0,59610
59612,9192.0,26103.0,59611
59613,9192.0,25897.0,59612
59614,9192.0,25897.0,59613
59615,9192.0,25883.0,59614
59616,9192.0,26140.0,59615
59617,9192.0,27334.0,59616
59618,9192.0,26679.0,59617
59619,9192.0,26881.0,59618
59620,9192.0,26874.0,59619
59621,9192.0,27475.0,59620
59622,9192.0,27325.0,59621
59623,9192.0,27323.0,59622
59624,9192.0,27482.0,59623
59625,9192.0,28292.0,59624
59626,9192.0,28287.0,59625
59627,9192.0,28455.0,59626
59628,9192.0,28326.0,59627
59629,9192.0,28287.0,59628
59630,9192.0,27918.0,59629
59631,9192.0,28357.0,59630
59632,9192.0,28357.0,59631
59633,9192.0,28382.0,59632
59634,9192.0,28346.0,59633
59635,9192.0,28925.0,59634
59636,9192.0,30005.0,59635
59637,9192.0,30005.0,59636
59638,9192.0,29824.0,59637
59639,9192.0,29375.0,59638
59640,9192.0,28901.0,59639
59641,9192.0,28652.0,59640
59642,9192.0,28223.0,59641
59643,9192.0,28508.0,59642
59644,9192.0,28478.0,59643
59645,9192.0,28897.0,59644
59646,9192.0,29008.0,59645
59647,9192.0,29008.0,59646
59648,9192.0,28995.0,59647
59649,9192.0,28954.0,59648
59650,9192.0,27154.0,59649
59651,9192.0,26914.0,59650
59652,9192.0,26843.0,59651
59653,9192.0,26786.0,59652
59654,9192.0,26589.0,59653
59655,9192.0,27372.0,59654
59656,9192.0,27386.0,59655
59657,9192.0,27846.0,59656
59658,9192.0,27453.0,59657
59659,9192.0,27910.0,59658
59660,9192.0,27894.0,59659
59661,9192.0,27883.0,59660
59662,9192.0,28034.0,59661
59663,9192.0,28193.0,59662
59664,9192.0,27980.0,59663
59665,9192.0,27887.0,59664
59666,9192.0,27887.0,59665
59667,9192.0,28369.0,59666
59668,9192.0,28369.0,59667
59669,9192.0,28914.0,59668
59670,9192.0,28869.0,59669
59671,9192.0,29172.0,59670
59672,9192.0,28050.0,59671
59673,9192.0,28017.0,59672
59674,9192.0,28024.0,59673
59675,9192.0,28163.0,59674
59676,9192.0,28720.0,59675
59677,9192.0,29229.0,59676
59678,9192.0,29004.0,59677
59679,9192.0,29147.0,59678
59680,9192.0,29390.0,59679
59681,9192.0,29571.0,59680
59682,9192.0,29640.0,59681
59683,9192.0,29640.0,59682
59684,9192.0,29585.0,59683
59685,9192.0,29492.0,59684
59686,9192.0,29674.0,59685
59687,9192.0,28598.0,59686
59688,9192.0,28511.0,59687
59689,9192.0,28511.0,59688
59690,9192.0,27948.0,59689
59691,9192.0,28131.0,59690
59692,9192.0,28213.0,59691
59693,9192.0,28435.0,59692
59694,9192.0,28940.0,59693
59695,9192.0,29195.0,59694
59696,9192.0,28807.0,59695
59697,9192.0,28812.0,59696
59698,9192.0,28885.0,59697
59699,9192.0,28885.0,59698
59700,9192.0,29019.0,59699
59701,9192.0,30052.0,59700
59702,9192.0,29963.0,59701
59703,9192.0,30132.0,59702
59704,9192.0,30308.0,59703
59705,9192.0,30068.0,59704
59706,9192.0,29572.0,59705
59707,9192.0,29576.0,59706
59708,9192.0,29060.0,59707
59709,9192.0,29641.0,59708
59710,9192.0,28099.0,59709
59711,9192.0,28099.0,59710
59712,9192.0,28219.0,59711
59713,9192.0,27851.0,59712
59714,9192.0,27432.0,59713
59715,9192.0,26916.0,59714
59716,9192.0,27484.0,59715
59717,9192.0,27017.0,59716
59718,9192.0,28372.0,59717
59719,9192.0,28378.0,59718
59720,9192.0,28624.0,59719
59721,9192.0,28783.0,59720
59722,9192.0,29319.0,59721
59723,9192.0,28930.0,59722
59724,9192.0,29511.0,59723
59725,9192.0,28654.0,59724
59726,9192.0,28463.0,59725
59727,9192.0,28170.0,59726
59728,9192.0,27879.0,59727
59729,9192.0,28136.0,59728
59730,9192.0,28105.0,59729
59731,9192.0,27512.0,59730
59732,9192.0,27519.0,59731
59733,9192.0,27519.0,59732
59734,9192.0,27935.0,59733
59735,9192.0,27270.0,59734
59736,9192.0,27270.0,59735
59737,9192.0,26987.0,59736
59738,9192.0,26998.0,59737
59739,9192.0,27388.0,59738
59740,9192.0,27042.0,59739
59741,9192.0,27042.0,59740
59742,9192.0,27525.0,59741
59743,9192.0,27525.0,59742
59744,9192.0,27100.0,59743
59745,9192.0,27050.0,59744
59746,9192.0,27050.0,59745
59747,9192.0,27144.0,59746
59748,9192.0,27282.0,59747
59749,9192.0,27476.0,59748
59750,9192.0,27598.0,59749
59751,9192.0,27181.0,59750
59752,9192.0,28482.0,59751
59753,9192.0,28181.0,59752
59754,9192.0,28192.0,59753
59755,9192.0,28287.0,59754
59756,9192.0,28102.0,59755
59757,9192.0,27997.0,59756
59758,9192.0,27594.0,59757
59759,9192.0,28416.0,59758
59760,9192.0,28456.0,59759
59761,9192.0,28486.0,59760
59762,9192.0,28486.0,59761
59763,9192.0,29091.0,59762
59764,9192.0,29131.0,59763
59765,9192.0,29182.0,59764
59766,9192.0,29323.0,59765
59767,9192.0,29696.0,59766
59768,9192.0,29624.0,59767
59769,9192.0,29594.0,59768
59770,9192.0,29743.0,59769
59771,9192.0,29262.0,59770
59772,9192.0,29257.0,59771
59773,9192.0,29234.0,59772
59774,9192.0,29272.0,59773
59775,9192.0,29417.0,59774
59776,9192.0,28825.0,59775
59777,9192.0,28874.0,59776
59778,9192.0,28892.0,59777
59779,9192.0,28870.0,59778
59780,9192.0,28486.0,59779
59781,9192.0,29317.0,59780
59782,9192.0,29721.0,59781
59783,9192.0,29793.0,59782
59784,9192.0,29427.0,59783
59785,9192.0,29130.0,59784
59786,9192.0,29067.0,59785
59787,9192.0,29081.0,59786
59788,9192.0,28506.0,59787
59789,9192.0,27496.0,59788
59790,9192.0,27875.0,59789
59791,9192.0,27875.0,59790
59792,9192.0,27501.0,59791
59793,9192.0,27757.0,59792
59794,9192.0,27900.0,59793
59795,9192.0,28800.0,59794
59796,9192.0,28586.0,59795
59797,9192.0,28399.0,59796
59798,9192.0,28482.0,59797
59799,9192.0,28483.0,59798
59800,9192.0,28203.0,59799
59801,9192.0,27732.0,59800
59802,9192.0,27727.0,59801
59803,9192.0,27492.0,59802
59804,9192.0,27509.0,59803
59805,9192.0,27420.0,59804
59806,9192.0,27273.0,59805
59807,9192.0,26548.0,59806
59808,9192.0,26679.0,59807
59809,9192.0,26078.0,59808
59810,9192.0,26332.0,59809
59811,9192.0,26753.0,59810
59812,9192.0,26968.0,59811
59813,9192.0,27685.0,59812
59814,9192.0,27057.0,59813
59815,9192.0,26572.0,59814
59816,9192.0,27033.0,59815
59817,9192.0,27411.0,59816
59818,9192.0,27317.0,59817
59819,9192.0,27312.0,59818
59820,9192.0,25616.0,59819
59821,9192.0,25616.0,59820
59822,9192.0,24880.0,59821
59823,9192.0,24784.0,59822
59824,9192.0,25159.0,59823
59825,9192.0,25159.0,59824
59826,9192.0,25345.0,59825
59827,9192.0,25433.0,59826
59828,9192.0,25433.0,59827
59829,9192.0,27156.0,59828
59830,9192.0,27156.0,59829
59831,9192.0,27376.0,59830
59832,9192.0,27642.0,59831
59833,9192.0,27451.0,59832
59834,9192.0,27229.0,59833
59835,9192.0,27477.0,59834
59836,9192.0,27418.0,59835
59837,9192.0,25844.0,59836
59838,9192.0,25985.0,59837
59839,9192.0,25889.0,59838
59840,9192.0,25898.0,59839
59841,9192.0,26453.0,59840
59842,9192.0,27084.0,59841
59843,9192.0,28341.0,59842
59844,9192.0,28224.0,59843
59845,9192.0,27988.0,59844
59846,9192.0,27806.0,59845
59847,9192.0,27539.0,59846
59848,9192.0,27539.0,59847
59849,9192.0,27291.0,59848
59850,9192.0,27495.0,59849
59851,9192.0,27494.0,59850
59852,9192.0,28330.0,59851
59853,9192.0,28262.0,59852
59854,9192.0,28613.0,59853
59855,9192.0,29873.0,59854
59856,9192.0,29459.0,59855
59857,9192.0,29676.0,59856
59858,9192.0,29693.0,59857
59859,9192.0,29693.0,59858
59860,9192.0,30025.0,59859
59861,9192.0,29787.0,59860
59862,9192.0,29757.0,59861
59863,9192.0,29756.0,59862
59864,9192.0,29757.0,59863
59865,9192.0,29742.0,59864
59866,9192.0,30763.0,59865
59867,9192.0,30721.0,59866
59868,9192.0,30694.0,59867
59869,9192.0,32051.0,59868
59870,9192.0,31501.0,59869
59871,9192.0,31498.0,59870
59872,9192.0,31187.0,59871
59873,9192.0,31696.0,59872
59874,9192.0,31984.0,59873
59875,9192.0,32173.0,59874
59876,9192.0,33003.0,59875
59877,9192.0,33003.0,59876
59878,9192.0,32856.0,59877
59879,9192.0,32792.0,59878
59880,9192.0,32710.0,59879
59881,9192.0,31878.0,59880
59882,9192.0,31979.0,59881
59883,9192.0,31641.0,59882
59884,9192.0,31789.0,59883
59885,9192.0,30833.0,59884
59886,9192.0,30940.0,59885
59887,9192.0,30814.0,59886
59888,9192.0,30729.0,59887
59889,9192.0,30514.0,59888
59890,9192.0,30434.0,59889
59891,9192.0,30742.0,59890
59892,9192.0,30670.0,59891
59893,9192.0,30517.0,59892
59894,9192.0,30367.0,59893
59895,9192.0,29062.0,59894
59896,9192.0,29440.0,59895
59897,9192.0,29349.0,59896
59898,9192.0,29349.0,59897
59899,9192.0,29092.0,59898
59900,9192.0,29092.0,59899
59901,9192.0,29292.0,59900
59902,9192.0,29548.0,59901
59903,9192.0,29559.0,59902
59904,9192.0,30288.0,59903
59905,9192.0,30038.0,59904
59906,9192.0,29609.0,59905
59907,9192.0,28942.0,59906
59908,9192.0,29236.0,59907
59909,9192.0,29224.0,59908
59910,9192.0,29348.0,59909
59911,9192.0,29214.0,59910
59912,9192.0,29607.0,59911
59913,9192.0,29082.0,59912
59914,9192.0,30114.0,59913
59915,9192.0,30064.0,59914
59916,9192.0,30621.0,59915
59917,9192.0,30619.0,59916
59918,9192.0,30707.0,59917
59919,9192.0,30542.0,59918
59920,9192.0,30390.0,59919
59921,9192.0,30105.0,59920
59922,9192.0,29744.0,59921
59923,9192.0,29744.0,59922
59924,9192.0,29739.0,59923
59925,9192.0,29436.0,59924
59926,9192.0,29323.0,59925
59927,9192.0,30097.0,59926
59928,9192.0,30389.0,59927
59929,9192.0,30430.0,59928
59930,9192.0,29957.0,59929
59931,9192.0,29795.0,59930
59932,9192.0,30070.0,59931
59933,9192.0,30583.0,59932
59934,9192.0,30832.0,59933
59935,9192.0,30159.0,59934
59936,9192.0,30142.0,59935
59937,9192.0,29834.0,59936
59938,9192.0,30257.0,59937
59939,9192.0,30696.0,59938
59940,9192.0,29925.0,59939
59941,9192.0,29240.0,59940
59942,9192.0,30059.0,59941
59943,9192.0,30313.0,59942
59944,9192.0,30380.0,59943
59945,9192.0,30761.0,59944
59946,9192.0,30323.0,59945
59947,9192.0,29634.0,59946
59948,9192.0,29634.0,59947
59949,9192.0,29958.0,59948
59950,9192.0,29958.0,59949
59951,9192.0,29972.0,59950
59952,9192.0,30006.0,59951
59953,9192.0,30512.0,59952
59954,9192.0,29594.0,59953
59955,9192.0,29500.0,59954
59956,9192.0,30524.0,59955
59957,9192.0,30154.0,59956
59958,9192.0,29943.0,59957
59959,9192.0,29640.0,59958
59960,9192.0,29640.0,59959
59961,9192.0,29562.0,59960
59962,9192.0,29650.0,59961
59963,9192.0,29627.0,59962
59964,9192.0,29819.0,59963
59965,9192.0,30122.0,59964
59966,9192.0,30389.0,59965
59967,9192.0,30261.0,59966
59968,9192.0,30350.0,59967
59969,9192.0,30953.0,59968
59970,9192.0,28814.0,59969
59971,9192.0,28986.0,59970
59972,9192.0,28950.0,59971
59973,9192.0,28375.0,59972
59974,9192.0,26925.0,59973
59975,9192.0,26925.0,59974
59976,9192.0,27367.0,59975
59977,9192.0,27949.0,59976
59978,9192.0,27785.0,59977
59979,9192.0,28010.0,59978
59980,9192.0,27794.0,59979
59981,9192.0,28936.0,59980
59982,9192.0,28889.0,59981
59983,9192.0,28892.0,59982
59984,9192.0,29802.0,59983
59985,9192.0,30744.0,59984
59986,9192.0,30638.0,59985
59987,9192.0,30254.0,59986
59988,9192.0,29963.0,59987
59989,9192.0,29622.0,59988
59990,9192.0,29266.0,59989
59991,9192.0,29074.0,59990
59992,9192.0,28607.0,59991
59993,9192.0,28228.0,59992
59994,9192.0,28092.0,59993
59995,9192.0,26510.0,59994
59996,9192.0,26466.0,59995
59997,9192.0,26503.0,59996
59998,9192.0,26595.0,59997
59999,9192.0,26595.0,59998
60000,9192.0,27135.0,59999
60001,9192.0,27144.0,60000
60002,9192.0,27010.0,60001
60003,9192.0,27010.0,60002
60004,9192.0,27135.0,60003
60005,9192.0,27367.0,60004
60006,9192.0,27024.0,60005
60007,9192.0,26958.0,60006
60008,9192.0,26681.0,60007
60009,9192.0,27357.0,60008
60010,9192.0,27357.0,60009
60011,9192.0,27413.0,60010
60012,9192.0,27412.0,60011
60013,9192.0,27414.0,60012
60014,9192.0,27164.0,60013
60015,9192.0,27475.0,60014
60016,9192.0,28035.0,60015
60017,9192.0,27895.0,60016
60018,9192.0,27872.0,60017
60019,9192.0,27840.0,60018
60020,9192.0,27370.0,60019
60021,9192.0,29795.0,60020
60022,9192.0,29781.0,60021
60023,9192.0,29659.0,60022
60024,9192.0,30649.0,60023
60025,9192.0,29643.0,60024
60026,9192.0,29540.0,60025
60027,9192.0,30497.0,60026
60028,9192.0,30114.0,60027
60029,9192.0,30237.0,60028
60030,9192.0,29755.0,60029
60031,9192.0,29753.0,60030
60032,9192.0,29564.0,60031
60033,9192.0,29633.0,60032
60034,9192.0,29368.0,60033
60035,9192.0,29595.0,60034
60036,9192.0,29573.0,60035
60037,9192.0,29535.0,60036
60038,9192.0,29697.0,60037
60039,9192.0,28901.0,60038
60040,9192.0,29184.0,60039
60041,9192.0,28732.0,60040
60042,9192.0,29432.0,60041
60043,9192.0,29749.0,60042
60044,9192.0,29159.0,60043
60045,9192.0,28890.0,60044
60046,9192.0,28890.0,60045
60047,9192.0,28821.0,60046
60048,9192.0,28253.0,60047
60049,9192.0,28340.0,60048
60050,9192.0,28720.0,60049
60051,9192.0,28768.0,60050
60052,9192.0,29246.0,60051
60053,9192.0,29369.0,60052
60054,9192.0,28418.0,60053
60055,9192.0,28446.0,60054
60056,9192.0,28260.0,60055
60057,9192.0,28258.0,60056
60058,9192.0,28210.0,60057
60059,9192.0,28210.0,60058
60060,9192.0,28073.0,60059
60061,9192.0,28195.0,60060
60062,9192.0,27757.0,60061
60063,9192.0,29352.0,60062
60064,9192.0,29251.0,60063
60065,9192.0,29412.0,60064
60066,9192.0,27252.0,60065
60067,9192.0,27252.0,60066
60068,9192.0,27209.0,60067
60069,9192.0,27100.0,60068
60070,9192.0,27135.0,60069
60071,9192.0,27135.0,60070
60072,9192.0,27278.0,60071
60073,9192.0,27295.0,60072
60074,9192.0,26850.0,60073
60075,9192.0,27109.0,60074
60076,9192.0,27109.0,60075
60077,9192.0,27331.0,60076
60078,9192.0,27018.0,60077
60079,9192.0,26938.0,60078
60080,9192.0,26831.0,60079
60081,9192.0,27428.0,60080
60082,9192.0,27862.0,60081
60083,9192.0,28360.0,60082
60084,9192.0,28388.0,60083
60085,9192.0,28427.0,60084
60086,9192.0,29068.0,60085
60087,9192.0,29245.0,60086
60088,9192.0,29438.0,60087
60089,9192.0,29663.0,60088
60090,9192.0,28536.0,60089
60091,9192.0,28536.0,60090
60092,9192.0,27851.0,60091
60093,9192.0,27809.0,60092
60094,9192.0,27865.0,60093
60095,9192.0,28625.0,60094
60096,9192.0,28691.0,60095
60097,9192.0,28536.0,60096
60098,9192.0,28535.0,60097
60099,9192.0,28577.0,60098
60100,9192.0,27951.0,60099
60101,9192.0,27903.0,60100
60102,9192.0,27903.0,60101
60103,9192.0,28053.0,60102
60104,9192.0,27797.0,60103
60105,9192.0,27994.0,60104
60106,9192.0,28142.0,60105
60107,9192.0,27931.0,60106
60108,9192.0,27931.0,60107
60109,9192.0,27969.0,60108
60110,9192.0,28109.0,60109
60111,9192.0,28187.0,60110
60112,9192.0,28256.0,60111
60113,9192.0,28572.0,60112
60114,9192.0,29997.0,60113
60115,9192.0,29997.0,60114
60116,9192.0,28773.0,60115
60117,9192.0,29025.0,60116
60118,9192.0,29041.0,60117
60119,9192.0,29097.0,60118
60120,9192.0,29318.0,60119
60121,9192.0,28685.0,60120
60122,9192.0,27560.0,60121
60123,9192.0,27793.0,60122
60124,9192.0,27846.0,60123
60125,9192.0,27830.0,60124
60126,9192.0,27998.0,60125
60127,9192.0,28373.0,60126
60128,9192.0,29378.0,60127
60129,9192.0,29654.0,60128
60130,9192.0,29926.0,60129
60131,9192.0,29788.0,60130
60132,9192.0,29823.0,60131
60133,9192.0,29426.0,60132
60134,9192.0,29778.0,60133
60135,9192.0,29304.0,60134
60136,9192.0,28619.0,60135
60137,9192.0,27685.0,60136
60138,9192.0,27403.0,60137
60139,9192.0,28225.0,60138
60140,9192.0,28061.0,60139
60141,9192.0,27420.0,60140
60142,9192.0,27420.0,60141
60143,9192.0,27953.0,60142
60144,9192.0,27405.0,60143
60145,9192.0,27272.0,60144
60146,9192.0,27272.0,60145
60147,9192.0,27728.0,60146
60148,9192.0,27678.0,60147
60149,9192.0,27704.0,60148
60150,9192.0,27405.0,60149
60151,9192.0,26179.0,60150
60152,9192.0,26320.0,60151
60153,9192.0,26434.0,60152
60154,9192.0,26711.0,60153
60155,9192.0,28222.0,60154
60156,9192.0,28222.0,60155
60157,9192.0,27776.0,60156
60158,9192.0,28713.0,60157
60159,9192.0,27923.0,60158
60160,9192.0,27786.0,60159
60161,9192.0,27799.0,60160
60162,9192.0,27794.0,60161
60163,9192.0,27920.0,60162
60164,9192.0,28704.0,60163
60165,9192.0,28484.0,60164
60166,9192.0,28681.0,60165
60167,9192.0,30166.0,60166
60168,9192.0,30138.0,60167
60169,9192.0,29911.0,60168
60170,9192.0,29910.0,60169
60171,9192.0,29679.0,60170
60172,9192.0,29711.0,60171
60173,9192.0,29731.0,60172
60174,9192.0,29731.0,60173
60175,9192.0,29731.0,60174
60176,9192.0,29882.0,60175
60177,9192.0,29616.0,60176
60178,9192.0,27937.0,60177
60179,9192.0,27795.0,60178
60180,9192.0,28344.0,60179
60181,9192.0,28303.0,60180
60182,9192.0,28121.0,60181
60183,9192.0,28012.0,60182
60184,9192.0,27942.0,60183
60185,9192.0,27945.0,60184
60186,9192.0,27909.0,60185
60187,9192.0,27902.0,60186
60188,9192.0,27864.0,60187
60189,9192.0,28012.0,60188
60190,9192.0,28061.0,60189
60191,9192.0,28055.0,60190
60192,9192.0,27352.0,60191
60193,9192.0,28808.0,60192
60194,9192.0,28767.0,60193
60195,9192.0,28759.0,60194
60196,9192.0,28765.0,60195
60197,9192.0,28778.0,60196
60198,9192.0,28805.0,60197
60199,9192.0,29316.0,60198
60200,9192.0,28440.0,60199
60201,9192.0,28653.0,60200
60202,9192.0,28461.0,60201
60203,9192.0,28512.0,60202
60204,9192.0,29843.0,60203
60205,9192.0,29123.0,60204
60206,9192.0,28957.0,60205
60207,9192.0,29337.0,60206
60208,9192.0,29348.0,60207
60209,9192.0,29196.0,60208
60210,9192.0,28911.0,60209
60211,9192.0,29256.0,60210
60212,9192.0,29256.0,60211
60213,9192.0,29162.0,60212
60214,9192.0,28576.0,60213
60215,9192.0,29364.0,60214
60216,9192.0,29676.0,60215
60217,9192.0,28683.0,60216
60218,9192.0,28727.0,60217
60219,9192.0,28667.0,60218
60220,9192.0,28786.0,60219
60221,9192.0,29039.0,60220
60222,9192.0,29039.0,60221
60223,9192.0,30593.0,60222
60224,9192.0,31949.0,60223
60225,9192.0,30078.0,60224
60226,9192.0,29506.0,60225
60227,9192.0,29559.0,60226
60228,9192.0,29063.0,60227
60229,9192.0,29798.0,60228
60230,9192.0,30497.0,60229
60231,9192.0,30533.0,60230
60232,9192.0,30455.0,60231
60233,9192.0,31025.0,60232
60234,9192.0,30540.0,60233
60235,9192.0,30147.0,60234
60236,9192.0,30296.0,60235
60237,9192.0,30300.0,60236
60238,9192.0,30116.0,60237
60239,9192.0,29451.0,60238
60240,9192.0,30007.0,60239
60241,9192.0,30007.0,60240
60242,9192.0,30208.0,60241
60243,9192.0,29133.0,60242
60244,9192.0,29646.0,60243
60245,9192.0,29626.0,60244
60246,9192.0,29582.0,60245
60247,9192.0,29625.0,60246
60248,9192.0,29383.0,60247
60249,9192.0,29520.0,60248
60250,9192.0,29501.0,60249
60251,9192.0,29317.0,60250
60252,9192.0,28712.0,60251
60253,9192.0,28567.0,60252
60254,9192.0,28589.0,60253
60255,9192.0,28280.0,60254
60256,9192.0,28280.0,60255
60257,9192.0,28280.0,60256
60258,9192.0,28188.0,60257
60259,9192.0,28001.0,60258
60260,9192.0,27937.0,60259
60261,9192.0,28018.0,60260
60262,9192.0,28018.0,60261
60263,9192.0,28645.0,60262
60264,9192.0,28664.0,60263
60265,9192.0,28631.0,60264
60266,9192.0,28321.0,60265
60267,9192.0,28319.0,60266
60268,9192.0,28630.0,60267
60269,9192.0,28273.0,60268
60270,9192.0,28743.0,60269
60271,9192.0,28694.0,60270
60272,9192.0,29062.0,60271
60273,9192.0,28726.0,60272
60274,9192.0,28820.0,60273
60275,9192.0,29174.0,60274
60276,9192.0,29351.0,60275
60277,9192.0,29391.0,60276
60278,9192.0,29417.0,60277
60279,9192.0,29349.0,60278
60280,9192.0,29384.0,60279
60281,9192.0,30275.0,60280
60282,9192.0,30311.0,60281
60283,9192.0,30495.0,60282
60284,9192.0,30495.0,60283
60285,9192.0,29178.0,60284
60286,9192.0,29599.0,60285
60287,9192.0,29565.0,60286
60288,9192.0,29565.0,60287
60289,9192.0,29633.0,60288
60290,9192.0,29620.0,60289
60291,9192.0,28437.0,60290
60292,9192.0,28593.0,60291
60293,9192.0,28345.0,60292
60294,9192.0,28345.0,60293
60295,9192.0,28906.0,60294
60296,9192.0,29999.0,60295
60297,9192.0,29501.0,60296
60298,9192.0,29670.0,60297
60299,9192.0,29636.0,60298
60300,9192.0,29452.0,60299
60301,9192.0,29700.0,60300
60302,9192.0,29900.0,60301
60303,9192.0,30215.0,60302
60304,9192.0,30132.0,60303
60305,9192.0,30132.0,60304
60306,9192.0,29811.0,60305
60307,9192.0,30416.0,60306
60308,9192.0,30481.0,60307
60309,9192.0,30660.0,60308
60310,9192.0,30431.0,60309
60311,9192.0,30743.0,60310
60312,9192.0,30207.0,60311
60313,9192.0,30325.0,60312
60314,9192.0,30161.0,60313
60315,9192.0,30188.0,60314
60316,9192.0,29899.0,60315
60317,9192.0,29374.0,60316
60318,9192.0,30068.0,60317
60319,9192.0,30068.0,60318
60320,9192.0,29487.0,60319
60321,9192.0,29810.0,60320
60322,9192.0,29814.0,60321
60323,9192.0,29814.0,60322
60324,9192.0,29643.0,60323
60325,9192.0,29779.0,60324
60326,9192.0,29843.0,60325
60327,9192.0,29784.0,60326
60328,9192.0,30314.0,60327
60329,9192.0,30280.0,60328
60330,9192.0,30230.0,60329
60331,9192.0,30176.0,60330
60332,9192.0,30259.0,60331
60333,9192.0,29614.0,60332
60334,9192.0,29766.0,60333
60335,9192.0,30273.0,60334
60336,9192.0,30348.0,60335
60337,9192.0,30348.0,60336
60338,9192.0,29677.0,60337
60339,9192.0,28670.0,60338
60340,9192.0,28450.0,60339
60341,9192.0,28668.0,60340
60342,9192.0,28668.0,60341
60343,9192.0,29655.0,60342
60344,9192.0,29053.0,60343
60345,9192.0,29150.0,60344
60346,9192.0,29136.0,60345
60347,9192.0,29821.0,60346
60348,9192.0,29496.0,60347
60349,9192.0,29401.0,60348
60350,9192.0,29400.0,60349
60351,9192.0,29406.0,60350
60352,9192.0,30916.0,60351
60353,9192.0,30531.0,60352
60354,9192.0,30762.0,60353
60355,9192.0,30762.0,60354
60356,9192.0,30314.0,60355
60357,9192.0,30335.0,60356
60358,9192.0,29861.0,60357
60359,9192.0,29780.0,60358
60360,9192.0,29661.0,60359
60361,9192.0,29735.0,60360
60362,9192.0,30315.0,60361
60363,9192.0,30928.0,60362
60364,9192.0,30937.0,60363
60365,9192.0,30599.0,60364
60366,9192.0,30237.0,60365
60367,9192.0,30205.0,60366
60368,9192.0,29902.0,60367
60369,9192.0,30078.0,60368
60370,9192.0,30289.0,60369
60371,9192.0,30090.0,60370
60372,9192.0,29182.0,60371
60373,9192.0,29166.0,60372
60374,9192.0,30641.0,60373
60375,9192.0,28937.0,60374
60376,9192.0,29148.0,60375
60377,9192.0,29212.0,60376
60378,9192.0,28798.0,60377
60379,9192.0,28968.0,60378
60380,9192.0,29091.0,60379
60381,9192.0,29326.0,60380
60382,9192.0,29556.0,60381
60383,9192.0,29335.0,60382
60384,9192.0,29507.0,60383
60385,9192.0,29678.0,60384
60386,9192.0,29678.0,60385
60387,9192.0,31150.0,60386
60388,9192.0,31150.0,60387
60389,9192.0,30167.0,60388
60390,9192.0,32020.0,60389
60391,9192.0,32152.0,60390
60392,9192.0,32489.0,60391
60393,9192.0,32489.0,60392
60394,9192.0,32130.0,60393
60395,9192.0,32008.0,60394
60396,9192.0,31480.0,60395
60397,9192.0,31581.0,60396
60398,9192.0,32000.0,60397
60399,9192.0,32266.0,60398
60400,9192.0,31955.0,60399
60401,9192.0,31916.0,60400
60402,9192.0,31916.0,60401
60403,9192.0,31745.0,60402
60404,9192.0,31685.0,60403
60405,9192.0,31661.0,60404
60406,9192.0,31304.0,60405
60407,9192.0,31209.0,60406
60408,9192.0,30839.0,60407
60409,9192.0,30825.0,60408
60410,9192.0,29730.0,60409
60411,9192.0,29575.0,60410
60412,9192.0,29417.0,60411
60413,9192.0,28949.0,60412
60414,9192.0,29118.0,60413
60415,9192.0,29223.0,60414
60416,9192.0,30005.0,60415
60417,9192.0,29825.0,60416
60418,9192.0,29657.0,60417
60419,9192.0,30004.0,60418
60420,9192.0,29796.0,60419
60421,9192.0,30276.0,60420
60422,9192.0,30409.0,60421
60423,9192.0,30607.0,60422
60424,9192.0,30507.0,60423
60425,9192.0,30281.0,60424
60426,9192.0,30272.0,60425
60427,9192.0,30728.0,60426
60428,9192.0,30728.0,60427
60429,9192.0,30740.0,60428
60430,9192.0,30911.0,60429
60431,9192.0,31859.0,60430
60432,9192.0,31293.0,60431
60433,9192.0,31154.0,60432
60434,9192.0,31109.0,60433
60435,9192.0,31109.0,60434
60436,9192.0,31417.0,60435
60437,9192.0,30612.0,60436
60438,9192.0,29664.0,60437
60439,9192.0,29358.0,60438
60440,9192.0,29553.0,60439
60441,9192.0,30636.0,60440
60442,9192.0,31295.0,60441
60443,9192.0,31288.0,60442
60444,9192.0,31651.0,60443
60445,9192.0,31556.0,60444
60446,9192.0,32331.0,60445
60447,9192.0,32234.0,60446
60448,9192.0,32136.0,60447
60449,9192.0,31983.0,60448
60450,9192.0,31679.0,60449
60451,9192.0,31377.0,60450
60452,9192.0,31359.0,60451
60453,9192.0,31396.0,60452
60454,9192.0,31217.0,60453
60455,9192.0,31687.0,60454
60456,9192.0,32044.0,60455
60457,9192.0,31795.0,60456
60458,9192.0,32128.0,60457
60459,9192.0,31682.0,60458
60460,9192.0,31919.0,60459
60461,9192.0,30791.0,60460
60462,9192.0,30825.0,60461
60463,9192.0,30785.0,60462
60464,9192.0,31016.0,60463
60465,9192.0,30800.0,60464
60466,9192.0,31695.0,60465
60467,9192.0,31695.0,60466
60468,9192.0,31598.0,60467
60469,9192.0,31245.0,60468
60470,9192.0,31078.0,60469
60471,9192.0,31350.0,60470
60472,9192.0,31335.0,60471
60473,9192.0,30386.0,60472
60474,9192.0,30031.0,60473
60475,9192.0,30035.0,60474
60476,9192.0,30329.0,60475
60477,9192.0,30405.0,60476
60478,9192.0,30480.0,60477
60479,9192.0,30480.0,60478
60480,9192.0,30421.0,60479
60481,9192.0,30675.0,60480
60482,9192.0,29810.0,60481
60483,9192.0,29810.0,60482
60484,9192.0,31181.0,60483
60485,9192.0,31133.0,60484
60486,9192.0,31417.0,60485
60487,9192.0,31912.0,60486
60488,9192.0,31821.0,60487
60489,9192.0,32131.0,60488
60490,9192.0,31721.0,60489
60491,9192.0,31533.0,60490
60492,9192.0,30747.0,60491
60493,9192.0,30758.0,60492
60494,9192.0,30758.0,60493
60495,9192.0,30226.0,60494
60496,9192.0,30339.0,60495
60497,9192.0,30425.0,60496
60498,9192.0,30373.0,60497
60499,9192.0,30259.0,60498
60500,9192.0,29909.0,60499
60501,9192.0,29658.0,60500
60502,9192.0,29938.0,60501
60503,9192.0,29365.0,60502
60504,9192.0,29168.0,60503
60505,9192.0,29280.0,60504
60506,9192.0,29140.0,60505
60507,9192.0,29140.0,60506
60508,9192.0,29053.0,60507
60509,9192.0,29163.0,60508
60510,9192.0,29145.0,60509
60511,9192.0,29281.0,60510
60512,9192.0,29286.0,60511
60513,9192.0,29449.0,60512
60514,9192.0,29546.0,60513
60515,9192.0,29532.0,60514
60516,9192.0,29623.0,60515
60517,9192.0,29671.0,60516
60518,9192.0,29688.0,60517
60519,9192.0,29949.0,60518
60520,9192.0,29865.0,60519
60521,9192.0,29864.0,60520
60522,9192.0,29914.0,60521
60523,9192.0,29879.0,60522
60524,9192.0,29645.0,60523
60525,9192.0,29646.0,60524
60526,9192.0,27912.0,60525
60527,9192.0,27888.0,60526
60528,9192.0,27085.0,60527
60529,9192.0,27195.0,60528
60530,9192.0,26424.0,60529
60531,9192.0,26892.0,60530
60532,9192.0,26892.0,60531
60533,9192.0,27504.0,60532
60534,9192.0,27504.0,60533
60535,9192.0,27535.0,60534
60536,9192.0,27915.0,60535
60537,9192.0,27979.0,60536
60538,9192.0,27776.0,60537
60539,9192.0,28496.0,60538
60540,9192.0,28315.0,60539
60541,9192.0,28225.0,60540
60542,9192.0,28415.0,60541
60543,9192.0,28914.0,60542
60544,9192.0,27680.0,60543
60545,9192.0,27680.0,60544
60546,9192.0,27800.0,60545
60547,9192.0,28065.0,60546
60548,9192.0,27364.0,60547
60549,9192.0,27845.0,60548
60550,9192.0,27835.0,60549
60551,9192.0,27835.0,60550
60552,9192.0,27835.0,60551
60553,9192.0,27335.0,60552
60554,9192.0,27961.0,60553
60555,9192.0,29748.0,60554
60556,9192.0,29377.0,60555
60557,9192.0,29331.0,60556
60558,9192.0,28802.0,60557
60559,9192.0,28643.0,60558
60560,9192.0,28650.0,60559
60561,9192.0,28650.0,60560
60562,9192.0,29480.0,60561
60563,9192.0,29299.0,60562
60564,9192.0,29041.0,60563
60565,9192.0,29558.0,60564
60566,9192.0,29858.0,60565
60567,9192.0,29837.0,60566
60568,9192.0,29837.0,60567
60569,9192.0,29461.0,60568
60570,9192.0,29474.0,60569
60571,9192.0,29734.0,60570
60572,9192.0,28771.0,60571
60573,9192.0,28737.0,60572
60574,9192.0,29104.0,60573
60575,9192.0,29177.0,60574
60576,9192.0,29182.0,60575
60577,9192.0,29611.0,60576
60578,9192.0,28243.0,60577
60579,9192.0,28815.0,60578
60580,9192.0,28656.0,60579
60581,9192.0,28784.0,60580
60582,9192.0,27785.0,60581
60583,9192.0,26653.0,60582
60584,9192.0,26504.0,60583
60585,9192.0,26132.0,60584
60586,9192.0,26101.0,60585
60587,9192.0,26096.0,60586
60588,9192.0,26004.0,60587
60589,9192.0,25880.0,60588
60590,9192.0,26203.0,60589
60591,9192.0,26439.0,60590
60592,9192.0,26525.0,60591
60593,9192.0,27767.0,60592
60594,9192.0,28038.0,60593
60595,9192.0,28097.0,60594
60596,9192.0,28014.0,60595
60597,9192.0,29004.0,60596
60598,9192.0,29077.0,60597
60599,9192.0,29088.0,60598
60600,9192.0,28985.0,60599
60601,9192.0,28985.0,60600
60602,9192.0,30140.0,60601
60603,9192.0,30080.0,60602
60604,9192.0,29824.0,60603
60605,9192.0,30270.0,60604
60606,9192.0,30298.0,60605
60607,9192.0,30686.0,60606
60608,9192.0,30608.0,60607
60609,9192.0,31159.0,60608
60610,9192.0,30640.0,60609
60611,9192.0,30936.0,60610
60612,9192.0,30871.0,60611
60613,9192.0,30819.0,60612
60614,9192.0,30823.0,60613
60615,9192.0,30872.0,60614
60616,9192.0,30959.0,60615
60617,9192.0,31020.0,60616
60618,9192.0,31020.0,60617
60619,9192.0,30395.0,60618
60620,9192.0,29634.0,60619
60621,9192.0,29658.0,60620
60622,9192.0,30605.0,60621
60623,9192.0,30227.0,60622
60624,9192.0,30997.0,60623
60625,9192.0,30997.0,60624
60626,9192.0,30924.0,60625
60627,9192.0,31118.0,60626
60628,9192.0,31095.0,60627
60629,9192.0,30997.0,60628
60630,9192.0,30627.0,60629
60631,9192.0,30035.0,60630
60632,9192.0,29864.0,60631
60633,9192.0,29702.0,60632
60634,9192.0,29642.0,60633
60635,9192.0,29013.0,60634
60636,9192.0,31036.0,60635
60637,9192.0,30594.0,60636
60638,9192.0,30755.0,60637
60639,9192.0,30218.0,60638
60640,9192.0,29416.0,60639
60641,9192.0,29377.0,60640
60642,9192.0,29584.0,60641
60643,9192.0,29732.0,60642
60644,9192.0,29785.0,60643
60645,9192.0,29473.0,60644
60646,9192.0,29749.0,60645
60647,9192.0,30676.0,60646
60648,9192.0,30369.0,60647
60649,9192.0,29855.0,60648
60650,9192.0,30465.0,60649
60651,9192.0,30342.0,60650
60652,9192.0,30384.0,60651
60653,9192.0,30750.0,60652
60654,9192.0,30692.0,60653
60655,9192.0,30526.0,60654
60656,9192.0,30410.0,60655
60657,9192.0,30594.0,60656
60658,9192.0,30717.0,60657
60659,9192.0,31217.0,60658
60660,9192.0,30865.0,60659
60661,9192.0,30842.0,60660
60662,9192.0,31024.0,60661
60663,9192.0,30948.0,60662
60664,9192.0,31147.0,60663
60665,9192.0,31147.0,60664
60666,9192.0,30869.0,60665
60667,9192.0,31478.0,60666
60668,9192.0,31120.0,60667
60669,9192.0,30750.0,60668
60670,9192.0,30750.0,60669
60671,9192.0,30876.0,60670
60672,9192.0,30824.0,60671
60673,9192.0,30040.0,60672
60674,9192.0,30004.0,60673
60675,9192.0,29834.0,60674
60676,9192.0,29766.0,60675
60677,9192.0,30121.0,60676
60678,9192.0,29573.0,60677
60679,9192.0,29550.0,60678
60680,9192.0,29634.0,60679
60681,9192.0,29645.0,60680
60682,9192.0,29461.0,60681
60683,9192.0,29222.0,60682
60684,9192.0,29548.0,60683
60685,9192.0,29782.0,60684
60686,9192.0,29174.0,60685
60687,9192.0,29181.0,60686
60688,9192.0,29196.0,60687
60689,9192.0,29157.0,60688
60690,9192.0,28739.0,60689
60691,9192.0,28819.0,60690
60692,9192.0,28291.0,60691
60693,9192.0,28291.0,60692
60694,9192.0,28224.0,60693
60695,9192.0,28297.0,60694
60696,9192.0,28365.0,60695
60697,9192.0,28359.0,60696
60698,9192.0,28375.0,60697
60699,9192.0,28074.0,60698
60700,9192.0,28158.0,60699
60701,9192.0,28327.0,60700
60702,9192.0,28253.0,60701
60703,9192.0,28624.0,60702
60704,9192.0,28416.0,60703
60705,9192.0,28475.0,60704
60706,9192.0,28667.0,60705
60707,9192.0,29423.0,60706
60708,9192.0,28864.0,60707
60709,9192.0,28999.0,60708
60710,9192.0,28999.0,60709
60711,9192.0,29072.0,60710
60712,9192.0,28530.0,60711
60713,9192.0,28536.0,60712
60714,9192.0,28600.0,60713
60715,9192.0,29032.0,60714
60716,9192.0,28737.0,60715
60717,9192.0,28543.0,60716
60718,9192.0,28461.0,60717
60719,9192.0,28390.0,60718
60720,9192.0,28390.0,60719
60721,9192.0,28413.0,60720
60722,9192.0,29437.0,60721
60723,9192.0,29351.0,60722
60724,9192.0,29335.0,60723
60725,9192.0,29093.0,60724
60726,9192.0,29497.0,60725
60727,9192.0,29039.0,60726
60728,9192.0,29024.0,60727
60729,9192.0,28427.0,60728
60730,9192.0,27747.0,60729
60731,9192.0,26779.0,60730
60732,9192.0,26893.0,60731
60733,9192.0,26756.0,60732
60734,9192.0,26419.0,60733
60735,9192.0,26786.0,60734
60736,9192.0,26786.0,60735
60737,9192.0,27207.0,60736
60738,9192.0,27040.0,60737
60739,9192.0,26556.0,60738
60740,9192.0,26236.0,60739
60741,9192.0,26463.0,60740
60742,9192.0,26770.0,60741
60743,9192.0,27290.0,60742
60744,9192.0,27178.0,60743
60745,9192.0,28198.0,60744
60746,9192.0,28495.0,60745
60747,9192.0,28398.0,60746
60748,9192.0,28494.0,60747
60749,9192.0,28881.0,60748
60750,9192.0,28761.0,60749
60751,9192.0,28761.0,60750
60752,9192.0,29313.0,60751
60753,9192.0,29023.0,60752
60754,9192.0,29120.0,60753
60755,9192.0,29493.0,60754
60756,9192.0,30216.0,60755
60757,9192.0,30242.0,60756
60758,9192.0,30242.0,60757
60759,9192.0,30386.0,60758
60760,9192.0,29667.0,60759
60761,9192.0,29859.0,60760
60762,9192.0,29797.0,60761
60763,9192.0,29831.0,60762
60764,9192.0,29868.0,60763
60765,9192.0,30627.0,60764
60766,9192.0,28722.0,60765
60767,9192.0,28870.0,60766
60768,9192.0,29139.0,60767
60769,9192.0,29391.0,60768
60770,9192.0,29741.0,60769
60771,9192.0,29117.0,60770
60772,9192.0,28775.0,60771
60773,9192.0,28672.0,60772
60774,9192.0,28666.0,60773
60775,9192.0,28676.0,60774
60776,9192.0,29239.0,60775
60777,9192.0,29239.0,60776
60778,9192.0,29427.0,60777
60779,9192.0,29301.0,60778
60780,9192.0,29330.0,60779
60781,9192.0,29171.0,60780
60782,9192.0,28595.0,60781
60783,9192.0,28367.0,60782
60784,9192.0,28289.0,60783
60785,9192.0,28289.0,60784
60786,9192.0,28516.0,60785
60787,9192.0,28072.0,60786
60788,9192.0,28317.0,60787
60789,9192.0,27964.0,60788
60790,9192.0,28011.0,60789
60791,9192.0,27649.0,60790
60792,9192.0,27978.0,60791
60793,9192.0,27784.0,60792
60794,9192.0,27744.0,60793
60795,9192.0,27613.0,60794
60796,9192.0,27452.0,60795
60797,9192.0,26780.0,60796
60798,9192.0,26720.0,60797
60799,9192.0,26802.0,60798
60800,9192.0,26910.0,60799
60801,9192.0,26510.0,60800
60802,9192.0,26510.0,60801
60803,9192.0,26840.0,60802
60804,9192.0,26447.0,60803
60805,9192.0,27290.0,60804
60806,9192.0,27276.0,60805
60807,9192.0,27831.0,60806
60808,9192.0,27831.0,60807
60809,9192.0,27110.0,60808
60810,9192.0,27672.0,60809
60811,9192.0,27594.0,60810
60812,9192.0,27752.0,60811
60813,9192.0,27204.0,60812
60814,9192.0,27752.0,60813
60815,9192.0,27937.0,60814
60816,9192.0,27132.0,60815
60817,9192.0,27766.0,60816
60818,9192.0,27773.0,60817
60819,9192.0,27896.0,60818
60820,9192.0,29160.0,60819
60821,9192.0,29534.0,60820
60822,9192.0,28999.0,60821
60823,9192.0,28611.0,60822
60824,9192.0,28808.0,60823
60825,9192.0,29084.0,60824
60826,9192.0,28488.0,60825
60827,9192.0,28897.0,60826
60828,9192.0,29008.0,60827
60829,9192.0,29157.0,60828
60830,9192.0,29216.0,60829
60831,9192.0,28831.0,60830
60832,9192.0,28784.0,60831
60833,9192.0,28784.0,60832
60834,9192.0,28600.0,60833
60835,9192.0,28394.0,60834
60836,9192.0,28447.0,60835
60837,9192.0,28475.0,60836
60838,9192.0,28880.0,60837
60839,9192.0,28600.0,60838
60840,9192.0,27725.0,60839
60841,9192.0,28134.0,60840
60842,9192.0,28132.0,60841
60843,9192.0,28132.0,60842
60844,9192.0,28271.0,60843
60845,9192.0,28271.0,60844
60846,9192.0,28698.0,60845
60847,9192.0,28928.0,60846
60848,9192.0,28975.0,60847
60849,9192.0,27747.0,60848
60850,9192.0,28084.0,60849
60851,9192.0,27055.0,60850
60852,9192.0,27074.0,60851
60853,9192.0,27009.0,60852
60854,9192.0,27523.0,60853
60855,9192.0,27523.0,60854
60856,9192.0,27242.0,60855
60857,9192.0,27326.0,60856
60858,9192.0,27749.0,60857
60859,9192.0,27763.0,60858
60860,9192.0,28886.0,60859
60861,9192.0,28956.0,60860
60862,9192.0,29868.0,60861
60863,9192.0,30383.0,60862
60864,9192.0,30391.0,60863
60865,9192.0,30714.0,60864
60866,9192.0,30808.0,60865
60867,9192.0,31042.0,60866
60868,9192.0,30527.0,60867
60869,9192.0,30686.0,60868
60870,9192.0,30636.0,60869
60871,9192.0,30640.0,60870
60872,9192.0,31713.0,60871
60873,9192.0,31125.0,60872
60874,9192.0,30744.0,60873
60875,9192.0,30382.0,60874
60876,9192.0,30258.0,60875
60877,9192.0,30215.0,60876
60878,9192.0,30064.0,60877
60879,9192.0,30106.0,60878
60880,9192.0,30340.0,60879
60881,9192.0,30228.0,60880
60882,9192.0,30267.0,60881
60883,9192.0,30160.0,60882
60884,9192.0,30283.0,60883
60885,9192.0,30340.0,60884
60886,9192.0,30519.0,60885
60887,9192.0,29661.0,60886
60888,9192.0,29661.0,60887
60889,9192.0,29979.0,60888
60890,9192.0,29484.0,60889
60891,9192.0,29596.0,60890
60892,9192.0,29596.0,60891
60893,9192.0,29559.0,60892
60894,9192.0,29559.0,60893
60895,9192.0,29559.0,60894
60896,9192.0,29683.0,60895
60897,9192.0,29683.0,60896
60898,9192.0,30063.0,60897
60899,9192.0,30087.0,60898
60900,9192.0,29352.0,60899
60901,9192.0,29352.0,60900
60902,9192.0,29379.0,60901
60903,9192.0,29369.0,60902
60904,9192.0,29116.0,60903
60905,9192.0,29041.0,60904
60906,9192.0,29189.0,60905
60907,9192.0,29699.0,60906
60908,9192.0,29594.0,60907
60909,9192.0,29273.0,60908
60910,9192.0,29211.0,60909
60911,9192.0,29211.0,60910
60912,9192.0,29211.0,60911
60913,9192.0,29470.0,60912
60914,9192.0,29469.0,60913
60915,9192.0,29450.0,60914
60916,9192.0,29450.0,60915
60917,9192.0,29252.0,60916
60918,9192.0,28908.0,60917
60919,9192.0,29775.0,60918
60920,9192.0,29718.0,60919
60921,9192.0,30166.0,60920
60922,9192.0,30406.0,60921
60923,9192.0,30469.0,60922
60924,9192.0,30521.0,60923
60925,9192.0,30519.0,60924
60926,9192.0,30519.0,60925
60927,9192.0,30691.0,60926
60928,9192.0,30700.0,60927
60929,9192.0,30237.0,60928
60930,9192.0,29834.0,60929
60931,9192.0,29845.0,60930
60932,9192.0,29864.0,60931
60933,9192.0,29844.0,60932
60934,9192.0,30090.0,60933
60935,9192.0,29954.0,60934
60936,9192.0,29956.0,60935
60937,9192.0,30593.0,60936
60938,9192.0,30532.0,60937
60939,9192.0,29863.0,60938
60940,9192.0,30087.0,60939
60941,9192.0,31462.0,60940
60942,9192.0,31402.0,60941
60943,9192.0,31243.0,60942
60944,9192.0,31383.0,60943
60945,9192.0,31583.0,60944
60946,9192.0,31921.0,60945
60947,9192.0,31845.0,60946
60948,9192.0,32142.0,60947
60949,9192.0,31869.0,60948
60950,9192.0,31395.0,60949
60951,9192.0,32137.0,60950
60952,9192.0,31732.0,60951
60953,9192.0,31478.0,60952
60954,9192.0,31390.0,60953
60955,9192.0,31707.0,60954
60956,9192.0,31708.0,60955
60957,9192.0,31669.0,60956
60958,9192.0,31599.0,60957
60959,9192.0,31688.0,60958
60960,9192.0,31530.0,60959
60961,9192.0,31547.0,60960
60962,9192.0,31657.0,60961
60963,9192.0,30961.0,60962
60964,9192.0,30475.0,60963
60965,9192.0,30052.0,60964
60966,9192.0,30063.0,60965
60967,9192.0,30065.0,60966
60968,9192.0,29991.0,60967
60969,9192.0,30219.0,60968
60970,9192.0,29909.0,60969
60971,9192.0,29471.0,60970
60972,9192.0,29471.0,60971
60973,9192.0,29471.0,60972
60974,9192.0,29362.0,60973
60975,9192.0,28617.0,60974
60976,9192.0,28607.0,60975
60977,9192.0,28826.0,60976
60978,9192.0,28914.0,60977
60979,9192.0,28021.0,60978
60980,9192.0,28060.0,60979
60981,9192.0,27620.0,60980
60982,9192.0,27147.0,60981
60983,9192.0,27850.0,60982
60984,9192.0,27453.0,60983
60985,9192.0,27927.0,60984
60986,9192.0,28495.0,60985
60987,9192.0,28455.0,60986
60988,9192.0,28429.0,60987
60989,9192.0,28292.0,60988
60990,9192.0,28331.0,60989
60991,9192.0,27542.0,60990
60992,9192.0,27638.0,60991
60993,9192.0,27638.0,60992
60994,9192.0,27615.0,60993
60995,9192.0,27671.0,60994
60996,9192.0,27934.0,60995
60997,9192.0,27010.0,60996
60998,9192.0,27017.0,60997
60999,9192.0,26660.0,60998
61000,9192.0,27635.0,60999
61001,9192.0,27507.0,61000
61002,9192.0,27706.0,61001
61003,9192.0,28050.0,61002
61004,9192.0,29466.0,61003
61005,9192.0,29733.0,61004
61006,9192.0,29488.0,61005
61007,9192.0,29541.0,61006
61008,9192.0,29527.0,61007
61009,9192.0,29527.0,61008
61010,9192.0,29317.0,61009
61011,9192.0,29044.0,61010
61012,9192.0,29782.0,61011
61013,9192.0,30204.0,61012
61014,9192.0,30077.0,61013
61015,9192.0,29914.0,61014
61016,9192.0,29848.0,61015
61017,9192.0,29964.0,61016
61018,9192.0,30512.0,61017
61019,9192.0,30509.0,61018
61020,9192.0,29990.0,61019
61021,9192.0,29990.0,61020
61022,9192.0,29812.0,61021
61023,9192.0,29736.0,61022
61024,9192.0,29732.0,61023
61025,9192.0,29991.0,61024
61026,9192.0,29933.0,61025
61027,9192.0,30137.0,61026
61028,9192.0,31650.0,61027
61029,9192.0,31640.0,61028
61030,9192.0,30767.0,61029
61031,9192.0,30653.0,61030
61032,9192.0,30686.0,61031
61033,9192.0,30808.0,61032
61034,9192.0,30538.0,61033
61035,9192.0,30372.0,61034
61036,9192.0,30340.0,61035
61037,9192.0,29600.0,61036
61038,9192.0,28669.0,61037
61039,9192.0,28533.0,61038
61040,9192.0,28533.0,61039
61041,9192.0,28648.0,61040
61042,9192.0,28495.0,61041
61043,9192.0,28050.0,61042
61044,9192.0,28131.0,61043
61045,9192.0,29212.0,61044
61046,9192.0,29445.0,61045
61047,9192.0,29519.0,61046
61048,9192.0,30246.0,61047
61049,9192.0,30230.0,61048
61050,9192.0,30098.0,61049
61051,9192.0,30312.0,61050
61052,9192.0,29832.0,61051
61053,9192.0,29746.0,61052
61054,9192.0,29779.0,61053
61055,9192.0,30004.0,61054
61056,9192.0,29345.0,61055
61057,9192.0,29332.0,61056
61058,9192.0,29401.0,61057
61059,9192.0,29602.0,61058
61060,9192.0,30023.0,61059
61061,9192.0,29903.0,61060
61062,9192.0,29713.0,61061
61063,9192.0,30055.0,61062
61064,9192.0,30475.0,61063
61065,9192.0,29807.0,61064
61066,9192.0,29686.0,61065
61067,9192.0,29518.0,61066
61068,9192.0,28939.0,61067
61069,9192.0,28582.0,61068
61070,9192.0,28147.0,61069
61071,9192.0,28097.0,61070
61072,9192.0,27898.0,61071
61073,9192.0,28157.0,61072
61074,9192.0,28015.0,61073
61075,9192.0,27615.0,61074
61076,9192.0,27615.0,61075
61077,9192.0,27314.0,61076
61078,9192.0,27293.0,61077
61079,9192.0,26846.0,61078
61080,9192.0,27060.0,61079
61081,9192.0,26970.0,61080
61082,9192.0,27274.0,61081
61083,9192.0,27115.0,61082
61084,9192.0,27781.0,61083
61085,9192.0,28006.0,61084
61086,9192.0,27947.0,61085
61087,9192.0,29117.0,61086
61088,9192.0,27960.0,61087
61089,9192.0,28789.0,61088
61090,9192.0,28678.0,61089
61091,9192.0,28996.0,61090
61092,9192.0,29005.0,61091
61093,9192.0,29079.0,61092
61094,9192.0,29590.0,61093
61095,9192.0,30643.0,61094
61096,9192.0,30453.0,61095
61097,9192.0,29969.0,61096
61098,9192.0,29234.0,61097
61099,9192.0,28739.0,61098
61100,9192.0,28731.0,61099
61101,9192.0,28779.0,61100
61102,9192.0,28699.0,61101
61103,9192.0,28212.0,61102
61104,9192.0,28364.0,61103
61105,9192.0,28175.0,61104
61106,9192.0,28604.0,61105
61107,9192.0,27565.0,61106
61108,9192.0,27498.0,61107
61109,9192.0,27511.0,61108
61110,9192.0,26818.0,61109
61111,9192.0,27082.0,61110
61112,9192.0,27082.0,61111
61113,9192.0,27471.0,61112
61114,9192.0,27664.0,61113
61115,9192.0,28084.0,61114
61116,9192.0,27235.0,61115
61117,9192.0,27102.0,61116
61118,9192.0,27070.0,61117
61119,9192.0,26996.0,61118
61120,9192.0,27077.0,61119
61121,9192.0,27135.0,61120
61122,9192.0,25582.0,61121
61123,9192.0,25730.0,61122
61124,9192.0,25568.0,61123
61125,9192.0,25370.0,61124
61126,9192.0,25059.0,61125
61127,9192.0,25059.0,61126
61128,9192.0,24811.0,61127
61129,9192.0,24811.0,61128
61130,9192.0,24811.0,61129
61131,9192.0,26853.0,61130
61132,9192.0,27477.0,61131
61133,9192.0,27488.0,61132
61134,9192.0,27488.0,61133
61135,9192.0,26658.0,61134
61136,9192.0,27368.0,61135
61137,9192.0,28251.0,61136
61138,9192.0,27892.0,61137
61139,9192.0,26359.0,61138
61140,9192.0,26231.0,61139
61141,9192.0,26209.0,61140
61142,9192.0,26200.0,61141
61143,9192.0,26074.0,61142
61144,9192.0,25473.0,61143
61145,9192.0,26419.0,61144
61146,9192.0,26478.0,61145
61147,9192.0,26768.0,61146
61148,9192.0,26683.0,61147
61149,9192.0,26679.0,61148
61150,9192.0,26579.0,61149
61151,9192.0,26537.0,61150
61152,9192.0,26666.0,61151
61153,9192.0,26665.0,61152
61154,9192.0,26684.0,61153
61155,9192.0,26631.0,61154
61156,9192.0,28499.0,61155
61157,9192.0,28588.0,61156
61158,9192.0,28853.0,61157
61159,9192.0,28863.0,61158
61160,9192.0,30354.0,61159
61161,9192.0,30635.0,61160
61162,9192.0,30237.0,61161
61163,9192.0,30444.0,61162
61164,9192.0,30998.0,61163
61165,9192.0,31394.0,61164
61166,9192.0,30281.0,61165
61167,9192.0,30220.0,61166
61168,9192.0,30220.0,61167
61169,9192.0,30980.0,61168
61170,9192.0,29915.0,61169
61171,9192.0,30359.0,61170
61172,9192.0,29800.0,61171
61173,9192.0,29722.0,61172
61174,9192.0,29299.0,61173
61175,9192.0,28942.0,61174
61176,9192.0,29284.0,61175
61177,9192.0,29452.0,61176
61178,9192.0,29935.0,61177
61179,9192.0,30097.0,61178
61180,9192.0,29878.0,61179
61181,9192.0,30247.0,61180
61182,9192.0,31135.0,61181
61183,9192.0,30479.0,61182
61184,9192.0,30452.0,61183
61185,9192.0,29898.0,61184
61186,9192.0,31445.0,61185
61187,9192.0,31690.0,61186
61188,9192.0,31690.0,61187
61189,9192.0,31642.0,61188
61190,9192.0,31653.0,61189
61191,9192.0,31707.0,61190
61192,9192.0,31180.0,61191
61193,9192.0,30915.0,61192
61194,9192.0,30682.0,61193
61195,9192.0,30280.0,61194
61196,9192.0,30080.0,61195
61197,9192.0,30359.0,61196
61198,9192.0,30078.0,61197
61199,9192.0,30479.0,61198
61200,9192.0,30479.0,61199
61201,9192.0,29705.0,61200
61202,9192.0,30177.0,61201
61203,9192.0,29863.0,61202
61204,9192.0,29572.0,61203
61205,9192.0,29049.0,61204
61206,9192.0,29461.0,61205
61207,9192.0,29798.0,61206
61208,9192.0,29771.0,61207
61209,9192.0,29771.0,61208
61210,9192.0,31262.0,61209
61211,9192.0,31395.0,61210
61212,9192.0,32635.0,61211
61213,9192.0,32324.0,61212
61214,9192.0,32548.0,61213
61215,9192.0,32462.0,61214
61216,9192.0,32517.0,61215
61217,9192.0,32790.0,61216
61218,9192.0,32768.0,61217
61219,9192.0,33018.0,61218
61220,9192.0,33515.0,61219
61221,9192.0,33511.0,61220
61222,9192.0,33316.0,61221
61223,9192.0,33760.0,61222
61224,9192.0,34261.0,61223
61225,9192.0,34187.0,61224
61226,9192.0,33394.0,61225
61227,9192.0,33470.0,61226
61228,9192.0,33783.0,61227
61229,9192.0,33999.0,61228
61230,9192.0,33869.0,61229
61231,9192.0,33813.0,61230
61232,9192.0,33196.0,61231
61233,9192.0,32549.0,61232
61234,9192.0,31762.0,61233
61235,9192.0,31858.0,61234
61236,9192.0,31791.0,61235
61237,9192.0,30591.0,61236
61238,9192.0,30331.0,61237
61239,9192.0,29582.0,61238
61240,9192.0,30019.0,61239
61241,9192.0,31320.0,61240
61242,9192.0,31258.0,61241
61243,9192.0,31196.0,61242
61244,9192.0,32009.0,61243
61245,9192.0,31578.0,61244
61246,9192.0,31526.0,61245
61247,9192.0,30394.0,61246
61248,9192.0,30644.0,61247
61249,9192.0,30934.0,61248
61250,9192.0,30919.0,61249
61251,9192.0,31286.0,61250
61252,9192.0,31286.0,61251
61253,9192.0,31175.0,61252
61254,9192.0,31030.0,61253
61255,9192.0,30679.0,61254
61256,9192.0,30533.0,61255
61257,9192.0,30664.0,61256
61258,9192.0,30014.0,61257
61259,9192.0,29251.0,61258
61260,9192.0,29163.0,61259
61261,9192.0,29157.0,61260
61262,9192.0,29723.0,61261
61263,9192.0,29659.0,61262
61264,9192.0,29341.0,61263
61265,9192.0,29497.0,61264
61266,9192.0,28391.0,61265
61267,9192.0,28098.0,61266
61268,9192.0,29176.0,61267
61269,9192.0,29176.0,61268
61270,9192.0,29053.0,61269
61271,9192.0,28827.0,61270
61272,9192.0,29051.0,61271
61273,9192.0,29051.0,61272
61274,9192.0,28985.0,61273
61275,9192.0,29154.0,61274
61276,9192.0,29162.0,61275
61277,9192.0,29260.0,61276
61278,9192.0,29091.0,61277
61279,9192.0,28166.0,61278
61280,9192.0,27975.0,61279
61281,9192.0,27975.0,61280
61282,9192.0,28013.0,61281
61283,9192.0,28022.0,61282
61284,9192.0,28031.0,61283
61285,9192.0,27452.0,61284
61286,9192.0,27835.0,61285
61287,9192.0,27693.0,61286
61288,9192.0,27693.0,61287
61289,9192.0,28092.0,61288
61290,9192.0,28092.0,61289
61291,9192.0,28479.0,61290
61292,9192.0,28213.0,61291
61293,9192.0,28213.0,61292
61294,9192.0,28461.0,61293
61295,9192.0,28671.0,61294
61296,9192.0,28671.0,61295
61297,9192.0,28809.0,61296
61298,9192.0,28759.0,61297
61299,9192.0,29169.0,61298
61300,9192.0,29068.0,61299
61301,9192.0,29001.0,61300
61302,9192.0,28802.0,61301
61303,9192.0,28736.0,61302
61304,9192.0,29193.0,61303
61305,9192.0,29184.0,61304
61306,9192.0,29285.0,61305
61307,9192.0,29583.0,61306
61308,9192.0,29464.0,61307
61309,9192.0,29311.0,61308
61310,9192.0,29212.0,61309
61311,9192.0,29160.0,61310
61312,9192.0,30376.0,61311
61313,9192.0,29930.0,61312
61314,9192.0,30060.0,61313
61315,9192.0,29953.0,61314
61316,9192.0,29551.0,61315
61317,9192.0,29551.0,61316
61318,9192.0,29792.0,61317
61319,9192.0,30996.0,61318
61320,9192.0,31553.0,61319
61321,9192.0,30844.0,61320
61322,9192.0,30213.0,61321
61323,9192.0,29920.0,61322
61324,9192.0,29593.0,61323
61325,9192.0,30214.0,61324
61326,9192.0,30408.0,61325
61327,9192.0,29256.0,61326
61328,9192.0,29256.0,61327
61329,9192.0,29167.0,61328
61330,9192.0,29167.0,61329
61331,9192.0,28997.0,61330
61332,9192.0,28979.0,61331
61333,9192.0,28612.0,61332
61334,9192.0,28612.0,61333
61335,9192.0,27914.0,61334
61336,9192.0,28246.0,61335
61337,9192.0,28219.0,61336
61338,9192.0,28168.0,61337
61339,9192.0,28219.0,61338
61340,9192.0,28285.0,61339
61341,9192.0,28891.0,61340
61342,9192.0,28477.0,61341
61343,9192.0,28549.0,61342
61344,9192.0,28935.0,61343
61345,9192.0,27907.0,61344
61346,9192.0,26936.0,61345
61347,9192.0,27461.0,61346
61348,9192.0,27470.0,61347
61349,9192.0,28049.0,61348
61350,9192.0,27710.0,61349
61351,9192.0,27869.0,61350
61352,9192.0,27656.0,61351
61353,9192.0,26841.0,61352
61354,9192.0,26962.0,61353
61355,9192.0,26962.0,61354
61356,9192.0,27613.0,61355
61357,9192.0,27613.0,61356
61358,9192.0,27019.0,61357
61359,9192.0,27019.0,61358
61360,9192.0,27430.0,61359
61361,9192.0,27555.0,61360
61362,9192.0,27764.0,61361
61363,9192.0,26985.0,61362
61364,9192.0,26852.0,61363
61365,9192.0,26675.0,61364
61366,9192.0,26685.0,61365
61367,9192.0,26676.0,61366
61368,9192.0,26661.0,61367
61369,9192.0,26827.0,61368
61370,9192.0,27058.0,61369
61371,9192.0,26684.0,61370
61372,9192.0,26612.0,61371
61373,9192.0,27269.0,61372
61374,9192.0,27587.0,61373
61375,9192.0,27673.0,61374
61376,9192.0,27981.0,61375
61377,9192.0,27300.0,61376
61378,9192.0,27300.0,61377
61379,9192.0,27346.0,61378
61380,9192.0,27346.0,61379
61381,9192.0,26107.0,61380
61382,9192.0,26043.0,61381
61383,9192.0,27455.0,61382
61384,9192.0,27578.0,61383
61385,9192.0,27960.0,61384
61386,9192.0,28834.0,61385
61387,9192.0,28591.0,61386
61388,9192.0,28591.0,61387
61389,9192.0,28299.0,61388
61390,9192.0,27177.0,61389
61391,9192.0,27387.0,61390
61392,9192.0,27043.0,61391
61393,9192.0,27026.0,61392
61394,9192.0,27026.0,61393
61395,9192.0,26615.0,61394
61396,9192.0,26856.0,61395
61397,9192.0,26922.0,61396
61398,9192.0,27060.0,61397
61399,9192.0,26636.0,61398
61400,9192.0,26710.0,61399
61401,9192.0,26710.0,61400
61402,9192.0,26794.0,61401
61403,9192.0,26833.0,61402
61404,9192.0,26718.0,61403
61405,9192.0,26718.0,61404
61406,9192.0,26938.0,61405
61407,9192.0,26897.0,61406
61408,9192.0,26886.0,61407
61409,9192.0,27534.0,61408
61410,9192.0,27877.0,61409
61411,9192.0,27877.0,61410
61412,9192.0,27997.0,61411
61413,9192.0,28276.0,61412
61414,9192.0,28870.0,61413
61415,9192.0,28644.0,61414
61416,9192.0,28966.0,61415
61417,9192.0,28940.0,61416
61418,9192.0,28851.0,61417
61419,9192.0,28073.0,61418
61420,9192.0,27413.0,61419
61421,9192.0,26999.0,61420
61422,9192.0,27607.0,61421
61423,9192.0,28072.0,61422
61424,9192.0,28033.0,61423
61425,9192.0,28008.0,61424
61426,9192.0,28013.0,61425
61427,9192.0,28281.0,61426
61428,9192.0,28372.0,61427
61429,9192.0,28386.0,61428
61430,9192.0,28370.0,61429
61431,9192.0,28543.0,61430
61432,9192.0,28711.0,61431
61433,9192.0,28902.0,61432
61434,9192.0,28910.0,61433
61435,9192.0,28201.0,61434
61436,9192.0,29028.0,61435
61437,9192.0,29802.0,61436
61438,9192.0,30735.0,61437
61439,9192.0,31486.0,61438
61440,9192.0,30952.0,61439
61441,9192.0,30964.0,61440
61442,9192.0,31811.0,61441
61443,9192.0,31364.0,61442
61444,9192.0,31263.0,61443
61445,9192.0,31120.0,61444
61446,9192.0,30882.0,61445
61447,9192.0,30968.0,61446
61448,9192.0,31061.0,61447
61449,9192.0,31210.0,61448
61450,9192.0,31338.0,61449
61451,9192.0,31571.0,61450
61452,9192.0,31348.0,61451
61453,9192.0,31522.0,61452
61454,9192.0,31447.0,61453
61455,9192.0,31136.0,61454
61456,9192.0,31374.0,61455
61457,9192.0,31109.0,61456
61458,9192.0,31350.0,61457
61459,9192.0,30295.0,61458
61460,9192.0,28766.0,61459
61461,9192.0,29864.0,61460
61462,9192.0,29951.0,61461
61463,9192.0,30133.0,61462
61464,9192.0,29774.0,61463
61465,9192.0,29373.0,61464
61466,9192.0,29368.0,61465
61467,9192.0,29096.0,61466
61468,9192.0,29247.0,61467
61469,9192.0,29263.0,61468
61470,9192.0,29409.0,61469
61471,9192.0,29238.0,61470
61472,9192.0,29238.0,61471
61473,9192.0,30287.0,61472
61474,9192.0,30318.0,61473
61475,9192.0,30531.0,61474
61476,9192.0,30916.0,61475
61477,9192.0,31237.0,61476
61478,9192.0,30804.0,61477
61479,9192.0,30795.0,61478
61480,9192.0,31019.0,61479
61481,9192.0,31235.0,61480
61482,9192.0,31357.0,61481
61483,9192.0,31214.0,61482
61484,9192.0,31205.0,61483
61485,9192.0,32127.0,61484
61486,9192.0,31991.0,61485
61487,9192.0,31888.0,61486
61488,9192.0,31837.0,61487
61489,9192.0,31845.0,61488
61490,9192.0,31686.0,61489
61491,9192.0,31799.0,61490
61492,9192.0,32896.0,61491
61493,9192.0,33277.0,61492
61494,9192.0,32063.0,61493
61495,9192.0,30937.0,61494
61496,9192.0,30935.0,61495
61497,9192.0,30912.0,61496
61498,9192.0,30912.0,61497
61499,9192.0,31095.0,61498
61500,9192.0,30964.0,61499
61501,9192.0,30929.0,61500
61502,9192.0,31321.0,61501
61503,9192.0,30254.0,61502
61504,9192.0,30254.0,61503
61505,9192.0,29817.0,61504
61506,9192.0,29513.0,61505
61507,9192.0,29640.0,61506
61508,9192.0,29606.0,61507
61509,9192.0,29748.0,61508
61510,9192.0,29380.0,61509
61511,9192.0,29571.0,61510
61512,9192.0,29804.0,61511
61513,9192.0,29671.0,61512
61514,9192.0,28463.0,61513
61515,9192.0,28394.0,61514
61516,9192.0,28294.0,61515
61517,9192.0,27684.0,61516
61518,9192.0,27694.0,61517
61519,9192.0,27212.0,61518
61520,9192.0,27257.0,61519
61521,9192.0,27257.0,61520
61522,9192.0,27193.0,61521
61523,9192.0,26877.0,61522
61524,9192.0,26877.0,61523
61525,9192.0,26281.0,61524
61526,9192.0,26827.0,61525
61527,9192.0,26945.0,61526
61528,9192.0,27259.0,61527
61529,9192.0,27259.0,61528
61530,9192.0,27343.0,61529
61531,9192.0,27078.0,61530
61532,9192.0,27755.0,61531
61533,9192.0,27939.0,61532
61534,9192.0,27943.0,61533
61535,9192.0,28310.0,61534
61536,9192.0,29257.0,61535
61537,9192.0,29245.0,61536
61538,9192.0,29245.0,61537
61539,9192.0,29303.0,61538
61540,9192.0,29677.0,61539
61541,9192.0,29781.0,61540
61542,9192.0,29456.0,61541
61543,9192.0,29303.0,61542
61544,9192.0,29303.0,61543
61545,9192.0,29273.0,61544
61546,9192.0,28736.0,61545
61547,9192.0,27587.0,61546
61548,9192.0,26893.0,61547
61549,9192.0,26823.0,61548
61550,9192.0,27258.0,61549
61551,9192.0,27100.0,61550
61552,9192.0,27050.0,61551
61553,9192.0,27050.0,61552
61554,9192.0,27053.0,61553
61555,9192.0,27007.0,61554
61556,9192.0,27984.0,61555
61557,9192.0,27898.0,61556
61558,9192.0,28044.0,61557
61559,9192.0,28054.0,61558
61560,9192.0,28054.0,61559
61561,9192.0,28023.0,61560
61562,9192.0,29065.0,61561
61563,9192.0,28115.0,61562
61564,9192.0,28956.0,61563
61565,9192.0,28793.0,61564
61566,9192.0,28113.0,61565
61567,9192.0,28113.0,61566
61568,9192.0,28341.0,61567
61569,9192.0,28323.0,61568
61570,9192.0,28336.0,61569
61571,9192.0,28336.0,61570
61572,9192.0,28523.0,61571
61573,9192.0,28524.0,61572
61574,9192.0,28839.0,61573
61575,9192.0,28653.0,61574
61576,9192.0,28550.0,61575
61577,9192.0,28539.0,61576
61578,9192.0,28756.0,61577
61579,9192.0,29443.0,61578
61580,9192.0,29099.0,61579
61581,9192.0,28766.0,61580
61582,9192.0,28981.0,61581
61583,9192.0,29065.0,61582
61584,9192.0,28485.0,61583
61585,9192.0,28485.0,61584
61586,9192.0,28901.0,61585
61587,9192.0,29085.0,61586
61588,9192.0,29072.0,61587
61589,9192.0,29052.0,61588
61590,9192.0,29659.0,61589
61591,9192.0,30792.0,61590
61592,9192.0,30107.0,61591
61593,9192.0,29508.0,61592
61594,9192.0,28734.0,61593
61595,9192.0,28575.0,61594
61596,9192.0,28575.0,61595
61597,9192.0,28575.0,61596
61598,9192.0,28453.0,61597
61599,9192.0,29155.0,61598
61600,9192.0,29568.0,61599
61601,9192.0,29168.0,61600
61602,9192.0,30141.0,61601
61603,9192.0,30082.0,61602
61604,9192.0,30100.0,61603
61605,9192.0,29833.0,61604
61606,9192.0,29876.0,61605
61607,9192.0,29876.0,61606
61608,9192.0,29730.0,61607
61609,9192.0,29843.0,61608
61610,9192.0,29852.0,61609
61611,9192.0,29740.0,61610
61612,9192.0,29534.0,61611
61613,9192.0,29654.0,61612
61614,9192.0,30424.0,61613
61615,9192.0,30418.0,61614
61616,9192.0,30475.0,61615
61617,9192.0,30300.0,61616
61618,9192.0,29327.0,61617
61619,9192.0,29186.0,61618
61620,9192.0,28875.0,61619
61621,9192.0,29159.0,61620
61622,9192.0,29094.0,61621
61623,9192.0,28891.0,61622
61624,9192.0,28738.0,61623
61625,9192.0,28921.0,61624
61626,9192.0,29189.0,61625
61627,9192.0,29189.0,61626
61628,9192.0,29433.0,61627
61629,9192.0,29562.0,61628
61630,9192.0,29366.0,61629
61631,9192.0,28210.0,61630
61632,9192.0,28171.0,61631
61633,9192.0,29064.0,61632
61634,9192.0,29096.0,61633
61635,9192.0,28590.0,61634
61636,9192.0,28542.0,61635
61637,9192.0,28082.0,61636
61638,9192.0,28054.0,61637
61639,9192.0,27980.0,61638
61640,9192.0,27156.0,61639
61641,9192.0,26794.0,61640
61642,9192.0,26628.0,61641
61643,9192.0,26490.0,61642
61644,9192.0,27057.0,61643
61645,9192.0,27709.0,61644
61646,9192.0,27541.0,61645
61647,9192.0,27541.0,61646
61648,9192.0,27396.0,61647
61649,9192.0,26741.0,61648
61650,9192.0,27118.0,61649
61651,9192.0,27453.0,61650
61652,9192.0,27149.0,61651
61653,9192.0,26757.0,61652
61654,9192.0,25503.0,61653
61655,9192.0,25358.0,61654
61656,9192.0,24461.0,61655
61657,9192.0,25910.0,61656
61658,9192.0,26090.0,61657
61659,9192.0,26090.0,61658
61660,9192.0,26090.0,61659
61661,9192.0,26988.0,61660
61662,9192.0,27282.0,61661
61663,9192.0,27280.0,61662
61664,9192.0,27182.0,61663
61665,9192.0,27345.0,61664
61666,9192.0,27528.0,61665
61667,9192.0,27906.0,61666
61668,9192.0,28301.0,61667
61669,9192.0,28301.0,61668
61670,9192.0,28546.0,61669
61671,9192.0,28775.0,61670
61672,9192.0,28865.0,61671
61673,9192.0,30084.0,61672
61674,9192.0,30059.0,61673
61675,9192.0,30459.0,61674
61676,9192.0,31112.0,61675
61677,9192.0,31153.0,61676
61678,9192.0,31231.0,61677
61679,9192.0,31495.0,61678
61680,9192.0,30945.0,61679
61681,9192.0,30945.0,61680
61682,9192.0,30888.0,61681
61683,9192.0,30771.0,61682
61684,9192.0,30771.0,61683
61685,9192.0,31000.0,61684
61686,9192.0,30979.0,61685
61687,9192.0,31247.0,61686
61688,9192.0,30319.0,61687
61689,9192.0,30912.0,61688
61690,9192.0,30758.0,61689
61691,9192.0,30887.0,61690
61692,9192.0,31036.0,61691
61693,9192.0,30815.0,61692
61694,9192.0,30100.0,61693
61695,9192.0,29907.0,61694
61696,9192.0,29734.0,61695
61697,9192.0,28541.0,61696
61698,9192.0,28528.0,61697
61699,9192.0,28283.0,61698
61700,9192.0,27972.0,61699
61701,9192.0,26838.0,61700
61702,9192.0,26877.0,61701
61703,9192.0,27157.0,61702
61704,9192.0,27158.0,61703
61705,9192.0,27252.0,61704
61706,9192.0,26938.0,61705
61707,9192.0,27137.0,61706
61708,9192.0,26735.0,61707
61709,9192.0,27946.0,61708
61710,9192.0,28126.0,61709
61711,9192.0,28491.0,61710
61712,9192.0,28658.0,61711
61713,9192.0,28670.0,61712
61714,9192.0,29059.0,61713
61715,9192.0,28776.0,61714
61716,9192.0,28159.0,61715
61717,9192.0,28229.0,61716
61718,9192.0,28291.0,61717
61719,9192.0,27957.0,61718
61720,9192.0,27957.0,61719
61721,9192.0,28098.0,61720
61722,9192.0,27770.0,61721
61723,9192.0,28371.0,61722
61724,9192.0,28444.0,61723
61725,9192.0,28835.0,61724
61726,9192.0,28792.0,61725
61727,9192.0,27178.0,61726
61728,9192.0,27436.0,61727
61729,9192.0,27387.0,61728
61730,9192.0,26365.0,61729
61731,9192.0,25837.0,61730
61732,9192.0,26548.0,61731
61733,9192.0,26717.0,61732
61734,9192.0,26717.0,61733
61735,9192.0,26464.0,61734
61736,9192.0,27081.0,61735
61737,9192.0,26833.0,61736
61738,9192.0,26635.0,61737
61739,9192.0,26515.0,61738
61740,9192.0,26791.0,61739
61741,9192.0,26330.0,61740
61742,9192.0,27250.0,61741
61743,9192.0,26751.0,61742
61744,9192.0,26944.0,61743
61745,9192.0,26352.0,61744
61746,9192.0,26407.0,61745
61747,9192.0,26695.0,61746
61748,9192.0,26041.0,61747
61749,9192.0,26289.0,61748
61750,9192.0,26345.0,61749
61751,9192.0,25311.0,61750
61752,9192.0,25020.0,61751
61753,9192.0,23850.0,61752
61754,9192.0,24742.0,61753
61755,9192.0,24290.0,61754
61756,9192.0,24627.0,61755
61757,9192.0,25605.0,61756
61758,9192.0,25893.0,61757
61759,9192.0,25616.0,61758
61760,9192.0,25519.0,61759
61761,9192.0,26062.0,61760
61762,9192.0,25979.0,61761
61763,9192.0,26068.0,61762
61764,9192.0,26132.0,61763
61765,9192.0,26815.0,61764
61766,9192.0,26730.0,61765
61767,9192.0,26566.0,61766
61768,9192.0,26711.0,61767
61769,9192.0,26802.0,61768
61770,9192.0,27040.0,61769
61771,9192.0,26928.0,61770
61772,9192.0,27214.0,61771
61773,9192.0,27072.0,61772
61774,9192.0,27280.0,61773
61775,9192.0,28646.0,61774
61776,9192.0,28382.0,61775
61777,9192.0,29133.0,61776
61778,9192.0,28049.0,61777
61779,9192.0,26766.0,61778
61780,9192.0,26747.0,61779
61781,9192.0,26731.0,61780
61782,9192.0,26731.0,61781
61783,9192.0,26681.0,61782
61784,9192.0,25877.0,61783
61785,9192.0,25512.0,61784
61786,9192.0,26013.0,61785
61787,9192.0,26037.0,61786
61788,9192.0,26128.0,61787
61789,9192.0,26326.0,61788
61790,9192.0,26064.0,61789
61791,9192.0,26077.0,61790
61792,9192.0,25996.0,61791
61793,9192.0,25996.0,61792
61794,9192.0,25827.0,61793
61795,9192.0,26098.0,61794
61796,9192.0,27338.0,61795
61797,9192.0,27787.0,61796
61798,9192.0,27777.0,61797
61799,9192.0,27929.0,61798
61800,9192.0,27988.0,61799
61801,9192.0,27988.0,61800
61802,9192.0,28009.0,61801
61803,9192.0,28009.0,61802
61804,9192.0,28009.0,61803
61805,9192.0,28108.0,61804
61806,9192.0,28064.0,61805
61807,9192.0,28994.0,61806
61808,9192.0,29369.0,61807
61809,9192.0,28998.0,61808
61810,9192.0,29177.0,61809
61811,9192.0,29177.0,61810
61812,9192.0,29826.0,61811
61813,9192.0,29579.0,61812
61814,9192.0,29508.0,61813
61815,9192.0,29207.0,61814
61816,9192.0,28306.0,61815
61817,9192.0,28016.0,61816
61818,9192.0,27947.0,61817
61819,9192.0,27698.0,61818
61820,9192.0,28034.0,61819
61821,9192.0,29703.0,61820
61822,9192.0,28868.0,61821
61823,9192.0,29599.0,61822
61824,9192.0,29490.0,61823
61825,9192.0,29490.0,61824
61826,9192.0,29440.0,61825
61827,9192.0,29399.0,61826
61828,9192.0,28946.0,61827
61829,9192.0,28946.0,61828
61830,9192.0,28632.0,61829
61831,9192.0,27417.0,61830
61832,9192.0,27948.0,61831
61833,9192.0,27945.0,61832
61834,9192.0,27965.0,61833
61835,9192.0,28000.0,61834
61836,9192.0,29224.0,61835
61837,9192.0,29200.0,61836
61838,9192.0,29103.0,61837
61839,9192.0,29143.0,61838
61840,9192.0,29200.0,61839
61841,9192.0,28130.0,61840
61842,9192.0,28235.0,61841
61843,9192.0,28272.0,61842
61844,9192.0,28234.0,61843
61845,9192.0,27799.0,61844
61846,9192.0,27740.0,61845
61847,9192.0,27884.0,61846
61848,9192.0,28761.0,61847
61849,9192.0,27566.0,61848
61850,9192.0,26758.0,61849
61851,9192.0,26794.0,61850
61852,9192.0,26711.0,61851
61853,9192.0,25317.0,61852
61854,9192.0,25477.0,61853
61855,9192.0,24874.0,61854
61856,9192.0,25918.0,61855
61857,9192.0,25980.0,61856
61858,9192.0,26468.0,61857
61859,9192.0,26319.0,61858
61860,9192.0,26449.0,61859
61861,9192.0,26449.0,61860
61862,9192.0,26563.0,61861
61863,9192.0,26579.0,61862
61864,9192.0,26570.0,61863
61865,9192.0,26021.0,61864
61866,9192.0,27540.0,61865
61867,9192.0,27804.0,61866
61868,9192.0,27741.0,61867
61869,9192.0,27907.0,61868
61870,9192.0,28329.0,61869
61871,9192.0,28749.0,61870
61872,9192.0,28749.0,61871
61873,9192.0,28765.0,61872
61874,9192.0,28594.0,61873
61875,9192.0,28450.0,61874
61876,9192.0,28683.0,61875
61877,9192.0,30041.0,61876
61878,9192.0,30185.0,61877
61879,9192.0,30431.0,61878
61880,9192.0,30699.0,61879
61881,9192.0,31234.0,61880
61882,9192.0,31386.0,61881
61883,9192.0,31315.0,61882
61884,9192.0,30638.0,61883
61885,9192.0,29942.0,61884
61886,9192.0,30127.0,61885
61887,9192.0,30127.0,61886
61888,9192.0,30054.0,61887
61889,9192.0,30130.0,61888
61890,9192.0,30070.0,61889
61891,9192.0,30055.0,61890
61892,9192.0,29840.0,61891
61893,9192.0,29691.0,61892
61894,9192.0,29508.0,61893
61895,9192.0,29371.0,61894
61896,9192.0,29833.0,61895
61897,9192.0,29913.0,61896
61898,9192.0,30466.0,61897
61899,9192.0,29887.0,61898
61900,9192.0,29876.0,61899
61901,9192.0,29518.0,61900
61902,9192.0,29518.0,61901
61903,9192.0,29490.0,61902
61904,9192.0,28410.0,61903
61905,9192.0,28410.0,61904
61906,9192.0,27900.0,61905
61907,9192.0,26510.0,61906
61908,9192.0,26290.0,61907
61909,9192.0,26290.0,61908
61910,9192.0,26618.0,61909
61911,9192.0,26470.0,61910
61912,9192.0,26413.0,61911
61913,9192.0,26423.0,61912
61914,9192.0,26122.0,61913
61915,9192.0,25638.0,61914
61916,9192.0,25957.0,61915
61917,9192.0,26058.0,61916
61918,9192.0,26083.0,61917
61919,9192.0,26155.0,61918
61920,9192.0,27474.0,61919
61921,9192.0,27587.0,61920
61922,9192.0,27467.0,61921
61923,9192.0,28618.0,61922
61924,9192.0,28991.0,61923
61925,9192.0,28833.0,61924
61926,9192.0,29500.0,61925
61927,9192.0,29176.0,61926
61928,9192.0,28259.0,61927
61929,9192.0,28278.0,61928
61930,9192.0,28401.0,61929
61931,9192.0,28234.0,61930
61932,9192.0,28556.0,61931
61933,9192.0,28617.0,61932
61934,9192.0,28242.0,61933
61935,9192.0,28526.0,61934
61936,9192.0,30497.0,61935
61937,9192.0,31407.0,61936
61938,9192.0,32075.0,61937
61939,9192.0,32090.0,61938
61940,9192.0,32054.0,61939
61941,9192.0,31409.0,61940
61942,9192.0,31316.0,61941
61943,9192.0,30894.0,61942
61944,9192.0,30973.0,61943
61945,9192.0,31196.0,61944
61946,9192.0,30748.0,61945
61947,9192.0,30144.0,61946
61948,9192.0,30149.0,61947
61949,9192.0,30389.0,61948
61950,9192.0,30384.0,61949
61951,9192.0,30106.0,61950
61952,9192.0,28836.0,61951
61953,9192.0,28836.0,61952
61954,9192.0,28751.0,61953
61955,9192.0,28672.0,61954
61956,9192.0,28806.0,61955
61957,9192.0,28829.0,61956
61958,9192.0,29142.0,61957
61959,9192.0,29900.0,61958
61960,9192.0,30169.0,61959
61961,9192.0,30169.0,61960
61962,9192.0,30161.0,61961
61963,9192.0,30615.0,61962
61964,9192.0,30608.0,61963
61965,9192.0,30617.0,61964
61966,9192.0,30844.0,61965
61967,9192.0,31002.0,61966
61968,9192.0,31092.0,61967
61969,9192.0,31318.0,61968
61970,9192.0,31885.0,61969
61971,9192.0,32918.0,61970
61972,9192.0,33641.0,61971
61973,9192.0,33337.0,61972
61974,9192.0,32903.0,61973
61975,9192.0,32600.0,61974
61976,9192.0,32974.0,61975
61977,9192.0,32224.0,61976
61978,9192.0,32322.0,61977
61979,9192.0,31977.0,61978
61980,9192.0,31977.0,61979
61981,9192.0,32774.0,61980
61982,9192.0,32387.0,61981
61983,9192.0,32468.0,61982
61984,9192.0,32473.0,61983
61985,9192.0,32709.0,61984
61986,9192.0,32655.0,61985
61987,9192.0,31529.0,61986
61988,9192.0,31451.0,61987
61989,9192.0,31451.0,61988
61990,9192.0,32045.0,61989
61991,9192.0,32282.0,61990
61992,9192.0,32399.0,61991
61993,9192.0,32426.0,61992
61994,9192.0,32312.0,61993
61995,9192.0,32312.0,61994
61996,9192.0,32025.0,61995
61997,9192.0,31882.0,61996
61998,9192.0,31800.0,61997
61999,9192.0,31173.0,61998
62000,9192.0,31191.0,61999
62001,9192.0,31191.0,62000
62002,9192.0,31092.0,62001
62003,9192.0,31063.0,62002
62004,9192.0,30368.0,62003
62005,9192.0,29783.0,62004
62006,9192.0,30246.0,62005
62007,9192.0,30803.0,62006
62008,9192.0,31036.0,62007
62009,9192.0,31015.0,62008
62010,9192.0,30857.0,62009
62011,9192.0,31233.0,62010
62012,9192.0,29737.0,62011
62013,9192.0,29063.0,62012
62014,9192.0,29009.0,62013
62015,9192.0,28893.0,62014
62016,9192.0,28839.0,62015
62017,9192.0,29433.0,62016
62018,9192.0,29690.0,62017
62019,9192.0,29644.0,62018
62020,9192.0,29442.0,62019
62021,9192.0,30439.0,62020
62022,9192.0,30432.0,62021
62023,9192.0,30443.0,62022
62024,9192.0,30485.0,62023
62025,9192.0,30581.0,62024
62026,9192.0,30581.0,62025
62027,9192.0,30146.0,62026
62028,9192.0,29880.0,62027
62029,9192.0,29940.0,62028
62030,9192.0,29798.0,62029
62031,9192.0,29915.0,62030
62032,9192.0,30130.0,62031
62033,9192.0,30080.0,62032
62034,9192.0,29809.0,62033
62035,9192.0,30715.0,62034
62036,9192.0,30807.0,62035
62037,9192.0,30758.0,62036
62038,9192.0,30426.0,62037
62039,9192.0,31137.0,62038
62040,9192.0,30895.0,62039
62041,9192.0,31719.0,62040
62042,9192.0,31485.0,62041
62043,9192.0,31399.0,62042
62044,9192.0,31232.0,62043
62045,9192.0,30510.0,62044
62046,9192.0,30406.0,62045
62047,9192.0,29827.0,62046
62048,9192.0,28796.0,62047
62049,9192.0,28768.0,62048
62050,9192.0,28703.0,62049
62051,9192.0,28994.0,62050
62052,9192.0,28667.0,62051
62053,9192.0,29896.0,62052
62054,9192.0,29953.0,62053
62055,9192.0,31172.0,62054
62056,9192.0,30340.0,62055
62057,9192.0,30340.0,62056
62058,9192.0,30314.0,62057
62059,9192.0,30161.0,62058
62060,9192.0,29940.0,62059
62061,9192.0,29564.0,62060
62062,9192.0,29640.0,62061
62063,9192.0,29750.0,62062
62064,9192.0,29655.0,62063
62065,9192.0,29164.0,62064
62066,9192.0,30339.0,62065
62067,9192.0,30373.0,62066
62068,9192.0,30072.0,62067
62069,9192.0,30072.0,62068
62070,9192.0,30042.0,62069
62071,9192.0,30062.0,62070
62072,9192.0,29971.0,62071
62073,9192.0,29591.0,62072
62074,9192.0,29856.0,62073
62075,9192.0,29960.0,62074
62076,9192.0,29583.0,62075
62077,9192.0,29868.0,62076
62078,9192.0,30090.0,62077
62079,9192.0,30065.0,62078
62080,9192.0,29735.0,62079
62081,9192.0,29747.0,62080
62082,9192.0,29632.0,62081
62083,9192.0,28076.0,62082
62084,9192.0,28532.0,62083
62085,9192.0,27320.0,62084
62086,9192.0,27045.0,62085
62087,9192.0,27071.0,62086
62088,9192.0,27662.0,62087
62089,9192.0,27664.0,62088
62090,9192.0,27357.0,62089
62091,9192.0,27658.0,62090
62092,9192.0,27750.0,62091
62093,9192.0,27082.0,62092
62094,9192.0,27043.0,62093
62095,9192.0,27055.0,62094
62096,9192.0,27224.0,62095
62097,9192.0,27174.0,62096
62098,9192.0,27373.0,62097
62099,9192.0,27467.0,62098
62100,9192.0,27149.0,62099
62101,9192.0,27704.0,62100
62102,9192.0,27713.0,62101
62103,9192.0,27742.0,62102
62104,9192.0,27770.0,62103
62105,9192.0,27599.0,62104
62106,9192.0,26923.0,62105
62107,9192.0,26474.0,62106
62108,9192.0,26630.0,62107
62109,9192.0,27234.0,62108
62110,9192.0,27441.0,62109
62111,9192.0,27138.0,62110
62112,9192.0,27473.0,62111
62113,9192.0,27867.0,62112
62114,9192.0,26672.0,62113
62115,9192.0,26611.0,62114
62116,9192.0,26784.0,62115
62117,9192.0,27121.0,62116
62118,9192.0,27458.0,62117
62119,9192.0,27898.0,62118
62120,9192.0,26995.0,62119
62121,9192.0,26822.0,62120
62122,9192.0,26654.0,62121
62123,9192.0,26640.0,62122
62124,9192.0,26640.0,62123
62125,9192.0,26676.0,62124
62126,9192.0,25750.0,62125
62127,9192.0,25491.0,62126
62128,9192.0,25491.0,62127
62129,9192.0,25169.0,62128
62130,9192.0,25206.0,62129
62131,9192.0,24952.0,62130
62132,9192.0,24452.0,62131
62133,9192.0,24553.0,62132
62134,9192.0,24364.0,62133
62135,9192.0,24231.0,62134
62136,9192.0,24192.0,62135
62137,9192.0,24267.0,62136
62138,9192.0,23845.0,62137
62139,9192.0,23097.0,62138
62140,9192.0,22943.0,62139
62141,9192.0,23793.0,62140
62142,9192.0,24157.0,62141
62143,9192.0,24318.0,62142
62144,9192.0,24593.0,62143
62145,9192.0,24536.0,62144
62146,9192.0,24820.0,62145
62147,9192.0,25121.0,62146
62148,9192.0,25157.0,62147
62149,9192.0,25180.0,62148
62150,9192.0,25223.0,62149
62151,9192.0,25354.0,62150
62152,9192.0,25317.0,62151
62153,9192.0,25342.0,62152
62154,9192.0,25227.0,62153
62155,9192.0,25599.0,62154
62156,9192.0,25502.0,62155
62157,9192.0,25502.0,62156
62158,9192.0,25630.0,62157
62159,9192.0,24988.0,62158
62160,9192.0,25526.0,62159
62161,9192.0,25898.0,62160
62162,9192.0,25940.0,62161
62163,9192.0,26098.0,62162
62164,9192.0,26165.0,62163
62165,9192.0,24891.0,62164
62166,9192.0,24971.0,62165
62167,9192.0,23752.0,62166
62168,9192.0,23616.0,62167
62169,9192.0,23993.0,62168
62170,9192.0,24108.0,62169
62171,9192.0,24368.0,62170
62172,9192.0,24514.0,62171
62173,9192.0,24514.0,62172
62174,9192.0,24353.0,62173
62175,9192.0,24535.0,62174
62176,9192.0,24943.0,62175
62177,9192.0,25604.0,62176
62178,9192.0,26478.0,62177
62179,9192.0,26232.0,62178
62180,9192.0,26278.0,62179
62181,9192.0,25704.0,62180
62182,9192.0,25433.0,62181
62183,9192.0,25433.0,62182
62184,9192.0,25792.0,62183
62185,9192.0,25787.0,62184
62186,9192.0,25839.0,62185
62187,9192.0,26208.0,62186
62188,9192.0,26226.0,62187
62189,9192.0,26449.0,62188
62190,9192.0,26202.0,62189
62191,9192.0,26104.0,62190
62192,9192.0,25783.0,62191
62193,9192.0,25966.0,62192
62194,9192.0,25963.0,62193
62195,9192.0,25963.0,62194
62196,9192.0,26538.0,62195
62197,9192.0,26538.0,62196
62198,9192.0,26141.0,62197
62199,9192.0,25812.0,62198
62200,9192.0,25812.0,62199
62201,9192.0,25812.0,62200
62202,9192.0,25902.0,62201
62203,9192.0,26346.0,62202
62204,9192.0,26276.0,62203
62205,9192.0,26394.0,62204
62206,9192.0,27011.0,62205
62207,9192.0,27863.0,62206
62208,9192.0,28940.0,62207
62209,9192.0,29088.0,62208
62210,9192.0,28561.0,62209
62211,9192.0,28724.0,62210
62212,9192.0,28573.0,62211
62213,9192.0,28139.0,62212
62214,9192.0,27798.0,62213
62215,9192.0,27744.0,62214
62216,9192.0,28540.0,62215
62217,9192.0,28518.0,62216
62218,9192.0,28612.0,62217
62219,9192.0,28979.0,62218
62220,9192.0,29048.0,62219
62221,9192.0,30096.0,62220
62222,9192.0,29927.0,62221
62223,9192.0,29858.0,62222
62224,9192.0,29915.0,62223
62225,9192.0,29158.0,62224
62226,9192.0,29172.0,62225
62227,9192.0,29244.0,62226
62228,9192.0,29127.0,62227
62229,9192.0,29127.0,62228
62230,9192.0,29299.0,62229
62231,9192.0,29368.0,62230
62232,9192.0,29371.0,62231
62233,9192.0,29451.0,62232
62234,9192.0,29451.0,62233
62235,9192.0,29498.0,62234
62236,9192.0,28769.0,62235
62237,9192.0,27684.0,62236
62238,9192.0,27381.0,62237
62239,9192.0,28356.0,62238
62240,9192.0,26348.0,62239
62241,9192.0,26105.0,62240
62242,9192.0,26057.0,62241
62243,9192.0,25185.0,62242
62244,9192.0,25278.0,62243
62245,9192.0,25848.0,62244
62246,9192.0,25817.0,62245
62247,9192.0,25883.0,62246
62248,9192.0,26195.0,62247
62249,9192.0,26195.0,62248
62250,9192.0,26257.0,62249
62251,9192.0,24647.0,62250
62252,9192.0,24933.0,62251
62253,9192.0,25593.0,62252
62254,9192.0,25649.0,62253
62255,9192.0,25396.0,62254
62256,9192.0,25396.0,62255
62257,9192.0,25396.0,62256
62258,9192.0,26160.0,62257
62259,9192.0,26187.0,62258
62260,9192.0,27431.0,62259
62261,9192.0,27431.0,62260
62262,9192.0,27435.0,62261
62263,9192.0,27435.0,62262
62264,9192.0,27643.0,62263
62265,9192.0,27906.0,62264
62266,9192.0,27906.0,62265
62267,9192.0,28292.0,62266
62268,9192.0,29850.0,62267
62269,9192.0,29628.0,62268
62270,9192.0,29645.0,62269
62271,9192.0,29697.0,62270
62272,9192.0,30055.0,62271
62273,9192.0,29866.0,62272
62274,9192.0,29567.0,62273
62275,9192.0,29676.0,62274
62276,9192.0,29513.0,62275
62277,9192.0,29526.0,62276
62278,9192.0,28603.0,62277
62279,9192.0,28603.0,62278
62280,9192.0,28297.0,62279
62281,9192.0,28030.0,62280
62282,9192.0,27821.0,62281
62283,9192.0,28116.0,62282
62284,9192.0,28161.0,62283
62285,9192.0,27908.0,62284
62286,9192.0,28204.0,62285
62287,9192.0,28216.0,62286
62288,9192.0,28191.0,62287
62289,9192.0,27801.0,62288
62290,9192.0,28251.0,62289
62291,9192.0,28230.0,62290
62292,9192.0,27738.0,62291
62293,9192.0,28143.0,62292
62294,9192.0,28263.0,62293
62295,9192.0,28239.0,62294
62296,9192.0,28166.0,62295
62297,9192.0,28326.0,62296
62298,9192.0,28498.0,62297
62299,9192.0,28542.0,62298
62300,9192.0,28897.0,62299
62301,9192.0,28817.0,62300
62302,9192.0,28912.0,62301
62303,9192.0,27623.0,62302
62304,9192.0,27062.0,62303
62305,9192.0,26955.0,62304
62306,9192.0,26943.0,62305
62307,9192.0,26943.0,62306
62308,9192.0,26853.0,62307
62309,9192.0,27345.0,62308
62310,9192.0,27345.0,62309
62311,9192.0,27665.0,62310
62312,9192.0,27636.0,62311
62313,9192.0,27518.0,62312
62314,9192.0,27044.0,62313
62315,9192.0,27862.0,62314
62316,9192.0,27335.0,62315
62317,9192.0,27385.0,62316
62318,9192.0,27092.0,62317
62319,9192.0,26713.0,62318
62320,9192.0,26236.0,62319
62321,9192.0,26466.0,62320
62322,9192.0,26466.0,62321
62323,9192.0,26454.0,62322
62324,9192.0,26737.0,62323
62325,9192.0,27885.0,62324
62326,9192.0,28026.0,62325
62327,9192.0,27855.0,62326
62328,9192.0,27793.0,62327
62329,9192.0,27391.0,62328
62330,9192.0,27589.0,62329
62331,9192.0,27322.0,62330
62332,9192.0,27305.0,62331
62333,9192.0,26439.0,62332
62334,9192.0,26458.0,62333
62335,9192.0,26527.0,62334
62336,9192.0,26967.0,62335
62337,9192.0,27123.0,62336
62338,9192.0,27391.0,62337
62339,9192.0,27396.0,62338
62340,9192.0,27396.0,62339
62341,9192.0,27080.0,62340
62342,9192.0,27442.0,62341
62343,9192.0,26815.0,62342
62344,9192.0,26871.0,62343
62345,9192.0,26871.0,62344
62346,9192.0,27314.0,62345
62347,9192.0,27302.0,62346
62348,9192.0,27447.0,62347
62349,9192.0,27172.0,62348
62350,9192.0,26793.0,62349
62351,9192.0,26606.0,62350
62352,9192.0,26606.0,62351
62353,9192.0,26628.0,62352
62354,9192.0,26505.0,62353
62355,9192.0,26900.0,62354
62356,9192.0,26900.0,62355
62357,9192.0,26918.0,62356
62358,9192.0,26828.0,62357
62359,9192.0,26520.0,62358
62360,9192.0,27418.0,62359
62361,9192.0,27236.0,62360
62362,9192.0,27512.0,62361
62363,9192.0,27512.0,62362
62364,9192.0,28337.0,62363
62365,9192.0,28236.0,62364
62366,9192.0,26733.0,62365
62367,9192.0,26733.0,62366
62368,9192.0,27375.0,62367
62369,9192.0,27390.0,62368
62370,9192.0,27241.0,62369
62371,9192.0,26603.0,62370
62372,9192.0,26477.0,62371
62373,9192.0,26477.0,62372
62374,9192.0,25724.0,62373
62375,9192.0,25718.0,62374
62376,9192.0,25718.0,62375
62377,9192.0,25321.0,62376
62378,9192.0,25321.0,62377
62379,9192.0,25351.0,62378
62380,9192.0,25227.0,62379
62381,9192.0,25323.0,62380
62382,9192.0,25468.0,62381
62383,9192.0,25467.0,62382
62384,9192.0,25130.0,62383
62385,9192.0,25088.0,62384
62386,9192.0,24888.0,62385
62387,9192.0,25174.0,62386
62388,9192.0,25215.0,62387
62389,9192.0,25247.0,62388
62390,9192.0,25246.0,62389
62391,9192.0,25033.0,62390
62392,9192.0,25473.0,62391
62393,9192.0,24719.0,62392
62394,9192.0,24962.0,62393
62395,9192.0,25325.0,62394
62396,9192.0,24965.0,62395
62397,9192.0,25354.0,62396
62398,9192.0,24782.0,62397
62399,9192.0,24904.0,62398
62400,9192.0,25026.0,62399
62401,9192.0,25087.0,62400
62402,9192.0,25208.0,62401
62403,9192.0,26745.0,62402
62404,9192.0,28162.0,62403
62405,9192.0,28007.0,62404
62406,9192.0,27994.0,62405
62407,9192.0,27761.0,62406
62408,9192.0,27840.0,62407
62409,9192.0,28000.0,62408
62410,9192.0,27956.0,62409
62411,9192.0,28525.0,62410
62412,9192.0,28611.0,62411
62413,9192.0,28776.0,62412
62414,9192.0,28487.0,62413
62415,9192.0,28883.0,62414
62416,9192.0,28533.0,62415
62417,9192.0,29317.0,62416
62418,9192.0,29317.0,62417
62419,9192.0,29264.0,62418
62420,9192.0,27513.0,62419
62421,9192.0,27313.0,62420
62422,9192.0,27818.0,62421
62423,9192.0,27338.0,62422
62424,9192.0,27399.0,62423
62425,9192.0,27487.0,62424
62426,9192.0,27487.0,62425
62427,9192.0,27300.0,62426
62428,9192.0,27306.0,62427
62429,9192.0,27138.0,62428
62430,9192.0,27138.0,62429
62431,9192.0,27811.0,62430
62432,9192.0,27811.0,62431
62433,9192.0,27912.0,62432
62434,9192.0,28176.0,62433
62435,9192.0,29175.0,62434
62436,9192.0,28847.0,62435
62437,9192.0,28924.0,62436
62438,9192.0,28939.0,62437
62439,9192.0,29059.0,62438
62440,9192.0,29045.0,62439
62441,9192.0,29045.0,62440
62442,9192.0,28708.0,62441
62443,9192.0,28097.0,62442
62444,9192.0,28097.0,62443
62445,9192.0,28262.0,62444
62446,9192.0,28806.0,62445
62447,9192.0,29250.0,62446
62448,9192.0,28060.0,62447
62449,9192.0,28067.0,62448
62450,9192.0,27503.0,62449
62451,9192.0,27504.0,62450
62452,9192.0,27805.0,62451
62453,9192.0,27747.0,62452
62454,9192.0,29809.0,62453
62455,9192.0,29830.0,62454
62456,9192.0,29433.0,62455
62457,9192.0,29816.0,62456
62458,9192.0,29707.0,62457
62459,9192.0,29512.0,62458
62460,9192.0,29710.0,62459
62461,9192.0,28537.0,62460
62462,9192.0,28421.0,62461
62463,9192.0,28187.0,62462
62464,9192.0,27856.0,62463
62465,9192.0,28199.0,62464
62466,9192.0,28283.0,62465
62467,9192.0,27725.0,62466
62468,9192.0,27462.0,62467
62469,9192.0,27329.0,62468
62470,9192.0,27377.0,62469
62471,9192.0,27688.0,62470
62472,9192.0,27688.0,62471
62473,9192.0,27148.0,62472
62474,9192.0,27992.0,62473
62475,9192.0,27458.0,62474
62476,9192.0,27494.0,62475
62477,9192.0,27439.0,62476
62478,9192.0,27290.0,62477
62479,9192.0,27290.0,62478
62480,9192.0,26281.0,62479
62481,9192.0,26270.0,62480
62482,9192.0,26285.0,62481
62483,9192.0,26379.0,62482
62484,9192.0,26411.0,62483
62485,9192.0,27137.0,62484
62486,9192.0,27283.0,62485
62487,9192.0,27283.0,62486
62488,9192.0,26687.0,62487
62489,9192.0,26687.0,62488
62490,9192.0,26687.0,62489
62491,9192.0,27503.0,62490
62492,9192.0,27546.0,62491
62493,9192.0,27465.0,62492
62494,9192.0,27703.0,62493
62495,9192.0,27340.0,62494
62496,9192.0,27328.0,62495
62497,9192.0,27278.0,62496
62498,9192.0,27423.0,62497
62499,9192.0,28155.0,62498
62500,9192.0,28252.0,62499
62501,9192.0,29334.0,62500
62502,9192.0,29546.0,62501
62503,9192.0,29089.0,62502
62504,9192.0,29273.0,62503
62505,9192.0,29134.0,62504
62506,9192.0,29396.0,62505
62507,9192.0,28062.0,62506
62508,9192.0,28062.0,62507
62509,9192.0,28645.0,62508
62510,9192.0,28513.0,62509
62511,9192.0,28579.0,62510
62512,9192.0,27142.0,62511
62513,9192.0,29343.0,62512
62514,9192.0,29494.0,62513
62515,9192.0,29423.0,62514
62516,9192.0,29068.0,62515
62517,9192.0,29412.0,62516
62518,9192.0,29802.0,62517
62519,9192.0,29888.0,62518
62520,9192.0,29614.0,62519
62521,9192.0,29693.0,62520
62522,9192.0,30120.0,62521
62523,9192.0,29595.0,62522
62524,9192.0,29558.0,62523
62525,9192.0,29184.0,62524
62526,9192.0,29028.0,62525
62527,9192.0,29278.0,62526
62528,9192.0,29235.0,62527
62529,9192.0,29235.0,62528
62530,9192.0,29319.0,62529
62531,9192.0,29288.0,62530
62532,9192.0,29205.0,62531
62533,9192.0,29437.0,62532
62534,9192.0,29721.0,62533
62535,9192.0,30384.0,62534
62536,9192.0,30361.0,62535
62537,9192.0,30410.0,62536
62538,9192.0,30565.0,62537
62539,9192.0,30538.0,62538
62540,9192.0,30477.0,62539
62541,9192.0,30654.0,62540
62542,9192.0,29928.0,62541
62543,9192.0,29194.0,62542
62544,9192.0,29194.0,62543
62545,9192.0,29794.0,62544
62546,9192.0,29247.0,62545
62547,9192.0,29285.0,62546
62548,9192.0,29257.0,62547
62549,9192.0,28981.0,62548
62550,9192.0,29378.0,62549
62551,9192.0,29459.0,62550
62552,9192.0,29245.0,62551
62553,9192.0,28348.0,62552
62554,9192.0,28018.0,62553
62555,9192.0,28265.0,62554
62556,9192.0,28190.0,62555
62557,9192.0,28391.0,62556
62558,9192.0,28342.0,62557
62559,9192.0,28675.0,62558
62560,9192.0,28735.0,62559
62561,9192.0,28665.0,62560
62562,9192.0,28236.0,62561
62563,9192.0,29121.0,62562
62564,9192.0,28868.0,62563
62565,9192.0,28868.0,62564
62566,9192.0,29072.0,62565
62567,9192.0,29292.0,62566
62568,9192.0,29390.0,62567
62569,9192.0,29776.0,62568
62570,9192.0,28759.0,62569
62571,9192.0,28383.0,62570
62572,9192.0,29189.0,62571
62573,9192.0,28880.0,62572
62574,9192.0,28869.0,62573
62575,9192.0,28874.0,62574
62576,9192.0,28490.0,62575
62577,9192.0,28532.0,62576
62578,9192.0,29484.0,62577
62579,9192.0,29096.0,62578
62580,9192.0,29040.0,62579
62581,9192.0,29379.0,62580
62582,9192.0,29770.0,62581
62583,9192.0,30787.0,62582
62584,9192.0,30028.0,62583
62585,9192.0,29732.0,62584
62586,9192.0,29791.0,62585
62587,9192.0,29640.0,62586
62588,9192.0,29095.0,62587
62589,9192.0,28554.0,62588
62590,9192.0,27671.0,62589
62591,9192.0,27876.0,62590
62592,9192.0,27876.0,62591
62593,9192.0,28520.0,62592
62594,9192.0,28588.0,62593
62595,9192.0,27647.0,62594
62596,9192.0,26909.0,62595
62597,9192.0,26780.0,62596
62598,9192.0,26780.0,62597
62599,9192.0,27047.0,62598
62600,9192.0,27156.0,62599
62601,9192.0,27932.0,62600
62602,9192.0,28436.0,62601
62603,9192.0,28546.0,62602
62604,9192.0,28509.0,62603
62605,9192.0,28406.0,62604
62606,9192.0,28719.0,62605
62607,9192.0,28712.0,62606
62608,9192.0,28784.0,62607
62609,9192.0,28884.0,62608
62610,9192.0,28941.0,62609
62611,9192.0,28088.0,62610
62612,9192.0,28138.0,62611
62613,9192.0,28972.0,62612
62614,9192.0,29010.0,62613
62615,9192.0,28948.0,62614
62616,9192.0,28894.0,62615
62617,9192.0,28898.0,62616
62618,9192.0,29538.0,62617
62619,9192.0,29538.0,62618
62620,9192.0,29422.0,62619
62621,9192.0,29355.0,62620
62622,9192.0,29392.0,62621
62623,9192.0,29554.0,62622
62624,9192.0,29173.0,62623
62625,9192.0,29173.0,62624
62626,9192.0,28817.0,62625
62627,9192.0,28817.0,62626
62628,9192.0,28817.0,62627
62629,9192.0,28289.0,62628
62630,9192.0,28624.0,62629
62631,9192.0,28392.0,62630
62632,9192.0,28913.0,62631
62633,9192.0,29086.0,62632
62634,9192.0,29070.0,62633
62635,9192.0,29299.0,62634
62636,9192.0,28618.0,62635
62637,9192.0,29068.0,62636
62638,9192.0,29734.0,62637
62639,9192.0,29445.0,62638
62640,9192.0,29444.0,62639
62641,9192.0,29379.0,62640
62642,9192.0,29641.0,62641
62643,9192.0,29424.0,62642
62644,9192.0,29544.0,62643
62645,9192.0,29408.0,62644
62646,9192.0,29643.0,62645
62647,9192.0,29676.0,62646
62648,9192.0,29382.0,62647
62649,9192.0,29246.0,62648
62650,9192.0,29040.0,62649
62651,9192.0,28430.0,62650
62652,9192.0,29011.0,62651
62653,9192.0,28729.0,62652
62654,9192.0,28729.0,62653
62655,9192.0,28740.0,62654
62656,9192.0,28750.0,62655
62657,9192.0,28975.0,62656
62658,9192.0,28517.0,62657
62659,9192.0,28518.0,62658
62660,9192.0,29531.0,62659
62661,9192.0,29531.0,62660
62662,9192.0,29786.0,62661
62663,9192.0,29429.0,62662
62664,9192.0,28992.0,62663
62665,9192.0,29038.0,62664
62666,9192.0,28977.0,62665
62667,9192.0,28774.0,62666
62668,9192.0,28854.0,62667
62669,9192.0,29173.0,62668
62670,9192.0,29210.0,62669
62671,9192.0,29210.0,62670
62672,9192.0,29164.0,62671
62673,9192.0,29456.0,62672
62674,9192.0,29220.0,62673
62675,9192.0,28998.0,62674
62676,9192.0,29199.0,62675
62677,9192.0,29385.0,62676
62678,9192.0,29247.0,62677
62679,9192.0,29473.0,62678
62680,9192.0,29535.0,62679
62681,9192.0,29535.0,62680
62682,9192.0,29535.0,62681
62683,9192.0,29191.0,62682
62684,9192.0,28858.0,62683
62685,9192.0,29110.0,62684
62686,9192.0,29232.0,62685
62687,9192.0,29262.0,62686
62688,9192.0,29144.0,62687
62689,9192.0,28682.0,62688
62690,9192.0,28682.0,62689
62691,9192.0,28579.0,62690
62692,9192.0,28928.0,62691
62693,9192.0,28873.0,62692
62694,9192.0,29238.0,62693
62695,9192.0,29007.0,62694
62696,9192.0,28885.0,62695
62697,9192.0,29854.0,62696
62698,9192.0,30516.0,62697
62699,9192.0,30587.0,62698
62700,9192.0,31159.0,62699
62701,9192.0,30720.0,62700
62702,9192.0,30249.0,62701
62703,9192.0,30089.0,62702
62704,9192.0,30049.0,62703
62705,9192.0,28654.0,62704
62706,9192.0,28647.0,62705
62707,9192.0,28763.0,62706
62708,9192.0,28463.0,62707
62709,9192.0,29099.0,62708
62710,9192.0,29562.0,62709
62711,9192.0,29892.0,62710
62712,9192.0,29892.0,62711
62713,9192.0,29988.0,62712
62714,9192.0,30430.0,62713
62715,9192.0,29276.0,62714
62716,9192.0,30005.0,62715
62717,9192.0,29112.0,62716
62718,9192.0,29056.0,62717
62719,9192.0,28898.0,62718
62720,9192.0,29151.0,62719
62721,9192.0,29151.0,62720
62722,9192.0,28761.0,62721
62723,9192.0,28446.0,62722
62724,9192.0,28569.0,62723
62725,9192.0,29846.0,62724
62726,9192.0,29203.0,62725
62727,9192.0,29240.0,62726
62728,9192.0,29398.0,62727
62729,9192.0,29348.0,62728
62730,9192.0,29228.0,62729
62731,9192.0,29255.0,62730
62732,9192.0,29255.0,62731
62733,9192.0,29408.0,62732
62734,9192.0,28877.0,62733
62735,9192.0,29053.0,62734
62736,9192.0,29217.0,62735
62737,9192.0,29024.0,62736
62738,9192.0,28548.0,62737
62739,9192.0,27526.0,62738
62740,9192.0,27646.0,62739
62741,9192.0,27475.0,62740
62742,9192.0,27575.0,62741
62743,9192.0,27305.0,62742
62744,9192.0,27149.0,62743
62745,9192.0,26170.0,62744
62746,9192.0,26170.0,62745
62747,9192.0,26498.0,62746
62748,9192.0,27071.0,62747
62749,9192.0,28078.0,62748
62750,9192.0,27593.0,62749
62751,9192.0,27215.0,62750
62752,9192.0,28619.0,62751
62753,9192.0,28597.0,62752
62754,9192.0,28463.0,62753
62755,9192.0,29398.0,62754
62756,9192.0,29439.0,62755
62757,9192.0,28901.0,62756
62758,9192.0,27340.0,62757
62759,9192.0,27313.0,62758
62760,9192.0,27560.0,62759
62761,9192.0,27425.0,62760
62762,9192.0,26647.0,62761
62763,9192.0,26428.0,62762
62764,9192.0,26355.0,62763
62765,9192.0,25890.0,62764
62766,9192.0,26783.0,62765
62767,9192.0,27331.0,62766
62768,9192.0,26866.0,62767
62769,9192.0,27462.0,62768
62770,9192.0,27738.0,62769
62771,9192.0,27948.0,62770
62772,9192.0,27813.0,62771
62773,9192.0,27828.0,62772
62774,9192.0,28015.0,62773
62775,9192.0,28664.0,62774
62776,9192.0,28489.0,62775
62777,9192.0,28366.0,62776
62778,9192.0,28200.0,62777
62779,9192.0,27334.0,62778
62780,9192.0,27645.0,62779
62781,9192.0,27934.0,62780
62782,9192.0,27679.0,62781
62783,9192.0,27841.0,62782
62784,9192.0,28126.0,62783
62785,9192.0,28219.0,62784
62786,9192.0,28219.0,62785
62787,9192.0,27986.0,62786
62788,9192.0,27921.0,62787
62789,9192.0,27920.0,62788
62790,9192.0,27870.0,62789
62791,9192.0,27805.0,62790
62792,9192.0,27854.0,62791
62793,9192.0,27780.0,62792
62794,9192.0,28800.0,62793
62795,9192.0,28800.0,62794
62796,9192.0,28228.0,62795
62797,9192.0,28319.0,62796
62798,9192.0,28510.0,62797
62799,9192.0,28827.0,62798
62800,9192.0,28430.0,62799
62801,9192.0,28430.0,62800
62802,9192.0,28430.0,62801
62803,9192.0,27711.0,62802
62804,9192.0,27963.0,62803
62805,9192.0,28010.0,62804
62806,9192.0,28764.0,62805
62807,9192.0,29273.0,62806
62808,9192.0,29252.0,62807
62809,9192.0,29341.0,62808
62810,9192.0,30000.0,62809
62811,9192.0,28954.0,62810
62812,9192.0,28918.0,62811
62813,9192.0,28950.0,62812
62814,9192.0,28911.0,62813
62815,9192.0,29391.0,62814
62816,9192.0,29391.0,62815
62817,9192.0,29115.0,62816
62818,9192.0,29194.0,62817
62819,9192.0,29609.0,62818
62820,9192.0,29713.0,62819
62821,9192.0,28858.0,62820
62822,9192.0,29685.0,62821
62823,9192.0,29007.0,62822
62824,9192.0,28956.0,62823
62825,9192.0,28944.0,62824
62826,9192.0,28944.0,62825
62827,9192.0,27741.0,62826
62828,9192.0,26904.0,62827
62829,9192.0,26742.0,62828
62830,9192.0,27970.0,62829
62831,9192.0,28382.0,62830
62832,9192.0,28185.0,62831
62833,9192.0,28145.0,62832
62834,9192.0,28411.0,62833
62835,9192.0,29552.0,62834
62836,9192.0,29589.0,62835
62837,9192.0,29445.0,62836
62838,9192.0,29445.0,62837
62839,9192.0,29204.0,62838
62840,9192.0,29059.0,62839
62841,9192.0,29337.0,62840
62842,9192.0,28571.0,62841
62843,9192.0,27487.0,62842
62844,9192.0,27288.0,62843
62845,9192.0,27696.0,62844
62846,9192.0,28614.0,62845
62847,9192.0,28840.0,62846
62848,9192.0,28291.0,62847
62849,9192.0,28857.0,62848
62850,9192.0,28842.0,62849
62851,9192.0,28919.0,62850
62852,9192.0,29063.0,62851
62853,9192.0,28630.0,62852
62854,9192.0,28405.0,62853
62855,9192.0,27510.0,62854
62856,9192.0,28544.0,62855
62857,9192.0,28522.0,62856
62858,9192.0,28278.0,62857
62859,9192.0,28283.0,62858
62860,9192.0,28218.0,62859
62861,9192.0,28485.0,62860
62862,9192.0,28479.0,62861
62863,9192.0,28781.0,62862
62864,9192.0,28754.0,62863
62865,9192.0,28947.0,62864
62866,9192.0,29098.0,62865
62867,9192.0,29098.0,62866
62868,9192.0,29869.0,62867
62869,9192.0,30425.0,62868
62870,9192.0,30042.0,62869
62871,9192.0,30091.0,62870
62872,9192.0,30557.0,62871
62873,9192.0,29133.0,62872
62874,9192.0,29449.0,62873
62875,9192.0,29078.0,62874
62876,9192.0,28532.0,62875
62877,9192.0,28644.0,62876
62878,9192.0,28646.0,62877
62879,9192.0,28596.0,62878
62880,9192.0,28450.0,62879
62881,9192.0,28944.0,62880
62882,9192.0,28944.0,62881
62883,9192.0,28733.0,62882
62884,9192.0,28715.0,62883
62885,9192.0,28715.0,62884
62886,9192.0,28256.0,62885
62887,9192.0,27196.0,62886
62888,9192.0,26958.0,62887
62889,9192.0,26971.0,62888
62890,9192.0,26973.0,62889
62891,9192.0,26103.0,62890
62892,9192.0,26295.0,62891
62893,9192.0,25918.0,62892
62894,9192.0,26674.0,62893
62895,9192.0,26234.0,62894
62896,9192.0,26273.0,62895
62897,9192.0,26350.0,62896
62898,9192.0,26360.0,62897
62899,9192.0,26444.0,62898
62900,9192.0,26178.0,62899
62901,9192.0,27862.0,62900
62902,9192.0,28272.0,62901
62903,9192.0,28258.0,62902
62904,9192.0,28362.0,62903
62905,9192.0,27763.0,62904
62906,9192.0,28068.0,62905
62907,9192.0,27910.0,62906
62908,9192.0,28133.0,62907
62909,9192.0,27204.0,62908
62910,9192.0,28288.0,62909
62911,9192.0,29204.0,62910
62912,9192.0,29318.0,62911
62913,9192.0,29427.0,62912
62914,9192.0,29259.0,62913
62915,9192.0,29223.0,62914
62916,9192.0,29327.0,62915
62917,9192.0,29287.0,62916
62918,9192.0,28656.0,62917
62919,9192.0,27779.0,62918
62920,9192.0,26956.0,62919
62921,9192.0,27281.0,62920
62922,9192.0,27056.0,62921
62923,9192.0,27158.0,62922
62924,9192.0,27118.0,62923
62925,9192.0,27414.0,62924
62926,9192.0,27433.0,62925
62927,9192.0,26910.0,62926
62928,9192.0,26731.0,62927
62929,9192.0,27387.0,62928
62930,9192.0,27001.0,62929
62931,9192.0,27001.0,62930
62932,9192.0,27201.0,62931
62933,9192.0,26778.0,62932
62934,9192.0,26440.0,62933
62935,9192.0,26411.0,62934
62936,9192.0,26411.0,62935
62937,9192.0,26398.0,62936
62938,9192.0,27371.0,62937
62939,9192.0,27720.0,62938
62940,9192.0,27937.0,62939
62941,9192.0,27841.0,62940
62942,9192.0,27811.0,62941
62943,9192.0,27510.0,62942
62944,9192.0,27593.0,62943
62945,9192.0,28078.0,62944
62946,9192.0,30353.0,62945
62947,9192.0,29953.0,62946
62948,9192.0,29838.0,62947
62949,9192.0,29836.0,62948
62950,9192.0,29693.0,62949
62951,9192.0,29778.0,62950
62952,9192.0,29685.0,62951
62953,9192.0,29674.0,62952
62954,9192.0,29194.0,62953
62955,9192.0,29134.0,62954
62956,9192.0,29495.0,62955
62957,9192.0,29497.0,62956
62958,9192.0,29555.0,62957
62959,9192.0,29345.0,62958
62960,9192.0,29673.0,62959
62961,9192.0,30372.0,62960
62962,9192.0,30065.0,62961
62963,9192.0,30690.0,62962
62964,9192.0,30615.0,62963
62965,9192.0,30313.0,62964
62966,9192.0,30291.0,62965
62967,9192.0,30470.0,62966
62968,9192.0,30828.0,62967
62969,9192.0,30908.0,62968
62970,9192.0,30875.0,62969
62971,9192.0,30813.0,62970
62972,9192.0,31017.0,62971
62973,9192.0,31549.0,62972
62974,9192.0,31549.0,62973
62975,9192.0,30229.0,62974
62976,9192.0,30293.0,62975
62977,9192.0,31202.0,62976
62978,9192.0,30755.0,62977
62979,9192.0,29596.0,62978
62980,9192.0,29666.0,62979
62981,9192.0,30128.0,62980
62982,9192.0,29822.0,62981
62983,9192.0,30195.0,62982
62984,9192.0,29273.0,62983
62985,9192.0,29209.0,62984
62986,9192.0,29165.0,62985
62987,9192.0,29068.0,62986
62988,9192.0,29748.0,62987
62989,9192.0,29751.0,62988
62990,9192.0,29535.0,62989
62991,9192.0,29028.0,62990
62992,9192.0,29290.0,62991
62993,9192.0,29313.0,62992
62994,9192.0,29284.0,62993
62995,9192.0,29824.0,62994
62996,9192.0,29824.0,62995
62997,9192.0,29810.0,62996
62998,9192.0,29713.0,62997
62999,9192.0,30166.0,62998
63000,9192.0,29840.0,62999
63001,9192.0,29708.0,63000
63002,9192.0,29623.0,63001
63003,9192.0,29751.0,63002
63004,9192.0,29247.0,63003
63005,9192.0,29389.0,63004
63006,9192.0,28891.0,63005
63007,9192.0,28891.0,63006
63008,9192.0,28887.0,63007
63009,9192.0,28577.0,63008
63010,9192.0,28478.0,63009
63011,9192.0,28478.0,63010
63012,9192.0,30107.0,63011
63013,9192.0,29888.0,63012
63014,9192.0,30507.0,63013
63015,9192.0,30339.0,63014
63016,9192.0,30343.0,63015
63017,9192.0,30225.0,63016
63018,9192.0,30340.0,63017
63019,9192.0,30212.0,63018
63020,9192.0,29902.0,63019
63021,9192.0,29966.0,63020
63022,9192.0,29791.0,63021
63023,9192.0,29786.0,63022
63024,9192.0,29801.0,63023
63025,9192.0,29797.0,63024
63026,9192.0,30052.0,63025
63027,9192.0,29836.0,63026
63028,9192.0,28479.0,63027
63029,9192.0,28873.0,63028
63030,9192.0,28618.0,63029
63031,9192.0,28519.0,63030
63032,9192.0,28359.0,63031
63033,9192.0,29092.0,63032
63034,9192.0,28367.0,63033
63035,9192.0,28180.0,63034
63036,9192.0,28243.0,63035
63037,9192.0,27713.0,63036
63038,9192.0,26196.0,63037
63039,9192.0,27043.0,63038
63040,9192.0,27010.0,63039
63041,9192.0,26460.0,63040
63042,9192.0,26841.0,63041
63043,9192.0,27085.0,63042
63044,9192.0,26918.0,63043
63045,9192.0,26869.0,63044
63046,9192.0,26609.0,63045
63047,9192.0,25870.0,63046
63048,9192.0,25870.0,63047
63049,9192.0,26523.0,63048
63050,9192.0,27254.0,63049
63051,9192.0,27780.0,63050
63052,9192.0,28176.0,63051
63053,9192.0,27558.0,63052
63054,9192.0,27989.0,63053
63055,9192.0,28021.0,63054
63056,9192.0,28343.0,63055
63057,9192.0,30014.0,63056
63058,9192.0,29772.0,63057
63059,9192.0,29366.0,63058
63060,9192.0,29253.0,63059
63061,9192.0,29212.0,63060
63062,9192.0,29618.0,63061
63063,9192.0,29711.0,63062
63064,9192.0,29456.0,63063
63065,9192.0,29456.0,63064
63066,9192.0,29431.0,63065
63067,9192.0,29707.0,63066
63068,9192.0,29737.0,63067
63069,9192.0,29393.0,63068
63070,9192.0,29391.0,63069
63071,9192.0,29372.0,63070
63072,9192.0,29997.0,63071
63073,9192.0,29672.0,63072
63074,9192.0,29764.0,63073
63075,9192.0,30114.0,63074
63076,9192.0,30907.0,63075
63077,9192.0,30786.0,63076
63078,9192.0,30785.0,63077
63079,9192.0,30762.0,63078
63080,9192.0,30678.0,63079
63081,9192.0,30752.0,63080
63082,9192.0,31103.0,63081
63083,9192.0,31284.0,63082
63084,9192.0,31251.0,63083
63085,9192.0,31036.0,63084
63086,9192.0,30565.0,63085
63087,9192.0,30288.0,63086
63088,9192.0,30675.0,63087
63089,9192.0,30990.0,63088
63090,9192.0,31064.0,63089
63091,9192.0,31042.0,63090
63092,9192.0,31042.0,63091
63093,9192.0,29794.0,63092
63094,9192.0,29794.0,63093
63095,9192.0,30291.0,63094
63096,9192.0,29947.0,63095
63097,9192.0,31093.0,63096
63098,9192.0,30143.0,63097
63099,9192.0,30676.0,63098
63100,9192.0,30685.0,63099
63101,9192.0,30292.0,63100
63102,9192.0,31238.0,63101
63103,9192.0,30975.0,63102
63104,9192.0,30883.0,63103
63105,9192.0,30787.0,63104
63106,9192.0,31108.0,63105
63107,9192.0,31004.0,63106
63108,9192.0,31059.0,63107
63109,9192.0,31141.0,63108
63110,9192.0,31070.0,63109
63111,9192.0,31166.0,63110
63112,9192.0,31355.0,63111
63113,9192.0,31886.0,63112
63114,9192.0,32834.0,63113
63115,9192.0,32790.0,63114
63116,9192.0,32731.0,63115
63117,9192.0,32731.0,63116
63118,9192.0,33033.0,63117
63119,9192.0,33170.0,63118
63120,9192.0,32452.0,63119
63121,9192.0,32480.0,63120
63122,9192.0,31988.0,63121
63123,9192.0,31924.0,63122
63124,9192.0,30836.0,63123
63125,9192.0,30729.0,63124
63126,9192.0,30889.0,63125
63127,9192.0,30911.0,63126
63128,9192.0,30867.0,63127
63129,9192.0,30867.0,63128
63130,9192.0,30803.0,63129
63131,9192.0,30803.0,63130
63132,9192.0,30684.0,63131
63133,9192.0,28472.0,63132
63134,9192.0,28472.0,63133
63135,9192.0,28464.0,63134
63136,9192.0,28092.0,63135
63137,9192.0,28092.0,63136
63138,9192.0,28202.0,63137
63139,9192.0,28216.0,63138
63140,9192.0,28135.0,63139
63141,9192.0,28636.0,63140
63142,9192.0,28636.0,63141
63143,9192.0,28864.0,63142
63144,9192.0,28970.0,63143
63145,9192.0,29068.0,63144
63146,9192.0,29608.0,63145
63147,9192.0,30497.0,63146
63148,9192.0,30466.0,63147
63149,9192.0,30247.0,63148
63150,9192.0,30346.0,63149
63151,9192.0,30306.0,63150
63152,9192.0,30718.0,63151
63153,9192.0,31375.0,63152
63154,9192.0,31341.0,63153
63155,9192.0,31404.0,63154
63156,9192.0,30980.0,63155
63157,9192.0,31015.0,63156
63158,9192.0,31994.0,63157
63159,9192.0,32028.0,63158
63160,9192.0,32627.0,63159
63161,9192.0,32015.0,63160
63162,9192.0,30696.0,63161
63163,9192.0,30506.0,63162
63164,9192.0,30555.0,63163
63165,9192.0,30178.0,63164
63166,9192.0,30008.0,63165
63167,9192.0,29761.0,63166
63168,9192.0,29756.0,63167
63169,9192.0,29584.0,63168
63170,9192.0,29584.0,63169
63171,9192.0,29644.0,63170
63172,9192.0,29922.0,63171
63173,9192.0,29765.0,63172
63174,9192.0,29639.0,63173
63175,9192.0,29590.0,63174
63176,9192.0,29266.0,63175
63177,9192.0,29125.0,63176
63178,9192.0,29047.0,63177
63179,9192.0,28579.0,63178
63180,9192.0,28906.0,63179
63181,9192.0,28817.0,63180
63182,9192.0,28626.0,63181
63183,9192.0,28966.0,63182
63184,9192.0,28915.0,63183
63185,9192.0,29031.0,63184
63186,9192.0,29255.0,63185
63187,9192.0,29118.0,63186
63188,9192.0,29204.0,63187
63189,9192.0,29117.0,63188
63190,9192.0,29976.0,63189
63191,9192.0,30053.0,63190
63192,9192.0,29118.0,63191
63193,9192.0,31148.0,63192
63194,9192.0,31123.0,63193
63195,9192.0,31100.0,63194
63196,9192.0,31205.0,63195
63197,9192.0,30997.0,63196
63198,9192.0,30632.0,63197
63199,9192.0,30593.0,63198
63200,9192.0,30530.0,63199
63201,9192.0,30469.0,63200
63202,9192.0,30365.0,63201
63203,9192.0,30687.0,63202
63204,9192.0,30309.0,63203
63205,9192.0,29909.0,63204
63206,9192.0,29866.0,63205
63207,9192.0,28970.0,63206
63208,9192.0,28728.0,63207
63209,9192.0,28280.0,63208
63210,9192.0,27492.0,63209
63211,9192.0,27309.0,63210
63212,9192.0,27312.0,63211
63213,9192.0,27553.0,63212
63214,9192.0,27723.0,63213
63215,9192.0,28013.0,63214
63216,9192.0,27689.0,63215
63217,9192.0,27689.0,63216
63218,9192.0,27842.0,63217
63219,9192.0,27442.0,63218
63220,9192.0,27921.0,63219
63221,9192.0,27958.0,63220
63222,9192.0,27958.0,63221
63223,9192.0,27966.0,63222
63224,9192.0,27934.0,63223
63225,9192.0,26857.0,63224
63226,9192.0,26857.0,63225
63227,9192.0,26924.0,63226
63228,9192.0,27084.0,63227
63229,9192.0,27337.0,63228
63230,9192.0,28205.0,63229
63231,9192.0,27383.0,63230
63232,9192.0,28078.0,63231
63233,9192.0,28360.0,63232
63234,9192.0,28302.0,63233
63235,9192.0,28827.0,63234
63236,9192.0,29988.0,63235
63237,9192.0,29988.0,63236
63238,9192.0,28610.0,63237
63239,9192.0,28235.0,63238
63240,9192.0,27871.0,63239
63241,9192.0,27628.0,63240
63242,9192.0,27628.0,63241
63243,9192.0,27006.0,63242
63244,9192.0,27275.0,63243
63245,9192.0,27516.0,63244
63246,9192.0,27516.0,63245
63247,9192.0,27816.0,63246
63248,9192.0,27494.0,63247
63249,9192.0,27256.0,63248
63250,9192.0,26605.0,63249
63251,9192.0,26601.0,63250
63252,9192.0,26616.0,63251
63253,9192.0,26914.0,63252
63254,9192.0,27171.0,63253
63255,9192.0,27317.0,63254
63256,9192.0,27412.0,63255
63257,9192.0,28052.0,63256
63258,9192.0,28140.0,63257
63259,9192.0,27490.0,63258
63260,9192.0,27754.0,63259
63261,9192.0,27509.0,63260
63262,9192.0,27667.0,63261
63263,9192.0,26528.0,63262
63264,9192.0,26029.0,63263
63265,9192.0,26061.0,63264
63266,9192.0,26061.0,63265
63267,9192.0,26061.0,63266
63268,9192.0,25837.0,63267
63269,9192.0,25512.0,63268
63270,9192.0,26505.0,63269
63271,9192.0,27353.0,63270
63272,9192.0,27353.0,63271
63273,9192.0,27791.0,63272
63274,9192.0,27709.0,63273
63275,9192.0,27709.0,63274
63276,9192.0,27709.0,63275
63277,9192.0,27727.0,63276
63278,9192.0,27648.0,63277
63279,9192.0,27648.0,63278
63280,9192.0,27286.0,63279
63281,9192.0,27506.0,63280
63282,9192.0,27506.0,63281
63283,9192.0,27643.0,63282
63284,9192.0,28319.0,63283
63285,9192.0,28577.0,63284
63286,9192.0,28577.0,63285
63287,9192.0,28829.0,63286
63288,9192.0,28145.0,63287
63289,9192.0,27602.0,63288
63290,9192.0,27565.0,63289
63291,9192.0,27469.0,63290
63292,9192.0,27525.0,63291
63293,9192.0,26986.0,63292
63294,9192.0,27081.0,63293
63295,9192.0,27081.0,63294
63296,9192.0,27081.0,63295
63297,9192.0,26499.0,63296
63298,9192.0,27253.0,63297
63299,9192.0,27253.0,63298
63300,9192.0,26764.0,63299
63301,9192.0,26222.0,63300
63302,9192.0,25953.0,63301
63303,9192.0,25934.0,63302
63304,9192.0,28558.0,63303
63305,9192.0,28558.0,63304
63306,9192.0,28774.0,63305
63307,9192.0,29005.0,63306
63308,9192.0,28230.0,63307
63309,9192.0,27749.0,63308
63310,9192.0,27749.0,63309
63311,9192.0,27661.0,63310
63312,9192.0,28014.0,63311
63313,9192.0,28066.0,63312
63314,9192.0,28094.0,63313
63315,9192.0,27785.0,63314
63316,9192.0,27690.0,63315
63317,9192.0,27681.0,63316
63318,9192.0,28446.0,63317
63319,9192.0,27458.0,63318
63320,9192.0,27223.0,63319
63321,9192.0,26916.0,63320
63322,9192.0,26215.0,63321
63323,9192.0,26824.0,63322
63324,9192.0,26987.0,63323
63325,9192.0,26927.0,63324
63326,9192.0,26927.0,63325
63327,9192.0,26874.0,63326
63328,9192.0,26355.0,63327
63329,9192.0,26141.0,63328
63330,9192.0,25091.0,63329
63331,9192.0,25350.0,63330
63332,9192.0,25266.0,63331
63333,9192.0,25412.0,63332
63334,9192.0,24979.0,63333
63335,9192.0,25318.0,63334
63336,9192.0,27263.0,63335
63337,9192.0,27263.0,63336
63338,9192.0,27263.0,63337
63339,9192.0,27621.0,63338
63340,9192.0,27639.0,63339
63341,9192.0,27263.0,63340
63342,9192.0,27269.0,63341
63343,9192.0,27227.0,63342
63344,9192.0,27173.0,63343
63345,9192.0,26722.0,63344
63346,9192.0,25836.0,63345
63347,9192.0,25175.0,63346
63348,9192.0,25436.0,63347
63349,9192.0,25729.0,63348
63350,9192.0,25871.0,63349
63351,9192.0,25629.0,63350
63352,9192.0,25526.0,63351
63353,9192.0,26385.0,63352
63354,9192.0,26756.0,63353
63355,9192.0,26696.0,63354
63356,9192.0,26302.0,63355
63357,9192.0,26784.0,63356
63358,9192.0,27163.0,63357
63359,9192.0,26715.0,63358
63360,9192.0,26534.0,63359
63361,9192.0,26288.0,63360
63362,9192.0,26666.0,63361
63363,9192.0,26666.0,63362
63364,9192.0,26604.0,63363
63365,9192.0,26651.0,63364
63366,9192.0,26644.0,63365
63367,9192.0,26486.0,63366
63368,9192.0,26486.0,63367
63369,9192.0,26471.0,63368
63370,9192.0,25556.0,63369
63371,9192.0,25632.0,63370
63372,9192.0,25872.0,63371
63373,9192.0,26609.0,63372
63374,9192.0,26987.0,63373
63375,9192.0,26727.0,63374
63376,9192.0,26727.0,63375
63377,9192.0,26658.0,63376
63378,9192.0,26658.0,63377
63379,9192.0,26535.0,63378
63380,9192.0,26535.0,63379
63381,9192.0,26956.0,63380
63382,9192.0,27747.0,63381
63383,9192.0,27564.0,63382
63384,9192.0,27125.0,63383
63385,9192.0,27320.0,63384
63386,9192.0,27333.0,63385
63387,9192.0,26450.0,63386
63388,9192.0,26441.0,63387
63389,9192.0,26421.0,63388
63390,9192.0,26439.0,63389
63391,9192.0,26405.0,63390
63392,9192.0,26343.0,63391
63393,9192.0,27372.0,63392
63394,9192.0,28124.0,63393
63395,9192.0,28224.0,63394
63396,9192.0,27820.0,63395
63397,9192.0,29116.0,63396
63398,9192.0,29107.0,63397
63399,9192.0,29394.0,63398
63400,9192.0,28844.0,63399
63401,9192.0,28971.0,63400
63402,9192.0,29099.0,63401
63403,9192.0,29136.0,63402
63404,9192.0,29194.0,63403
63405,9192.0,29019.0,63404
63406,9192.0,28979.0,63405
63407,9192.0,29284.0,63406
63408,9192.0,29405.0,63407
63409,9192.0,30120.0,63408
63410,9192.0,30169.0,63409
63411,9192.0,30169.0,63410
63412,9192.0,30184.0,63411
63413,9192.0,29699.0,63412
63414,9192.0,30402.0,63413
63415,9192.0,29960.0,63414
63416,9192.0,29735.0,63415
63417,9192.0,29707.0,63416
63418,9192.0,28684.0,63417
63419,9192.0,29314.0,63418
63420,9192.0,29257.0,63419
63421,9192.0,29385.0,63420
63422,9192.0,29452.0,63421
63423,9192.0,29351.0,63422
63424,9192.0,29682.0,63423
63425,9192.0,29531.0,63424
63426,9192.0,29888.0,63425
63427,9192.0,29498.0,63426
63428,9192.0,29441.0,63427
63429,9192.0,29414.0,63428
63430,9192.0,29650.0,63429
63431,9192.0,30033.0,63430
63432,9192.0,29778.0,63431
63433,9192.0,29778.0,63432
63434,9192.0,28924.0,63433
63435,9192.0,29033.0,63434
63436,9192.0,29045.0,63435
63437,9192.0,29287.0,63436
63438,9192.0,28413.0,63437
63439,9192.0,28413.0,63438
63440,9192.0,28207.0,63439
63441,9192.0,28391.0,63440
63442,9192.0,28519.0,63441
63443,9192.0,28520.0,63442
63444,9192.0,28520.0,63443
63445,9192.0,28283.0,63444
63446,9192.0,28017.0,63445
63447,9192.0,28226.0,63446
63448,9192.0,27392.0,63447
63449,9192.0,29203.0,63448
63450,9192.0,29433.0,63449
63451,9192.0,30797.0,63450
63452,9192.0,30615.0,63451
63453,9192.0,30436.0,63452
63454,9192.0,30436.0,63453
63455,9192.0,30454.0,63454
63456,9192.0,31069.0,63455
63457,9192.0,31029.0,63456
63458,9192.0,30966.0,63457
63459,9192.0,31007.0,63458
63460,9192.0,29589.0,63459
63461,9192.0,29653.0,63460
63462,9192.0,29415.0,63461
63463,9192.0,29237.0,63462
63464,9192.0,28861.0,63463
63465,9192.0,28451.0,63464
63466,9192.0,27746.0,63465
63467,9192.0,27746.0,63466
63468,9192.0,28156.0,63467
63469,9192.0,28221.0,63468
63470,9192.0,28098.0,63469
63471,9192.0,28098.0,63470
63472,9192.0,28080.0,63471
63473,9192.0,28239.0,63472
63474,9192.0,28188.0,63473
63475,9192.0,28315.0,63474
63476,9192.0,28315.0,63475
63477,9192.0,28315.0,63476
63478,9192.0,28809.0,63477
63479,9192.0,28809.0,63478
63480,9192.0,26394.0,63479
63481,9192.0,25582.0,63480
63482,9192.0,25529.0,63481
63483,9192.0,25574.0,63482
63484,9192.0,25300.0,63483
63485,9192.0,25225.0,63484
63486,9192.0,24751.0,63485
63487,9192.0,24444.0,63486
63488,9192.0,24561.0,63487
63489,9192.0,24618.0,63488
63490,9192.0,24737.0,63489
63491,9192.0,24662.0,63490
63492,9192.0,24662.0,63491
63493,9192.0,24613.0,63492
63494,9192.0,24808.0,63493
63495,9192.0,25035.0,63494
63496,9192.0,24937.0,63495
63497,9192.0,24937.0,63496
63498,9192.0,25510.0,63497
63499,9192.0,25669.0,63498
63500,9192.0,25891.0,63499
63501,9192.0,25242.0,63500
63502,9192.0,25686.0,63501
63503,9192.0,24865.0,63502
63504,9192.0,24757.0,63503
63505,9192.0,24989.0,63504
63506,9192.0,25607.0,63505
63507,9192.0,25820.0,63506
63508,9192.0,26829.0,63507
63509,9192.0,27020.0,63508
63510,9192.0,27020.0,63509
63511,9192.0,26958.0,63510
63512,9192.0,26958.0,63511
63513,9192.0,27406.0,63512
63514,9192.0,27406.0,63513
63515,9192.0,27409.0,63514
63516,9192.0,28303.0,63515
63517,9192.0,28506.0,63516
63518,9192.0,27179.0,63517
63519,9192.0,27179.0,63518
63520,9192.0,27600.0,63519
63521,9192.0,26789.0,63520
63522,9192.0,26602.0,63521
63523,9192.0,26602.0,63522
63524,9192.0,26552.0,63523
63525,9192.0,26068.0,63524
63526,9192.0,25960.0,63525
63527,9192.0,26837.0,63526
63528,9192.0,27328.0,63527
63529,9192.0,27401.0,63528
63530,9192.0,28201.0,63529
63531,9192.0,28471.0,63530
63532,9192.0,28683.0,63531
63533,9192.0,28886.0,63532
63534,9192.0,28662.0,63533
63535,9192.0,28925.0,63534
63536,9192.0,29192.0,63535
63537,9192.0,29448.0,63536
63538,9192.0,29498.0,63537
63539,9192.0,29493.0,63538
63540,9192.0,30270.0,63539
63541,9192.0,30188.0,63540
63542,9192.0,30103.0,63541
63543,9192.0,30027.0,63542
63544,9192.0,31316.0,63543
63545,9192.0,31167.0,63544
63546,9192.0,31210.0,63545
63547,9192.0,31210.0,63546
63548,9192.0,30988.0,63547
63549,9192.0,31030.0,63548
63550,9192.0,30869.0,63549
63551,9192.0,30946.0,63550
63552,9192.0,30926.0,63551
63553,9192.0,29844.0,63552
63554,9192.0,30219.0,63553
63555,9192.0,30175.0,63554
63556,9192.0,30329.0,63555
63557,9192.0,30294.0,63556
63558,9192.0,31042.0,63557
63559,9192.0,30643.0,63558
63560,9192.0,30463.0,63559
63561,9192.0,30771.0,63560
63562,9192.0,30652.0,63561
63563,9192.0,31248.0,63562
63564,9192.0,30931.0,63563
63565,9192.0,31250.0,63564
63566,9192.0,31564.0,63565
63567,9192.0,31785.0,63566
63568,9192.0,31406.0,63567
63569,9192.0,31611.0,63568
63570,9192.0,31649.0,63569
63571,9192.0,30648.0,63570
63572,9192.0,30830.0,63571
63573,9192.0,31839.0,63572
63574,9192.0,31999.0,63573
63575,9192.0,32100.0,63574
63576,9192.0,31891.0,63575
63577,9192.0,31799.0,63576
63578,9192.0,31799.0,63577
63579,9192.0,31508.0,63578
63580,9192.0,31253.0,63579
63581,9192.0,30415.0,63580
63582,9192.0,30408.0,63581
63583,9192.0,30641.0,63582
63584,9192.0,30881.0,63583
63585,9192.0,30996.0,63584
63586,9192.0,30952.0,63585
63587,9192.0,31244.0,63586
63588,9192.0,30494.0,63587
63589,9192.0,30494.0,63588
63590,9192.0,29655.0,63589
63591,9192.0,29169.0,63590
63592,9192.0,29403.0,63591
63593,9192.0,30345.0,63592
63594,9192.0,29744.0,63593
63595,9192.0,29168.0,63594
63596,9192.0,29168.0,63595
63597,9192.0,30141.0,63596
63598,9192.0,30324.0,63597
63599,9192.0,30298.0,63598
63600,9192.0,30164.0,63599
63601,9192.0,30094.0,63600
63602,9192.0,29980.0,63601
63603,9192.0,30136.0,63602
63604,9192.0,30089.0,63603
63605,9192.0,30050.0,63604
63606,9192.0,29753.0,63605
63607,9192.0,30339.0,63606
63608,9192.0,29409.0,63607
63609,9192.0,29178.0,63608
63610,9192.0,29211.0,63609
63611,9192.0,29320.0,63610
63612,9192.0,29468.0,63611
63613,9192.0,29605.0,63612
63614,9192.0,29552.0,63613
63615,9192.0,29160.0,63614
63616,9192.0,29465.0,63615
63617,9192.0,29361.0,63616
63618,9192.0,29247.0,63617
63619,9192.0,29295.0,63618
63620,9192.0,29533.0,63619
63621,9192.0,29533.0,63620
63622,9192.0,29860.0,63621
63623,9192.0,30075.0,63622
63624,9192.0,29738.0,63623
63625,9192.0,29756.0,63624
63626,9192.0,29756.0,63625
63627,9192.0,30571.0,63626
63628,9192.0,30759.0,63627
63629,9192.0,30836.0,63628
63630,9192.0,30575.0,63629
63631,9192.0,30731.0,63630
63632,9192.0,29652.0,63631
63633,9192.0,29476.0,63632
63634,9192.0,29429.0,63633
63635,9192.0,30008.0,63634
63636,9192.0,29861.0,63635
63637,9192.0,29927.0,63636
63638,9192.0,29986.0,63637
63639,9192.0,30019.0,63638
63640,9192.0,29975.0,63639
63641,9192.0,30521.0,63640
63642,9192.0,30518.0,63641
63643,9192.0,30610.0,63642
63644,9192.0,31180.0,63643
63645,9192.0,32065.0,63644
63646,9192.0,31726.0,63645
63647,9192.0,31637.0,63646
63648,9192.0,29705.0,63647
63649,9192.0,29869.0,63648
63650,9192.0,30055.0,63649
63651,9192.0,29720.0,63650
63652,9192.0,29727.0,63651
63653,9192.0,29869.0,63652
63654,9192.0,30039.0,63653
63655,9192.0,28559.0,63654
63656,9192.0,28500.0,63655
63657,9192.0,28111.0,63656
63658,9192.0,28085.0,63657
63659,9192.0,28654.0,63658
63660,9192.0,28654.0,63659
63661,9192.0,29101.0,63660
63662,9192.0,28430.0,63661
63663,9192.0,28359.0,63662
63664,9192.0,28878.0,63663
63665,9192.0,28878.0,63664
63666,9192.0,28986.0,63665
63667,9192.0,28578.0,63666
63668,9192.0,28630.0,63667
63669,9192.0,28576.0,63668
63670,9192.0,28661.0,63669
63671,9192.0,28938.0,63670
63672,9192.0,28914.0,63671
63673,9192.0,27210.0,63672
63674,9192.0,26809.0,63673
63675,9192.0,27386.0,63674
63676,9192.0,27095.0,63675
63677,9192.0,26788.0,63676
63678,9192.0,26862.0,63677
63679,9192.0,27506.0,63678
63680,9192.0,27717.0,63679
63681,9192.0,28305.0,63680
63682,9192.0,28191.0,63681
63683,9192.0,28378.0,63682
63684,9192.0,28462.0,63683
63685,9192.0,28436.0,63684
63686,9192.0,27671.0,63685
63687,9192.0,27467.0,63686
63688,9192.0,28533.0,63687
63689,9192.0,28085.0,63688
63690,9192.0,28097.0,63689
63691,9192.0,27180.0,63690
63692,9192.0,26217.0,63691
63693,9192.0,26190.0,63692
63694,9192.0,25593.0,63693
63695,9192.0,25708.0,63694
63696,9192.0,25622.0,63695
63697,9192.0,24784.0,63696
63698,9192.0,25172.0,63697
63699,9192.0,25069.0,63698
63700,9192.0,25660.0,63699
63701,9192.0,25683.0,63700
63702,9192.0,25617.0,63701
63703,9192.0,25617.0,63702
63704,9192.0,25617.0,63703
63705,9192.0,25617.0,63704
63706,9192.0,27409.0,63705
63707,9192.0,27828.0,63706
63708,9192.0,27904.0,63707
63709,9192.0,27904.0,63708
63710,9192.0,27195.0,63709
63711,9192.0,27931.0,63710
63712,9192.0,27738.0,63711
63713,9192.0,27695.0,63712
63714,9192.0,27984.0,63713
63715,9192.0,27994.0,63714
63716,9192.0,27840.0,63715
63717,9192.0,28646.0,63716
63718,9192.0,28669.0,63717
63719,9192.0,28669.0,63718
63720,9192.0,28542.0,63719
63721,9192.0,28971.0,63720
63722,9192.0,29313.0,63721
63723,9192.0,28369.0,63722
63724,9192.0,28364.0,63723
63725,9192.0,28063.0,63724
63726,9192.0,28587.0,63725
63727,9192.0,28387.0,63726
63728,9192.0,27795.0,63727
63729,9192.0,27736.0,63728
63730,9192.0,27852.0,63729
63731,9192.0,27962.0,63730
63732,9192.0,27698.0,63731
63733,9192.0,28268.0,63732
63734,9192.0,27916.0,63733
63735,9192.0,27957.0,63734
63736,9192.0,28890.0,63735
63737,9192.0,28594.0,63736
63738,9192.0,27795.0,63737
63739,9192.0,27898.0,63738
63740,9192.0,27769.0,63739
63741,9192.0,27786.0,63740
63742,9192.0,27958.0,63741
63743,9192.0,27851.0,63742
63744,9192.0,27397.0,63743
63745,9192.0,27991.0,63744
63746,9192.0,28104.0,63745
63747,9192.0,28187.0,63746
63748,9192.0,28616.0,63747
63749,9192.0,27028.0,63748
63750,9192.0,26990.0,63749
63751,9192.0,26690.0,63750
63752,9192.0,27292.0,63751
63753,9192.0,27513.0,63752
63754,9192.0,27630.0,63753
63755,9192.0,27872.0,63754
63756,9192.0,28824.0,63755
63757,9192.0,28767.0,63756
63758,9192.0,28231.0,63757
63759,9192.0,29063.0,63758
63760,9192.0,29063.0,63759
63761,9192.0,29463.0,63760
63762,9192.0,29313.0,63761
63763,9192.0,29384.0,63762
63764,9192.0,29530.0,63763
63765,9192.0,29852.0,63764
63766,9192.0,31204.0,63765
63767,9192.0,30423.0,63766
63768,9192.0,29910.0,63767
63769,9192.0,30713.0,63768
63770,9192.0,30623.0,63769
63771,9192.0,30623.0,63770
63772,9192.0,30574.0,63771
63773,9192.0,30784.0,63772
63774,9192.0,30116.0,63773
63775,9192.0,29987.0,63774
63776,9192.0,29586.0,63775
63777,9192.0,29765.0,63776
63778,9192.0,29765.0,63777
63779,9192.0,29626.0,63778
63780,9192.0,29605.0,63779
63781,9192.0,29613.0,63780
63782,9192.0,27714.0,63781
63783,9192.0,28332.0,63782
63784,9192.0,27981.0,63783
63785,9192.0,27729.0,63784
63786,9192.0,27093.0,63785
63787,9192.0,27097.0,63786
63788,9192.0,27107.0,63787
63789,9192.0,26634.0,63788
63790,9192.0,27261.0,63789
63791,9192.0,27058.0,63790
63792,9192.0,27430.0,63791
63793,9192.0,27210.0,63792
63794,9192.0,27803.0,63793
63795,9192.0,28465.0,63794
63796,9192.0,28894.0,63795
63797,9192.0,28961.0,63796
63798,9192.0,28751.0,63797
63799,9192.0,30241.0,63798
63800,9192.0,30241.0,63799
63801,9192.0,29961.0,63800
63802,9192.0,29961.0,63801
63803,9192.0,29317.0,63802
63804,9192.0,29513.0,63803
63805,9192.0,30533.0,63804
63806,9192.0,29792.0,63805
63807,9192.0,29792.0,63806
63808,9192.0,29596.0,63807
63809,9192.0,29638.0,63808
63810,9192.0,29873.0,63809
63811,9192.0,30164.0,63810
63812,9192.0,31220.0,63811
63813,9192.0,31302.0,63812
63814,9192.0,31695.0,63813
63815,9192.0,31550.0,63814
63816,9192.0,31261.0,63815
63817,9192.0,30193.0,63816
63818,9192.0,30860.0,63817
63819,9192.0,30610.0,63818
63820,9192.0,29436.0,63819
63821,9192.0,29479.0,63820
63822,9192.0,29280.0,63821
63823,9192.0,28517.0,63822
63824,9192.0,27450.0,63823
63825,9192.0,27118.0,63824
63826,9192.0,27652.0,63825
63827,9192.0,28180.0,63826
63828,9192.0,28449.0,63827
63829,9192.0,28449.0,63828
63830,9192.0,27676.0,63829
63831,9192.0,27676.0,63830
63832,9192.0,28088.0,63831
63833,9192.0,27666.0,63832
63834,9192.0,27136.0,63833
63835,9192.0,27149.0,63834
63836,9192.0,26648.0,63835
63837,9192.0,26478.0,63836
63838,9192.0,26763.0,63837
63839,9192.0,27012.0,63838
63840,9192.0,26929.0,63839
63841,9192.0,27306.0,63840
63842,9192.0,27243.0,63841
63843,9192.0,27238.0,63842
63844,9192.0,27421.0,63843
63845,9192.0,27292.0,63844
63846,9192.0,27292.0,63845
63847,9192.0,28118.0,63846
63848,9192.0,27863.0,63847
63849,9192.0,28012.0,63848
63850,9192.0,28857.0,63849
63851,9192.0,28203.0,63850
63852,9192.0,28203.0,63851
63853,9192.0,28302.0,63852
63854,9192.0,28206.0,63853
63855,9192.0,28206.0,63854
63856,9192.0,28125.0,63855
63857,9192.0,28396.0,63856
63858,9192.0,28362.0,63857
63859,9192.0,27796.0,63858
63860,9192.0,28857.0,63859
63861,9192.0,29147.0,63860
63862,9192.0,29371.0,63861
63863,9192.0,29836.0,63862
63864,9192.0,30512.0,63863
63865,9192.0,30615.0,63864
63866,9192.0,30594.0,63865
63867,9192.0,29566.0,63866
63868,9192.0,29273.0,63867
63869,9192.0,29395.0,63868
63870,9192.0,29596.0,63869
63871,9192.0,30093.0,63870
63872,9192.0,30449.0,63871
63873,9192.0,30870.0,63872
63874,9192.0,30844.0,63873
63875,9192.0,30445.0,63874
63876,9192.0,32294.0,63875
63877,9192.0,32353.0,63876
63878,9192.0,32997.0,63877
63879,9192.0,32902.0,63878
63880,9192.0,33076.0,63879
63881,9192.0,32776.0,63880
63882,9192.0,32192.0,63881
63883,9192.0,32034.0,63882
63884,9192.0,32388.0,63883
63885,9192.0,32091.0,63884
63886,9192.0,30596.0,63885
63887,9192.0,30666.0,63886
63888,9192.0,30531.0,63887
63889,9192.0,30456.0,63888
63890,9192.0,30549.0,63889
63891,9192.0,30591.0,63890
63892,9192.0,30598.0,63891
63893,9192.0,30861.0,63892
63894,9192.0,30027.0,63893
63895,9192.0,29689.0,63894
63896,9192.0,29225.0,63895
63897,9192.0,29266.0,63896
63898,9192.0,29548.0,63897
63899,9192.0,29373.0,63898
63900,9192.0,29142.0,63899
63901,9192.0,29690.0,63900
63902,9192.0,29363.0,63901
63903,9192.0,29111.0,63902
63904,9192.0,29113.0,63903
63905,9192.0,29119.0,63904
63906,9192.0,28742.0,63905
63907,9192.0,28022.0,63906
63908,9192.0,28889.0,63907
63909,9192.0,29252.0,63908
63910,9192.0,29592.0,63909
63911,9192.0,28799.0,63910
63912,9192.0,27498.0,63911
63913,9192.0,27740.0,63912
63914,9192.0,27143.0,63913
63915,9192.0,27341.0,63914
63916,9192.0,27341.0,63915
63917,9192.0,27567.0,63916
63918,9192.0,28681.0,63917
63919,9192.0,28905.0,63918
63920,9192.0,28859.0,63919
63921,9192.0,28085.0,63920
63922,9192.0,28196.0,63921
63923,9192.0,28445.0,63922
63924,9192.0,27883.0,63923
63925,9192.0,27963.0,63924
63926,9192.0,27745.0,63925
63927,9192.0,27617.0,63926
63928,9192.0,27717.0,63927
63929,9192.0,27263.0,63928
63930,9192.0,27118.0,63929
63931,9192.0,26735.0,63930
63932,9192.0,26982.0,63931
63933,9192.0,27097.0,63932
63934,9192.0,27242.0,63933
63935,9192.0,27433.0,63934
63936,9192.0,26922.0,63935
63937,9192.0,26663.0,63936
63938,9192.0,26926.0,63937
63939,9192.0,28186.0,63938
63940,9192.0,27774.0,63939
63941,9192.0,28756.0,63940
63942,9192.0,28515.0,63941
63943,9192.0,28395.0,63942
63944,9192.0,27536.0,63943
63945,9192.0,27914.0,63944
63946,9192.0,28445.0,63945
63947,9192.0,28660.0,63946
63948,9192.0,29612.0,63947
63949,9192.0,29605.0,63948
63950,9192.0,28522.0,63949
63951,9192.0,28607.0,63950
63952,9192.0,27428.0,63951
63953,9192.0,27609.0,63952
63954,9192.0,28082.0,63953
63955,9192.0,28627.0,63954
63956,9192.0,29127.0,63955
63957,9192.0,30286.0,63956
63958,9192.0,30445.0,63957
63959,9192.0,30132.0,63958
63960,9192.0,30957.0,63959
63961,9192.0,31202.0,63960
63962,9192.0,32288.0,63961
63963,9192.0,32438.0,63962
63964,9192.0,31590.0,63963
63965,9192.0,31557.0,63964
63966,9192.0,31557.0,63965
63967,9192.0,33134.0,63966
63968,9192.0,33059.0,63967
63969,9192.0,34159.0,63968
63970,9192.0,33900.0,63969
63971,9192.0,33105.0,63970
63972,9192.0,32917.0,63971
63973,9192.0,31418.0,63972
63974,9192.0,31323.0,63973
63975,9192.0,31321.0,63974
63976,9192.0,31742.0,63975
63977,9192.0,31259.0,63976
63978,9192.0,29695.0,63977
63979,9192.0,29073.0,63978
63980,9192.0,28767.0,63979
63981,9192.0,28229.0,63980
63982,9192.0,27407.0,63981
63983,9192.0,27407.0,63982
63984,9192.0,27439.0,63983
63985,9192.0,27381.0,63984
63986,9192.0,27310.0,63985
63987,9192.0,27394.0,63986
63988,9192.0,26753.0,63987
63989,9192.0,26455.0,63988
63990,9192.0,26455.0,63989
63991,9192.0,26316.0,63990
63992,9192.0,26316.0,63991
63993,9192.0,27001.0,63992
63994,9192.0,27038.0,63993
63995,9192.0,26722.0,63994
63996,9192.0,26429.0,63995
63997,9192.0,26397.0,63996
63998,9192.0,27307.0,63997
63999,9192.0,27271.0,63998
64000,9192.0,27240.0,63999
64001,9192.0,26998.0,64000
64002,9192.0,26643.0,64001
64003,9192.0,26606.0,64002
64004,9192.0,26808.0,64003
64005,9192.0,25693.0,64004
64006,9192.0,25347.0,64005
64007,9192.0,25939.0,64006
64008,9192.0,26226.0,64007
64009,9192.0,26321.0,64008
64010,9192.0,27565.0,64009
64011,9192.0,27381.0,64010
64012,9192.0,26915.0,64011
64013,9192.0,26903.0,64012
64014,9192.0,26972.0,64013
64015,9192.0,27122.0,64014
64016,9192.0,27160.0,64015
64017,9192.0,27496.0,64016
64018,9192.0,27226.0,64017
64019,9192.0,27486.0,64018
64020,9192.0,27743.0,64019
64021,9192.0,28077.0,64020
64022,9192.0,27811.0,64021
64023,9192.0,27242.0,64022
64024,9192.0,27345.0,64023
64025,9192.0,27398.0,64024
64026,9192.0,27303.0,64025
64027,9192.0,27072.0,64026
64028,9192.0,26975.0,64027
64029,9192.0,26975.0,64028
64030,9192.0,26979.0,64029
64031,9192.0,26861.0,64030
64032,9192.0,27512.0,64031
64033,9192.0,27274.0,64032
64034,9192.0,27241.0,64033
64035,9192.0,27241.0,64034
64036,9192.0,27424.0,64035
64037,9192.0,27046.0,64036
64038,9192.0,26995.0,64037
64039,9192.0,26995.0,64038
64040,9192.0,26834.0,64039
64041,9192.0,27034.0,64040
64042,9192.0,27329.0,64041
64043,9192.0,27329.0,64042
64044,9192.0,28738.0,64043
64045,9192.0,29446.0,64044
64046,9192.0,29446.0,64045
64047,9192.0,29398.0,64046
64048,9192.0,29540.0,64047
64049,9192.0,29235.0,64048
64050,9192.0,29569.0,64049
64051,9192.0,29988.0,64050
64052,9192.0,29510.0,64051
64053,9192.0,29648.0,64052
64054,9192.0,29683.0,64053
64055,9192.0,30016.0,64054
64056,9192.0,29627.0,64055
64057,9192.0,29653.0,64056
64058,9192.0,29282.0,64057
64059,9192.0,28906.0,64058
64060,9192.0,28777.0,64059
64061,9192.0,28852.0,64060
64062,9192.0,28846.0,64061
64063,9192.0,28788.0,64062
64064,9192.0,28624.0,64063
64065,9192.0,28671.0,64064
64066,9192.0,29186.0,64065
64067,9192.0,29055.0,64066
64068,9192.0,28810.0,64067
64069,9192.0,29087.0,64068
64070,9192.0,29087.0,64069
64071,9192.0,29400.0,64070
64072,9192.0,29400.0,64071
64073,9192.0,29400.0,64072
64074,9192.0,30044.0,64073
64075,9192.0,30140.0,64074
64076,9192.0,29964.0,64075
64077,9192.0,30284.0,64076
64078,9192.0,30547.0,64077
64079,9192.0,30521.0,64078
64080,9192.0,30670.0,64079
64081,9192.0,30493.0,64080
64082,9192.0,30428.0,64081
64083,9192.0,30674.0,64082
64084,9192.0,30637.0,64083
64085,9192.0,30923.0,64084
64086,9192.0,30661.0,64085
64087,9192.0,30659.0,64086
64088,9192.0,30704.0,64087
64089,9192.0,30954.0,64088
64090,9192.0,30859.0,64089
64091,9192.0,31536.0,64090
64092,9192.0,31503.0,64091
64093,9192.0,31514.0,64092
64094,9192.0,30813.0,64093
64095,9192.0,29134.0,64094
64096,9192.0,28428.0,64095
64097,9192.0,28969.0,64096
64098,9192.0,29870.0,64097
64099,9192.0,30566.0,64098
64100,9192.0,31064.0,64099
64101,9192.0,31105.0,64100
64102,9192.0,31166.0,64101
64103,9192.0,31137.0,64102
64104,9192.0,30958.0,64103
64105,9192.0,30836.0,64104
64106,9192.0,30775.0,64105
64107,9192.0,30511.0,64106
64108,9192.0,30511.0,64107
64109,9192.0,30575.0,64108
64110,9192.0,30817.0,64109
64111,9192.0,30995.0,64110
64112,9192.0,30840.0,64111
64113,9192.0,31128.0,64112
64114,9192.0,31286.0,64113
64115,9192.0,31896.0,64114
64116,9192.0,31925.0,64115
64117,9192.0,31048.0,64116
64118,9192.0,30956.0,64117
64119,9192.0,31862.0,64118
64120,9192.0,31703.0,64119
64121,9192.0,31614.0,64120
64122,9192.0,31277.0,64121
64123,9192.0,31234.0,64122
64124,9192.0,31742.0,64123
64125,9192.0,32274.0,64124
64126,9192.0,31094.0,64125
64127,9192.0,30915.0,64126
64128,9192.0,30723.0,64127
64129,9192.0,30449.0,64128
64130,9192.0,30479.0,64129
64131,9192.0,30479.0,64130
64132,9192.0,30354.0,64131
64133,9192.0,30677.0,64132
64134,9192.0,30677.0,64133
64135,9192.0,31071.0,64134
64136,9192.0,31071.0,64135
64137,9192.0,31035.0,64136
64138,9192.0,30942.0,64137
64139,9192.0,31004.0,64138
64140,9192.0,31003.0,64139
64141,9192.0,30791.0,64140
64142,9192.0,30746.0,64141
64143,9192.0,30748.0,64142
64144,9192.0,30943.0,64143
64145,9192.0,31245.0,64144
64146,9192.0,31410.0,64145
64147,9192.0,31433.0,64146
64148,9192.0,30624.0,64147
64149,9192.0,30622.0,64148
64150,9192.0,30382.0,64149
64151,9192.0,30395.0,64150
64152,9192.0,31257.0,64151
64153,9192.0,31201.0,64152
64154,9192.0,30984.0,64153
64155,9192.0,31207.0,64154
64156,9192.0,31315.0,64155
64157,9192.0,31041.0,64156
64158,9192.0,31002.0,64157
64159,9192.0,31107.0,64158
64160,9192.0,31742.0,64159
64161,9192.0,31590.0,64160
64162,9192.0,31576.0,64161
64163,9192.0,32012.0,64162
64164,9192.0,32246.0,64163
64165,9192.0,32328.0,64164
64166,9192.0,32510.0,64165
64167,9192.0,32353.0,64166
64168,9192.0,32528.0,64167
64169,9192.0,32137.0,64168
64170,9192.0,31883.0,64169
64171,9192.0,31440.0,64170
64172,9192.0,32231.0,64171
64173,9192.0,32252.0,64172
64174,9192.0,30994.0,64173
64175,9192.0,30891.0,64174
64176,9192.0,30655.0,64175
64177,9192.0,30676.0,64176
64178,9192.0,30733.0,64177
64179,9192.0,31672.0,64178
64180,9192.0,31758.0,64179
64181,9192.0,31816.0,64180
64182,9192.0,32248.0,64181
64183,9192.0,31586.0,64182
64184,9192.0,31382.0,64183
64185,9192.0,31065.0,64184
64186,9192.0,30858.0,64185
64187,9192.0,31039.0,64186
64188,9192.0,31300.0,64187
64189,9192.0,32020.0,64188
64190,9192.0,32020.0,64189
64191,9192.0,32070.0,64190
64192,9192.0,31869.0,64191
64193,9192.0,31793.0,64192
64194,9192.0,31741.0,64193
64195,9192.0,31185.0,64194
64196,9192.0,31055.0,64195
64197,9192.0,31356.0,64196
64198,9192.0,31382.0,64197
64199,9192.0,31513.0,64198
64200,9192.0,30523.0,64199
64201,9192.0,30826.0,64200
64202,9192.0,30848.0,64201
64203,9192.0,30760.0,64202
64204,9192.0,30746.0,64203
64205,9192.0,30846.0,64204
64206,9192.0,30816.0,64205
64207,9192.0,30395.0,64206
64208,9192.0,30265.0,64207
64209,9192.0,30273.0,64208
64210,9192.0,28950.0,64209
64211,9192.0,28973.0,64210
64212,9192.0,28673.0,64211
64213,9192.0,28673.0,64212
64214,9192.0,28910.0,64213
64215,9192.0,27820.0,64214
64216,9192.0,27861.0,64215
64217,9192.0,28319.0,64216
64218,9192.0,29329.0,64217
64219,9192.0,28447.0,64218
64220,9192.0,27970.0,64219
64221,9192.0,28273.0,64220
64222,9192.0,28273.0,64221
64223,9192.0,27967.0,64222
64224,9192.0,27967.0,64223
64225,9192.0,28160.0,64224
64226,9192.0,27941.0,64225
64227,9192.0,27963.0,64226
64228,9192.0,27655.0,64227
64229,9192.0,27646.0,64228
64230,9192.0,28173.0,64229
64231,9192.0,28173.0,64230
64232,9192.0,28346.0,64231
64233,9192.0,27696.0,64232
64234,9192.0,28329.0,64233
64235,9192.0,28156.0,64234
64236,9192.0,28059.0,64235
64237,9192.0,27975.0,64236
64238,9192.0,27496.0,64237
64239,9192.0,26218.0,64238
64240,9192.0,25988.0,64239
64241,9192.0,25988.0,64240
64242,9192.0,25617.0,64241
64243,9192.0,26064.0,64242
64244,9192.0,25241.0,64243
64245,9192.0,25372.0,64244
64246,9192.0,25779.0,64245
64247,9192.0,26970.0,64246
64248,9192.0,26728.0,64247
64249,9192.0,26542.0,64248
64250,9192.0,26029.0,64249
64251,9192.0,25794.0,64250
64252,9192.0,25345.0,64251
64253,9192.0,25098.0,64252
64254,9192.0,25042.0,64253
64255,9192.0,25164.0,64254
64256,9192.0,25227.0,64255
64257,9192.0,25886.0,64256
64258,9192.0,26065.0,64257
64259,9192.0,27045.0,64258
64260,9192.0,26016.0,64259
64261,9192.0,26500.0,64260
64262,9192.0,26088.0,64261
64263,9192.0,26088.0,64262
64264,9192.0,25819.0,64263
64265,9192.0,25909.0,64264
64266,9192.0,25909.0,64265
64267,9192.0,26110.0,64266
64268,9192.0,26142.0,64267
64269,9192.0,26610.0,64268
64270,9192.0,26960.0,64269
64271,9192.0,26961.0,64270
64272,9192.0,26442.0,64271
64273,9192.0,26652.0,64272
64274,9192.0,26705.0,64273
64275,9192.0,26920.0,64274
64276,9192.0,27178.0,64275
64277,9192.0,27973.0,64276
64278,9192.0,27830.0,64277
64279,9192.0,27830.0,64278
64280,9192.0,28038.0,64279
64281,9192.0,28717.0,64280
64282,9192.0,28201.0,64281
64283,9192.0,28024.0,64282
64284,9192.0,28236.0,64283
64285,9192.0,28091.0,64284
64286,9192.0,28307.0,64285
64287,9192.0,28206.0,64286
64288,9192.0,27958.0,64287
64289,9192.0,28262.0,64288
64290,9192.0,28258.0,64289
64291,9192.0,27497.0,64290
64292,9192.0,27487.0,64291
64293,9192.0,27391.0,64292
64294,9192.0,27320.0,64293
64295,9192.0,27471.0,64294
64296,9192.0,27407.0,64295
64297,9192.0,27183.0,64296
64298,9192.0,27940.0,64297
64299,9192.0,28010.0,64298
64300,9192.0,27885.0,64299
64301,9192.0,29602.0,64300
64302,9192.0,29602.0,64301
64303,9192.0,29274.0,64302
64304,9192.0,29274.0,64303
64305,9192.0,29540.0,64304
64306,9192.0,29590.0,64305
64307,9192.0,29590.0,64306
64308,9192.0,28665.0,64307
64309,9192.0,28739.0,64308
64310,9192.0,28854.0,64309
64311,9192.0,28854.0,64310
64312,9192.0,28464.0,64311
64313,9192.0,27947.0,64312
64314,9192.0,27877.0,64313
64315,9192.0,27925.0,64314
64316,9192.0,28624.0,64315
64317,9192.0,28624.0,64316
64318,9192.0,28668.0,64317
64319,9192.0,28009.0,64318
64320,9192.0,28009.0,64319
64321,9192.0,28880.0,64320
64322,9192.0,29251.0,64321
64323,9192.0,29251.0,64322
64324,9192.0,29233.0,64323
64325,9192.0,29589.0,64324
64326,9192.0,29574.0,64325
64327,9192.0,29525.0,64326
64328,9192.0,29453.0,64327
64329,9192.0,29464.0,64328
64330,9192.0,29464.0,64329
64331,9192.0,29843.0,64330
64332,9192.0,29968.0,64331
64333,9192.0,30764.0,64332
64334,9192.0,29727.0,64333
64335,9192.0,29444.0,64334
64336,9192.0,29580.0,64335
64337,9192.0,29068.0,64336
64338,9192.0,29282.0,64337
64339,9192.0,29225.0,64338
64340,9192.0,29135.0,64339
64341,9192.0,28853.0,64340
64342,9192.0,28319.0,64341
64343,9192.0,28098.0,64342
64344,9192.0,27983.0,64343
64345,9192.0,27989.0,64344
64346,9192.0,28027.0,64345
64347,9192.0,27974.0,64346
64348,9192.0,29284.0,64347
64349,9192.0,29466.0,64348
64350,9192.0,29383.0,64349
64351,9192.0,30206.0,64350
64352,9192.0,30031.0,64351
64353,9192.0,30031.0,64352
64354,9192.0,29576.0,64353
64355,9192.0,29410.0,64354
64356,9192.0,29617.0,64355
64357,9192.0,29450.0,64356
64358,9192.0,30121.0,64357
64359,9192.0,29731.0,64358
64360,9192.0,29717.0,64359
64361,9192.0,29649.0,64360
64362,9192.0,28929.0,64361
64363,9192.0,28850.0,64362
64364,9192.0,28893.0,64363
64365,9192.0,28893.0,64364
64366,9192.0,28893.0,64365
64367,9192.0,28893.0,64366
64368,9192.0,28357.0,64367
64369,9192.0,28384.0,64368
64370,9192.0,28439.0,64369
64371,9192.0,26367.0,64370
64372,9192.0,25920.0,64371
64373,9192.0,26148.0,64372
64374,9192.0,26412.0,64373
64375,9192.0,25983.0,64374
64376,9192.0,25495.0,64375
64377,9192.0,25441.0,64376
64378,9192.0,25437.0,64377
64379,9192.0,25406.0,64378
64380,9192.0,26634.0,64379
64381,9192.0,26074.0,64380
64382,9192.0,26228.0,64381
64383,9192.0,26228.0,64382
64384,9192.0,27175.0,64383
64385,9192.0,27699.0,64384
64386,9192.0,28165.0,64385
64387,9192.0,28118.0,64386
64388,9192.0,28454.0,64387
64389,9192.0,28661.0,64388
64390,9192.0,28013.0,64389
64391,9192.0,28251.0,64390
64392,9192.0,28251.0,64391
64393,9192.0,28101.0,64392
64394,9192.0,28155.0,64393
64395,9192.0,28323.0,64394
64396,9192.0,27740.0,64395
64397,9192.0,28625.0,64396
64398,9192.0,27936.0,64397
64399,9192.0,27473.0,64398
64400,9192.0,27651.0,64399
64401,9192.0,27804.0,64400
64402,9192.0,28261.0,64401
64403,9192.0,28320.0,64402
64404,9192.0,29275.0,64403
64405,9192.0,29275.0,64404
64406,9192.0,29640.0,64405
64407,9192.0,30613.0,64406
64408,9192.0,31153.0,64407
64409,9192.0,31484.0,64408
64410,9192.0,31446.0,64409
64411,9192.0,31446.0,64410
64412,9192.0,30769.0,64411
64413,9192.0,30966.0,64412
64414,9192.0,31797.0,64413
64415,9192.0,31882.0,64414
64416,9192.0,31883.0,64415
64417,9192.0,31292.0,64416
64418,9192.0,30831.0,64417
64419,9192.0,30477.0,64418
64420,9192.0,30042.0,64419
64421,9192.0,30369.0,64420
64422,9192.0,30253.0,64421
64423,9192.0,30145.0,64422
64424,9192.0,30061.0,64423
64425,9192.0,30061.0,64424
64426,9192.0,30298.0,64425
64427,9192.0,30396.0,64426
64428,9192.0,30278.0,64427
64429,9192.0,30124.0,64428
64430,9192.0,30207.0,64429
64431,9192.0,30214.0,64430
64432,9192.0,30447.0,64431
64433,9192.0,30661.0,64432
64434,9192.0,29814.0,64433
64435,9192.0,29800.0,64434
64436,9192.0,28746.0,64435
64437,9192.0,28704.0,64436
64438,9192.0,27461.0,64437
64439,9192.0,28434.0,64438
64440,9192.0,28681.0,64439
64441,9192.0,28064.0,64440
64442,9192.0,28895.0,64441
64443,9192.0,28895.0,64442
64444,9192.0,28794.0,64443
64445,9192.0,27985.0,64444
64446,9192.0,28028.0,64445
64447,9192.0,28959.0,64446
64448,9192.0,28906.0,64447
64449,9192.0,28447.0,64448
64450,9192.0,28373.0,64449
64451,9192.0,27893.0,64450
64452,9192.0,27128.0,64451
64453,9192.0,26874.0,64452
64454,9192.0,26928.0,64453
64455,9192.0,27691.0,64454
64456,9192.0,27691.0,64455
64457,9192.0,26956.0,64456
64458,9192.0,25719.0,64457
64459,9192.0,25331.0,64458
64460,9192.0,25246.0,64459
64461,9192.0,25952.0,64460
64462,9192.0,25857.0,64461
64463,9192.0,26027.0,64462
64464,9192.0,25806.0,64463
64465,9192.0,25592.0,64464
64466,9192.0,25797.0,64465
64467,9192.0,26013.0,64466
64468,9192.0,26482.0,64467
64469,9192.0,26694.0,64468
64470,9192.0,26160.0,64469
64471,9192.0,26444.0,64470
64472,9192.0,26342.0,64471
64473,9192.0,27401.0,64472
64474,9192.0,27683.0,64473
64475,9192.0,28033.0,64474
64476,9192.0,28042.0,64475
64477,9192.0,28035.0,64476
64478,9192.0,27560.0,64477
64479,9192.0,27383.0,64478
64480,9192.0,27383.0,64479
64481,9192.0,27669.0,64480
64482,9192.0,27352.0,64481
64483,9192.0,27861.0,64482
64484,9192.0,28926.0,64483
64485,9192.0,28986.0,64484
64486,9192.0,29324.0,64485
64487,9192.0,29473.0,64486
64488,9192.0,29473.0,64487
64489,9192.0,28271.0,64488
64490,9192.0,28167.0,64489
64491,9192.0,28101.0,64490
64492,9192.0,26878.0,64491
64493,9192.0,27040.0,64492
64494,9192.0,26831.0,64493
64495,9192.0,27710.0,64494
64496,9192.0,28012.0,64495
64497,9192.0,28801.0,64496
64498,9192.0,28784.0,64497
64499,9192.0,27734.0,64498
64500,9192.0,27642.0,64499
64501,9192.0,27337.0,64500
64502,9192.0,27841.0,64501
64503,9192.0,27841.0,64502
64504,9192.0,27832.0,64503
64505,9192.0,27775.0,64504
64506,9192.0,27950.0,64505
64507,9192.0,28013.0,64506
64508,9192.0,28093.0,64507
64509,9192.0,28110.0,64508
64510,9192.0,28355.0,64509
64511,9192.0,30178.0,64510
64512,9192.0,29920.0,64511
64513,9192.0,28883.0,64512
64514,9192.0,28517.0,64513
64515,9192.0,28517.0,64514
64516,9192.0,28372.0,64515
64517,9192.0,28618.0,64516
64518,9192.0,26709.0,64517
64519,9192.0,26541.0,64518
64520,9192.0,27711.0,64519
64521,9192.0,27994.0,64520
64522,9192.0,28851.0,64521
64523,9192.0,28893.0,64522
64524,9192.0,28315.0,64523
64525,9192.0,28995.0,64524
64526,9192.0,30152.0,64525
64527,9192.0,30883.0,64526
64528,9192.0,30883.0,64527
64529,9192.0,30582.0,64528
64530,9192.0,30526.0,64529
64531,9192.0,31338.0,64530
64532,9192.0,31148.0,64531
64533,9192.0,31170.0,64532
64534,9192.0,31066.0,64533
64535,9192.0,30906.0,64534
64536,9192.0,30963.0,64535
64537,9192.0,28561.0,64536
64538,9192.0,28561.0,64537
64539,9192.0,28932.0,64538
64540,9192.0,28793.0,64539
64541,9192.0,28899.0,64540
64542,9192.0,28902.0,64541
64543,9192.0,29100.0,64542
64544,9192.0,29101.0,64543
64545,9192.0,28274.0,64544
64546,9192.0,26949.0,64545
64547,9192.0,26257.0,64546
64548,9192.0,26257.0,64547
64549,9192.0,26654.0,64548
64550,9192.0,26588.0,64549
64551,9192.0,26588.0,64550
64552,9192.0,27150.0,64551
64553,9192.0,27150.0,64552
64554,9192.0,27150.0,64553
64555,9192.0,27317.0,64554
64556,9192.0,27446.0,64555
64557,9192.0,27446.0,64556
64558,9192.0,27659.0,64557
64559,9192.0,27306.0,64558
64560,9192.0,27016.0,64559
64561,9192.0,27149.0,64560
64562,9192.0,27149.0,64561
64563,9192.0,26676.0,64562
64564,9192.0,26848.0,64563
64565,9192.0,26890.0,64564
64566,9192.0,27293.0,64565
64567,9192.0,27496.0,64566
64568,9192.0,27961.0,64567
64569,9192.0,27961.0,64568
64570,9192.0,27994.0,64569
64571,9192.0,27791.0,64570
64572,9192.0,28412.0,64571
64573,9192.0,27107.0,64572
64574,9192.0,26466.0,64573
64575,9192.0,26274.0,64574
64576,9192.0,26167.0,64575
64577,9192.0,26361.0,64576
64578,9192.0,26712.0,64577
64579,9192.0,27489.0,64578
64580,9192.0,27104.0,64579
64581,9192.0,27397.0,64580
64582,9192.0,27393.0,64581
64583,9192.0,27788.0,64582
64584,9192.0,27788.0,64583
64585,9192.0,27757.0,64584
64586,9192.0,29795.0,64585
64587,9192.0,29169.0,64586
64588,9192.0,29239.0,64587
64589,9192.0,28417.0,64588
64590,9192.0,27933.0,64589
64591,9192.0,27999.0,64590
64592,9192.0,28010.0,64591
64593,9192.0,27241.0,64592
64594,9192.0,27089.0,64593
64595,9192.0,27678.0,64594
64596,9192.0,27542.0,64595
64597,9192.0,27045.0,64596
64598,9192.0,26396.0,64597
64599,9192.0,26549.0,64598
64600,9192.0,26867.0,64599
64601,9192.0,26344.0,64600
64602,9192.0,26344.0,64601
64603,9192.0,26415.0,64602
64604,9192.0,26670.0,64603
64605,9192.0,26803.0,64604
64606,9192.0,25417.0,64605
64607,9192.0,24849.0,64606
64608,9192.0,25345.0,64607
64609,9192.0,25119.0,64608
64610,9192.0,25631.0,64609
64611,9192.0,25520.0,64610
64612,9192.0,26903.0,64611
64613,9192.0,25949.0,64612
64614,9192.0,26872.0,64613
64615,9192.0,26878.0,64614
64616,9192.0,26878.0,64615
64617,9192.0,28026.0,64616
64618,9192.0,28359.0,64617
64619,9192.0,29128.0,64618
64620,9192.0,29016.0,64619
64621,9192.0,29016.0,64620
64622,9192.0,28772.0,64621
64623,9192.0,28781.0,64622
64624,9192.0,28471.0,64623
64625,9192.0,28478.0,64624
64626,9192.0,28590.0,64625
64627,9192.0,29254.0,64626
64628,9192.0,29399.0,64627
64629,9192.0,29746.0,64628
64630,9192.0,30365.0,64629
64631,9192.0,30356.0,64630
64632,9192.0,30413.0,64631
64633,9192.0,30367.0,64632
64634,9192.0,29572.0,64633
64635,9192.0,29965.0,64634
64636,9192.0,29965.0,64635
64637,9192.0,30943.0,64636
64638,9192.0,30635.0,64637
64639,9192.0,30604.0,64638
64640,9192.0,30203.0,64639
64641,9192.0,29581.0,64640
64642,9192.0,29553.0,64641
64643,9192.0,29487.0,64642
64644,9192.0,30233.0,64643
64645,9192.0,29416.0,64644
64646,9192.0,29416.0,64645
64647,9192.0,29355.0,64646
64648,9192.0,29715.0,64647
64649,9192.0,29777.0,64648
64650,9192.0,29883.0,64649
64651,9192.0,29930.0,64650
64652,9192.0,29928.0,64651
64653,9192.0,29566.0,64652
64654,9192.0,29566.0,64653
64655,9192.0,29566.0,64654
64656,9192.0,29545.0,64655
64657,9192.0,29476.0,64656
64658,9192.0,29254.0,64657
64659,9192.0,29182.0,64658
64660,9192.0,29198.0,64659
64661,9192.0,29305.0,64660
64662,9192.0,29131.0,64661
64663,9192.0,29006.0,64662
64664,9192.0,27789.0,64663
64665,9192.0,27975.0,64664
64666,9192.0,27735.0,64665
64667,9192.0,27989.0,64666
64668,9192.0,28212.0,64667
64669,9192.0,26720.0,64668
64670,9192.0,26848.0,64669
64671,9192.0,26931.0,64670
64672,9192.0,27403.0,64671
64673,9192.0,27406.0,64672
64674,9192.0,27180.0,64673
64675,9192.0,27257.0,64674
64676,9192.0,26772.0,64675
64677,9192.0,28044.0,64676
64678,9192.0,28488.0,64677
64679,9192.0,28370.0,64678
64680,9192.0,29283.0,64679
64681,9192.0,28399.0,64680
64682,9192.0,29468.0,64681
64683,9192.0,29614.0,64682
64684,9192.0,29613.0,64683
64685,9192.0,29634.0,64684
64686,9192.0,30254.0,64685
64687,9192.0,30279.0,64686
64688,9192.0,30257.0,64687
64689,9192.0,30196.0,64688
64690,9192.0,29958.0,64689
64691,9192.0,30810.0,64690
64692,9192.0,31542.0,64691
64693,9192.0,30981.0,64692
64694,9192.0,30985.0,64693
64695,9192.0,30939.0,64694
64696,9192.0,30048.0,64695
64697,9192.0,29556.0,64696
64698,9192.0,29461.0,64697
64699,9192.0,29846.0,64698
64700,9192.0,29657.0,64699
64701,9192.0,29871.0,64700
64702,9192.0,29871.0,64701
64703,9192.0,29699.0,64702
64704,9192.0,29699.0,64703
64705,9192.0,29874.0,64704
64706,9192.0,29179.0,64705
64707,9192.0,29228.0,64706
64708,9192.0,29669.0,64707
64709,9192.0,30198.0,64708
64710,9192.0,30379.0,64709
64711,9192.0,30149.0,64710
64712,9192.0,29961.0,64711
64713,9192.0,29954.0,64712
64714,9192.0,30306.0,64713
64715,9192.0,29737.0,64714
64716,9192.0,29701.0,64715
64717,9192.0,28405.0,64716
64718,9192.0,28304.0,64717
64719,9192.0,27532.0,64718
64720,9192.0,27400.0,64719
64721,9192.0,27306.0,64720
64722,9192.0,27306.0,64721
64723,9192.0,27265.0,64722
64724,9192.0,27291.0,64723
64725,9192.0,28023.0,64724
64726,9192.0,28033.0,64725
64727,9192.0,28130.0,64726
64728,9192.0,28072.0,64727
64729,9192.0,28034.0,64728
64730,9192.0,28802.0,64729
64731,9192.0,28624.0,64730
64732,9192.0,28639.0,64731
64733,9192.0,28815.0,64732
64734,9192.0,29286.0,64733
64735,9192.0,28799.0,64734
64736,9192.0,28858.0,64735
64737,9192.0,28874.0,64736
64738,9192.0,28928.0,64737
64739,9192.0,28738.0,64738
64740,9192.0,28437.0,64739
64741,9192.0,28437.0,64740
64742,9192.0,28614.0,64741
64743,9192.0,28742.0,64742
64744,9192.0,28551.0,64743
64745,9192.0,28308.0,64744
64746,9192.0,28466.0,64745
64747,9192.0,28529.0,64746
64748,9192.0,27979.0,64747
64749,9192.0,28479.0,64748
64750,9192.0,28878.0,64749
64751,9192.0,28470.0,64750
64752,9192.0,28820.0,64751
64753,9192.0,29644.0,64752
64754,9192.0,29684.0,64753
64755,9192.0,29523.0,64754
64756,9192.0,29536.0,64755
64757,9192.0,29536.0,64756
64758,9192.0,29441.0,64757
64759,9192.0,29462.0,64758
64760,9192.0,29496.0,64759
64761,9192.0,29573.0,64760
64762,9192.0,29550.0,64761
64763,9192.0,30144.0,64762
64764,9192.0,29416.0,64763
64765,9192.0,29202.0,64764
64766,9192.0,29202.0,64765
64767,9192.0,29181.0,64766
64768,9192.0,29650.0,64767
64769,9192.0,29593.0,64768
64770,9192.0,29671.0,64769
64771,9192.0,29575.0,64770
64772,9192.0,29575.0,64771
64773,9192.0,29860.0,64772
64774,9192.0,28791.0,64773
64775,9192.0,28767.0,64774
64776,9192.0,28767.0,64775
64777,9192.0,28940.0,64776
64778,9192.0,29322.0,64777
64779,9192.0,29100.0,64778
64780,9192.0,29348.0,64779
64781,9192.0,29369.0,64780
64782,9192.0,29492.0,64781
64783,9192.0,29545.0,64782
64784,9192.0,29622.0,64783
64785,9192.0,29783.0,64784
64786,9192.0,30223.0,64785
64787,9192.0,30383.0,64786
64788,9192.0,30372.0,64787
64789,9192.0,30144.0,64788
64790,9192.0,29968.0,64789
64791,9192.0,28891.0,64790
64792,9192.0,28858.0,64791
64793,9192.0,28213.0,64792
64794,9192.0,28172.0,64793
64795,9192.0,29436.0,64794
64796,9192.0,29303.0,64795
64797,9192.0,29518.0,64796
64798,9192.0,29017.0,64797
64799,9192.0,29041.0,64798
64800,9192.0,29198.0,64799
64801,9192.0,29232.0,64800
64802,9192.0,29227.0,64801
64803,9192.0,29592.0,64802
64804,9192.0,29581.0,64803
64805,9192.0,30279.0,64804
64806,9192.0,30420.0,64805
64807,9192.0,31282.0,64806
64808,9192.0,31505.0,64807
64809,9192.0,31639.0,64808
64810,9192.0,30965.0,64809
64811,9192.0,30719.0,64810
64812,9192.0,30844.0,64811
64813,9192.0,30844.0,64812
64814,9192.0,30839.0,64813
64815,9192.0,31436.0,64814
64816,9192.0,31493.0,64815
64817,9192.0,31428.0,64816
64818,9192.0,31510.0,64817
64819,9192.0,31473.0,64818
64820,9192.0,31473.0,64819
64821,9192.0,31670.0,64820
64822,9192.0,31383.0,64821
64823,9192.0,31142.0,64822
64824,9192.0,31142.0,64823
64825,9192.0,30426.0,64824
64826,9192.0,31081.0,64825
64827,9192.0,31224.0,64826
64828,9192.0,31162.0,64827
64829,9192.0,30653.0,64828
64830,9192.0,30363.0,64829
64831,9192.0,30288.0,64830
64832,9192.0,30531.0,64831
64833,9192.0,30108.0,64832
64834,9192.0,30194.0,64833
64835,9192.0,30139.0,64834
64836,9192.0,31309.0,64835
64837,9192.0,31002.0,64836
64838,9192.0,31286.0,64837
64839,9192.0,31683.0,64838
64840,9192.0,31787.0,64839
64841,9192.0,31078.0,64840
64842,9192.0,31117.0,64841
64843,9192.0,31117.0,64842
64844,9192.0,31164.0,64843
64845,9192.0,31398.0,64844
64846,9192.0,30172.0,64845
64847,9192.0,30759.0,64846
64848,9192.0,32020.0,64847
64849,9192.0,32020.0,64848
64850,9192.0,32042.0,64849
64851,9192.0,31797.0,64850
64852,9192.0,31796.0,64851
64853,9192.0,31163.0,64852
64854,9192.0,30330.0,64853
64855,9192.0,30888.0,64854
64856,9192.0,30690.0,64855
64857,9192.0,29334.0,64856
64858,9192.0,29514.0,64857
64859,9192.0,29444.0,64858
64860,9192.0,29051.0,64859
64861,9192.0,29076.0,64860
64862,9192.0,29013.0,64861
64863,9192.0,29013.0,64862
64864,9192.0,27239.0,64863
64865,9192.0,26782.0,64864
64866,9192.0,26928.0,64865
64867,9192.0,26837.0,64866
64868,9192.0,27055.0,64867
64869,9192.0,27033.0,64868
64870,9192.0,27033.0,64869
64871,9192.0,26760.0,64870
64872,9192.0,26711.0,64871
64873,9192.0,26715.0,64872
64874,9192.0,26976.0,64873
64875,9192.0,27329.0,64874
64876,9192.0,27331.0,64875
64877,9192.0,27375.0,64876
64878,9192.0,27370.0,64877
64879,9192.0,27137.0,64878
64880,9192.0,26551.0,64879
64881,9192.0,26638.0,64880
64882,9192.0,25822.0,64881
64883,9192.0,25682.0,64882
64884,9192.0,26786.0,64883
64885,9192.0,26949.0,64884
64886,9192.0,26534.0,64885
64887,9192.0,26931.0,64886
64888,9192.0,26727.0,64887
64889,9192.0,26344.0,64888
64890,9192.0,25940.0,64889
64891,9192.0,25816.0,64890
64892,9192.0,25333.0,64891
64893,9192.0,25450.0,64892
64894,9192.0,25580.0,64893
64895,9192.0,25692.0,64894
64896,9192.0,26031.0,64895
64897,9192.0,26064.0,64896
64898,9192.0,26200.0,64897
64899,9192.0,25604.0,64898
64900,9192.0,26592.0,64899
64901,9192.0,26592.0,64900
64902,9192.0,26491.0,64901
64903,9192.0,26694.0,64902
64904,9192.0,26170.0,64903
64905,9192.0,27083.0,64904
64906,9192.0,26774.0,64905
64907,9192.0,26580.0,64906
64908,9192.0,26568.0,64907
64909,9192.0,26644.0,64908
64910,9192.0,26644.0,64909
64911,9192.0,26780.0,64910
64912,9192.0,26860.0,64911
64913,9192.0,26783.0,64912
64914,9192.0,26389.0,64913
64915,9192.0,26031.0,64914
64916,9192.0,26420.0,64915
64917,9192.0,26466.0,64916
64918,9192.0,26408.0,64917
64919,9192.0,26392.0,64918
64920,9192.0,26392.0,64919
64921,9192.0,26555.0,64920
64922,9192.0,26779.0,64921
64923,9192.0,26909.0,64922
64924,9192.0,27198.0,64923
64925,9192.0,27161.0,64924
64926,9192.0,27161.0,64925
64927,9192.0,27802.0,64926
64928,9192.0,27802.0,64927
64929,9192.0,29296.0,64928
64930,9192.0,29540.0,64929
64931,9192.0,29558.0,64930
64932,9192.0,29514.0,64931
64933,9192.0,29334.0,64932
64934,9192.0,29688.0,64933
64935,9192.0,29820.0,64934
64936,9192.0,29836.0,64935
64937,9192.0,29789.0,64936
64938,9192.0,29677.0,64937
64939,9192.0,30114.0,64938
64940,9192.0,30170.0,64939
64941,9192.0,30164.0,64940
64942,9192.0,30414.0,64941
64943,9192.0,30279.0,64942
64944,9192.0,30215.0,64943
64945,9192.0,29750.0,64944
64946,9192.0,29803.0,64945
64947,9192.0,29688.0,64946
64948,9192.0,29674.0,64947
64949,9192.0,30233.0,64948
64950,9192.0,30255.0,64949
64951,9192.0,30159.0,64950
64952,9192.0,30536.0,64951
64953,9192.0,31079.0,64952
64954,9192.0,31191.0,64953
64955,9192.0,30578.0,64954
64956,9192.0,30112.0,64955
64957,9192.0,29773.0,64956
64958,9192.0,30207.0,64957
64959,9192.0,29901.0,64958
64960,9192.0,29901.0,64959
64961,9192.0,29930.0,64960
64962,9192.0,30378.0,64961
64963,9192.0,30653.0,64962
64964,9192.0,30596.0,64963
64965,9192.0,30587.0,64964
64966,9192.0,30790.0,64965
64967,9192.0,30788.0,64966
64968,9192.0,30788.0,64967
64969,9192.0,30227.0,64968
64970,9192.0,30176.0,64969
64971,9192.0,30037.0,64970
64972,9192.0,29744.0,64971
64973,9192.0,30040.0,64972
64974,9192.0,30077.0,64973
64975,9192.0,30103.0,64974
64976,9192.0,30135.0,64975
64977,9192.0,30243.0,64976
64978,9192.0,30269.0,64977
64979,9192.0,30404.0,64978
64980,9192.0,28869.0,64979
64981,9192.0,28571.0,64980
64982,9192.0,28289.0,64981
64983,9192.0,28232.0,64982
64984,9192.0,29433.0,64983
64985,9192.0,29622.0,64984
64986,9192.0,29747.0,64985
64987,9192.0,29800.0,64986
64988,9192.0,29362.0,64987
64989,9192.0,28322.0,64988
64990,9192.0,28242.0,64989
64991,9192.0,28131.0,64990
64992,9192.0,28023.0,64991
64993,9192.0,29400.0,64992
64994,9192.0,29382.0,64993
64995,9192.0,29560.0,64994
64996,9192.0,30398.0,64995
64997,9192.0,30592.0,64996
64998,9192.0,30339.0,64997
64999,9192.0,30122.0,64998
65000,9192.0,30559.0,64999
65001,9192.0,30641.0,65000
65002,9192.0,30542.0,65001
65003,9192.0,30164.0,65002
65004,9192.0,29873.0,65003
65005,9192.0,29878.0,65004
65006,9192.0,29787.0,65005
65007,9192.0,29704.0,65006
65008,9192.0,29719.0,65007
65009,9192.0,29719.0,65008
65010,9192.0,29719.0,65009
65011,9192.0,29649.0,65010
65012,9192.0,31093.0,65011
65013,9192.0,31026.0,65012
65014,9192.0,31259.0,65013
65015,9192.0,30029.0,65014
65016,9192.0,29551.0,65015
65017,9192.0,29501.0,65016
65018,9192.0,30094.0,65017
65019,9192.0,30279.0,65018
65020,9192.0,30313.0,65019
65021,9192.0,29924.0,65020
65022,9192.0,29260.0,65021
65023,9192.0,29075.0,65022
65024,9192.0,29072.0,65023
65025,9192.0,29797.0,65024
65026,9192.0,29805.0,65025
65027,9192.0,29723.0,65026
65028,9192.0,29835.0,65027
65029,9192.0,29835.0,65028
65030,9192.0,31093.0,65029
65031,9192.0,31102.0,65030
65032,9192.0,31323.0,65031
65033,9192.0,31284.0,65032
65034,9192.0,30882.0,65033
65035,9192.0,30531.0,65034
65036,9192.0,29735.0,65035
65037,9192.0,29732.0,65036
65038,9192.0,29166.0,65037
65039,9192.0,28502.0,65038
65040,9192.0,28384.0,65039
65041,9192.0,29083.0,65040
65042,9192.0,28841.0,65041
65043,9192.0,28660.0,65042
65044,9192.0,28660.0,65043
65045,9192.0,28648.0,65044
65046,9192.0,28507.0,65045
65047,9192.0,28742.0,65046
65048,9192.0,28907.0,65047
65049,9192.0,28907.0,65048
65050,9192.0,28812.0,65049
65051,9192.0,29251.0,65050
65052,9192.0,29251.0,65051
65053,9192.0,29574.0,65052
65054,9192.0,30269.0,65053
65055,9192.0,28990.0,65054
65056,9192.0,29023.0,65055
65057,9192.0,29024.0,65056
65058,9192.0,29920.0,65057
65059,9192.0,29931.0,65058
65060,9192.0,29627.0,65059
65061,9192.0,29960.0,65060
65062,9192.0,30046.0,65061
65063,9192.0,30168.0,65062
65064,9192.0,29842.0,65063
65065,9192.0,30090.0,65064
65066,9192.0,30223.0,65065
65067,9192.0,29706.0,65066
65068,9192.0,29901.0,65067
65069,9192.0,29767.0,65068
65070,9192.0,29745.0,65069
65071,9192.0,29641.0,65070
65072,9192.0,29754.0,65071
65073,9192.0,29754.0,65072
65074,9192.0,29754.0,65073
65075,9192.0,29524.0,65074
65076,9192.0,29237.0,65075
65077,9192.0,29237.0,65076
65078,9192.0,29728.0,65077
65079,9192.0,29620.0,65078
65080,9192.0,30053.0,65079
65081,9192.0,28568.0,65080
65082,9192.0,28555.0,65081
65083,9192.0,28555.0,65082
65084,9192.0,28544.0,65083
65085,9192.0,28871.0,65084
65086,9192.0,28912.0,65085
65087,9192.0,28926.0,65086
65088,9192.0,28702.0,65087
65089,9192.0,28705.0,65088
65090,9192.0,28705.0,65089
65091,9192.0,29910.0,65090
65092,9192.0,29865.0,65091
65093,9192.0,29285.0,65092
65094,9192.0,29191.0,65093
65095,9192.0,29463.0,65094
65096,9192.0,29463.0,65095
65097,9192.0,29651.0,65096
65098,9192.0,29496.0,65097
65099,9192.0,29496.0,65098
65100,9192.0,29496.0,65099
65101,9192.0,29861.0,65100
65102,9192.0,30178.0,65101
65103,9192.0,30092.0,65102
65104,9192.0,30027.0,65103
65105,9192.0,30383.0,65104
65106,9192.0,30554.0,65105
65107,9192.0,30510.0,65106
65108,9192.0,30348.0,65107
65109,9192.0,30581.0,65108
65110,9192.0,30451.0,65109
65111,9192.0,30445.0,65110
65112,9192.0,30415.0,65111
65113,9192.0,30402.0,65112
65114,9192.0,29939.0,65113
65115,9192.0,30222.0,65114
65116,9192.0,29578.0,65115
65117,9192.0,29758.0,65116
65118,9192.0,30006.0,65117
65119,9192.0,29662.0,65118
65120,9192.0,29263.0,65119
65121,9192.0,30048.0,65120
65122,9192.0,30413.0,65121
65123,9192.0,30829.0,65122
65124,9192.0,31220.0,65123
65125,9192.0,31116.0,65124
65126,9192.0,31338.0,65125
65127,9192.0,31386.0,65126
65128,9192.0,31566.0,65127
65129,9192.0,30396.0,65128
65130,9192.0,30250.0,65129
65131,9192.0,29391.0,65130
65132,9192.0,29350.0,65131
65133,9192.0,28867.0,65132
65134,9192.0,29417.0,65133
65135,9192.0,29417.0,65134
65136,9192.0,29732.0,65135
65137,9192.0,29669.0,65136
65138,9192.0,29712.0,65137
65139,9192.0,29774.0,65138
65140,9192.0,29832.0,65139
65141,9192.0,29831.0,65140
65142,9192.0,29946.0,65141
65143,9192.0,29995.0,65142
65144,9192.0,30025.0,65143
65145,9192.0,29588.0,65144
65146,9192.0,29378.0,65145
65147,9192.0,29756.0,65146
65148,9192.0,29615.0,65147
65149,9192.0,29414.0,65148
65150,9192.0,29414.0,65149
65151,9192.0,29509.0,65150
65152,9192.0,29509.0,65151
65153,9192.0,29509.0,65152
65154,9192.0,29711.0,65153
65155,9192.0,29538.0,65154
65156,9192.0,29486.0,65155
65157,9192.0,29510.0,65156
65158,9192.0,29645.0,65157
65159,9192.0,29617.0,65158
65160,9192.0,29671.0,65159
65161,9192.0,30957.0,65160
65162,9192.0,31160.0,65161
65163,9192.0,31052.0,65162
65164,9192.0,31068.0,65163
65165,9192.0,31209.0,65164
65166,9192.0,31301.0,65165
65167,9192.0,31157.0,65166
65168,9192.0,30764.0,65167
65169,9192.0,30764.0,65168
65170,9192.0,30266.0,65169
65171,9192.0,30867.0,65170
65172,9192.0,30762.0,65171
65173,9192.0,30912.0,65172
65174,9192.0,30622.0,65173
65175,9192.0,29590.0,65174
65176,9192.0,28460.0,65175
65177,9192.0,27968.0,65176
65178,9192.0,28374.0,65177
65179,9192.0,28635.0,65178
65180,9192.0,28729.0,65179
65181,9192.0,27982.0,65180
65182,9192.0,27970.0,65181
65183,9192.0,27970.0,65182
65184,9192.0,27882.0,65183
65185,9192.0,27786.0,65184
65186,9192.0,28446.0,65185
65187,9192.0,28100.0,65186
65188,9192.0,28598.0,65187
65189,9192.0,29335.0,65188
65190,9192.0,29166.0,65189
65191,9192.0,29194.0,65190
65192,9192.0,29861.0,65191
65193,9192.0,29275.0,65192
65194,9192.0,30412.0,65193
65195,9192.0,30224.0,65194
65196,9192.0,29766.0,65195
65197,9192.0,30681.0,65196
65198,9192.0,30233.0,65197
65199,9192.0,30367.0,65198
65200,9192.0,30395.0,65199
65201,9192.0,30363.0,65200
65202,9192.0,30741.0,65201
65203,9192.0,30294.0,65202
65204,9192.0,30150.0,65203
65205,9192.0,29183.0,65204
65206,9192.0,28674.0,65205
65207,9192.0,28614.0,65206
65208,9192.0,28565.0,65207
65209,9192.0,28799.0,65208
65210,9192.0,29004.0,65209
65211,9192.0,29776.0,65210
65212,9192.0,29814.0,65211
65213,9192.0,28969.0,65212
65214,9192.0,28421.0,65213
65215,9192.0,28575.0,65214
65216,9192.0,28668.0,65215
65217,9192.0,28603.0,65216
65218,9192.0,28603.0,65217
65219,9192.0,28568.0,65218
65220,9192.0,28568.0,65219
65221,9192.0,28512.0,65220
65222,9192.0,28909.0,65221
65223,9192.0,29438.0,65222
65224,9192.0,29817.0,65223
65225,9192.0,29316.0,65224
65226,9192.0,28956.0,65225
65227,9192.0,28507.0,65226
65228,9192.0,28203.0,65227
65229,9192.0,28392.0,65228
65230,9192.0,28210.0,65229
65231,9192.0,27913.0,65230
65232,9192.0,27002.0,65231
65233,9192.0,26744.0,65232
65234,9192.0,27394.0,65233
65235,9192.0,27394.0,65234
65236,9192.0,26944.0,65235
65237,9192.0,26701.0,65236
65238,9192.0,26701.0,65237
65239,9192.0,27066.0,65238
65240,9192.0,27019.0,65239
65241,9192.0,27081.0,65240
65242,9192.0,27095.0,65241
65243,9192.0,27075.0,65242
65244,9192.0,27075.0,65243
65245,9192.0,26515.0,65244
65246,9192.0,26593.0,65245
65247,9192.0,26611.0,65246
65248,9192.0,26605.0,65247
65249,9192.0,26418.0,65248
65250,9192.0,26722.0,65249
65251,9192.0,27579.0,65250
65252,9192.0,28272.0,65251
65253,9192.0,28682.0,65252
65254,9192.0,28682.0,65253
65255,9192.0,27894.0,65254
65256,9192.0,28038.0,65255
65257,9192.0,28045.0,65256
65258,9192.0,27984.0,65257
65259,9192.0,27292.0,65258
65260,9192.0,27407.0,65259
65261,9192.0,27229.0,65260
65262,9192.0,27422.0,65261
65263,9192.0,27717.0,65262
65264,9192.0,27698.0,65263
65265,9192.0,27688.0,65264
65266,9192.0,27534.0,65265
65267,9192.0,27484.0,65266
65268,9192.0,27610.0,65267
65269,9192.0,27610.0,65268
65270,9192.0,25583.0,65269
65271,9192.0,25796.0,65270
65272,9192.0,25592.0,65271
65273,9192.0,24811.0,65272
65274,9192.0,24781.0,65273
65275,9192.0,24781.0,65274
65276,9192.0,24861.0,65275
65277,9192.0,24928.0,65276
65278,9192.0,25231.0,65277
65279,9192.0,24573.0,65278
65280,9192.0,23839.0,65279
65281,9192.0,24196.0,65280
65282,9192.0,24196.0,65281
65283,9192.0,24040.0,65282
65284,9192.0,24040.0,65283
65285,9192.0,24623.0,65284
65286,9192.0,24864.0,65285
65287,9192.0,24911.0,65286
65288,9192.0,24911.0,65287
65289,9192.0,25600.0,65288
65290,9192.0,25763.0,65289
65291,9192.0,26235.0,65290
65292,9192.0,26140.0,65291
65293,9192.0,25986.0,65292
65294,9192.0,25967.0,65293
65295,9192.0,25977.0,65294
65296,9192.0,25412.0,65295
65297,9192.0,25623.0,65296
65298,9192.0,24738.0,65297
65299,9192.0,24572.0,65298
65300,9192.0,24572.0,65299
65301,9192.0,24529.0,65300
65302,9192.0,24769.0,65301
65303,9192.0,25023.0,65302
65304,9192.0,25279.0,65303
65305,9192.0,23037.0,65304
65306,9192.0,24659.0,65305
65307,9192.0,24567.0,65306
65308,9192.0,24567.0,65307
65309,9192.0,25297.0,65308
65310,9192.0,26546.0,65309
65311,9192.0,26312.0,65310
65312,9192.0,27738.0,65311
65313,9192.0,27897.0,65312
65314,9192.0,27641.0,65313
65315,9192.0,27752.0,65314
65316,9192.0,28445.0,65315
65317,9192.0,28473.0,65316
65318,9192.0,28473.0,65317
65319,9192.0,28473.0,65318
65320,9192.0,28414.0,65319
65321,9192.0,28585.0,65320
65322,9192.0,28299.0,65321
65323,9192.0,28397.0,65322
65324,9192.0,28577.0,65323
65325,9192.0,28613.0,65324
65326,9192.0,28738.0,65325
65327,9192.0,28385.0,65326
65328,9192.0,28305.0,65327
65329,9192.0,28829.0,65328
65330,9192.0,29135.0,65329
65331,9192.0,28852.0,65330
65332,9192.0,29269.0,65331
65333,9192.0,28585.0,65332
65334,9192.0,28795.0,65333
65335,9192.0,28849.0,65334
65336,9192.0,29048.0,65335
65337,9192.0,29168.0,65336
65338,9192.0,30290.0,65337
65339,9192.0,30125.0,65338
65340,9192.0,30243.0,65339
65341,9192.0,28408.0,65340
65342,9192.0,27729.0,65341
65343,9192.0,27608.0,65342
65344,9192.0,27381.0,65343
65345,9192.0,27381.0,65344
65346,9192.0,28643.0,65345
65347,9192.0,28462.0,65346
65348,9192.0,28853.0,65347
65349,9192.0,28746.0,65348
65350,9192.0,28661.0,65349
65351,9192.0,29025.0,65350
65352,9192.0,28860.0,65351
65353,9192.0,28665.0,65352
65354,9192.0,28842.0,65353
65355,9192.0,27717.0,65354
65356,9192.0,27817.0,65355
65357,9192.0,28859.0,65356
65358,9192.0,28739.0,65357
65359,9192.0,29794.0,65358
65360,9192.0,29767.0,65359
65361,9192.0,29628.0,65360
65362,9192.0,29865.0,65361
65363,9192.0,29964.0,65362
65364,9192.0,29512.0,65363
65365,9192.0,29736.0,65364
65366,9192.0,30052.0,65365
65367,9192.0,30279.0,65366
65368,9192.0,30019.0,65367
65369,9192.0,30675.0,65368
65370,9192.0,30735.0,65369
65371,9192.0,30703.0,65370
65372,9192.0,31127.0,65371
65373,9192.0,31136.0,65372
65374,9192.0,31316.0,65373
65375,9192.0,31604.0,65374
65376,9192.0,31025.0,65375
65377,9192.0,31025.0,65376
65378,9192.0,30443.0,65377
65379,9192.0,30445.0,65378
65380,9192.0,30585.0,65379
65381,9192.0,30461.0,65380
65382,9192.0,30560.0,65381
65383,9192.0,31060.0,65382
65384,9192.0,31035.0,65383
65385,9192.0,30987.0,65384
65386,9192.0,30932.0,65385
65387,9192.0,30706.0,65386
65388,9192.0,31021.0,65387
65389,9192.0,31095.0,65388
65390,9192.0,31021.0,65389
65391,9192.0,29645.0,65390
65392,9192.0,29899.0,65391
65393,9192.0,28313.0,65392
65394,9192.0,28465.0,65393
65395,9192.0,28335.0,65394
65396,9192.0,28330.0,65395
65397,9192.0,28406.0,65396
65398,9192.0,28406.0,65397
65399,9192.0,28557.0,65398
65400,9192.0,28387.0,65399
65401,9192.0,28429.0,65400
65402,9192.0,28212.0,65401
65403,9192.0,28212.0,65402
65404,9192.0,28179.0,65403
65405,9192.0,28159.0,65404
65406,9192.0,28506.0,65405
65407,9192.0,28441.0,65406
65408,9192.0,28441.0,65407
65409,9192.0,28276.0,65408
65410,9192.0,28064.0,65409
65411,9192.0,28095.0,65410
65412,9192.0,28315.0,65411
65413,9192.0,28969.0,65412
65414,9192.0,28745.0,65413
65415,9192.0,29311.0,65414
65416,9192.0,29311.0,65415
65417,9192.0,29024.0,65416
65418,9192.0,27529.0,65417
65419,9192.0,27534.0,65418
65420,9192.0,27862.0,65419
65421,9192.0,27888.0,65420
65422,9192.0,26741.0,65421
65423,9192.0,26741.0,65422
65424,9192.0,26741.0,65423
65425,9192.0,26703.0,65424
65426,9192.0,25798.0,65425
65427,9192.0,25798.0,65426
65428,9192.0,25361.0,65427
65429,9192.0,25356.0,65428
65430,9192.0,25292.0,65429
65431,9192.0,25010.0,65430
65432,9192.0,25042.0,65431
65433,9192.0,25095.0,65432
65434,9192.0,24866.0,65433
65435,9192.0,24443.0,65434
65436,9192.0,24615.0,65435
65437,9192.0,24751.0,65436
65438,9192.0,24751.0,65437
65439,9192.0,24848.0,65438
65440,9192.0,24865.0,65439
65441,9192.0,24838.0,65440
65442,9192.0,26565.0,65441
65443,9192.0,26376.0,65442
65444,9192.0,26376.0,65443
65445,9192.0,26411.0,65444
65446,9192.0,26734.0,65445
65447,9192.0,26434.0,65446
65448,9192.0,25982.0,65447
65449,9192.0,25982.0,65448
65450,9192.0,25938.0,65449
65451,9192.0,25642.0,65450
65452,9192.0,25737.0,65451
65453,9192.0,25935.0,65452
65454,9192.0,25944.0,65453
65455,9192.0,25448.0,65454
65456,9192.0,25421.0,65455
65457,9192.0,25421.0,65456
65458,9192.0,25421.0,65457
65459,9192.0,25074.0,65458
65460,9192.0,25138.0,65459
65461,9192.0,25026.0,65460
65462,9192.0,25030.0,65461
65463,9192.0,26016.0,65462
65464,9192.0,26181.0,65463
65465,9192.0,26270.0,65464
65466,9192.0,27126.0,65465
65467,9192.0,27347.0,65466
65468,9192.0,29128.0,65467
65469,9192.0,29363.0,65468
65470,9192.0,27808.0,65469
65471,9192.0,27808.0,65470
65472,9192.0,27808.0,65471
65473,9192.0,27917.0,65472
65474,9192.0,27872.0,65473
65475,9192.0,27890.0,65474
65476,9192.0,27906.0,65475
65477,9192.0,28231.0,65476
65478,9192.0,29284.0,65477
65479,9192.0,29320.0,65478
65480,9192.0,29072.0,65479
65481,9192.0,29174.0,65480
65482,9192.0,30828.0,65481
65483,9192.0,30869.0,65482
65484,9192.0,30717.0,65483
65485,9192.0,30802.0,65484
65486,9192.0,30903.0,65485
65487,9192.0,30720.0,65486
65488,9192.0,30353.0,65487
65489,9192.0,30306.0,65488
65490,9192.0,30215.0,65489
65491,9192.0,29169.0,65490
65492,9192.0,29293.0,65491
65493,9192.0,29741.0,65492
65494,9192.0,29950.0,65493
65495,9192.0,29563.0,65494
65496,9192.0,29864.0,65495
65497,9192.0,29854.0,65496
65498,9192.0,29841.0,65497
65499,9192.0,29777.0,65498
65500,9192.0,29862.0,65499
65501,9192.0,29719.0,65500
65502,9192.0,29721.0,65501
65503,9192.0,29828.0,65502
65504,9192.0,29839.0,65503
65505,9192.0,29452.0,65504
65506,9192.0,27793.0,65505
65507,9192.0,28567.0,65506
65508,9192.0,28448.0,65507
65509,9192.0,29545.0,65508
65510,9192.0,29251.0,65509
65511,9192.0,30003.0,65510
65512,9192.0,30003.0,65511
65513,9192.0,30003.0,65512
65514,9192.0,30041.0,65513
65515,9192.0,30041.0,65514
65516,9192.0,29786.0,65515
65517,9192.0,30068.0,65516
65518,9192.0,29858.0,65517
65519,9192.0,31210.0,65518
65520,9192.0,30980.0,65519
65521,9192.0,30907.0,65520
65522,9192.0,30900.0,65521
65523,9192.0,30899.0,65522
65524,9192.0,31016.0,65523
65525,9192.0,30682.0,65524
65526,9192.0,29672.0,65525
65527,9192.0,29653.0,65526
65528,9192.0,29658.0,65527
65529,9192.0,30225.0,65528
65530,9192.0,30541.0,65529
65531,9192.0,30535.0,65530
65532,9192.0,30417.0,65531
65533,9192.0,30449.0,65532
65534,9192.0,29902.0,65533
65535,9192.0,29904.0,65534
65536,9192.0,29361.0,65535
65537,9192.0,29719.0,65536
65538,9192.0,29646.0,65537
65539,9192.0,30033.0,65538
65540,9192.0,29329.0,65539
65541,9192.0,29254.0,65540
65542,9192.0,28891.0,65541
65543,9192.0,29110.0,65542
65544,9192.0,29194.0,65543
65545,9192.0,29171.0,65544
65546,9192.0,29408.0,65545
65547,9192.0,29106.0,65546
65548,9192.0,31716.0,65547
65549,9192.0,31484.0,65548
65550,9192.0,31476.0,65549
65551,9192.0,31476.0,65550
65552,9192.0,30566.0,65551
65553,9192.0,29401.0,65552
65554,9192.0,28685.0,65553
65555,9192.0,28869.0,65554
65556,9192.0,29372.0,65555
65557,9192.0,29389.0,65556
65558,9192.0,28597.0,65557
65559,9192.0,28986.0,65558
65560,9192.0,28986.0,65559
65561,9192.0,30157.0,65560
65562,9192.0,30157.0,65561
65563,9192.0,29666.0,65562
65564,9192.0,29929.0,65563
65565,9192.0,29927.0,65564
65566,9192.0,29517.0,65565
65567,9192.0,29333.0,65566
65568,9192.0,29605.0,65567
65569,9192.0,29535.0,65568
65570,9192.0,28782.0,65569
65571,9192.0,28727.0,65570
65572,9192.0,28562.0,65571
65573,9192.0,28562.0,65572
65574,9192.0,28886.0,65573
65575,9192.0,29489.0,65574
65576,9192.0,29626.0,65575
65577,9192.0,29047.0,65576
65578,9192.0,28431.0,65577
65579,9192.0,29076.0,65578
65580,9192.0,27379.0,65579
65581,9192.0,26309.0,65580
65582,9192.0,27057.0,65581
65583,9192.0,27136.0,65582
65584,9192.0,27136.0,65583
65585,9192.0,27136.0,65584
65586,9192.0,27257.0,65585
65587,9192.0,27257.0,65586
65588,9192.0,27191.0,65587
65589,9192.0,27270.0,65588
65590,9192.0,27365.0,65589
65591,9192.0,27849.0,65590
65592,9192.0,27353.0,65591
65593,9192.0,27985.0,65592
65594,9192.0,28120.0,65593
65595,9192.0,28436.0,65594
65596,9192.0,28540.0,65595
65597,9192.0,28221.0,65596
65598,9192.0,28231.0,65597
65599,9192.0,28012.0,65598
65600,9192.0,28061.0,65599
65601,9192.0,28648.0,65600
65602,9192.0,28824.0,65601
65603,9192.0,28521.0,65602
65604,9192.0,28688.0,65603
65605,9192.0,29082.0,65604
65606,9192.0,29098.0,65605
65607,9192.0,29104.0,65606
65608,9192.0,28822.0,65607
65609,9192.0,28900.0,65608
65610,9192.0,28451.0,65609
65611,9192.0,28087.0,65610
65612,9192.0,28529.0,65611
65613,9192.0,27439.0,65612
65614,9192.0,27171.0,65613
65615,9192.0,28482.0,65614
65616,9192.0,28344.0,65615
65617,9192.0,28273.0,65616
65618,9192.0,28525.0,65617
65619,9192.0,28361.0,65618
65620,9192.0,27547.0,65619
65621,9192.0,27679.0,65620
65622,9192.0,27460.0,65621
65623,9192.0,29406.0,65622
65624,9192.0,29492.0,65623
65625,9192.0,29523.0,65624
65626,9192.0,29398.0,65625
65627,9192.0,30582.0,65626
65628,9192.0,30173.0,65627
65629,9192.0,30604.0,65628
65630,9192.0,30200.0,65629
65631,9192.0,30582.0,65630
65632,9192.0,30050.0,65631
65633,9192.0,29590.0,65632
65634,9192.0,29975.0,65633
65635,9192.0,28710.0,65634
65636,9192.0,29505.0,65635
65637,9192.0,29515.0,65636
65638,9192.0,27601.0,65637
65639,9192.0,28094.0,65638
65640,9192.0,28094.0,65639
65641,9192.0,28161.0,65640
65642,9192.0,28205.0,65641
65643,9192.0,28219.0,65642
65644,9192.0,28219.0,65643
65645,9192.0,27985.0,65644
65646,9192.0,27985.0,65645
65647,9192.0,27979.0,65646
65648,9192.0,28117.0,65647
65649,9192.0,28091.0,65648
65650,9192.0,28091.0,65649
65651,9192.0,28050.0,65650
65652,9192.0,28113.0,65651
65653,9192.0,28234.0,65652
65654,9192.0,28367.0,65653
65655,9192.0,28501.0,65654
65656,9192.0,28941.0,65655
65657,9192.0,28637.0,65656
65658,9192.0,27965.0,65657
65659,9192.0,27944.0,65658
65660,9192.0,27898.0,65659
65661,9192.0,27878.0,65660
65662,9192.0,28978.0,65661
65663,9192.0,29085.0,65662
65664,9192.0,28749.0,65663
65665,9192.0,28728.0,65664
65666,9192.0,28521.0,65665
65667,9192.0,28580.0,65666
65668,9192.0,29212.0,65667
65669,9192.0,29212.0,65668
65670,9192.0,29186.0,65669
65671,9192.0,29186.0,65670
65672,9192.0,29186.0,65671
65673,9192.0,29154.0,65672
65674,9192.0,29154.0,65673
65675,9192.0,29320.0,65674
65676,9192.0,28284.0,65675
65677,9192.0,28381.0,65676
65678,9192.0,29326.0,65677
65679,9192.0,28705.0,65678
65680,9192.0,29135.0,65679
65681,9192.0,29149.0,65680
65682,9192.0,29169.0,65681
65683,9192.0,29232.0,65682
65684,9192.0,29028.0,65683
65685,9192.0,28110.0,65684
65686,9192.0,28610.0,65685
65687,9192.0,28405.0,65686
65688,9192.0,28861.0,65687
65689,9192.0,27781.0,65688
65690,9192.0,27531.0,65689
65691,9192.0,27977.0,65690
65692,9192.0,28532.0,65691
65693,9192.0,28202.0,65692
65694,9192.0,28369.0,65693
65695,9192.0,27864.0,65694
65696,9192.0,28234.0,65695
65697,9192.0,27579.0,65696
65698,9192.0,28213.0,65697
65699,9192.0,29471.0,65698
65700,9192.0,29373.0,65699
65701,9192.0,29177.0,65700
65702,9192.0,29175.0,65701
65703,9192.0,28107.0,65702
65704,9192.0,28735.0,65703
65705,9192.0,28731.0,65704
65706,9192.0,28682.0,65705
65707,9192.0,28683.0,65706
65708,9192.0,28618.0,65707
65709,9192.0,28625.0,65708
65710,9192.0,28574.0,65709
65711,9192.0,28568.0,65710
65712,9192.0,28712.0,65711
65713,9192.0,28886.0,65712
65714,9192.0,29960.0,65713
65715,9192.0,29864.0,65714
65716,9192.0,29864.0,65715
65717,9192.0,30655.0,65716
65718,9192.0,30363.0,65717
65719,9192.0,30321.0,65718
65720,9192.0,30070.0,65719
65721,9192.0,30643.0,65720
65722,9192.0,29597.0,65721
65723,9192.0,28475.0,65722
65724,9192.0,28460.0,65723
65725,9192.0,28463.0,65724
65726,9192.0,28374.0,65725
65727,9192.0,28374.0,65726
65728,9192.0,27483.0,65727
65729,9192.0,27262.0,65728
65730,9192.0,27263.0,65729
65731,9192.0,27470.0,65730
65732,9192.0,27410.0,65731
65733,9192.0,27298.0,65732
65734,9192.0,27292.0,65733
65735,9192.0,27163.0,65734
65736,9192.0,27062.0,65735
65737,9192.0,28652.0,65736
65738,9192.0,29116.0,65737
65739,9192.0,28466.0,65738
65740,9192.0,28145.0,65739
65741,9192.0,28971.0,65740
65742,9192.0,29092.0,65741
65743,9192.0,28543.0,65742
65744,9192.0,28147.0,65743
65745,9192.0,27478.0,65744
65746,9192.0,27898.0,65745
65747,9192.0,28054.0,65746
65748,9192.0,27763.0,65747
65749,9192.0,28809.0,65748
65750,9192.0,28815.0,65749
65751,9192.0,28889.0,65750
65752,9192.0,28889.0,65751
65753,9192.0,28907.0,65752
65754,9192.0,28284.0,65753
65755,9192.0,28196.0,65754
65756,9192.0,28751.0,65755
65757,9192.0,28129.0,65756
65758,9192.0,28970.0,65757
65759,9192.0,28970.0,65758
65760,9192.0,28335.0,65759
65761,9192.0,28225.0,65760
65762,9192.0,28317.0,65761
65763,9192.0,27914.0,65762
65764,9192.0,27306.0,65763
65765,9192.0,27770.0,65764
65766,9192.0,28133.0,65765
65767,9192.0,27823.0,65766
65768,9192.0,27585.0,65767
65769,9192.0,27742.0,65768
65770,9192.0,27290.0,65769
65771,9192.0,27340.0,65770
65772,9192.0,28950.0,65771
65773,9192.0,28905.0,65772
65774,9192.0,28963.0,65773
65775,9192.0,28963.0,65774
65776,9192.0,29668.0,65775
65777,9192.0,29668.0,65776
65778,9192.0,29886.0,65777
65779,9192.0,30617.0,65778
65780,9192.0,30617.0,65779
65781,9192.0,30293.0,65780
65782,9192.0,30293.0,65781
65783,9192.0,30123.0,65782
65784,9192.0,30341.0,65783
65785,9192.0,29449.0,65784
65786,9192.0,29264.0,65785
65787,9192.0,29371.0,65786
65788,9192.0,29345.0,65787
65789,9192.0,29416.0,65788
65790,9192.0,29351.0,65789
65791,9192.0,29983.0,65790
65792,9192.0,30721.0,65791
65793,9192.0,31488.0,65792
65794,9192.0,31528.0,65793
65795,9192.0,31602.0,65794
65796,9192.0,30893.0,65795
65797,9192.0,30927.0,65796
65798,9192.0,30927.0,65797
65799,9192.0,31557.0,65798
65800,9192.0,31576.0,65799
65801,9192.0,31576.0,65800
65802,9192.0,31388.0,65801
65803,9192.0,31404.0,65802
65804,9192.0,30045.0,65803
65805,9192.0,30117.0,65804
65806,9192.0,28981.0,65805
65807,9192.0,28945.0,65806
65808,9192.0,28731.0,65807
65809,9192.0,28570.0,65808
65810,9192.0,28730.0,65809
65811,9192.0,28224.0,65810
65812,9192.0,28791.0,65811
65813,9192.0,29359.0,65812
65814,9192.0,29525.0,65813
65815,9192.0,29514.0,65814
65816,9192.0,29416.0,65815
65817,9192.0,29401.0,65816
65818,9192.0,29339.0,65817
65819,9192.0,29339.0,65818
65820,9192.0,29579.0,65819
65821,9192.0,29269.0,65820
65822,9192.0,29260.0,65821
65823,9192.0,29917.0,65822
65824,9192.0,29826.0,65823
65825,9192.0,28908.0,65824
65826,9192.0,28882.0,65825
65827,9192.0,28806.0,65826
65828,9192.0,29612.0,65827
65829,9192.0,29588.0,65828
65830,9192.0,30603.0,65829
65831,9192.0,29629.0,65830
65832,9192.0,29381.0,65831
65833,9192.0,29375.0,65832
65834,9192.0,29487.0,65833
65835,9192.0,29279.0,65834
65836,9192.0,29610.0,65835
65837,9192.0,29404.0,65836
65838,9192.0,29285.0,65837
65839,9192.0,29339.0,65838
65840,9192.0,29330.0,65839
65841,9192.0,29387.0,65840
65842,9192.0,29427.0,65841
65843,9192.0,29955.0,65842
65844,9192.0,30143.0,65843
65845,9192.0,30141.0,65844
65846,9192.0,30225.0,65845
65847,9192.0,30210.0,65846
65848,9192.0,30317.0,65847
65849,9192.0,29885.0,65848
65850,9192.0,30381.0,65849
65851,9192.0,30208.0,65850
65852,9192.0,30043.0,65851
65853,9192.0,30043.0,65852
65854,9192.0,31481.0,65853
65855,9192.0,31842.0,65854
65856,9192.0,31046.0,65855
65857,9192.0,31025.0,65856
65858,9192.0,30813.0,65857
65859,9192.0,30664.0,65858
65860,9192.0,31666.0,65859
65861,9192.0,31489.0,65860
65862,9192.0,31451.0,65861
65863,9192.0,31335.0,65862
65864,9192.0,31306.0,65863
65865,9192.0,31271.0,65864
65866,9192.0,30913.0,65865
65867,9192.0,30910.0,65866
65868,9192.0,29414.0,65867
65869,9192.0,29423.0,65868
65870,9192.0,29120.0,65869
65871,9192.0,29223.0,65870
65872,9192.0,29663.0,65871
65873,9192.0,29663.0,65872
65874,9192.0,29521.0,65873
65875,9192.0,29618.0,65874
65876,9192.0,29170.0,65875
65877,9192.0,29124.0,65876
65878,9192.0,28881.0,65877
65879,9192.0,28915.0,65878
65880,9192.0,28268.0,65879
65881,9192.0,28204.0,65880
65882,9192.0,28204.0,65881
65883,9192.0,28178.0,65882
65884,9192.0,27913.0,65883
65885,9192.0,28055.0,65884
65886,9192.0,28199.0,65885
65887,9192.0,28395.0,65886
65888,9192.0,28216.0,65887
65889,9192.0,28417.0,65888
65890,9192.0,28515.0,65889
65891,9192.0,28515.0,65890
65892,9192.0,28548.0,65891
65893,9192.0,28992.0,65892
65894,9192.0,28935.0,65893
65895,9192.0,28904.0,65894
65896,9192.0,28850.0,65895
65897,9192.0,28894.0,65896
65898,9192.0,28894.0,65897
65899,9192.0,28905.0,65898
65900,9192.0,28738.0,65899
65901,9192.0,28776.0,65900
65902,9192.0,28842.0,65901
65903,9192.0,28842.0,65902
65904,9192.0,28733.0,65903
65905,9192.0,28249.0,65904
65906,9192.0,28593.0,65905
65907,9192.0,28645.0,65906
65908,9192.0,28871.0,65907
65909,9192.0,29399.0,65908
65910,9192.0,29611.0,65909
65911,9192.0,30091.0,65910
65912,9192.0,30111.0,65911
65913,9192.0,30017.0,65912
65914,9192.0,30119.0,65913
65915,9192.0,29772.0,65914
65916,9192.0,28752.0,65915
65917,9192.0,28483.0,65916
65918,9192.0,28126.0,65917
65919,9192.0,28051.0,65918
65920,9192.0,27833.0,65919
65921,9192.0,27627.0,65920
65922,9192.0,27489.0,65921
65923,9192.0,27547.0,65922
65924,9192.0,27540.0,65923
65925,9192.0,27205.0,65924
65926,9192.0,28323.0,65925
65927,9192.0,28245.0,65926
65928,9192.0,27844.0,65927
65929,9192.0,27169.0,65928
65930,9192.0,27169.0,65929
65931,9192.0,27430.0,65930
65932,9192.0,26952.0,65931
65933,9192.0,27024.0,65932
65934,9192.0,27020.0,65933
65935,9192.0,26909.0,65934
65936,9192.0,27421.0,65935
65937,9192.0,27421.0,65936
65938,9192.0,27144.0,65937
65939,9192.0,26951.0,65938
65940,9192.0,27493.0,65939
65941,9192.0,27184.0,65940
65942,9192.0,27184.0,65941
65943,9192.0,27184.0,65942
65944,9192.0,26741.0,65943
65945,9192.0,25601.0,65944
65946,9192.0,25389.0,65945
65947,9192.0,25398.0,65946
65948,9192.0,25964.0,65947
65949,9192.0,26310.0,65948
65950,9192.0,26582.0,65949
65951,9192.0,26577.0,65950
65952,9192.0,26269.0,65951
65953,9192.0,26467.0,65952
65954,9192.0,26414.0,65953
65955,9192.0,26930.0,65954
65956,9192.0,26930.0,65955
65957,9192.0,27595.0,65956
65958,9192.0,27390.0,65957
65959,9192.0,26968.0,65958
65960,9192.0,27107.0,65959
65961,9192.0,26934.0,65960
65962,9192.0,26938.0,65961
65963,9192.0,26927.0,65962
65964,9192.0,26927.0,65963
65965,9192.0,26663.0,65964
65966,9192.0,26483.0,65965
65967,9192.0,25740.0,65966
65968,9192.0,25673.0,65967
65969,9192.0,25924.0,65968
65970,9192.0,25861.0,65969
65971,9192.0,25997.0,65970
65972,9192.0,25747.0,65971
65973,9192.0,25747.0,65972
65974,9192.0,25877.0,65973
65975,9192.0,25716.0,65974
65976,9192.0,25716.0,65975
65977,9192.0,25716.0,65976
65978,9192.0,25932.0,65977
65979,9192.0,26182.0,65978
65980,9192.0,25818.0,65979
65981,9192.0,26033.0,65980
65982,9192.0,26627.0,65981
65983,9192.0,26501.0,65982
65984,9192.0,27163.0,65983
65985,9192.0,26792.0,65984
65986,9192.0,26797.0,65985
65987,9192.0,26007.0,65986
65988,9192.0,24850.0,65987
65989,9192.0,24850.0,65988
65990,9192.0,24940.0,65989
65991,9192.0,24869.0,65990
65992,9192.0,26217.0,65991
65993,9192.0,26616.0,65992
65994,9192.0,27250.0,65993
65995,9192.0,27279.0,65994
65996,9192.0,27278.0,65995
65997,9192.0,27104.0,65996
65998,9192.0,28940.0,65997
65999,9192.0,28905.0,65998
66000,9192.0,29184.0,65999
66001,9192.0,28218.0,66000
66002,9192.0,28291.0,66001
66003,9192.0,28903.0,66002
66004,9192.0,28903.0,66003
66005,9192.0,28803.0,66004
66006,9192.0,28725.0,66005
66007,9192.0,28238.0,66006
66008,9192.0,27721.0,66007
66009,9192.0,28177.0,66008
66010,9192.0,27438.0,66009
66011,9192.0,27568.0,66010
66012,9192.0,27763.0,66011
66013,9192.0,28179.0,66012
66014,9192.0,27693.0,66013
66015,9192.0,27631.0,66014
66016,9192.0,27631.0,66015
66017,9192.0,27489.0,66016
66018,9192.0,29089.0,66017
66019,9192.0,29500.0,66018
66020,9192.0,29917.0,66019
66021,9192.0,30300.0,66020
66022,9192.0,30717.0,66021
66023,9192.0,30717.0,66022
66024,9192.0,30881.0,66023
66025,9192.0,30008.0,66024
66026,9192.0,30468.0,66025
66027,9192.0,30456.0,66026
66028,9192.0,30706.0,66027
66029,9192.0,30045.0,66028
66030,9192.0,30182.0,66029
66031,9192.0,30203.0,66030
66032,9192.0,31000.0,66031
66033,9192.0,30800.0,66032
66034,9192.0,31210.0,66033
66035,9192.0,31212.0,66034
66036,9192.0,31319.0,66035
66037,9192.0,31435.0,66036
66038,9192.0,30937.0,66037
66039,9192.0,30489.0,66038
66040,9192.0,30732.0,66039
66041,9192.0,30798.0,66040
66042,9192.0,30241.0,66041
66043,9192.0,30057.0,66042
66044,9192.0,30031.0,66043
66045,9192.0,29482.0,66044
66046,9192.0,30292.0,66045
66047,9192.0,31285.0,66046
66048,9192.0,31231.0,66047
66049,9192.0,30933.0,66048
66050,9192.0,31431.0,66049
66051,9192.0,31413.0,66050
66052,9192.0,31012.0,66051
66053,9192.0,30663.0,66052
66054,9192.0,30682.0,66053
66055,9192.0,30413.0,66054
66056,9192.0,29502.0,66055
66057,9192.0,29721.0,66056
66058,9192.0,29721.0,66057
66059,9192.0,29494.0,66058
66060,9192.0,29931.0,66059
66061,9192.0,29912.0,66060
66062,9192.0,29479.0,66061
66063,9192.0,29318.0,66062
66064,9192.0,28853.0,66063
66065,9192.0,29057.0,66064
66066,9192.0,28703.0,66065
66067,9192.0,28715.0,66066
66068,9192.0,29136.0,66067
66069,9192.0,29415.0,66068
66070,9192.0,29299.0,66069
66071,9192.0,29583.0,66070
66072,9192.0,29963.0,66071
66073,9192.0,29963.0,66072
66074,9192.0,29305.0,66073
66075,9192.0,28676.0,66074
66076,9192.0,28676.0,66075
66077,9192.0,28674.0,66076
66078,9192.0,28210.0,66077
66079,9192.0,28342.0,66078
66080,9192.0,28521.0,66079
66081,9192.0,27644.0,66080
66082,9192.0,27284.0,66081
66083,9192.0,27351.0,66082
66084,9192.0,27384.0,66083
66085,9192.0,27684.0,66084
66086,9192.0,27432.0,66085
66087,9192.0,27382.0,66086
66088,9192.0,27816.0,66087
66089,9192.0,27707.0,66088
66090,9192.0,27464.0,66089
66091,9192.0,27464.0,66090
66092,9192.0,26555.0,66091
66093,9192.0,27461.0,66092
66094,9192.0,27479.0,66093
66095,9192.0,26394.0,66094
66096,9192.0,27240.0,66095
66097,9192.0,27202.0,66096
66098,9192.0,27183.0,66097
66099,9192.0,27183.0,66098
66100,9192.0,26533.0,66099
66101,9192.0,26440.0,66100
66102,9192.0,26214.0,66101
66103,9192.0,25978.0,66102
66104,9192.0,26017.0,66103
66105,9192.0,26085.0,66104
66106,9192.0,24864.0,66105
66107,9192.0,23980.0,66106
66108,9192.0,24143.0,66107
66109,9192.0,23050.0,66108
66110,9192.0,23660.0,66109
66111,9192.0,23660.0,66110
66112,9192.0,23602.0,66111
66113,9192.0,23490.0,66112
66114,9192.0,23358.0,66113
66115,9192.0,23358.0,66114
66116,9192.0,24208.0,66115
66117,9192.0,23999.0,66116
66118,9192.0,24975.0,66117
66119,9192.0,24843.0,66118
66120,9192.0,24843.0,66119
66121,9192.0,24712.0,66120
66122,9192.0,25175.0,66121
66123,9192.0,25194.0,66122
66124,9192.0,25137.0,66123
66125,9192.0,24313.0,66124
66126,9192.0,24276.0,66125
66127,9192.0,24582.0,66126
66128,9192.0,24584.0,66127
66129,9192.0,25816.0,66128
66130,9192.0,25563.0,66129
66131,9192.0,26926.0,66130
66132,9192.0,27228.0,66131
66133,9192.0,26990.0,66132
66134,9192.0,26960.0,66133
66135,9192.0,26728.0,66134
66136,9192.0,26367.0,66135
66137,9192.0,26135.0,66136
66138,9192.0,26135.0,66137
66139,9192.0,25924.0,66138
66140,9192.0,25924.0,66139
66141,9192.0,26177.0,66140
66142,9192.0,26191.0,66141
66143,9192.0,26788.0,66142
66144,9192.0,26500.0,66143
66145,9192.0,27859.0,66144
66146,9192.0,28406.0,66145
66147,9192.0,28222.0,66146
66148,9192.0,29082.0,66147
66149,9192.0,29082.0,66148
66150,9192.0,28129.0,66149
66151,9192.0,28129.0,66150
66152,9192.0,28074.0,66151
66153,9192.0,27631.0,66152
66154,9192.0,27597.0,66153
66155,9192.0,27602.0,66154
66156,9192.0,27936.0,66155
66157,9192.0,28125.0,66156
66158,9192.0,28125.0,66157
66159,9192.0,27702.0,66158
66160,9192.0,27649.0,66159
66161,9192.0,27857.0,66160
66162,9192.0,27985.0,66161
66163,9192.0,27554.0,66162
66164,9192.0,28004.0,66163
66165,9192.0,27623.0,66164
66166,9192.0,27556.0,66165
66167,9192.0,27478.0,66166
66168,9192.0,27129.0,66167
66169,9192.0,27192.0,66168
66170,9192.0,26451.0,66169
66171,9192.0,26698.0,66170
66172,9192.0,27780.0,66171
66173,9192.0,27545.0,66172
66174,9192.0,28093.0,66173
66175,9192.0,27496.0,66174
66176,9192.0,27196.0,66175
66177,9192.0,26997.0,66176
66178,9192.0,26060.0,66177
66179,9192.0,25573.0,66178
66180,9192.0,25805.0,66179
66181,9192.0,26808.0,66180
66182,9192.0,26595.0,66181
66183,9192.0,26766.0,66182
66184,9192.0,26951.0,66183
66185,9192.0,26934.0,66184
66186,9192.0,27250.0,66185
66187,9192.0,27421.0,66186
66188,9192.0,26763.0,66187
66189,9192.0,26651.0,66188
66190,9192.0,26802.0,66189
66191,9192.0,26726.0,66190
66192,9192.0,26706.0,66191
66193,9192.0,26391.0,66192
66194,9192.0,26396.0,66193
66195,9192.0,26429.0,66194
66196,9192.0,25477.0,66195
66197,9192.0,26191.0,66196
66198,9192.0,26352.0,66197
66199,9192.0,26502.0,66198
66200,9192.0,26396.0,66199
66201,9192.0,26396.0,66200
66202,9192.0,26746.0,66201
66203,9192.0,27526.0,66202
66204,9192.0,27715.0,66203
66205,9192.0,27580.0,66204
66206,9192.0,27580.0,66205
66207,9192.0,27664.0,66206
66208,9192.0,27236.0,66207
66209,9192.0,27068.0,66208
66210,9192.0,26657.0,66209
66211,9192.0,26657.0,66210
66212,9192.0,26411.0,66211
66213,9192.0,26298.0,66212
66214,9192.0,26298.0,66213
66215,9192.0,26467.0,66214
66216,9192.0,26715.0,66215
66217,9192.0,26760.0,66216
66218,9192.0,26416.0,66217
66219,9192.0,25851.0,66218
66220,9192.0,26142.0,66219
66221,9192.0,26461.0,66220
66222,9192.0,26452.0,66221
66223,9192.0,27617.0,66222
66224,9192.0,27487.0,66223
66225,9192.0,27906.0,66224
66226,9192.0,27907.0,66225
66227,9192.0,27465.0,66226
66228,9192.0,27402.0,66227
66229,9192.0,27352.0,66228
66230,9192.0,27238.0,66229
66231,9192.0,27254.0,66230
66232,9192.0,27254.0,66231
66233,9192.0,27161.0,66232
66234,9192.0,28135.0,66233
66235,9192.0,28842.0,66234
66236,9192.0,28638.0,66235
66237,9192.0,28405.0,66236
66238,9192.0,28722.0,66237
66239,9192.0,29110.0,66238
66240,9192.0,28694.0,66239
66241,9192.0,28484.0,66240
66242,9192.0,28746.0,66241
66243,9192.0,29238.0,66242
66244,9192.0,29563.0,66243
66245,9192.0,29581.0,66244
66246,9192.0,29351.0,66245
66247,9192.0,29351.0,66246
66248,9192.0,29198.0,66247
66249,9192.0,28587.0,66248
66250,9192.0,28565.0,66249
66251,9192.0,28459.0,66250
66252,9192.0,27935.0,66251
66253,9192.0,27435.0,66252
66254,9192.0,28229.0,66253
66255,9192.0,28561.0,66254
66256,9192.0,29656.0,66255
66257,9192.0,29543.0,66256
66258,9192.0,29705.0,66257
66259,9192.0,29722.0,66258
66260,9192.0,30224.0,66259
66261,9192.0,30261.0,66260
66262,9192.0,30432.0,66261
66263,9192.0,29644.0,66262
66264,9192.0,29205.0,66263
66265,9192.0,29084.0,66264
66266,9192.0,29055.0,66265
66267,9192.0,28832.0,66266
66268,9192.0,28832.0,66267
66269,9192.0,28996.0,66268
66270,9192.0,28009.0,66269
66271,9192.0,28027.0,66270
66272,9192.0,28027.0,66271
66273,9192.0,28054.0,66272
66274,9192.0,28138.0,66273
66275,9192.0,27481.0,66274
66276,9192.0,27028.0,66275
66277,9192.0,27028.0,66276
66278,9192.0,27306.0,66277
66279,9192.0,27362.0,66278
66280,9192.0,27036.0,66279
66281,9192.0,27896.0,66280
66282,9192.0,28358.0,66281
66283,9192.0,28470.0,66282
66284,9192.0,28514.0,66283
66285,9192.0,28431.0,66284
66286,9192.0,28098.0,66285
66287,9192.0,28527.0,66286
66288,9192.0,29204.0,66287
66289,9192.0,29075.0,66288
66290,9192.0,29026.0,66289
66291,9192.0,28402.0,66290
66292,9192.0,27505.0,66291
66293,9192.0,26618.0,66292
66294,9192.0,26269.0,66293
66295,9192.0,26056.0,66294
66296,9192.0,26056.0,66295
66297,9192.0,26046.0,66296
66298,9192.0,26184.0,66297
66299,9192.0,26040.0,66298
66300,9192.0,26037.0,66299
66301,9192.0,25738.0,66300
66302,9192.0,26539.0,66301
66303,9192.0,26223.0,66302
66304,9192.0,26223.0,66303
66305,9192.0,26219.0,66304
66306,9192.0,26219.0,66305
66307,9192.0,27002.0,66306
66308,9192.0,26838.0,66307
66309,9192.0,26855.0,66308
66310,9192.0,27335.0,66309
66311,9192.0,27024.0,66310
66312,9192.0,26901.0,66311
66313,9192.0,26912.0,66312
66314,9192.0,26660.0,66313
66315,9192.0,26690.0,66314
66316,9192.0,26046.0,66315
66317,9192.0,26008.0,66316
66318,9192.0,25805.0,66317
66319,9192.0,25944.0,66318
66320,9192.0,26748.0,66319
66321,9192.0,26604.0,66320
66322,9192.0,26304.0,66321
66323,9192.0,26464.0,66322
66324,9192.0,26610.0,66323
66325,9192.0,26504.0,66324
66326,9192.0,26706.0,66325
66327,9192.0,26673.0,66326
66328,9192.0,26675.0,66327
66329,9192.0,28345.0,66328
66330,9192.0,28758.0,66329
66331,9192.0,29264.0,66330
66332,9192.0,28609.0,66331
66333,9192.0,28690.0,66332
66334,9192.0,28663.0,66333
66335,9192.0,28932.0,66334
66336,9192.0,28989.0,66335
66337,9192.0,28791.0,66336
66338,9192.0,28726.0,66337
66339,9192.0,28709.0,66338
66340,9192.0,28655.0,66339
66341,9192.0,28854.0,66340
66342,9192.0,28706.0,66341
66343,9192.0,28436.0,66342
66344,9192.0,28757.0,66343
66345,9192.0,28785.0,66344
66346,9192.0,28324.0,66345
66347,9192.0,28271.0,66346
66348,9192.0,29742.0,66347
66349,9192.0,28746.0,66348
66350,9192.0,28545.0,66349
66351,9192.0,29314.0,66350
66352,9192.0,29299.0,66351
66353,9192.0,29299.0,66352
66354,9192.0,30195.0,66353
66355,9192.0,30144.0,66354
66356,9192.0,30059.0,66355
66357,9192.0,29757.0,66356
66358,9192.0,29879.0,66357
66359,9192.0,29879.0,66358
66360,9192.0,29546.0,66359
66361,9192.0,29540.0,66360
66362,9192.0,29157.0,66361
66363,9192.0,29095.0,66362
66364,9192.0,30007.0,66363
66365,9192.0,30100.0,66364
66366,9192.0,28637.0,66365
66367,9192.0,28393.0,66366
66368,9192.0,29263.0,66367
66369,9192.0,29734.0,66368
66370,9192.0,29453.0,66369
66371,9192.0,29441.0,66370
66372,9192.0,29337.0,66371
66373,9192.0,29490.0,66372
66374,9192.0,29576.0,66373
66375,9192.0,29400.0,66374
66376,9192.0,29563.0,66375
66377,9192.0,29628.0,66376
66378,9192.0,29628.0,66377
66379,9192.0,29576.0,66378
66380,9192.0,29567.0,66379
66381,9192.0,29183.0,66380
66382,9192.0,29128.0,66381
66383,9192.0,29128.0,66382
66384,9192.0,29296.0,66383
66385,9192.0,29042.0,66384
66386,9192.0,29414.0,66385
66387,9192.0,29414.0,66386
66388,9192.0,28182.0,66387
66389,9192.0,28471.0,66388
66390,9192.0,28394.0,66389
66391,9192.0,28401.0,66390
66392,9192.0,28969.0,66391
66393,9192.0,28893.0,66392
66394,9192.0,29155.0,66393
66395,9192.0,29155.0,66394
66396,9192.0,29061.0,66395
66397,9192.0,29577.0,66396
66398,9192.0,29803.0,66397
66399,9192.0,29743.0,66398
66400,9192.0,29444.0,66399
66401,9192.0,29988.0,66400
66402,9192.0,30515.0,66401
66403,9192.0,30144.0,66402
66404,9192.0,29961.0,66403
66405,9192.0,29961.0,66404
66406,9192.0,29957.0,66405
66407,9192.0,29995.0,66406
66408,9192.0,29374.0,66407
66409,9192.0,28496.0,66408
66410,9192.0,28334.0,66409
66411,9192.0,28520.0,66410
66412,9192.0,27666.0,66411
66413,9192.0,27745.0,66412
66414,9192.0,28320.0,66413
66415,9192.0,29075.0,66414
66416,9192.0,28973.0,66415
66417,9192.0,28809.0,66416
66418,9192.0,28487.0,66417
66419,9192.0,28907.0,66418
66420,9192.0,28907.0,66419
66421,9192.0,28958.0,66420
66422,9192.0,28403.0,66421
66423,9192.0,28506.0,66422
66424,9192.0,28180.0,66423
66425,9192.0,27725.0,66424
66426,9192.0,27735.0,66425
66427,9192.0,27705.0,66426
66428,9192.0,29212.0,66427
66429,9192.0,29667.0,66428
66430,9192.0,29573.0,66429
66431,9192.0,29472.0,66430
66432,9192.0,29536.0,66431
66433,9192.0,29786.0,66432
66434,9192.0,29762.0,66433
66435,9192.0,29702.0,66434
66436,9192.0,28234.0,66435
66437,9192.0,29813.0,66436
66438,9192.0,29530.0,66437
66439,9192.0,29406.0,66438
66440,9192.0,28520.0,66439
66441,9192.0,28780.0,66440
66442,9192.0,28899.0,66441
66443,9192.0,28945.0,66442
66444,9192.0,29046.0,66443
66445,9192.0,29092.0,66444
66446,9192.0,28569.0,66445
66447,9192.0,29510.0,66446
66448,9192.0,29515.0,66447
66449,9192.0,28703.0,66448
66450,9192.0,28796.0,66449
66451,9192.0,28869.0,66450
66452,9192.0,28930.0,66451
66453,9192.0,28930.0,66452
66454,9192.0,28957.0,66453
66455,9192.0,28481.0,66454
66456,9192.0,28648.0,66455
66457,9192.0,28813.0,66456
66458,9192.0,29104.0,66457
66459,9192.0,29465.0,66458
66460,9192.0,29670.0,66459
66461,9192.0,29178.0,66460
66462,9192.0,29150.0,66461
66463,9192.0,29247.0,66462
66464,9192.0,28255.0,66463
66465,9192.0,28406.0,66464
66466,9192.0,28193.0,66465
66467,9192.0,29551.0,66466
66468,9192.0,29829.0,66467
66469,9192.0,30135.0,66468
66470,9192.0,30135.0,66469
66471,9192.0,30070.0,66470
66472,9192.0,30061.0,66471
66473,9192.0,30308.0,66472
66474,9192.0,30169.0,66473
66475,9192.0,29561.0,66474
66476,9192.0,30325.0,66475
66477,9192.0,29757.0,66476
66478,9192.0,30208.0,66477
66479,9192.0,30136.0,66478
66480,9192.0,29965.0,66479
66481,9192.0,29939.0,66480
66482,9192.0,29850.0,66481
66483,9192.0,29351.0,66482
66484,9192.0,29577.0,66483
66485,9192.0,29735.0,66484
66486,9192.0,29572.0,66485
66487,9192.0,30650.0,66486
66488,9192.0,30634.0,66487
66489,9192.0,30953.0,66488
66490,9192.0,30965.0,66489
66491,9192.0,30647.0,66490
66492,9192.0,30399.0,66491
66493,9192.0,29366.0,66492
66494,9192.0,29334.0,66493
66495,9192.0,31358.0,66494
66496,9192.0,31347.0,66495
66497,9192.0,32228.0,66496
66498,9192.0,30911.0,66497
66499,9192.0,31769.0,66498
66500,9192.0,31586.0,66499
66501,9192.0,31559.0,66500
66502,9192.0,31219.0,66501
66503,9192.0,31207.0,66502
66504,9192.0,31339.0,66503
66505,9192.0,31339.0,66504
66506,9192.0,31407.0,66505
66507,9192.0,31542.0,66506
66508,9192.0,31669.0,66507
66509,9192.0,31147.0,66508
66510,9192.0,30750.0,66509
66511,9192.0,31243.0,66510
66512,9192.0,31235.0,66511
66513,9192.0,31132.0,66512
66514,9192.0,30939.0,66513
66515,9192.0,31281.0,66514
66516,9192.0,31305.0,66515
66517,9192.0,31225.0,66516
66518,9192.0,31301.0,66517
66519,9192.0,30965.0,66518
66520,9192.0,30712.0,66519
66521,9192.0,30815.0,66520
66522,9192.0,31056.0,66521
66523,9192.0,31446.0,66522
66524,9192.0,31524.0,66523
66525,9192.0,31390.0,66524
66526,9192.0,30965.0,66525
66527,9192.0,30281.0,66526
66528,9192.0,30056.0,66527
66529,9192.0,29988.0,66528
66530,9192.0,30300.0,66529
66531,9192.0,30402.0,66530
66532,9192.0,29628.0,66531
66533,9192.0,29674.0,66532
66534,9192.0,29670.0,66533
66535,9192.0,29552.0,66534
66536,9192.0,30207.0,66535
66537,9192.0,30356.0,66536
66538,9192.0,30105.0,66537
66539,9192.0,30362.0,66538
66540,9192.0,30442.0,66539
66541,9192.0,30363.0,66540
66542,9192.0,30725.0,66541
66543,9192.0,31124.0,66542
66544,9192.0,31124.0,66543
66545,9192.0,31124.0,66544
66546,9192.0,30930.0,66545
66547,9192.0,30688.0,66546
66548,9192.0,30442.0,66547
66549,9192.0,30426.0,66548
66550,9192.0,29663.0,66549
66551,9192.0,29673.0,66550
66552,9192.0,29673.0,66551
66553,9192.0,29251.0,66552
66554,9192.0,29612.0,66553
66555,9192.0,30085.0,66554
66556,9192.0,29894.0,66555
66557,9192.0,29520.0,66556
66558,9192.0,28860.0,66557
66559,9192.0,28011.0,66558
66560,9192.0,28050.0,66559
66561,9192.0,27990.0,66560
66562,9192.0,27958.0,66561
66563,9192.0,28017.0,66562
66564,9192.0,28420.0,66563
66565,9192.0,28140.0,66564
66566,9192.0,27660.0,66565
66567,9192.0,27363.0,66566
66568,9192.0,27371.0,66567
66569,9192.0,27701.0,66568
66570,9192.0,27372.0,66569
66571,9192.0,28039.0,66570
66572,9192.0,27990.0,66571
66573,9192.0,28166.0,66572
66574,9192.0,28225.0,66573
66575,9192.0,27431.0,66574
66576,9192.0,27357.0,66575
66577,9192.0,27402.0,66576
66578,9192.0,28509.0,66577
66579,9192.0,27762.0,66578
66580,9192.0,27762.0,66579
66581,9192.0,28003.0,66580
66582,9192.0,27445.0,66581
66583,9192.0,28323.0,66582
66584,9192.0,27905.0,66583
66585,9192.0,27905.0,66584
66586,9192.0,27576.0,66585
66587,9192.0,27728.0,66586
66588,9192.0,27286.0,66587
66589,9192.0,27573.0,66588
66590,9192.0,27448.0,66589
66591,9192.0,27629.0,66590
66592,9192.0,28039.0,66591
66593,9192.0,27571.0,66592
66594,9192.0,28288.0,66593
66595,9192.0,28288.0,66594
66596,9192.0,28408.0,66595
66597,9192.0,28990.0,66596
66598,9192.0,28937.0,66597
66599,9192.0,28589.0,66598
66600,9192.0,26899.0,66599
66601,9192.0,26797.0,66600
66602,9192.0,26797.0,66601
66603,9192.0,26797.0,66602
66604,9192.0,27397.0,66603
66605,9192.0,26888.0,66604
66606,9192.0,26620.0,66605
66607,9192.0,26467.0,66606
66608,9192.0,27098.0,66607
66609,9192.0,26910.0,66608
66610,9192.0,26910.0,66609
66611,9192.0,27174.0,66610
66612,9192.0,27174.0,66611
66613,9192.0,27937.0,66612
66614,9192.0,28195.0,66613
66615,9192.0,27826.0,66614
66616,9192.0,27195.0,66615
66617,9192.0,26276.0,66616
66618,9192.0,26370.0,66617
66619,9192.0,26370.0,66618
66620,9192.0,26731.0,66619
66621,9192.0,27647.0,66620
66622,9192.0,27573.0,66621
66623,9192.0,27573.0,66622
66624,9192.0,27875.0,66623
66625,9192.0,27276.0,66624
66626,9192.0,25893.0,66625
66627,9192.0,26339.0,66626
66628,9192.0,26979.0,66627
66629,9192.0,27754.0,66628
66630,9192.0,27748.0,66629
66631,9192.0,27785.0,66630
66632,9192.0,28088.0,66631
66633,9192.0,27148.0,66632
66634,9192.0,27148.0,66633
66635,9192.0,26809.0,66634
66636,9192.0,25350.0,66635
66637,9192.0,25741.0,66636
66638,9192.0,25039.0,66637
66639,9192.0,25495.0,66638
66640,9192.0,25761.0,66639
66641,9192.0,26162.0,66640
66642,9192.0,26245.0,66641
66643,9192.0,26064.0,66642
66644,9192.0,26064.0,66643
66645,9192.0,26067.0,66644
66646,9192.0,26194.0,66645
66647,9192.0,26069.0,66646
66648,9192.0,26346.0,66647
66649,9192.0,26346.0,66648
66650,9192.0,26264.0,66649
66651,9192.0,26226.0,66650
66652,9192.0,26153.0,66651
66653,9192.0,26144.0,66652
66654,9192.0,26161.0,66653
66655,9192.0,26997.0,66654
66656,9192.0,26909.0,66655
66657,9192.0,27020.0,66656
66658,9192.0,26936.0,66657
66659,9192.0,26666.0,66658
66660,9192.0,26477.0,66659
66661,9192.0,26619.0,66660
66662,9192.0,26766.0,66661
66663,9192.0,27493.0,66662
66664,9192.0,27616.0,66663
66665,9192.0,27777.0,66664
66666,9192.0,27794.0,66665
66667,9192.0,28105.0,66666
66668,9192.0,28074.0,66667
66669,9192.0,26759.0,66668
66670,9192.0,26144.0,66669
66671,9192.0,26130.0,66670
66672,9192.0,25422.0,66671
66673,9192.0,25171.0,66672
66674,9192.0,24781.0,66673
66675,9192.0,24781.0,66674
66676,9192.0,24356.0,66675
66677,9192.0,24502.0,66676
66678,9192.0,24037.0,66677
66679,9192.0,22910.0,66678
66680,9192.0,23520.0,66679
66681,9192.0,23521.0,66680
66682,9192.0,23431.0,66681
66683,9192.0,23275.0,66682
66684,9192.0,24098.0,66683
66685,9192.0,24034.0,66684
66686,9192.0,26073.0,66685
66687,9192.0,26340.0,66686
66688,9192.0,26026.0,66687
66689,9192.0,25715.0,66688
66690,9192.0,26351.0,66689
66691,9192.0,26035.0,66690
66692,9192.0,26528.0,66691
66693,9192.0,26529.0,66692
66694,9192.0,26620.0,66693
66695,9192.0,26411.0,66694
66696,9192.0,27548.0,66695
66697,9192.0,27873.0,66696
66698,9192.0,28594.0,66697
66699,9192.0,28505.0,66698
66700,9192.0,28792.0,66699
66701,9192.0,28086.0,66700
66702,9192.0,28393.0,66701
66703,9192.0,28493.0,66702
66704,9192.0,28076.0,66703
66705,9192.0,27278.0,66704
66706,9192.0,27277.0,66705
66707,9192.0,28259.0,66706
66708,9192.0,28059.0,66707
66709,9192.0,28056.0,66708
66710,9192.0,27996.0,66709
66711,9192.0,28193.0,66710
66712,9192.0,28391.0,66711
66713,9192.0,28855.0,66712
66714,9192.0,29232.0,66713
66715,9192.0,29556.0,66714
66716,9192.0,30002.0,66715
66717,9192.0,29836.0,66716
66718,9192.0,30040.0,66717
66719,9192.0,30222.0,66718
66720,9192.0,32262.0,66719
66721,9192.0,32325.0,66720
66722,9192.0,32457.0,66721
66723,9192.0,31345.0,66722
66724,9192.0,31060.0,66723
66725,9192.0,30974.0,66724
66726,9192.0,30861.0,66725
66727,9192.0,30861.0,66726
66728,9192.0,31134.0,66727
66729,9192.0,29692.0,66728
66730,9192.0,30632.0,66729
66731,9192.0,30498.0,66730
66732,9192.0,31497.0,66731
66733,9192.0,31429.0,66732
66734,9192.0,31741.0,66733
66735,9192.0,31659.0,66734
66736,9192.0,31810.0,66735
66737,9192.0,30578.0,66736
66738,9192.0,30971.0,66737
66739,9192.0,31038.0,66738
66740,9192.0,31429.0,66739
66741,9192.0,31394.0,66740
66742,9192.0,31197.0,66741
66743,9192.0,31860.0,66742
66744,9192.0,30881.0,66743
66745,9192.0,30522.0,66744
66746,9192.0,29169.0,66745
66747,9192.0,29203.0,66746
66748,9192.0,28995.0,66747
66749,9192.0,29015.0,66748
66750,9192.0,29424.0,66749
66751,9192.0,29939.0,66750
66752,9192.0,30573.0,66751
66753,9192.0,30718.0,66752
66754,9192.0,30348.0,66753
66755,9192.0,30484.0,66754
66756,9192.0,30435.0,66755
66757,9192.0,30237.0,66756
66758,9192.0,29332.0,66757
66759,9192.0,29332.0,66758
66760,9192.0,29729.0,66759
66761,9192.0,29665.0,66760
66762,9192.0,29671.0,66761
66763,9192.0,29523.0,66762
66764,9192.0,29630.0,66763
66765,9192.0,29012.0,66764
66766,9192.0,29144.0,66765
66767,9192.0,29210.0,66766
66768,9192.0,27988.0,66767
66769,9192.0,27977.0,66768
66770,9192.0,27964.0,66769
66771,9192.0,27964.0,66770
66772,9192.0,27309.0,66771
66773,9192.0,28559.0,66772
66774,9192.0,28565.0,66773
66775,9192.0,28579.0,66774
66776,9192.0,28722.0,66775
66777,9192.0,28709.0,66776
66778,9192.0,28808.0,66777
66779,9192.0,29805.0,66778
66780,9192.0,29694.0,66779
66781,9192.0,30015.0,66780
66782,9192.0,30040.0,66781
66783,9192.0,30071.0,66782
66784,9192.0,29315.0,66783
66785,9192.0,29316.0,66784
66786,9192.0,28810.0,66785
66787,9192.0,29514.0,66786
66788,9192.0,29308.0,66787
66789,9192.0,29301.0,66788
66790,9192.0,29029.0,66789
66791,9192.0,29141.0,66790
66792,9192.0,27410.0,66791
66793,9192.0,27187.0,66792
66794,9192.0,27141.0,66793
66795,9192.0,27046.0,66794
66796,9192.0,27047.0,66795
66797,9192.0,26869.0,66796
66798,9192.0,27091.0,66797
66799,9192.0,27300.0,66798
66800,9192.0,28391.0,66799
66801,9192.0,28564.0,66800
66802,9192.0,28901.0,66801
66803,9192.0,29056.0,66802
66804,9192.0,28555.0,66803
66805,9192.0,28395.0,66804
66806,9192.0,28395.0,66805
66807,9192.0,28416.0,66806
66808,9192.0,28419.0,66807
66809,9192.0,28419.0,66808
66810,9192.0,28204.0,66809
66811,9192.0,28258.0,66810
66812,9192.0,27626.0,66811
66813,9192.0,27616.0,66812
66814,9192.0,28019.0,66813
66815,9192.0,28665.0,66814
66816,9192.0,28762.0,66815
66817,9192.0,28762.0,66816
66818,9192.0,28758.0,66817
66819,9192.0,28636.0,66818
66820,9192.0,28622.0,66819
66821,9192.0,28434.0,66820
66822,9192.0,28491.0,66821
66823,9192.0,28236.0,66822
66824,9192.0,28261.0,66823
66825,9192.0,27716.0,66824
66826,9192.0,27716.0,66825
66827,9192.0,27519.0,66826
66828,9192.0,27566.0,66827
66829,9192.0,27239.0,66828
66830,9192.0,28025.0,66829
66831,9192.0,27648.0,66830
66832,9192.0,28291.0,66831
66833,9192.0,28472.0,66832
66834,9192.0,28167.0,66833
66835,9192.0,28698.0,66834
66836,9192.0,28536.0,66835
66837,9192.0,29256.0,66836
66838,9192.0,28967.0,66837
66839,9192.0,28664.0,66838
66840,9192.0,27563.0,66839
66841,9192.0,27506.0,66840
66842,9192.0,27674.0,66841
66843,9192.0,27949.0,66842
66844,9192.0,27950.0,66843
66845,9192.0,27849.0,66844
66846,9192.0,27991.0,66845
66847,9192.0,27416.0,66846
66848,9192.0,27332.0,66847
66849,9192.0,26810.0,66848
66850,9192.0,26961.0,66849
66851,9192.0,26899.0,66850
66852,9192.0,26511.0,66851
66853,9192.0,26536.0,66852
66854,9192.0,25807.0,66853
66855,9192.0,25737.0,66854
66856,9192.0,25440.0,66855
66857,9192.0,25256.0,66856
66858,9192.0,25248.0,66857
66859,9192.0,25574.0,66858
66860,9192.0,25430.0,66859
66861,9192.0,25222.0,66860
66862,9192.0,23970.0,66861
66863,9192.0,23101.0,66862
66864,9192.0,23061.0,66863
66865,9192.0,24230.0,66864
66866,9192.0,23284.0,66865
66867,9192.0,23613.0,66866
66868,9192.0,23968.0,66867
66869,9192.0,23968.0,66868
66870,9192.0,24549.0,66869
66871,9192.0,24591.0,66870
66872,9192.0,24806.0,66871
66873,9192.0,24756.0,66872
66874,9192.0,24410.0,66873
66875,9192.0,24771.0,66874
66876,9192.0,24982.0,66875
66877,9192.0,24915.0,66876
66878,9192.0,24746.0,66877
66879,9192.0,25151.0,66878
66880,9192.0,25151.0,66879
66881,9192.0,25075.0,66880
66882,9192.0,24948.0,66881
66883,9192.0,24906.0,66882
66884,9192.0,24980.0,66883
66885,9192.0,24761.0,66884
66886,9192.0,25112.0,66885
66887,9192.0,25527.0,66886
66888,9192.0,25562.0,66887
66889,9192.0,25512.0,66888
66890,9192.0,26762.0,66889
66891,9192.0,26318.0,66890
66892,9192.0,26346.0,66891
66893,9192.0,26346.0,66892
66894,9192.0,26591.0,66893
66895,9192.0,26591.0,66894
66896,9192.0,26542.0,66895
66897,9192.0,26307.0,66896
66898,9192.0,26389.0,66897
66899,9192.0,26980.0,66898
66900,9192.0,27635.0,66899
66901,9192.0,28708.0,66900
66902,9192.0,28799.0,66901
66903,9192.0,28219.0,66902
66904,9192.0,29492.0,66903
66905,9192.0,29277.0,66904
66906,9192.0,29466.0,66905
66907,9192.0,29466.0,66906
66908,9192.0,29528.0,66907
66909,9192.0,29683.0,66908
66910,9192.0,29286.0,66909
66911,9192.0,29220.0,66910
66912,9192.0,27864.0,66911
66913,9192.0,27893.0,66912
66914,9192.0,28290.0,66913
66915,9192.0,28290.0,66914
66916,9192.0,29306.0,66915
66917,9192.0,29047.0,66916
66918,9192.0,29663.0,66917
66919,9192.0,29985.0,66918
66920,9192.0,30375.0,66919
66921,9192.0,30499.0,66920
66922,9192.0,30499.0,66921
66923,9192.0,30499.0,66922
66924,9192.0,30360.0,66923
66925,9192.0,29933.0,66924
66926,9192.0,30333.0,66925
66927,9192.0,30333.0,66926
66928,9192.0,30505.0,66927
66929,9192.0,30512.0,66928
66930,9192.0,30315.0,66929
66931,9192.0,31221.0,66930
66932,9192.0,31162.0,66931
66933,9192.0,30909.0,66932
66934,9192.0,31252.0,66933
66935,9192.0,31156.0,66934
66936,9192.0,31151.0,66935
66937,9192.0,30397.0,66936
66938,9192.0,30663.0,66937
66939,9192.0,30160.0,66938
66940,9192.0,27616.0,66939
66941,9192.0,27616.0,66940
66942,9192.0,28934.0,66941
66943,9192.0,28870.0,66942
66944,9192.0,28870.0,66943
66945,9192.0,29186.0,66944
66946,9192.0,29146.0,66945
66947,9192.0,29193.0,66946
66948,9192.0,29220.0,66947
66949,9192.0,29219.0,66948
66950,9192.0,28726.0,66949
66951,9192.0,28968.0,66950
66952,9192.0,29578.0,66951
66953,9192.0,29896.0,66952
66954,9192.0,29892.0,66953
66955,9192.0,29813.0,66954
66956,9192.0,29934.0,66955
66957,9192.0,30269.0,66956
66958,9192.0,30160.0,66957
66959,9192.0,31124.0,66958
66960,9192.0,31101.0,66959
66961,9192.0,31101.0,66960
66962,9192.0,30778.0,66961
66963,9192.0,30778.0,66962
66964,9192.0,31054.0,66963
66965,9192.0,31039.0,66964
66966,9192.0,30828.0,66965
66967,9192.0,30828.0,66966
66968,9192.0,30607.0,66967
66969,9192.0,30755.0,66968
66970,9192.0,30756.0,66969
66971,9192.0,30723.0,66970
66972,9192.0,30782.0,66971
66973,9192.0,30900.0,66972
66974,9192.0,30652.0,66973
66975,9192.0,30756.0,66974
66976,9192.0,30773.0,66975
66977,9192.0,30829.0,66976
66978,9192.0,30777.0,66977
66979,9192.0,30862.0,66978
66980,9192.0,31333.0,66979
66981,9192.0,31263.0,66980
66982,9192.0,31396.0,66981
66983,9192.0,31700.0,66982
66984,9192.0,32012.0,66983
66985,9192.0,31648.0,66984
66986,9192.0,30658.0,66985
66987,9192.0,30769.0,66986
66988,9192.0,30752.0,66987
66989,9192.0,30388.0,66988
66990,9192.0,29765.0,66989
66991,9192.0,28671.0,66990
66992,9192.0,28803.0,66991
66993,9192.0,29729.0,66992
66994,9192.0,29815.0,66993
66995,9192.0,29772.0,66994
66996,9192.0,29772.0,66995
66997,9192.0,30919.0,66996
66998,9192.0,32139.0,66997
66999,9192.0,31194.0,66998
67000,9192.0,31235.0,66999
67001,9192.0,31263.0,67000
67002,9192.0,32832.0,67001
67003,9192.0,32832.0,67002
67004,9192.0,32837.0,67003
67005,9192.0,32850.0,67004
67006,9192.0,31811.0,67005
67007,9192.0,32895.0,67006
67008,9192.0,32836.0,67007
67009,9192.0,32836.0,67008
67010,9192.0,32654.0,67009
67011,9192.0,32329.0,67010
67012,9192.0,31801.0,67011
67013,9192.0,31801.0,67012
67014,9192.0,31671.0,67013
67015,9192.0,32011.0,67014
67016,9192.0,32072.0,67015
67017,9192.0,32491.0,67016
67018,9192.0,32388.0,67017
67019,9192.0,32388.0,67018
67020,9192.0,32388.0,67019
67021,9192.0,31796.0,67020
67022,9192.0,31864.0,67021
67023,9192.0,32077.0,67022
67024,9192.0,31942.0,67023
67025,9192.0,32067.0,67024
67026,9192.0,32092.0,67025
67027,9192.0,32070.0,67026
67028,9192.0,32234.0,67027
67029,9192.0,32531.0,67028
67030,9192.0,32541.0,67029
67031,9192.0,32551.0,67030
67032,9192.0,32833.0,67031
67033,9192.0,32769.0,67032
67034,9192.0,32561.0,67033
67035,9192.0,32532.0,67034
67036,9192.0,32360.0,67035
67037,9192.0,32024.0,67036
67038,9192.0,31821.0,67037
67039,9192.0,31821.0,67038
67040,9192.0,31490.0,67039
67041,9192.0,31306.0,67040
67042,9192.0,30470.0,67041
67043,9192.0,30564.0,67042
67044,9192.0,30810.0,67043
67045,9192.0,30796.0,67044
67046,9192.0,30904.0,67045
67047,9192.0,30700.0,67046
67048,9192.0,30540.0,67047
67049,9192.0,30418.0,67048
67050,9192.0,30474.0,67049
67051,9192.0,30600.0,67050
67052,9192.0,29995.0,67051
67053,9192.0,29868.0,67052
67054,9192.0,29313.0,67053
67055,9192.0,29599.0,67054
67056,9192.0,29427.0,67055
67057,9192.0,29546.0,67056
67058,9192.0,28900.0,67057
67059,9192.0,29404.0,67058
67060,9192.0,29406.0,67059
67061,9192.0,29411.0,67060
67062,9192.0,29530.0,67061
67063,9192.0,29339.0,67062
67064,9192.0,27515.0,67063
67065,9192.0,28397.0,67064
67066,9192.0,28488.0,67065
67067,9192.0,28282.0,67066
67068,9192.0,28282.0,67067
67069,9192.0,27198.0,67068
67070,9192.0,27198.0,67069
67071,9192.0,27198.0,67070
67072,9192.0,26888.0,67071
67073,9192.0,26856.0,67072
67074,9192.0,26540.0,67073
67075,9192.0,27107.0,67074
67076,9192.0,27861.0,67075
67077,9192.0,29389.0,67076
67078,9192.0,29551.0,67077
67079,9192.0,29551.0,67078
67080,9192.0,29314.0,67079
67081,9192.0,29217.0,67080
67082,9192.0,29149.0,67081
67083,9192.0,29723.0,67082
67084,9192.0,29858.0,67083
67085,9192.0,29559.0,67084
67086,9192.0,29548.0,67085
67087,9192.0,29853.0,67086
67088,9192.0,29741.0,67087
67089,9192.0,29501.0,67088
67090,9192.0,29393.0,67089
67091,9192.0,29095.0,67090
67092,9192.0,28075.0,67091
67093,9192.0,27840.0,67092
67094,9192.0,28141.0,67093
67095,9192.0,28090.0,67094
67096,9192.0,28036.0,67095
67097,9192.0,28363.0,67096
67098,9192.0,29564.0,67097
67099,9192.0,29492.0,67098
67100,9192.0,27352.0,67099
67101,9192.0,26373.0,67100
67102,9192.0,26578.0,67101
67103,9192.0,26625.0,67102
67104,9192.0,28216.0,67103
67105,9192.0,28268.0,67104
67106,9192.0,28219.0,67105
67107,9192.0,28163.0,67106
67108,9192.0,28151.0,67107
67109,9192.0,27833.0,67108
67110,9192.0,27833.0,67109
67111,9192.0,27391.0,67110
67112,9192.0,27726.0,67111
67113,9192.0,27591.0,67112
67114,9192.0,26643.0,67113
67115,9192.0,27347.0,67114
67116,9192.0,27347.0,67115
67117,9192.0,27449.0,67116
67118,9192.0,27627.0,67117
67119,9192.0,27444.0,67118
67120,9192.0,27444.0,67119
67121,9192.0,27071.0,67120
67122,9192.0,26341.0,67121
67123,9192.0,25999.0,67122
67124,9192.0,26491.0,67123
67125,9192.0,26637.0,67124
67126,9192.0,26396.0,67125
67127,9192.0,26172.0,67126
67128,9192.0,25906.0,67127
67129,9192.0,26352.0,67128
67130,9192.0,26956.0,67129
67131,9192.0,26929.0,67130
67132,9192.0,27143.0,67131
67133,9192.0,26833.0,67132
67134,9192.0,27071.0,67133
67135,9192.0,27071.0,67134
67136,9192.0,26989.0,67135
67137,9192.0,27252.0,67136
67138,9192.0,26345.0,67137
67139,9192.0,26412.0,67138
67140,9192.0,26164.0,67139
67141,9192.0,26341.0,67140
67142,9192.0,27646.0,67141
67143,9192.0,27783.0,67142
67144,9192.0,28389.0,67143
67145,9192.0,26787.0,67144
67146,9192.0,27271.0,67145
67147,9192.0,26561.0,67146
67148,9192.0,26439.0,67147
67149,9192.0,27135.0,67148
67150,9192.0,26876.0,67149
67151,9192.0,27195.0,67150
67152,9192.0,26760.0,67151
67153,9192.0,26273.0,67152
67154,9192.0,26280.0,67153
67155,9192.0,26931.0,67154
67156,9192.0,27578.0,67155
67157,9192.0,27508.0,67156
67158,9192.0,27690.0,67157
67159,9192.0,27679.0,67158
67160,9192.0,28364.0,67159
67161,9192.0,28305.0,67160
67162,9192.0,28394.0,67161
67163,9192.0,28234.0,67162
67164,9192.0,28395.0,67163
67165,9192.0,28251.0,67164
67166,9192.0,27614.0,67165
67167,9192.0,27039.0,67166
67168,9192.0,27055.0,67167
67169,9192.0,27227.0,67168
67170,9192.0,27567.0,67169
67171,9192.0,27593.0,67170
67172,9192.0,27717.0,67171
67173,9192.0,27300.0,67172
67174,9192.0,27564.0,67173
67175,9192.0,28050.0,67174
67176,9192.0,28600.0,67175
67177,9192.0,28466.0,67176
67178,9192.0,28466.0,67177
67179,9192.0,28351.0,67178
67180,9192.0,28470.0,67179
67181,9192.0,28416.0,67180
67182,9192.0,27767.0,67181
67183,9192.0,27767.0,67182
67184,9192.0,27931.0,67183
67185,9192.0,28241.0,67184
67186,9192.0,28384.0,67185
67187,9192.0,28752.0,67186
67188,9192.0,29425.0,67187
67189,9192.0,30147.0,67188
67190,9192.0,30802.0,67189
67191,9192.0,30808.0,67190
67192,9192.0,31149.0,67191
67193,9192.0,31045.0,67192
67194,9192.0,31076.0,67193
67195,9192.0,31163.0,67194
67196,9192.0,30751.0,67195
67197,9192.0,30991.0,67196
67198,9192.0,31014.0,67197
67199,9192.0,30762.0,67198
67200,9192.0,30640.0,67199
67201,9192.0,30299.0,67200
67202,9192.0,30467.0,67201
67203,9192.0,30301.0,67202
67204,9192.0,29619.0,67203
67205,9192.0,29626.0,67204
67206,9192.0,29543.0,67205
67207,9192.0,29923.0,67206
67208,9192.0,29923.0,67207
67209,9192.0,29913.0,67208
67210,9192.0,29783.0,67209
67211,9192.0,29710.0,67210
67212,9192.0,30629.0,67211
67213,9192.0,30668.0,67212
67214,9192.0,30130.0,67213
67215,9192.0,30255.0,67214
67216,9192.0,30467.0,67215
67217,9192.0,29961.0,67216
67218,9192.0,29891.0,67217
67219,9192.0,29930.0,67218
67220,9192.0,30029.0,67219
67221,9192.0,30262.0,67220
67222,9192.0,29848.0,67221
67223,9192.0,29117.0,67222
67224,9192.0,28944.0,67223
67225,9192.0,28667.0,67224
67226,9192.0,29147.0,67225
67227,9192.0,28604.0,67226
67228,9192.0,28288.0,67227
67229,9192.0,28458.0,67228
67230,9192.0,27863.0,67229
67231,9192.0,27696.0,67230
67232,9192.0,28155.0,67231
67233,9192.0,28438.0,67232
67234,9192.0,28568.0,67233
67235,9192.0,28529.0,67234
67236,9192.0,29905.0,67235
67237,9192.0,30147.0,67236
67238,9192.0,30147.0,67237
67239,9192.0,29217.0,67238
67240,9192.0,28866.0,67239
67241,9192.0,28614.0,67240
67242,9192.0,28694.0,67241
67243,9192.0,28294.0,67242
67244,9192.0,28238.0,67243
67245,9192.0,28151.0,67244
67246,9192.0,28253.0,67245
67247,9192.0,29279.0,67246
67248,9192.0,29177.0,67247
67249,9192.0,29635.0,67248
67250,9192.0,31740.0,67249
67251,9192.0,32004.0,67250
67252,9192.0,31681.0,67251
67253,9192.0,30893.0,67252
67254,9192.0,30915.0,67253
67255,9192.0,31598.0,67254
67256,9192.0,31396.0,67255
67257,9192.0,31079.0,67256
67258,9192.0,31206.0,67257
67259,9192.0,30961.0,67258
67260,9192.0,30925.0,67259
67261,9192.0,30520.0,67260
67262,9192.0,30240.0,67261
67263,9192.0,30680.0,67262
67264,9192.0,30536.0,67263
67265,9192.0,30536.0,67264
67266,9192.0,31052.0,67265
67267,9192.0,31087.0,67266
67268,9192.0,31092.0,67267
67269,9192.0,30867.0,67268
67270,9192.0,31135.0,67269
67271,9192.0,31131.0,67270
67272,9192.0,30642.0,67271
67273,9192.0,31118.0,67272
67274,9192.0,31017.0,67273
67275,9192.0,31346.0,67274
67276,9192.0,31385.0,67275
67277,9192.0,31263.0,67276
67278,9192.0,31199.0,67277
67279,9192.0,31592.0,67278
67280,9192.0,31510.0,67279
67281,9192.0,31930.0,67280
67282,9192.0,32206.0,67281
67283,9192.0,32034.0,67282
67284,9192.0,31906.0,67283
67285,9192.0,31408.0,67284
67286,9192.0,30903.0,67285
67287,9192.0,30973.0,67286
67288,9192.0,31323.0,67287
67289,9192.0,31617.0,67288
67290,9192.0,31022.0,67289
67291,9192.0,31315.0,67290
67292,9192.0,31361.0,67291
67293,9192.0,31760.0,67292
67294,9192.0,31752.0,67293
67295,9192.0,31861.0,67294
67296,9192.0,30854.0,67295
67297,9192.0,30689.0,67296
67298,9192.0,31310.0,67297
67299,9192.0,31310.0,67298
67300,9192.0,30966.0,67299
67301,9192.0,30060.0,67300
67302,9192.0,29959.0,67301
67303,9192.0,29863.0,67302
67304,9192.0,29357.0,67303
67305,9192.0,28966.0,67304
67306,9192.0,28710.0,67305
67307,9192.0,28377.0,67306
67308,9192.0,28578.0,67307
67309,9192.0,28409.0,67308
67310,9192.0,28409.0,67309
67311,9192.0,28853.0,67310
67312,9192.0,28548.0,67311
67313,9192.0,28815.0,67312
67314,9192.0,28518.0,67313
67315,9192.0,28609.0,67314
67316,9192.0,28602.0,67315
67317,9192.0,28496.0,67316
67318,9192.0,28412.0,67317
67319,9192.0,28636.0,67318
67320,9192.0,28899.0,67319
67321,9192.0,28899.0,67320
67322,9192.0,29557.0,67321
67323,9192.0,29681.0,67322
67324,9192.0,29225.0,67323
67325,9192.0,29225.0,67324
67326,9192.0,29090.0,67325
67327,9192.0,29196.0,67326
67328,9192.0,29196.0,67327
67329,9192.0,28880.0,67328
67330,9192.0,28726.0,67329
67331,9192.0,28726.0,67330
67332,9192.0,29129.0,67331
67333,9192.0,29050.0,67332
67334,9192.0,28947.0,67333
67335,9192.0,28949.0,67334
67336,9192.0,28560.0,67335
67337,9192.0,28460.0,67336
67338,9192.0,28652.0,67337
67339,9192.0,28545.0,67338
67340,9192.0,28687.0,67339
67341,9192.0,28869.0,67340
67342,9192.0,28495.0,67341
67343,9192.0,28480.0,67342
67344,9192.0,28546.0,67343
67345,9192.0,29185.0,67344
67346,9192.0,29176.0,67345
67347,9192.0,30033.0,67346
67348,9192.0,29962.0,67347
67349,9192.0,29989.0,67348
67350,9192.0,30365.0,67349
67351,9192.0,30363.0,67350
67352,9192.0,30052.0,67351
67353,9192.0,30085.0,67352
67354,9192.0,30085.0,67353
67355,9192.0,29995.0,67354
67356,9192.0,28150.0,67355
67357,9192.0,28010.0,67356
67358,9192.0,27923.0,67357
67359,9192.0,27943.0,67358
67360,9192.0,27885.0,67359
67361,9192.0,27885.0,67360
67362,9192.0,27951.0,67361
67363,9192.0,28182.0,67362
67364,9192.0,28169.0,67363
67365,9192.0,28435.0,67364
67366,9192.0,28358.0,67365
67367,9192.0,28358.0,67366
67368,9192.0,28820.0,67367
67369,9192.0,28714.0,67368
67370,9192.0,28569.0,67369
67371,9192.0,28627.0,67370
67372,9192.0,28306.0,67371
67373,9192.0,28306.0,67372
67374,9192.0,28101.0,67373
67375,9192.0,28552.0,67374
67376,9192.0,28552.0,67375
67377,9192.0,28328.0,67376
67378,9192.0,28328.0,67377
67379,9192.0,28390.0,67378
67380,9192.0,27824.0,67379
67381,9192.0,28066.0,67380
67382,9192.0,28059.0,67381
67383,9192.0,28151.0,67382
67384,9192.0,28443.0,67383
67385,9192.0,28518.0,67384
67386,9192.0,28466.0,67385
67387,9192.0,28447.0,67386
67388,9192.0,28168.0,67387
67389,9192.0,28936.0,67388
67390,9192.0,28831.0,67389
67391,9192.0,29664.0,67390
67392,9192.0,30696.0,67391
67393,9192.0,30394.0,67392
67394,9192.0,30813.0,67393
67395,9192.0,30161.0,67394
67396,9192.0,30661.0,67395
67397,9192.0,29914.0,67396
67398,9192.0,29955.0,67397
67399,9192.0,30486.0,67398
67400,9192.0,30232.0,67399
67401,9192.0,30496.0,67400
67402,9192.0,30460.0,67401
67403,9192.0,30246.0,67402
67404,9192.0,30177.0,67403
67405,9192.0,30443.0,67404
67406,9192.0,29522.0,67405
67407,9192.0,29522.0,67406
67408,9192.0,29572.0,67407
67409,9192.0,29561.0,67408
67410,9192.0,29517.0,67409
67411,9192.0,29399.0,67410
67412,9192.0,29139.0,67411
67413,9192.0,29139.0,67412
67414,9192.0,29088.0,67413
67415,9192.0,28992.0,67414
67416,9192.0,29379.0,67415
67417,9192.0,29195.0,67416
67418,9192.0,30070.0,67417
67419,9192.0,29506.0,67418
67420,9192.0,29506.0,67419
67421,9192.0,29658.0,67420
67422,9192.0,28994.0,67421
67423,9192.0,29420.0,67422
67424,9192.0,29685.0,67423
67425,9192.0,30183.0,67424
67426,9192.0,30212.0,67425
67427,9192.0,30127.0,67426
67428,9192.0,30000.0,67427
67429,9192.0,30045.0,67428
67430,9192.0,29293.0,67429
67431,9192.0,29296.0,67430
67432,9192.0,29078.0,67431
67433,9192.0,29078.0,67432
67434,9192.0,29182.0,67433
67435,9192.0,29188.0,67434
67436,9192.0,29325.0,67435
67437,9192.0,29325.0,67436
67438,9192.0,29373.0,67437
67439,9192.0,29118.0,67438
67440,9192.0,28673.0,67439
67441,9192.0,28204.0,67440
67442,9192.0,28076.0,67441
67443,9192.0,27077.0,67442
67444,9192.0,26772.0,67443
67445,9192.0,27146.0,67444
67446,9192.0,27156.0,67445
67447,9192.0,27269.0,67446
67448,9192.0,27253.0,67447
67449,9192.0,27213.0,67448
67450,9192.0,27466.0,67449
67451,9192.0,27407.0,67450
67452,9192.0,27476.0,67451
67453,9192.0,27321.0,67452
67454,9192.0,27319.0,67453
67455,9192.0,27694.0,67454
67456,9192.0,27542.0,67455
67457,9192.0,27958.0,67456
67458,9192.0,27922.0,67457
67459,9192.0,27943.0,67458
67460,9192.0,28014.0,67459
67461,9192.0,27532.0,67460
67462,9192.0,27580.0,67461
67463,9192.0,27406.0,67462
67464,9192.0,27024.0,67463
67465,9192.0,27375.0,67464
67466,9192.0,27344.0,67465
67467,9192.0,27344.0,67466
67468,9192.0,27344.0,67467
67469,9192.0,27448.0,67468
67470,9192.0,26365.0,67469
67471,9192.0,26368.0,67470
67472,9192.0,25484.0,67471
67473,9192.0,25335.0,67472
67474,9192.0,26540.0,67473
67475,9192.0,26102.0,67474
67476,9192.0,25600.0,67475
67477,9192.0,26838.0,67476
67478,9192.0,27130.0,67477
67479,9192.0,27129.0,67478
67480,9192.0,27504.0,67479
67481,9192.0,27460.0,67480
67482,9192.0,27545.0,67481
67483,9192.0,27875.0,67482
67484,9192.0,27875.0,67483
67485,9192.0,27274.0,67484
67486,9192.0,27529.0,67485
67487,9192.0,27544.0,67486
67488,9192.0,27556.0,67487
67489,9192.0,27439.0,67488
67490,9192.0,26416.0,67489
67491,9192.0,26705.0,67490
67492,9192.0,26843.0,67491
67493,9192.0,27003.0,67492
67494,9192.0,26807.0,67493
67495,9192.0,26772.0,67494
67496,9192.0,26457.0,67495
67497,9192.0,26815.0,67496
67498,9192.0,26942.0,67497
67499,9192.0,26555.0,67498
67500,9192.0,26600.0,67499
67501,9192.0,27419.0,67500
67502,9192.0,27383.0,67501
67503,9192.0,27307.0,67502
67504,9192.0,27281.0,67503
67505,9192.0,27237.0,67504
67506,9192.0,26218.0,67505
67507,9192.0,26454.0,67506
67508,9192.0,26454.0,67507
67509,9192.0,26815.0,67508
67510,9192.0,28213.0,67509
67511,9192.0,28475.0,67510
67512,9192.0,28773.0,67511
67513,9192.0,28562.0,67512
67514,9192.0,28214.0,67513
67515,9192.0,28214.0,67514
67516,9192.0,28225.0,67515
67517,9192.0,28587.0,67516
67518,9192.0,28584.0,67517
67519,9192.0,28754.0,67518
67520,9192.0,28758.0,67519
67521,9192.0,29649.0,67520
67522,9192.0,29357.0,67521
67523,9192.0,29206.0,67522
67524,9192.0,28469.0,67523
67525,9192.0,29387.0,67524
67526,9192.0,29580.0,67525
67527,9192.0,29593.0,67526
67528,9192.0,29664.0,67527
67529,9192.0,29664.0,67528
67530,9192.0,29920.0,67529
67531,9192.0,29972.0,67530
67532,9192.0,30068.0,67531
67533,9192.0,29803.0,67532
67534,9192.0,29873.0,67533
67535,9192.0,29923.0,67534
67536,9192.0,29892.0,67535
67537,9192.0,29992.0,67536
67538,9192.0,29952.0,67537
67539,9192.0,29952.0,67538
67540,9192.0,27913.0,67539
67541,9192.0,27970.0,67540
67542,9192.0,27420.0,67541
67543,9192.0,26925.0,67542
67544,9192.0,27479.0,67543
67545,9192.0,28367.0,67544
67546,9192.0,28237.0,67545
67547,9192.0,28406.0,67546
67548,9192.0,28357.0,67547
67549,9192.0,28697.0,67548
67550,9192.0,28492.0,67549
67551,9192.0,28682.0,67550
67552,9192.0,28579.0,67551
67553,9192.0,29013.0,67552
67554,9192.0,28071.0,67553
67555,9192.0,27443.0,67554
67556,9192.0,27405.0,67555
67557,9192.0,27247.0,67556
67558,9192.0,27199.0,67557
67559,9192.0,27166.0,67558
67560,9192.0,27887.0,67559
67561,9192.0,27887.0,67560
67562,9192.0,27826.0,67561
67563,9192.0,28625.0,67562
67564,9192.0,28706.0,67563
67565,9192.0,27140.0,67564
67566,9192.0,27447.0,67565
67567,9192.0,27222.0,67566
67568,9192.0,26206.0,67567
67569,9192.0,27199.0,67568
67570,9192.0,27233.0,67569
67571,9192.0,26466.0,67570
67572,9192.0,26488.0,67571
67573,9192.0,26240.0,67572
67574,9192.0,26214.0,67573
67575,9192.0,25166.0,67574
67576,9192.0,24936.0,67575
67577,9192.0,25264.0,67576
67578,9192.0,25100.0,67577
67579,9192.0,25681.0,67578
67580,9192.0,25772.0,67579
67581,9192.0,25772.0,67580
67582,9192.0,24875.0,67581
67583,9192.0,23986.0,67582
67584,9192.0,23877.0,67583
67585,9192.0,24719.0,67584
67586,9192.0,25119.0,67585
67587,9192.0,24973.0,67586
67588,9192.0,23922.0,67587
67589,9192.0,23959.0,67588
67590,9192.0,23870.0,67589
67591,9192.0,23998.0,67590
67592,9192.0,24081.0,67591
67593,9192.0,24271.0,67592
67594,9192.0,24002.0,67593
67595,9192.0,23322.0,67594
67596,9192.0,23467.0,67595
67597,9192.0,24041.0,67596
67598,9192.0,23797.0,67597
67599,9192.0,23964.0,67598
67600,9192.0,24392.0,67599
67601,9192.0,24320.0,67600
67602,9192.0,24323.0,67601
67603,9192.0,23940.0,67602
67604,9192.0,24711.0,67603
67605,9192.0,25837.0,67604
67606,9192.0,25977.0,67605
67607,9192.0,26229.0,67606
67608,9192.0,26309.0,67607
67609,9192.0,26338.0,67608
67610,9192.0,26638.0,67609
67611,9192.0,26671.0,67610
67612,9192.0,26681.0,67611
67613,9192.0,27514.0,67612
67614,9192.0,27519.0,67613
67615,9192.0,28990.0,67614
67616,9192.0,29790.0,67615
67617,9192.0,29935.0,67616
67618,9192.0,29557.0,67617
67619,9192.0,29630.0,67618
67620,9192.0,29866.0,67619
67621,9192.0,29871.0,67620
67622,9192.0,29712.0,67621
67623,9192.0,29594.0,67622
67624,9192.0,28794.0,67623
67625,9192.0,29155.0,67624
67626,9192.0,29106.0,67625
67627,9192.0,29691.0,67626
67628,9192.0,29691.0,67627
67629,9192.0,29496.0,67628
67630,9192.0,29659.0,67629
67631,9192.0,29726.0,67630
67632,9192.0,28503.0,67631
67633,9192.0,28513.0,67632
67634,9192.0,28726.0,67633
67635,9192.0,29190.0,67634
67636,9192.0,29222.0,67635
67637,9192.0,29932.0,67636
67638,9192.0,29901.0,67637
67639,9192.0,29894.0,67638
67640,9192.0,30106.0,67639
67641,9192.0,30141.0,67640
67642,9192.0,29595.0,67641
67643,9192.0,30528.0,67642
67644,9192.0,30496.0,67643
67645,9192.0,29603.0,67644
67646,9192.0,29583.0,67645
67647,9192.0,29583.0,67646
67648,9192.0,29858.0,67647
67649,9192.0,29751.0,67648
67650,9192.0,29419.0,67649
67651,9192.0,29123.0,67650
67652,9192.0,28976.0,67651
67653,9192.0,28868.0,67652
67654,9192.0,28850.0,67653
67655,9192.0,29319.0,67654
67656,9192.0,27737.0,67655
67657,9192.0,28243.0,67656
67658,9192.0,28129.0,67657
67659,9192.0,28129.0,67658
67660,9192.0,28219.0,67659
67661,9192.0,27706.0,67660
67662,9192.0,27734.0,67661
67663,9192.0,28641.0,67662
67664,9192.0,28953.0,67663
67665,9192.0,29031.0,67664
67666,9192.0,29031.0,67665
67667,9192.0,28568.0,67666
67668,9192.0,28922.0,67667
67669,9192.0,28926.0,67668
67670,9192.0,28787.0,67669
67671,9192.0,29355.0,67670
67672,9192.0,29360.0,67671
67673,9192.0,29559.0,67672
67674,9192.0,30090.0,67673
67675,9192.0,30398.0,67674
67676,9192.0,29839.0,67675
67677,9192.0,29174.0,67676
67678,9192.0,29174.0,67677
67679,9192.0,29199.0,67678
67680,9192.0,28935.0,67679
67681,9192.0,29105.0,67680
67682,9192.0,28820.0,67681
67683,9192.0,28835.0,67682
67684,9192.0,29039.0,67683
67685,9192.0,28746.0,67684
67686,9192.0,28878.0,67685
67687,9192.0,29093.0,67686
67688,9192.0,29140.0,67687
67689,9192.0,29140.0,67688
67690,9192.0,30751.0,67689
67691,9192.0,30783.0,67690
67692,9192.0,30691.0,67691
67693,9192.0,30701.0,67692
67694,9192.0,30648.0,67693
67695,9192.0,30686.0,67694
67696,9192.0,30587.0,67695
67697,9192.0,30326.0,67696
67698,9192.0,30338.0,67697
67699,9192.0,29972.0,67698
67700,9192.0,30152.0,67699
67701,9192.0,30430.0,67700
67702,9192.0,32101.0,67701
67703,9192.0,32276.0,67702
67704,9192.0,32309.0,67703
67705,9192.0,32713.0,67704
67706,9192.0,32553.0,67705
67707,9192.0,32771.0,67706
67708,9192.0,32786.0,67707
67709,9192.0,32654.0,67708
67710,9192.0,31519.0,67709
67711,9192.0,31061.0,67710
67712,9192.0,31099.0,67711
67713,9192.0,31178.0,67712
67714,9192.0,31322.0,67713
67715,9192.0,31100.0,67714
67716,9192.0,30752.0,67715
67717,9192.0,30752.0,67716
67718,9192.0,30728.0,67717
67719,9192.0,31153.0,67718
67720,9192.0,31996.0,67719
67721,9192.0,32315.0,67720
67722,9192.0,32319.0,67721
67723,9192.0,32449.0,67722
67724,9192.0,32595.0,67723
67725,9192.0,32595.0,67724
67726,9192.0,32927.0,67725
67727,9192.0,32458.0,67726
67728,9192.0,33481.0,67727
67729,9192.0,32205.0,67728
67730,9192.0,32207.0,67729
67731,9192.0,32095.0,67730
67732,9192.0,31646.0,67731
67733,9192.0,31452.0,67732
67734,9192.0,31511.0,67733
67735,9192.0,31290.0,67734
67736,9192.0,31211.0,67735
67737,9192.0,31334.0,67736
67738,9192.0,29918.0,67737
67739,9192.0,29702.0,67738
67740,9192.0,30091.0,67739
67741,9192.0,29220.0,67740
67742,9192.0,29393.0,67741
67743,9192.0,29410.0,67742
67744,9192.0,29853.0,67743
67745,9192.0,29800.0,67744
67746,9192.0,29800.0,67745
67747,9192.0,29862.0,67746
67748,9192.0,29566.0,67747
67749,9192.0,29466.0,67748
67750,9192.0,29368.0,67749
67751,9192.0,29309.0,67750
67752,9192.0,29401.0,67751
67753,9192.0,29858.0,67752
67754,9192.0,29875.0,67753
67755,9192.0,29988.0,67754
67756,9192.0,30115.0,67755
67757,9192.0,30459.0,67756
67758,9192.0,31225.0,67757
67759,9192.0,30872.0,67758
67760,9192.0,31933.0,67759
67761,9192.0,31295.0,67760
67762,9192.0,31295.0,67761
67763,9192.0,30840.0,67762
67764,9192.0,30934.0,67763
67765,9192.0,30936.0,67764
67766,9192.0,31811.0,67765
67767,9192.0,32054.0,67766
67768,9192.0,32019.0,67767
67769,9192.0,31975.0,67768
67770,9192.0,32444.0,67769
67771,9192.0,32064.0,67770
67772,9192.0,32139.0,67771
67773,9192.0,32154.0,67772
67774,9192.0,32154.0,67773
67775,9192.0,32154.0,67774
67776,9192.0,31971.0,67775
67777,9192.0,31916.0,67776
67778,9192.0,31429.0,67777
67779,9192.0,31713.0,67778
67780,9192.0,31286.0,67779
67781,9192.0,31055.0,67780
67782,9192.0,30935.0,67781
67783,9192.0,30909.0,67782
67784,9192.0,30398.0,67783
67785,9192.0,29751.0,67784
67786,9192.0,29695.0,67785
67787,9192.0,30501.0,67786
67788,9192.0,30816.0,67787
67789,9192.0,30857.0,67788
67790,9192.0,30937.0,67789
67791,9192.0,31074.0,67790
67792,9192.0,30913.0,67791
67793,9192.0,30901.0,67792
67794,9192.0,30806.0,67793
67795,9192.0,30919.0,67794
67796,9192.0,30924.0,67795
67797,9192.0,31444.0,67796
67798,9192.0,31382.0,67797
67799,9192.0,29018.0,67798
67800,9192.0,27664.0,67799
67801,9192.0,28005.0,67800
67802,9192.0,28069.0,67801
67803,9192.0,27734.0,67802
67804,9192.0,27386.0,67803
67805,9192.0,27484.0,67804
67806,9192.0,27934.0,67805
67807,9192.0,29326.0,67806
67808,9192.0,29567.0,67807
67809,9192.0,29597.0,67808
67810,9192.0,29569.0,67809
67811,9192.0,29471.0,67810
67812,9192.0,28616.0,67811
67813,9192.0,28623.0,67812
67814,9192.0,28623.0,67813
67815,9192.0,28580.0,67814
67816,9192.0,28580.0,67815
67817,9192.0,28731.0,67816
67818,9192.0,28731.0,67817
67819,9192.0,28410.0,67818
67820,9192.0,28485.0,67819
67821,9192.0,29164.0,67820
67822,9192.0,29164.0,67821
67823,9192.0,28951.0,67822
67824,9192.0,28953.0,67823
67825,9192.0,28692.0,67824
67826,9192.0,28692.0,67825
67827,9192.0,28212.0,67826
67828,9192.0,28379.0,67827
67829,9192.0,29346.0,67828
67830,9192.0,29441.0,67829
67831,9192.0,29437.0,67830
67832,9192.0,29481.0,67831
67833,9192.0,29481.0,67832
67834,9192.0,29549.0,67833
67835,9192.0,29965.0,67834
67836,9192.0,30738.0,67835
67837,9192.0,29804.0,67836
67838,9192.0,29487.0,67837
67839,9192.0,28949.0,67838
67840,9192.0,28501.0,67839
67841,9192.0,28457.0,67840
67842,9192.0,28397.0,67841
67843,9192.0,28191.0,67842
67844,9192.0,27159.0,67843
67845,9192.0,26978.0,67844
67846,9192.0,27076.0,67845
67847,9192.0,27076.0,67846
67848,9192.0,27023.0,67847
67849,9192.0,25939.0,67848
67850,9192.0,25909.0,67849
67851,9192.0,24463.0,67850
67852,9192.0,24659.0,67851
67853,9192.0,24594.0,67852
67854,9192.0,26499.0,67853
67855,9192.0,25852.0,67854
67856,9192.0,25987.0,67855
67857,9192.0,25895.0,67856
67858,9192.0,26726.0,67857
67859,9192.0,27248.0,67858
67860,9192.0,26761.0,67859
67861,9192.0,26898.0,67860
67862,9192.0,26898.0,67861
67863,9192.0,26698.0,67862
67864,9192.0,26451.0,67863
67865,9192.0,27335.0,67864
67866,9192.0,27397.0,67865
67867,9192.0,27831.0,67866
67868,9192.0,28161.0,67867
67869,9192.0,27796.0,67868
67870,9192.0,27819.0,67869
67871,9192.0,27568.0,67870
67872,9192.0,27568.0,67871
67873,9192.0,28332.0,67872
67874,9192.0,27273.0,67873
67875,9192.0,28150.0,67874
67876,9192.0,27241.0,67875
67877,9192.0,27231.0,67876
67878,9192.0,27626.0,67877
67879,9192.0,27999.0,67878
67880,9192.0,28079.0,67879
67881,9192.0,28527.0,67880
67882,9192.0,28401.0,67881
67883,9192.0,27872.0,67882
67884,9192.0,27872.0,67883
67885,9192.0,27325.0,67884
67886,9192.0,26875.0,67885
67887,9192.0,26477.0,67886
67888,9192.0,26800.0,67887
67889,9192.0,26800.0,67888
67890,9192.0,27380.0,67889
67891,9192.0,28229.0,67890
67892,9192.0,28265.0,67891
67893,9192.0,28557.0,67892
67894,9192.0,27959.0,67893
67895,9192.0,27394.0,67894
67896,9192.0,28025.0,67895
67897,9192.0,28051.0,67896
67898,9192.0,28254.0,67897
67899,9192.0,27701.0,67898
67900,9192.0,27699.0,67899
67901,9192.0,27851.0,67900
67902,9192.0,27851.0,67901
67903,9192.0,27859.0,67902
67904,9192.0,27743.0,67903
67905,9192.0,27728.0,67904
67906,9192.0,27573.0,67905
67907,9192.0,27686.0,67906
67908,9192.0,27686.0,67907
67909,9192.0,27883.0,67908
67910,9192.0,27634.0,67909
67911,9192.0,27392.0,67910
67912,9192.0,25523.0,67911
67913,9192.0,25480.0,67912
67914,9192.0,25488.0,67913
67915,9192.0,25794.0,67914
67916,9192.0,26322.0,67915
67917,9192.0,26366.0,67916
67918,9192.0,26249.0,67917
67919,9192.0,26381.0,67918
67920,9192.0,25876.0,67919
67921,9192.0,25683.0,67920
67922,9192.0,25963.0,67921
67923,9192.0,26377.0,67922
67924,9192.0,26052.0,67923
67925,9192.0,26195.0,67924
67926,9192.0,26473.0,67925
67927,9192.0,26473.0,67926
67928,9192.0,25350.0,67927
67929,9192.0,25352.0,67928
67930,9192.0,26060.0,67929
67931,9192.0,26209.0,67930
67932,9192.0,26681.0,67931
67933,9192.0,26374.0,67932
67934,9192.0,26364.0,67933
67935,9192.0,26373.0,67934
67936,9192.0,26363.0,67935
67937,9192.0,26721.0,67936
67938,9192.0,27533.0,67937
67939,9192.0,27575.0,67938
67940,9192.0,27706.0,67939
67941,9192.0,27766.0,67940
67942,9192.0,27492.0,67941
67943,9192.0,28298.0,67942
67944,9192.0,28948.0,67943
67945,9192.0,28394.0,67944
67946,9192.0,26722.0,67945
67947,9192.0,26508.0,67946
67948,9192.0,26323.0,67947
67949,9192.0,26686.0,67948
67950,9192.0,26673.0,67949
67951,9192.0,26586.0,67950
67952,9192.0,26543.0,67951
67953,9192.0,27439.0,67952
67954,9192.0,27778.0,67953
67955,9192.0,27541.0,67954
67956,9192.0,27990.0,67955
67957,9192.0,28154.0,67956
67958,9192.0,27995.0,67957
67959,9192.0,27995.0,67958
67960,9192.0,27995.0,67959
67961,9192.0,28004.0,67960
67962,9192.0,28003.0,67961
67963,9192.0,28087.0,67962
67964,9192.0,28064.0,67963
67965,9192.0,27637.0,67964
67966,9192.0,27364.0,67965
67967,9192.0,27516.0,67966
67968,9192.0,27702.0,67967
67969,9192.0,27916.0,67968
67970,9192.0,27815.0,67969
67971,9192.0,27651.0,67970
67972,9192.0,26468.0,67971
67973,9192.0,26092.0,67972
67974,9192.0,25813.0,67973
67975,9192.0,26639.0,67974
67976,9192.0,27137.0,67975
67977,9192.0,27503.0,67976
67978,9192.0,27108.0,67977
67979,9192.0,27108.0,67978
67980,9192.0,27115.0,67979
67981,9192.0,26893.0,67980
67982,9192.0,27259.0,67981
67983,9192.0,27685.0,67982
67984,9192.0,27541.0,67983
67985,9192.0,27406.0,67984
67986,9192.0,27109.0,67985
67987,9192.0,27528.0,67986
67988,9192.0,27561.0,67987
67989,9192.0,27514.0,67988
67990,9192.0,27152.0,67989
67991,9192.0,26462.0,67990
67992,9192.0,26213.0,67991
67993,9192.0,26418.0,67992
67994,9192.0,27514.0,67993
67995,9192.0,27887.0,67994
67996,9192.0,28110.0,67995
67997,9192.0,27982.0,67996
67998,9192.0,27982.0,67997
67999,9192.0,27988.0,67998
68000,9192.0,29405.0,67999
68001,9192.0,29618.0,68000
68002,9192.0,30951.0,68001
68003,9192.0,30964.0,68002
68004,9192.0,30451.0,68003
68005,9192.0,30442.0,68004
68006,9192.0,30313.0,68005
68007,9192.0,30313.0,68006
68008,9192.0,29858.0,68007
68009,9192.0,29443.0,68008
68010,9192.0,29283.0,68009
68011,9192.0,29199.0,68010
68012,9192.0,29220.0,68011
68013,9192.0,29762.0,68012
68014,9192.0,30770.0,68013
68015,9192.0,31145.0,68014
68016,9192.0,31116.0,68015
68017,9192.0,30980.0,68016
68018,9192.0,31202.0,68017
68019,9192.0,31708.0,68018
68020,9192.0,31771.0,68019
68021,9192.0,31955.0,68020
68022,9192.0,31801.0,68021
68023,9192.0,32425.0,68022
68024,9192.0,32536.0,68023
68025,9192.0,33352.0,68024
68026,9192.0,33467.0,68025
68027,9192.0,33497.0,68026
68028,9192.0,33172.0,68027
68029,9192.0,33312.0,68028
68030,9192.0,33220.0,68029
68031,9192.0,33285.0,68030
68032,9192.0,32615.0,68031
68033,9192.0,32885.0,68032
68034,9192.0,33084.0,68033
68035,9192.0,33113.0,68034
68036,9192.0,33113.0,68035
68037,9192.0,33300.0,68036
68038,9192.0,31620.0,68037
68039,9192.0,31620.0,68038
68040,9192.0,31417.0,68039
68041,9192.0,30910.0,68040
68042,9192.0,30963.0,68041
68043,9192.0,30964.0,68042
68044,9192.0,30857.0,68043
68045,9192.0,30503.0,68044
68046,9192.0,30037.0,68045
68047,9192.0,28850.0,68046
68048,9192.0,28850.0,68047
68049,9192.0,28207.0,68048
68050,9192.0,27387.0,68049
68051,9192.0,27590.0,68050
68052,9192.0,27800.0,68051
68053,9192.0,28384.0,68052
68054,9192.0,26996.0,68053
68055,9192.0,26945.0,68054
68056,9192.0,26729.0,68055
68057,9192.0,27103.0,68056
68058,9192.0,27020.0,68057
68059,9192.0,26940.0,68058
68060,9192.0,27317.0,68059
68061,9192.0,28207.0,68060
68062,9192.0,27620.0,68061
68063,9192.0,27732.0,68062
68064,9192.0,27181.0,68063
68065,9192.0,28225.0,68064
68066,9192.0,28386.0,68065
68067,9192.0,29088.0,68066
68068,9192.0,29163.0,68067
68069,9192.0,29771.0,68068
68070,9192.0,29114.0,68069
68071,9192.0,28873.0,68070
68072,9192.0,28878.0,68071
68073,9192.0,29000.0,68072
68074,9192.0,29691.0,68073
68075,9192.0,30059.0,68074
68076,9192.0,29319.0,68075
68077,9192.0,29191.0,68076
68078,9192.0,30944.0,68077
68079,9192.0,30911.0,68078
68080,9192.0,30774.0,68079
68081,9192.0,30774.0,68080
68082,9192.0,29639.0,68081
68083,9192.0,29526.0,68082
68084,9192.0,29498.0,68083
68085,9192.0,29756.0,68084
68086,9192.0,30372.0,68085
68087,9192.0,30738.0,68086
68088,9192.0,30830.0,68087
68089,9192.0,30816.0,68088
68090,9192.0,30241.0,68089
68091,9192.0,30600.0,68090
68092,9192.0,30546.0,68091
68093,9192.0,30846.0,68092
68094,9192.0,30874.0,68093
68095,9192.0,30275.0,68094
68096,9192.0,30190.0,68095
68097,9192.0,30107.0,68096
68098,9192.0,30076.0,68097
68099,9192.0,30356.0,68098
68100,9192.0,30352.0,68099
68101,9192.0,29496.0,68100
68102,9192.0,29643.0,68101
68103,9192.0,29504.0,68102
68104,9192.0,29427.0,68103
68105,9192.0,30129.0,68104
68106,9192.0,30241.0,68105
68107,9192.0,29777.0,68106
68108,9192.0,29746.0,68107
68109,9192.0,29854.0,68108
68110,9192.0,30385.0,68109
68111,9192.0,29909.0,68110
68112,9192.0,29857.0,68111
68113,9192.0,30178.0,68112
68114,9192.0,30542.0,68113
68115,9192.0,30501.0,68114
68116,9192.0,30072.0,68115
68117,9192.0,30072.0,68116
68118,9192.0,30350.0,68117
68119,9192.0,30484.0,68118
68120,9192.0,29739.0,68119
68121,9192.0,29647.0,68120
68122,9192.0,29313.0,68121
68123,9192.0,29734.0,68122
68124,9192.0,30417.0,68123
68125,9192.0,30220.0,68124
68126,9192.0,30647.0,68125
68127,9192.0,31026.0,68126
68128,9192.0,29974.0,68127
68129,9192.0,30500.0,68128
68130,9192.0,30679.0,68129
68131,9192.0,30431.0,68130
68132,9192.0,30411.0,68131
68133,9192.0,31184.0,68132
68134,9192.0,31231.0,68133
68135,9192.0,30830.0,68134
68136,9192.0,30553.0,68135
68137,9192.0,30383.0,68136
68138,9192.0,30508.0,68137
68139,9192.0,30479.0,68138
68140,9192.0,30563.0,68139
68141,9192.0,31182.0,68140
68142,9192.0,31277.0,68141
68143,9192.0,30508.0,68142
68144,9192.0,31143.0,68143
68145,9192.0,31193.0,68144
68146,9192.0,31193.0,68145
68147,9192.0,30651.0,68146
68148,9192.0,31944.0,68147
68149,9192.0,32108.0,68148
68150,9192.0,32527.0,68149
68151,9192.0,32194.0,68150
68152,9192.0,32191.0,68151
68153,9192.0,31834.0,68152
68154,9192.0,32129.0,68153
68155,9192.0,31505.0,68154
68156,9192.0,31589.0,68155
68157,9192.0,31659.0,68156
68158,9192.0,31348.0,68157
68159,9192.0,30812.0,68158
68160,9192.0,29739.0,68159
68161,9192.0,29147.0,68160
68162,9192.0,28974.0,68161
68163,9192.0,29263.0,68162
68164,9192.0,29300.0,68163
68165,9192.0,29683.0,68164
68166,9192.0,29706.0,68165
68167,9192.0,29549.0,68166
68168,9192.0,29785.0,68167
68169,9192.0,29785.0,68168
68170,9192.0,29921.0,68169
68171,9192.0,31092.0,68170
68172,9192.0,30884.0,68171
68173,9192.0,30884.0,68172
68174,9192.0,30686.0,68173
68175,9192.0,30687.0,68174
68176,9192.0,30686.0,68175
68177,9192.0,30399.0,68176
68178,9192.0,31493.0,68177
68179,9192.0,31995.0,68178
68180,9192.0,31870.0,68179
68181,9192.0,31990.0,68180
68182,9192.0,31413.0,68181
68183,9192.0,31413.0,68182
68184,9192.0,31161.0,68183
68185,9192.0,30327.0,68184
68186,9192.0,30530.0,68185
68187,9192.0,31140.0,68186
68188,9192.0,31195.0,68187
68189,9192.0,31265.0,68188
68190,9192.0,31138.0,68189
68191,9192.0,31142.0,68190
68192,9192.0,31198.0,68191
68193,9192.0,31500.0,68192
68194,9192.0,31965.0,68193
68195,9192.0,32041.0,68194
68196,9192.0,31786.0,68195
68197,9192.0,30919.0,68196
68198,9192.0,31458.0,68197
68199,9192.0,31622.0,68198
68200,9192.0,30387.0,68199
68201,9192.0,30442.0,68200
68202,9192.0,30442.0,68201
68203,9192.0,30592.0,68202
68204,9192.0,30601.0,68203
68205,9192.0,30601.0,68204
68206,9192.0,29919.0,68205
68207,9192.0,29919.0,68206
68208,9192.0,29640.0,68207
68209,9192.0,30465.0,68208
68210,9192.0,30807.0,68209
68211,9192.0,30416.0,68210
68212,9192.0,29882.0,68211
68213,9192.0,30089.0,68212
68214,9192.0,30172.0,68213
68215,9192.0,30197.0,68214
68216,9192.0,29880.0,68215
68217,9192.0,29200.0,68216
68218,9192.0,28912.0,68217
68219,9192.0,29205.0,68218
68220,9192.0,29207.0,68219
68221,9192.0,29309.0,68220
68222,9192.0,29155.0,68221
68223,9192.0,29155.0,68222
68224,9192.0,29413.0,68223
68225,9192.0,29296.0,68224
68226,9192.0,29431.0,68225
68227,9192.0,30278.0,68226
68228,9192.0,29760.0,68227
68229,9192.0,29943.0,68228
68230,9192.0,29956.0,68229
68231,9192.0,29983.0,68230
68232,9192.0,30321.0,68231
68233,9192.0,30123.0,68232
68234,9192.0,30280.0,68233
68235,9192.0,31035.0,68234
68236,9192.0,31411.0,68235
68237,9192.0,31411.0,68236
68238,9192.0,31145.0,68237
68239,9192.0,29779.0,68238
68240,9192.0,30619.0,68239
68241,9192.0,30389.0,68240
68242,9192.0,30292.0,68241
68243,9192.0,30181.0,68242
68244,9192.0,29546.0,68243
68245,9192.0,29397.0,68244
68246,9192.0,30575.0,68245
68247,9192.0,30330.0,68246
68248,9192.0,30663.0,68247
68249,9192.0,29528.0,68248
68250,9192.0,29881.0,68249
68251,9192.0,29585.0,68250
68252,9192.0,29869.0,68251
68253,9192.0,29869.0,68252
68254,9192.0,29321.0,68253
68255,9192.0,29723.0,68254
68256,9192.0,29700.0,68255
68257,9192.0,29564.0,68256
68258,9192.0,30232.0,68257
68259,9192.0,30232.0,68258
68260,9192.0,28014.0,68259
68261,9192.0,28432.0,68260
68262,9192.0,28921.0,68261
68263,9192.0,29051.0,68262
68264,9192.0,28456.0,68263
68265,9192.0,27599.0,68264
68266,9192.0,27697.0,68265
68267,9192.0,27697.0,68266
68268,9192.0,27638.0,68267
68269,9192.0,27882.0,68268
68270,9192.0,27878.0,68269
68271,9192.0,28537.0,68270
68272,9192.0,29714.0,68271
68273,9192.0,29743.0,68272
68274,9192.0,29653.0,68273
68275,9192.0,28321.0,68274
68276,9192.0,28393.0,68275
68277,9192.0,28244.0,68276
68278,9192.0,28251.0,68277
68279,9192.0,28778.0,68278
68280,9192.0,28906.0,68279
68281,9192.0,28484.0,68280
68282,9192.0,28827.0,68281
68283,9192.0,28795.0,68282
68284,9192.0,28985.0,68283
68285,9192.0,28917.0,68284
68286,9192.0,29117.0,68285
68287,9192.0,29117.0,68286
68288,9192.0,27987.0,68287
68289,9192.0,28962.0,68288
68290,9192.0,29013.0,68289
68291,9192.0,27660.0,68290
68292,9192.0,28383.0,68291
68293,9192.0,28759.0,68292
68294,9192.0,29024.0,68293
68295,9192.0,29024.0,68294
68296,9192.0,29194.0,68295
68297,9192.0,29822.0,68296
68298,9192.0,29600.0,68297
68299,9192.0,29961.0,68298
68300,9192.0,29926.0,68299
68301,9192.0,29756.0,68300
68302,9192.0,29573.0,68301
68303,9192.0,29677.0,68302
68304,9192.0,29889.0,68303
68305,9192.0,29855.0,68304
68306,9192.0,29393.0,68305
68307,9192.0,29404.0,68306
68308,9192.0,29438.0,68307
68309,9192.0,30095.0,68308
68310,9192.0,30114.0,68309
68311,9192.0,30133.0,68310
68312,9192.0,30138.0,68311
68313,9192.0,30261.0,68312
68314,9192.0,29825.0,68313
68315,9192.0,30085.0,68314
68316,9192.0,30120.0,68315
68317,9192.0,30735.0,68316
68318,9192.0,30735.0,68317
68319,9192.0,30604.0,68318
68320,9192.0,30004.0,68319
68321,9192.0,30355.0,68320
68322,9192.0,30686.0,68321
68323,9192.0,30420.0,68322
68324,9192.0,30557.0,68323
68325,9192.0,30571.0,68324
68326,9192.0,30262.0,68325
68327,9192.0,30262.0,68326
68328,9192.0,32425.0,68327
68329,9192.0,32886.0,68328
68330,9192.0,31855.0,68329
68331,9192.0,31110.0,68330
68332,9192.0,31021.0,68331
68333,9192.0,30055.0,68332
68334,9192.0,30546.0,68333
68335,9192.0,31566.0,68334
68336,9192.0,31291.0,68335
68337,9192.0,31291.0,68336
68338,9192.0,30998.0,68337
68339,9192.0,30616.0,68338
68340,9192.0,30279.0,68339
68341,9192.0,31156.0,68340
68342,9192.0,31368.0,68341
68343,9192.0,30870.0,68342
68344,9192.0,30962.0,68343
68345,9192.0,29087.0,68344
68346,9192.0,29095.0,68345
68347,9192.0,29134.0,68346
68348,9192.0,29077.0,68347
68349,9192.0,29102.0,68348
68350,9192.0,28901.0,68349
68351,9192.0,28986.0,68350
68352,9192.0,29027.0,68351
68353,9192.0,29894.0,68352
68354,9192.0,29894.0,68353
68355,9192.0,29206.0,68354
68356,9192.0,29048.0,68355
68357,9192.0,29181.0,68356
68358,9192.0,28280.0,68357
68359,9192.0,28692.0,68358
68360,9192.0,27629.0,68359
68361,9192.0,27660.0,68360
68362,9192.0,28315.0,68361
68363,9192.0,28616.0,68362
68364,9192.0,28606.0,68363
68365,9192.0,28116.0,68364
68366,9192.0,28017.0,68365
68367,9192.0,28082.0,68366
68368,9192.0,27840.0,68367
68369,9192.0,27669.0,68368
68370,9192.0,27495.0,68369
68371,9192.0,27524.0,68370
68372,9192.0,27524.0,68371
68373,9192.0,27524.0,68372
68374,9192.0,27429.0,68373
68375,9192.0,27519.0,68374
68376,9192.0,27331.0,68375
68377,9192.0,27099.0,68376
68378,9192.0,27206.0,68377
68379,9192.0,26864.0,68378
68380,9192.0,26921.0,68379
68381,9192.0,26921.0,68380
68382,9192.0,26804.0,68381
68383,9192.0,27042.0,68382
68384,9192.0,27691.0,68383
68385,9192.0,27681.0,68384
68386,9192.0,27805.0,68385
68387,9192.0,27454.0,68386
68388,9192.0,28429.0,68387
68389,9192.0,28486.0,68388
68390,9192.0,28493.0,68389
68391,9192.0,28963.0,68390
68392,9192.0,29473.0,68391
68393,9192.0,28975.0,68392
68394,9192.0,28035.0,68393
68395,9192.0,27804.0,68394
68396,9192.0,27804.0,68395
68397,9192.0,27841.0,68396
68398,9192.0,28017.0,68397
68399,9192.0,28017.0,68398
68400,9192.0,28246.0,68399
68401,9192.0,28928.0,68400
68402,9192.0,29583.0,68401
68403,9192.0,29349.0,68402
68404,9192.0,29593.0,68403
68405,9192.0,29748.0,68404
68406,9192.0,29509.0,68405
68407,9192.0,29524.0,68406
68408,9192.0,29083.0,68407
68409,9192.0,29189.0,68408
68410,9192.0,28940.0,68409
68411,9192.0,26993.0,68410
68412,9192.0,26870.0,68411
68413,9192.0,26113.0,68412
68414,9192.0,25484.0,68413
68415,9192.0,24970.0,68414
68416,9192.0,25515.0,68415
68417,9192.0,25499.0,68416
68418,9192.0,26741.0,68417
68419,9192.0,27370.0,68418
68420,9192.0,27868.0,68419
68421,9192.0,27704.0,68420
68422,9192.0,27843.0,68421
68423,9192.0,27344.0,68422
68424,9192.0,27343.0,68423
68425,9192.0,28631.0,68424
68426,9192.0,28857.0,68425
68427,9192.0,28687.0,68426
68428,9192.0,28769.0,68427
68429,9192.0,28928.0,68428
68430,9192.0,28081.0,68429
68431,9192.0,28523.0,68430
68432,9192.0,28664.0,68431
68433,9192.0,28094.0,68432
68434,9192.0,28102.0,68433
68435,9192.0,26029.0,68434
68436,9192.0,26217.0,68435
68437,9192.0,26014.0,68436
68438,9192.0,26214.0,68437
68439,9192.0,26009.0,68438
68440,9192.0,26706.0,68439
68441,9192.0,26775.0,68440
68442,9192.0,26692.0,68441
68443,9192.0,26692.0,68442
68444,9192.0,26709.0,68443
68445,9192.0,26709.0,68444
68446,9192.0,27065.0,68445
68447,9192.0,27059.0,68446
68448,9192.0,28059.0,68447
68449,9192.0,28248.0,68448
68450,9192.0,28248.0,68449
68451,9192.0,28248.0,68450
68452,9192.0,28072.0,68451
68453,9192.0,28056.0,68452
68454,9192.0,28259.0,68453
68455,9192.0,29374.0,68454
68456,9192.0,29416.0,68455
68457,9192.0,28689.0,68456
68458,9192.0,28218.0,68457
68459,9192.0,27878.0,68458
68460,9192.0,28055.0,68459
68461,9192.0,28811.0,68460
68462,9192.0,28861.0,68461
68463,9192.0,28611.0,68462
68464,9192.0,28549.0,68463
68465,9192.0,28383.0,68464
68466,9192.0,28383.0,68465
68467,9192.0,29043.0,68466
68468,9192.0,30388.0,68467
68469,9192.0,29811.0,68468
68470,9192.0,30017.0,68469
68471,9192.0,30078.0,68470
68472,9192.0,30980.0,68471
68473,9192.0,31185.0,68472
68474,9192.0,31631.0,68473
68475,9192.0,31314.0,68474
68476,9192.0,32032.0,68475
68477,9192.0,32311.0,68476
68478,9192.0,31315.0,68477
68479,9192.0,30187.0,68478
68480,9192.0,29972.0,68479
68481,9192.0,29972.0,68480
68482,9192.0,30210.0,68481
68483,9192.0,29804.0,68482
68484,9192.0,29789.0,68483
68485,9192.0,29719.0,68484
68486,9192.0,29687.0,68485
68487,9192.0,29555.0,68486
68488,9192.0,29691.0,68487
68489,9192.0,30242.0,68488
68490,9192.0,30508.0,68489
68491,9192.0,30189.0,68490
68492,9192.0,29454.0,68491
68493,9192.0,29258.0,68492
68494,9192.0,29087.0,68493
68495,9192.0,29397.0,68494
68496,9192.0,29868.0,68495
68497,9192.0,29129.0,68496
68498,9192.0,28283.0,68497
68499,9192.0,28283.0,68498
68500,9192.0,27801.0,68499
68501,9192.0,28199.0,68500
68502,9192.0,28094.0,68501
68503,9192.0,27890.0,68502
68504,9192.0,27786.0,68503
68505,9192.0,27877.0,68504
68506,9192.0,27725.0,68505
68507,9192.0,28176.0,68506
68508,9192.0,28152.0,68507
68509,9192.0,28125.0,68508
68510,9192.0,28044.0,68509
68511,9192.0,28044.0,68510
68512,9192.0,28675.0,68511
68513,9192.0,27841.0,68512
68514,9192.0,28067.0,68513
68515,9192.0,28279.0,68514
68516,9192.0,28455.0,68515
68517,9192.0,28648.0,68516
68518,9192.0,29094.0,68517
68519,9192.0,28598.0,68518
68520,9192.0,28195.0,68519
68521,9192.0,27445.0,68520
68522,9192.0,27371.0,68521
68523,9192.0,27728.0,68522
68524,9192.0,27153.0,68523
68525,9192.0,27020.0,68524
68526,9192.0,27020.0,68525
68527,9192.0,27020.0,68526
68528,9192.0,27332.0,68527
68529,9192.0,26996.0,68528
68530,9192.0,27006.0,68529
68531,9192.0,27507.0,68530
68532,9192.0,26729.0,68531
68533,9192.0,25960.0,68532
68534,9192.0,25689.0,68533
68535,9192.0,25737.0,68534
68536,9192.0,25849.0,68535
68537,9192.0,27497.0,68536
68538,9192.0,27822.0,68537
68539,9192.0,27583.0,68538
68540,9192.0,28253.0,68539
68541,9192.0,28403.0,68540
68542,9192.0,28257.0,68541
68543,9192.0,28129.0,68542
68544,9192.0,28068.0,68543
68545,9192.0,28305.0,68544
68546,9192.0,28351.0,68545
68547,9192.0,28521.0,68546
68548,9192.0,28570.0,68547
68549,9192.0,28572.0,68548
68550,9192.0,28432.0,68549
68551,9192.0,28318.0,68550
68552,9192.0,28528.0,68551
68553,9192.0,28487.0,68552
68554,9192.0,28415.0,68553
68555,9192.0,28207.0,68554
68556,9192.0,28207.0,68555
68557,9192.0,28442.0,68556
68558,9192.0,28205.0,68557
68559,9192.0,29356.0,68558
68560,9192.0,27924.0,68559
68561,9192.0,28279.0,68560
68562,9192.0,26772.0,68561
68563,9192.0,26806.0,68562
68564,9192.0,26806.0,68563
68565,9192.0,27156.0,68564
68566,9192.0,28214.0,68565
68567,9192.0,28214.0,68566
68568,9192.0,28214.0,68567
68569,9192.0,28257.0,68568
68570,9192.0,28600.0,68569
68571,9192.0,28304.0,68570
68572,9192.0,28548.0,68571
68573,9192.0,28521.0,68572
68574,9192.0,28514.0,68573
68575,9192.0,28767.0,68574
68576,9192.0,28727.0,68575
68577,9192.0,28818.0,68576
68578,9192.0,28676.0,68577
68579,9192.0,28676.0,68578
68580,9192.0,28677.0,68579
68581,9192.0,28032.0,68580
68582,9192.0,28723.0,68581
68583,9192.0,28206.0,68582
68584,9192.0,28547.0,68583
68585,9192.0,29417.0,68584
68586,9192.0,29271.0,68585
68587,9192.0,29271.0,68586
68588,9192.0,29540.0,68587
68589,9192.0,29691.0,68588
68590,9192.0,29691.0,68589
68591,9192.0,29644.0,68590
68592,9192.0,29422.0,68591
68593,9192.0,29811.0,68592
68594,9192.0,29714.0,68593
68595,9192.0,29714.0,68594
68596,9192.0,29714.0,68595
68597,9192.0,29820.0,68596
68598,9192.0,29966.0,68597
68599,9192.0,29859.0,68598
68600,9192.0,30774.0,68599
68601,9192.0,30695.0,68600
68602,9192.0,30495.0,68601
68603,9192.0,30498.0,68602
68604,9192.0,30672.0,68603
68605,9192.0,29948.0,68604
68606,9192.0,29645.0,68605
68607,9192.0,29432.0,68606
68608,9192.0,29542.0,68607
68609,9192.0,29962.0,68608
68610,9192.0,29072.0,68609
68611,9192.0,28796.0,68610
68612,9192.0,28630.0,68611
68613,9192.0,28407.0,68612
68614,9192.0,28150.0,68613
68615,9192.0,28263.0,68614
68616,9192.0,27714.0,68615
68617,9192.0,27697.0,68616
68618,9192.0,27697.0,68617
68619,9192.0,27817.0,68618
68620,9192.0,27816.0,68619
68621,9192.0,27929.0,68620
68622,9192.0,27929.0,68621
68623,9192.0,28121.0,68622
68624,9192.0,28575.0,68623
68625,9192.0,28466.0,68624
68626,9192.0,28062.0,68625
68627,9192.0,28106.0,68626
68628,9192.0,27794.0,68627
68629,9192.0,28322.0,68628
68630,9192.0,27856.0,68629
68631,9192.0,28520.0,68630
68632,9192.0,28115.0,68631
68633,9192.0,28214.0,68632
68634,9192.0,28496.0,68633
68635,9192.0,27878.0,68634
68636,9192.0,28512.0,68635
68637,9192.0,28297.0,68636
68638,9192.0,28255.0,68637
68639,9192.0,28058.0,68638
68640,9192.0,29319.0,68639
68641,9192.0,29667.0,68640
68642,9192.0,29814.0,68641
68643,9192.0,30227.0,68642
68644,9192.0,29464.0,68643
68645,9192.0,29601.0,68644
68646,9192.0,29545.0,68645
68647,9192.0,29288.0,68646
68648,9192.0,29812.0,68647
68649,9192.0,29877.0,68648
68650,9192.0,29530.0,68649
68651,9192.0,28421.0,68650
68652,9192.0,28353.0,68651
68653,9192.0,27323.0,68652
68654,9192.0,28370.0,68653
68655,9192.0,28212.0,68654
68656,9192.0,28212.0,68655
68657,9192.0,27524.0,68656
68658,9192.0,27524.0,68657
68659,9192.0,28001.0,68658
68660,9192.0,28001.0,68659
68661,9192.0,28100.0,68660
68662,9192.0,28523.0,68661
68663,9192.0,28026.0,68662
68664,9192.0,28037.0,68663
68665,9192.0,27599.0,68664
68666,9192.0,27257.0,68665
68667,9192.0,27911.0,68666
68668,9192.0,27907.0,68667
68669,9192.0,28208.0,68668
68670,9192.0,27824.0,68669
68671,9192.0,27640.0,68670
68672,9192.0,27640.0,68671
68673,9192.0,27475.0,68672
68674,9192.0,27475.0,68673
68675,9192.0,27475.0,68674
68676,9192.0,27381.0,68675
68677,9192.0,27102.0,68676
68678,9192.0,27229.0,68677
68679,9192.0,27025.0,68678
68680,9192.0,27476.0,68679
68681,9192.0,27463.0,68680
68682,9192.0,26332.0,68681
68683,9192.0,25734.0,68682
68684,9192.0,25850.0,68683
68685,9192.0,25768.0,68684
68686,9192.0,25792.0,68685
68687,9192.0,26597.0,68686
68688,9192.0,26671.0,68687
68689,9192.0,27050.0,68688
68690,9192.0,26989.0,68689
68691,9192.0,27029.0,68690
68692,9192.0,27296.0,68691
68693,9192.0,27269.0,68692
68694,9192.0,27181.0,68693
68695,9192.0,27228.0,68694
68696,9192.0,26972.0,68695
68697,9192.0,26986.0,68696
68698,9192.0,27066.0,68697
68699,9192.0,27607.0,68698
68700,9192.0,28241.0,68699
68701,9192.0,28599.0,68700
68702,9192.0,28674.0,68701
68703,9192.0,28909.0,68702
68704,9192.0,28688.0,68703
68705,9192.0,28761.0,68704
68706,9192.0,28766.0,68705
68707,9192.0,29166.0,68706
68708,9192.0,29026.0,68707
68709,9192.0,30065.0,68708
68710,9192.0,29621.0,68709
68711,9192.0,30674.0,68710
68712,9192.0,30688.0,68711
68713,9192.0,30816.0,68712
68714,9192.0,31384.0,68713
68715,9192.0,31384.0,68714
68716,9192.0,31302.0,68715
68717,9192.0,30792.0,68716
68718,9192.0,31155.0,68717
68719,9192.0,30450.0,68718
68720,9192.0,30304.0,68719
68721,9192.0,29429.0,68720
68722,9192.0,29568.0,68721
68723,9192.0,29476.0,68722
68724,9192.0,29944.0,68723
68725,9192.0,29943.0,68724
68726,9192.0,29943.0,68725
68727,9192.0,29907.0,68726
68728,9192.0,29793.0,68727
68729,9192.0,29561.0,68728
68730,9192.0,29618.0,68729
68731,9192.0,29771.0,68730
68732,9192.0,29879.0,68731
68733,9192.0,29314.0,68732
68734,9192.0,29264.0,68733
68735,9192.0,29421.0,68734
68736,9192.0,29934.0,68735
68737,9192.0,29316.0,68736
68738,9192.0,29269.0,68737
68739,9192.0,29330.0,68738
68740,9192.0,29482.0,68739
68741,9192.0,29486.0,68740
68742,9192.0,29785.0,68741
68743,9192.0,29712.0,68742
68744,9192.0,29368.0,68743
68745,9192.0,30214.0,68744
68746,9192.0,30324.0,68745
68747,9192.0,30385.0,68746
68748,9192.0,30868.0,68747
68749,9192.0,30193.0,68748
68750,9192.0,30039.0,68749
68751,9192.0,29817.0,68750
68752,9192.0,29579.0,68751
68753,9192.0,28592.0,68752
68754,9192.0,28620.0,68753
68755,9192.0,29587.0,68754
68756,9192.0,29728.0,68755
68757,9192.0,29733.0,68756
68758,9192.0,29763.0,68757
68759,9192.0,29758.0,68758
68760,9192.0,29686.0,68759
68761,9192.0,29716.0,68760
68762,9192.0,28596.0,68761
68763,9192.0,28899.0,68762
68764,9192.0,29015.0,68763
68765,9192.0,29510.0,68764
68766,9192.0,29676.0,68765
68767,9192.0,29508.0,68766
68768,9192.0,30074.0,68767
68769,9192.0,30164.0,68768
68770,9192.0,30161.0,68769
68771,9192.0,30142.0,68770
68772,9192.0,29965.0,68771
68773,9192.0,29891.0,68772
68774,9192.0,29703.0,68773
68775,9192.0,30332.0,68774
68776,9192.0,29965.0,68775
68777,9192.0,29738.0,68776
68778,9192.0,30108.0,68777
68779,9192.0,30010.0,68778
68780,9192.0,30029.0,68779
68781,9192.0,29859.0,68780
68782,9192.0,29822.0,68781
68783,9192.0,29089.0,68782
68784,9192.0,28587.0,68783
68785,9192.0,28461.0,68784
68786,9192.0,28706.0,68785
68787,9192.0,29232.0,68786
68788,9192.0,29156.0,68787
68789,9192.0,28520.0,68788
68790,9192.0,29228.0,68789
68791,9192.0,29080.0,68790
68792,9192.0,29080.0,68791
68793,9192.0,29118.0,68792
68794,9192.0,29151.0,68793
68795,9192.0,29107.0,68794
68796,9192.0,29137.0,68795
68797,9192.0,29410.0,68796
68798,9192.0,29001.0,68797
68799,9192.0,29015.0,68798
68800,9192.0,28332.0,68799
68801,9192.0,28587.0,68800
68802,9192.0,28621.0,68801
68803,9192.0,27680.0,68802
68804,9192.0,27694.0,68803
68805,9192.0,27981.0,68804
68806,9192.0,27636.0,68805
68807,9192.0,28121.0,68806
68808,9192.0,28139.0,68807
68809,9192.0,27929.0,68808
68810,9192.0,28123.0,68809
68811,9192.0,28264.0,68810
68812,9192.0,29213.0,68811
68813,9192.0,29280.0,68812
68814,9192.0,29165.0,68813
68815,9192.0,29165.0,68814
68816,9192.0,29372.0,68815
68817,9192.0,29372.0,68816
68818,9192.0,29500.0,68817
68819,9192.0,28934.0,68818
68820,9192.0,29267.0,68819
68821,9192.0,29163.0,68820
68822,9192.0,28102.0,68821
68823,9192.0,28102.0,68822
68824,9192.0,27849.0,68823
68825,9192.0,27849.0,68824
68826,9192.0,28323.0,68825
68827,9192.0,28472.0,68826
68828,9192.0,28491.0,68827
68829,9192.0,28572.0,68828
68830,9192.0,29783.0,68829
68831,9192.0,29880.0,68830
68832,9192.0,29853.0,68831
68833,9192.0,29890.0,68832
68834,9192.0,30506.0,68833
68835,9192.0,30792.0,68834
68836,9192.0,30776.0,68835
68837,9192.0,31020.0,68836
68838,9192.0,30744.0,68837
68839,9192.0,30462.0,68838
68840,9192.0,30463.0,68839
68841,9192.0,31143.0,68840
68842,9192.0,31572.0,68841
68843,9192.0,31250.0,68842
68844,9192.0,31526.0,68843
68845,9192.0,31792.0,68844
68846,9192.0,31564.0,68845
68847,9192.0,31847.0,68846
68848,9192.0,31274.0,68847
68849,9192.0,31308.0,68848
68850,9192.0,31248.0,68849
68851,9192.0,31799.0,68850
68852,9192.0,31357.0,68851
68853,9192.0,31888.0,68852
68854,9192.0,30650.0,68853
68855,9192.0,30768.0,68854
68856,9192.0,30953.0,68855
68857,9192.0,30330.0,68856
68858,9192.0,29714.0,68857
68859,9192.0,29714.0,68858
68860,9192.0,29581.0,68859
68861,9192.0,29580.0,68860
68862,9192.0,29584.0,68861
68863,9192.0,29345.0,68862
68864,9192.0,29948.0,68863
68865,9192.0,30197.0,68864
68866,9192.0,29931.0,68865
68867,9192.0,29931.0,68866
68868,9192.0,29482.0,68867
68869,9192.0,29054.0,68868
68870,9192.0,29140.0,68869
68871,9192.0,29478.0,68870
68872,9192.0,29219.0,68871
68873,9192.0,29195.0,68872
68874,9192.0,29066.0,68873
68875,9192.0,29087.0,68874
68876,9192.0,29010.0,68875
68877,9192.0,27581.0,68876
68878,9192.0,27276.0,68877
68879,9192.0,27025.0,68878
68880,9192.0,27954.0,68879
68881,9192.0,28735.0,68880
68882,9192.0,28922.0,68881
68883,9192.0,27908.0,68882
68884,9192.0,26518.0,68883
68885,9192.0,27069.0,68884
68886,9192.0,27140.0,68885
68887,9192.0,27325.0,68886
68888,9192.0,27316.0,68887
68889,9192.0,27183.0,68888
68890,9192.0,27415.0,68889
68891,9192.0,26678.0,68890
68892,9192.0,26983.0,68891
68893,9192.0,26983.0,68892
68894,9192.0,27827.0,68893
68895,9192.0,27758.0,68894
68896,9192.0,26965.0,68895
68897,9192.0,27400.0,68896
68898,9192.0,27238.0,68897
68899,9192.0,27278.0,68898
68900,9192.0,27371.0,68899
68901,9192.0,26780.0,68900
68902,9192.0,27758.0,68901
68903,9192.0,27339.0,68902
68904,9192.0,27306.0,68903
68905,9192.0,27306.0,68904
68906,9192.0,27236.0,68905
68907,9192.0,27236.0,68906
68908,9192.0,28337.0,68907
68909,9192.0,28574.0,68908
68910,9192.0,26804.0,68909
68911,9192.0,27064.0,68910
68912,9192.0,27111.0,68911
68913,9192.0,27491.0,68912
68914,9192.0,27432.0,68913
68915,9192.0,27145.0,68914
68916,9192.0,27426.0,68915
68917,9192.0,27319.0,68916
68918,9192.0,27340.0,68917
68919,9192.0,27711.0,68918
68920,9192.0,27711.0,68919
68921,9192.0,27662.0,68920
68922,9192.0,27995.0,68921
68923,9192.0,27316.0,68922
68924,9192.0,27316.0,68923
68925,9192.0,26808.0,68924
68926,9192.0,25854.0,68925
68927,9192.0,25843.0,68926
68928,9192.0,26220.0,68927
68929,9192.0,26273.0,68928
68930,9192.0,26056.0,68929
68931,9192.0,25905.0,68930
68932,9192.0,25911.0,68931
68933,9192.0,25694.0,68932
68934,9192.0,25765.0,68933
68935,9192.0,26825.0,68934
68936,9192.0,26579.0,68935
68937,9192.0,26545.0,68936
68938,9192.0,26055.0,68937
68939,9192.0,26096.0,68938
68940,9192.0,27986.0,68939
68941,9192.0,29446.0,68940
68942,9192.0,29597.0,68941
68943,9192.0,29597.0,68942
68944,9192.0,29598.0,68943
68945,9192.0,30752.0,68944
68946,9192.0,30908.0,68945
68947,9192.0,30430.0,68946
68948,9192.0,30055.0,68947
68949,9192.0,30501.0,68948
68950,9192.0,30748.0,68949
68951,9192.0,30984.0,68950
68952,9192.0,30845.0,68951
68953,9192.0,30610.0,68952
68954,9192.0,30610.0,68953
68955,9192.0,30764.0,68954
68956,9192.0,29840.0,68955
68957,9192.0,29581.0,68956
68958,9192.0,29663.0,68957
68959,9192.0,29792.0,68958
68960,9192.0,29942.0,68959
68961,9192.0,29942.0,68960
68962,9192.0,29471.0,68961
68963,9192.0,29602.0,68962
68964,9192.0,29507.0,68963
68965,9192.0,29883.0,68964
68966,9192.0,29883.0,68965
68967,9192.0,30016.0,68966
68968,9192.0,30016.0,68967
68969,9192.0,30016.0,68968
68970,9192.0,29714.0,68969
68971,9192.0,29692.0,68970
68972,9192.0,29552.0,68971
68973,9192.0,29653.0,68972
68974,9192.0,30347.0,68973
68975,9192.0,30551.0,68974
68976,9192.0,30105.0,68975
68977,9192.0,30105.0,68976
68978,9192.0,30118.0,68977
68979,9192.0,30955.0,68978
68980,9192.0,30384.0,68979
68981,9192.0,30351.0,68980
68982,9192.0,30344.0,68981
68983,9192.0,30295.0,68982
68984,9192.0,30295.0,68983
68985,9192.0,30291.0,68984
68986,9192.0,30349.0,68985
68987,9192.0,29937.0,68986
68988,9192.0,30250.0,68987
68989,9192.0,30092.0,68988
68990,9192.0,30046.0,68989
68991,9192.0,30435.0,68990
68992,9192.0,31117.0,68991
68993,9192.0,30809.0,68992
68994,9192.0,30552.0,68993
68995,9192.0,30972.0,68994
68996,9192.0,31018.0,68995
68997,9192.0,31363.0,68996
68998,9192.0,30897.0,68997
68999,9192.0,31425.0,68998
69000,9192.0,31759.0,68999
69001,9192.0,31687.0,69000
69002,9192.0,31736.0,69001
69003,9192.0,31932.0,69002
69004,9192.0,31526.0,69003
69005,9192.0,31145.0,69004
69006,9192.0,31814.0,69005
69007,9192.0,32302.0,69006
69008,9192.0,32142.0,69007
69009,9192.0,31962.0,69008
69010,9192.0,31763.0,69009
69011,9192.0,31513.0,69010
69012,9192.0,31615.0,69011
69013,9192.0,31481.0,69012
69014,9192.0,30384.0,69013
69015,9192.0,29889.0,69014
69016,9192.0,29854.0,69015
69017,9192.0,29541.0,69016
69018,9192.0,28701.0,69017
69019,9192.0,28724.0,69018
69020,9192.0,28858.0,69019
69021,9192.0,28171.0,69020
69022,9192.0,28445.0,69021
69023,9192.0,28392.0,69022
69024,9192.0,29681.0,69023
69025,9192.0,29981.0,69024
69026,9192.0,29620.0,69025
69027,9192.0,29621.0,69026
69028,9192.0,29439.0,69027
69029,9192.0,29232.0,69028
69030,9192.0,29406.0,69029
69031,9192.0,29232.0,69030
69032,9192.0,29142.0,69031
69033,9192.0,29270.0,69032
69034,9192.0,29125.0,69033
69035,9192.0,29050.0,69034
69036,9192.0,28749.0,69035
69037,9192.0,28680.0,69036
69038,9192.0,28680.0,69037
69039,9192.0,27783.0,69038
69040,9192.0,27751.0,69039
69041,9192.0,29512.0,69040
69042,9192.0,29721.0,69041
69043,9192.0,29064.0,69042
69044,9192.0,29514.0,69043
69045,9192.0,30191.0,69044
69046,9192.0,30191.0,69045
69047,9192.0,30444.0,69046
69048,9192.0,30989.0,69047
69049,9192.0,31008.0,69048
69050,9192.0,31040.0,69049
69051,9192.0,30426.0,69050
69052,9192.0,30573.0,69051
69053,9192.0,30276.0,69052
69054,9192.0,30608.0,69053
69055,9192.0,30680.0,69054
69056,9192.0,30696.0,69055
69057,9192.0,29637.0,69056
69058,9192.0,29711.0,69057
69059,9192.0,29653.0,69058
69060,9192.0,29773.0,69059
69061,9192.0,29506.0,69060
69062,9192.0,29732.0,69061
69063,9192.0,29575.0,69062
69064,9192.0,29395.0,69063
69065,9192.0,29088.0,69064
69066,9192.0,29384.0,69065
69067,9192.0,29890.0,69066
69068,9192.0,30377.0,69067
69069,9192.0,30598.0,69068
69070,9192.0,30561.0,69069
69071,9192.0,30653.0,69070
69072,9192.0,30195.0,69071
69073,9192.0,30326.0,69072
69074,9192.0,30477.0,69073
69075,9192.0,30324.0,69074
69076,9192.0,30088.0,69075
69077,9192.0,30844.0,69076
69078,9192.0,30765.0,69077
69079,9192.0,30748.0,69078
69080,9192.0,30280.0,69079
69081,9192.0,30310.0,69080
69082,9192.0,30310.0,69081
69083,9192.0,30537.0,69082
69084,9192.0,30701.0,69083
69085,9192.0,31050.0,69084
69086,9192.0,30684.0,69085
69087,9192.0,31676.0,69086
69088,9192.0,31606.0,69087
69089,9192.0,31378.0,69088
69090,9192.0,31556.0,69089
69091,9192.0,31378.0,69090
69092,9192.0,30874.0,69091
69093,9192.0,29809.0,69092
69094,9192.0,29693.0,69093
69095,9192.0,29645.0,69094
69096,9192.0,29734.0,69095
69097,9192.0,30375.0,69096
69098,9192.0,30824.0,69097
69099,9192.0,30679.0,69098
69100,9192.0,31081.0,69099
69101,9192.0,31077.0,69100
69102,9192.0,30830.0,69101
69103,9192.0,29862.0,69102
69104,9192.0,29950.0,69103
69105,9192.0,29919.0,69104
69106,9192.0,29631.0,69105
69107,9192.0,29714.0,69106
69108,9192.0,29754.0,69107
69109,9192.0,29773.0,69108
69110,9192.0,29891.0,69109
69111,9192.0,29185.0,69110
69112,9192.0,29789.0,69111
69113,9192.0,29471.0,69112
69114,9192.0,29706.0,69113
69115,9192.0,29243.0,69114
69116,9192.0,29153.0,69115
69117,9192.0,29216.0,69116
69118,9192.0,29234.0,69117
69119,9192.0,29233.0,69118
69120,9192.0,29220.0,69119
69121,9192.0,29507.0,69120
69122,9192.0,29367.0,69121
69123,9192.0,29367.0,69122
69124,9192.0,28728.0,69123
69125,9192.0,28139.0,69124
69126,9192.0,28941.0,69125
69127,9192.0,28729.0,69126
69128,9192.0,28488.0,69127
69129,9192.0,28471.0,69128
69130,9192.0,28596.0,69129
69131,9192.0,28360.0,69130
69132,9192.0,27480.0,69131
69133,9192.0,27480.0,69132
69134,9192.0,27480.0,69133
69135,9192.0,27702.0,69134
69136,9192.0,27709.0,69135
69137,9192.0,27823.0,69136
69138,9192.0,27860.0,69137
69139,9192.0,28761.0,69138
69140,9192.0,29258.0,69139
69141,9192.0,28971.0,69140
69142,9192.0,29102.0,69141
69143,9192.0,30280.0,69142
69144,9192.0,30257.0,69143
69145,9192.0,30103.0,69144
69146,9192.0,30021.0,69145
69147,9192.0,29972.0,69146
69148,9192.0,29924.0,69147
69149,9192.0,29886.0,69148
69150,9192.0,29712.0,69149
69151,9192.0,29521.0,69150
69152,9192.0,29668.0,69151
69153,9192.0,29656.0,69152
69154,9192.0,29671.0,69153
69155,9192.0,29505.0,69154
69156,9192.0,28863.0,69155
69157,9192.0,28104.0,69156
69158,9192.0,28249.0,69157
69159,9192.0,28566.0,69158
69160,9192.0,28630.0,69159
69161,9192.0,28895.0,69160
69162,9192.0,27968.0,69161
69163,9192.0,28424.0,69162
69164,9192.0,28074.0,69163
69165,9192.0,27940.0,69164
69166,9192.0,27983.0,69165
69167,9192.0,28738.0,69166
69168,9192.0,28949.0,69167
69169,9192.0,29326.0,69168
69170,9192.0,29198.0,69169
69171,9192.0,29911.0,69170
69172,9192.0,29911.0,69171
69173,9192.0,30337.0,69172
69174,9192.0,30267.0,69173
69175,9192.0,30679.0,69174
69176,9192.0,29458.0,69175
69177,9192.0,29402.0,69176
69178,9192.0,30467.0,69177
69179,9192.0,30415.0,69178
69180,9192.0,30577.0,69179
69181,9192.0,30584.0,69180
69182,9192.0,30454.0,69181
69183,9192.0,30451.0,69182
69184,9192.0,30452.0,69183
69185,9192.0,30278.0,69184
69186,9192.0,30495.0,69185
69187,9192.0,30316.0,69186
69188,9192.0,30405.0,69187
69189,9192.0,29903.0,69188
69190,9192.0,29954.0,69189
69191,9192.0,29811.0,69190
69192,9192.0,29811.0,69191
69193,9192.0,29811.0,69192
69194,9192.0,29826.0,69193
69195,9192.0,31602.0,69194
69196,9192.0,31591.0,69195
69197,9192.0,31615.0,69196
69198,9192.0,31642.0,69197
69199,9192.0,31699.0,69198
69200,9192.0,31501.0,69199
69201,9192.0,31501.0,69200
69202,9192.0,31487.0,69201
69203,9192.0,31421.0,69202
69204,9192.0,31512.0,69203
69205,9192.0,31578.0,69204
69206,9192.0,31354.0,69205
69207,9192.0,31331.0,69206
69208,9192.0,31260.0,69207
69209,9192.0,30357.0,69208
69210,9192.0,30516.0,69209
69211,9192.0,30634.0,69210
69212,9192.0,30674.0,69211
69213,9192.0,31024.0,69212
69214,9192.0,30515.0,69213
69215,9192.0,31427.0,69214
69216,9192.0,30268.0,69215
69217,9192.0,30079.0,69216
69218,9192.0,29907.0,69217
69219,9192.0,29688.0,69218
69220,9192.0,29688.0,69219
69221,9192.0,30115.0,69220
69222,9192.0,29501.0,69221
69223,9192.0,29587.0,69222
69224,9192.0,29375.0,69223
69225,9192.0,29516.0,69224
69226,9192.0,29516.0,69225
69227,9192.0,29433.0,69226
69228,9192.0,29926.0,69227
69229,9192.0,29711.0,69228
69230,9192.0,29661.0,69229
69231,9192.0,29717.0,69230
69232,9192.0,29642.0,69231
69233,9192.0,30275.0,69232
69234,9192.0,30307.0,69233
69235,9192.0,31433.0,69234
69236,9192.0,31441.0,69235
69237,9192.0,31147.0,69236
69238,9192.0,31147.0,69237
69239,9192.0,31173.0,69238
69240,9192.0,30101.0,69239
69241,9192.0,30168.0,69240
69242,9192.0,31378.0,69241
69243,9192.0,31378.0,69242
69244,9192.0,31340.0,69243
69245,9192.0,31041.0,69244
69246,9192.0,31041.0,69245
69247,9192.0,31682.0,69246
69248,9192.0,31494.0,69247
69249,9192.0,30766.0,69248
69250,9192.0,30595.0,69249
69251,9192.0,31118.0,69250
69252,9192.0,30657.0,69251
69253,9192.0,30345.0,69252
69254,9192.0,29528.0,69253
69255,9192.0,28791.0,69254
69256,9192.0,28831.0,69255
69257,9192.0,28725.0,69256
69258,9192.0,29461.0,69257
69259,9192.0,29209.0,69258
69260,9192.0,29684.0,69259
69261,9192.0,29716.0,69260
69262,9192.0,30085.0,69261
69263,9192.0,29042.0,69262
69264,9192.0,28742.0,69263
69265,9192.0,28629.0,69264
69266,9192.0,28859.0,69265
69267,9192.0,29176.0,69266
69268,9192.0,29406.0,69267
69269,9192.0,29920.0,69268
69270,9192.0,29918.0,69269
69271,9192.0,29918.0,69270
69272,9192.0,29676.0,69271
69273,9192.0,29641.0,69272
69274,9192.0,28929.0,69273
69275,9192.0,28757.0,69274
69276,9192.0,28890.0,69275
69277,9192.0,28480.0,69276
69278,9192.0,28462.0,69277
69279,9192.0,28516.0,69278
69280,9192.0,28219.0,69279
69281,9192.0,28289.0,69280
69282,9192.0,27215.0,69281
69283,9192.0,27129.0,69282
69284,9192.0,26577.0,69283
69285,9192.0,26586.0,69284
69286,9192.0,26794.0,69285
69287,9192.0,26937.0,69286
69288,9192.0,27573.0,69287
69289,9192.0,27573.0,69288
69290,9192.0,28626.0,69289
69291,9192.0,29315.0,69290
69292,9192.0,29228.0,69291
69293,9192.0,28958.0,69292
69294,9192.0,28607.0,69293
69295,9192.0,28005.0,69294
69296,9192.0,28020.0,69295
69297,9192.0,27959.0,69296
69298,9192.0,27696.0,69297
69299,9192.0,28294.0,69298
69300,9192.0,28241.0,69299
69301,9192.0,28499.0,69300
69302,9192.0,28016.0,69301
69303,9192.0,27745.0,69302
69304,9192.0,27259.0,69303
69305,9192.0,27027.0,69304
69306,9192.0,26570.0,69305
69307,9192.0,27480.0,69306
69308,9192.0,26729.0,69307
69309,9192.0,26917.0,69308
69310,9192.0,26542.0,69309
69311,9192.0,27204.0,69310
69312,9192.0,27453.0,69311
69313,9192.0,27453.0,69312
69314,9192.0,27447.0,69313
69315,9192.0,27244.0,69314
69316,9192.0,26475.0,69315
69317,9192.0,26608.0,69316
69318,9192.0,26955.0,69317
69319,9192.0,27042.0,69318
69320,9192.0,27343.0,69319
69321,9192.0,26848.0,69320
69322,9192.0,27007.0,69321
69323,9192.0,27170.0,69322
69324,9192.0,27190.0,69323
69325,9192.0,27190.0,69324
69326,9192.0,27190.0,69325
69327,9192.0,27190.0,69326
69328,9192.0,27645.0,69327
69329,9192.0,27876.0,69328
69330,9192.0,28286.0,69329
69331,9192.0,28449.0,69330
69332,9192.0,28965.0,69331
69333,9192.0,28822.0,69332
69334,9192.0,28781.0,69333
69335,9192.0,28713.0,69334
69336,9192.0,28822.0,69335
69337,9192.0,28721.0,69336
69338,9192.0,28506.0,69337
69339,9192.0,28506.0,69338
69340,9192.0,27984.0,69339
69341,9192.0,27974.0,69340
69342,9192.0,28084.0,69341
69343,9192.0,29237.0,69342
69344,9192.0,29237.0,69343
69345,9192.0,29191.0,69344
69346,9192.0,29467.0,69345
69347,9192.0,29467.0,69346
69348,9192.0,28909.0,69347
69349,9192.0,29866.0,69348
69350,9192.0,28631.0,69349
69351,9192.0,28708.0,69350
69352,9192.0,29074.0,69351
69353,9192.0,29318.0,69352
69354,9192.0,29345.0,69353
69355,9192.0,29094.0,69354
69356,9192.0,30216.0,69355
69357,9192.0,30290.0,69356
69358,9192.0,30104.0,69357
69359,9192.0,29961.0,69358
69360,9192.0,30341.0,69359
69361,9192.0,29670.0,69360
69362,9192.0,29907.0,69361
69363,9192.0,30073.0,69362
69364,9192.0,30061.0,69363
69365,9192.0,30117.0,69364
69366,9192.0,30117.0,69365
69367,9192.0,30576.0,69366
69368,9192.0,30432.0,69367
69369,9192.0,30399.0,69368
69370,9192.0,30399.0,69369
69371,9192.0,29685.0,69370
69372,9192.0,29767.0,69371
69373,9192.0,29522.0,69372
69374,9192.0,28400.0,69373
69375,9192.0,28373.0,69374
69376,9192.0,27380.0,69375
69377,9192.0,27380.0,69376
69378,9192.0,28115.0,69377
69379,9192.0,28202.0,69378
69380,9192.0,28143.0,69379
69381,9192.0,28284.0,69380
69382,9192.0,28154.0,69381
69383,9192.0,28698.0,69382
69384,9192.0,28074.0,69383
69385,9192.0,28050.0,69384
69386,9192.0,27850.0,69385
69387,9192.0,28464.0,69386
69388,9192.0,28720.0,69387
69389,9192.0,28825.0,69388
69390,9192.0,28783.0,69389
69391,9192.0,28744.0,69390
69392,9192.0,28392.0,69391
69393,9192.0,26714.0,69392
69394,9192.0,26683.0,69393
69395,9192.0,25824.0,69394
69396,9192.0,25638.0,69395
69397,9192.0,25897.0,69396
69398,9192.0,25285.0,69397
69399,9192.0,25267.0,69398
69400,9192.0,25667.0,69399
69401,9192.0,25865.0,69400
69402,9192.0,25406.0,69401
69403,9192.0,25750.0,69402
69404,9192.0,25805.0,69403
69405,9192.0,25684.0,69404
69406,9192.0,25564.0,69405
69407,9192.0,26246.0,69406
69408,9192.0,25506.0,69407
69409,9192.0,25598.0,69408
69410,9192.0,25598.0,69409
69411,9192.0,25598.0,69410
69412,9192.0,26520.0,69411
69413,9192.0,26438.0,69412
69414,9192.0,26374.0,69413
69415,9192.0,27048.0,69414
69416,9192.0,27264.0,69415
69417,9192.0,27264.0,69416
69418,9192.0,27914.0,69417
69419,9192.0,28095.0,69418
69420,9192.0,28250.0,69419
69421,9192.0,28238.0,69420
69422,9192.0,28405.0,69421
69423,9192.0,28405.0,69422
69424,9192.0,28772.0,69423
69425,9192.0,28742.0,69424
69426,9192.0,28485.0,69425
69427,9192.0,28500.0,69426
69428,9192.0,28511.0,69427
69429,9192.0,28287.0,69428
69430,9192.0,28277.0,69429
69431,9192.0,28296.0,69430
69432,9192.0,28720.0,69431
69433,9192.0,30016.0,69432
69434,9192.0,29764.0,69433
69435,9192.0,29765.0,69434
69436,9192.0,30234.0,69435
69437,9192.0,30264.0,69436
69438,9192.0,30106.0,69437
69439,9192.0,30172.0,69438
69440,9192.0,30744.0,69439
69441,9192.0,30497.0,69440
69442,9192.0,30190.0,69441
69443,9192.0,29894.0,69442
69444,9192.0,31146.0,69443
69445,9192.0,31013.0,69444
69446,9192.0,31105.0,69445
69447,9192.0,31373.0,69446
69448,9192.0,30883.0,69447
69449,9192.0,30575.0,69448
69450,9192.0,30361.0,69449
69451,9192.0,31080.0,69450
69452,9192.0,31303.0,69451
69453,9192.0,32096.0,69452
69454,9192.0,31688.0,69453
69455,9192.0,31215.0,69454
69456,9192.0,30997.0,69455
69457,9192.0,30550.0,69456
69458,9192.0,29670.0,69457
69459,9192.0,29838.0,69458
69460,9192.0,29892.0,69459
69461,9192.0,29892.0,69460
69462,9192.0,29970.0,69461
69463,9192.0,29965.0,69462
69464,9192.0,29088.0,69463
69465,9192.0,29158.0,69464
69466,9192.0,29239.0,69465
69467,9192.0,28899.0,69466
69468,9192.0,28721.0,69467
69469,9192.0,29317.0,69468
69470,9192.0,28542.0,69469
69471,9192.0,28597.0,69470
69472,9192.0,28768.0,69471
69473,9192.0,28991.0,69472
69474,9192.0,29382.0,69473
69475,9192.0,29125.0,69474
69476,9192.0,28083.0,69475
69477,9192.0,27692.0,69476
69478,9192.0,27608.0,69477
69479,9192.0,27373.0,69478
69480,9192.0,27326.0,69479
69481,9192.0,27357.0,69480
69482,9192.0,27809.0,69481
69483,9192.0,28025.0,69482
69484,9192.0,28573.0,69483
69485,9192.0,29340.0,69484
69486,9192.0,28994.0,69485
69487,9192.0,29022.0,69486
69488,9192.0,29009.0,69487
69489,9192.0,28587.0,69488
69490,9192.0,28594.0,69489
69491,9192.0,28513.0,69490
69492,9192.0,28430.0,69491
69493,9192.0,27597.0,69492
69494,9192.0,27293.0,69493
69495,9192.0,26742.0,69494
69496,9192.0,26735.0,69495
69497,9192.0,27527.0,69496
69498,9192.0,27414.0,69497
69499,9192.0,26940.0,69498
69500,9192.0,26896.0,69499
69501,9192.0,26896.0,69500
69502,9192.0,27255.0,69501
69503,9192.0,27038.0,69502
69504,9192.0,27130.0,69503
69505,9192.0,27326.0,69504
69506,9192.0,27267.0,69505
69507,9192.0,27829.0,69506
69508,9192.0,28109.0,69507
69509,9192.0,28206.0,69508
69510,9192.0,28406.0,69509
69511,9192.0,28920.0,69510
69512,9192.0,28920.0,69511
69513,9192.0,29182.0,69512
69514,9192.0,29162.0,69513
69515,9192.0,28897.0,69514
69516,9192.0,28907.0,69515
69517,9192.0,28802.0,69516
69518,9192.0,28987.0,69517
69519,9192.0,29065.0,69518
69520,9192.0,29565.0,69519
69521,9192.0,29351.0,69520
69522,9192.0,29343.0,69521
69523,9192.0,29279.0,69522
69524,9192.0,28577.0,69523
69525,9192.0,29349.0,69524
69526,9192.0,29415.0,69525
69527,9192.0,28857.0,69526
69528,9192.0,28545.0,69527
69529,9192.0,28088.0,69528
69530,9192.0,27840.0,69529
69531,9192.0,27840.0,69530
69532,9192.0,28646.0,69531
69533,9192.0,28797.0,69532
69534,9192.0,28845.0,69533
69535,9192.0,29698.0,69534
69536,9192.0,30028.0,69535
69537,9192.0,29724.0,69536
69538,9192.0,29724.0,69537
69539,9192.0,31293.0,69538
69540,9192.0,31371.0,69539
69541,9192.0,30385.0,69540
69542,9192.0,30385.0,69541
69543,9192.0,30277.0,69542
69544,9192.0,30277.0,69543
69545,9192.0,30624.0,69544
69546,9192.0,31344.0,69545
69547,9192.0,31752.0,69546
69548,9192.0,31191.0,69547
69549,9192.0,30721.0,69548
69550,9192.0,31312.0,69549
69551,9192.0,31341.0,69550
69552,9192.0,31540.0,69551
69553,9192.0,31336.0,69552
69554,9192.0,29868.0,69553
69555,9192.0,29918.0,69554
69556,9192.0,29939.0,69555
69557,9192.0,29736.0,69556
69558,9192.0,29722.0,69557
69559,9192.0,29749.0,69558
69560,9192.0,29908.0,69559
69561,9192.0,29828.0,69560
69562,9192.0,29729.0,69561
69563,9192.0,29412.0,69562
69564,9192.0,28594.0,69563
69565,9192.0,28617.0,69564
69566,9192.0,29050.0,69565
69567,9192.0,28890.0,69566
69568,9192.0,28647.0,69567
69569,9192.0,28675.0,69568
69570,9192.0,28817.0,69569
69571,9192.0,28817.0,69570
69572,9192.0,27795.0,69571
69573,9192.0,27866.0,69572
69574,9192.0,26976.0,69573
69575,9192.0,26179.0,69574
69576,9192.0,25529.0,69575
69577,9192.0,25518.0,69576
69578,9192.0,25738.0,69577
69579,9192.0,25802.0,69578
69580,9192.0,26448.0,69579
69581,9192.0,26345.0,69580
69582,9192.0,26131.0,69581
69583,9192.0,25360.0,69582
69584,9192.0,24815.0,69583
69585,9192.0,25208.0,69584
69586,9192.0,25084.0,69585
69587,9192.0,25084.0,69586
69588,9192.0,26575.0,69587
69589,9192.0,26575.0,69588
69590,9192.0,26551.0,69589
69591,9192.0,26268.0,69590
69592,9192.0,26268.0,69591
69593,9192.0,26191.0,69592
69594,9192.0,25685.0,69593
69595,9192.0,25349.0,69594
69596,9192.0,25325.0,69595
69597,9192.0,25157.0,69596
69598,9192.0,25178.0,69597
69599,9192.0,25195.0,69598
69600,9192.0,25004.0,69599
69601,9192.0,25270.0,69600
69602,9192.0,25903.0,69601
69603,9192.0,26924.0,69602
69604,9192.0,26585.0,69603
69605,9192.0,26620.0,69604
69606,9192.0,26620.0,69605
69607,9192.0,26223.0,69606
69608,9192.0,25397.0,69607
69609,9192.0,25309.0,69608
69610,9192.0,25309.0,69609
69611,9192.0,25846.0,69610
69612,9192.0,26678.0,69611
69613,9192.0,26896.0,69612
69614,9192.0,26896.0,69613
69615,9192.0,27064.0,69614
69616,9192.0,27765.0,69615
69617,9192.0,27765.0,69616
69618,9192.0,27765.0,69617
69619,9192.0,27765.0,69618
69620,9192.0,27541.0,69619
69621,9192.0,27571.0,69620
69622,9192.0,27118.0,69621
69623,9192.0,27118.0,69622
69624,9192.0,27300.0,69623
69625,9192.0,27715.0,69624
69626,9192.0,28236.0,69625
69627,9192.0,28460.0,69626
69628,9192.0,28594.0,69627
69629,9192.0,28529.0,69628
69630,9192.0,28558.0,69629
69631,9192.0,28573.0,69630
69632,9192.0,27813.0,69631
69633,9192.0,27398.0,69632
69634,9192.0,27315.0,69633
69635,9192.0,26704.0,69634
69636,9192.0,26320.0,69635
69637,9192.0,26679.0,69636
69638,9192.0,26430.0,69637
69639,9192.0,26612.0,69638
69640,9192.0,26942.0,69639
69641,9192.0,27476.0,69640
69642,9192.0,27924.0,69641
69643,9192.0,28112.0,69642
69644,9192.0,27922.0,69643
69645,9192.0,27648.0,69644
69646,9192.0,27924.0,69645
69647,9192.0,27770.0,69646
69648,9192.0,27770.0,69647
69649,9192.0,27595.0,69648
69650,9192.0,27227.0,69649
69651,9192.0,27507.0,69650
69652,9192.0,28307.0,69651
69653,9192.0,28268.0,69652
69654,9192.0,28462.0,69653
69655,9192.0,28462.0,69654
69656,9192.0,28483.0,69655
69657,9192.0,28624.0,69656
69658,9192.0,29714.0,69657
69659,9192.0,29202.0,69658
69660,9192.0,29023.0,69659
69661,9192.0,29179.0,69660
69662,9192.0,28830.0,69661
69663,9192.0,28785.0,69662
69664,9192.0,28785.0,69663
69665,9192.0,28026.0,69664
69666,9192.0,28199.0,69665
69667,9192.0,28842.0,69666
69668,9192.0,28774.0,69667
69669,9192.0,28733.0,69668
69670,9192.0,28764.0,69669
69671,9192.0,28983.0,69670
69672,9192.0,27287.0,69671
69673,9192.0,27193.0,69672
69674,9192.0,27695.0,69673
69675,9192.0,27743.0,69674
69676,9192.0,28362.0,69675
69677,9192.0,28362.0,69676
69678,9192.0,28352.0,69677
69679,9192.0,27646.0,69678
69680,9192.0,27461.0,69679
69681,9192.0,27523.0,69680
69682,9192.0,27401.0,69681
69683,9192.0,27372.0,69682
69684,9192.0,27340.0,69683
69685,9192.0,27463.0,69684
69686,9192.0,27989.0,69685
69687,9192.0,27298.0,69686
69688,9192.0,26781.0,69687
69689,9192.0,26781.0,69688
69690,9192.0,26528.0,69689
69691,9192.0,26079.0,69690
69692,9192.0,26461.0,69691
69693,9192.0,26785.0,69692
69694,9192.0,27496.0,69693
69695,9192.0,27496.0,69694
69696,9192.0,28018.0,69695
69697,9192.0,27742.0,69696
69698,9192.0,26626.0,69697
69699,9192.0,26540.0,69698
69700,9192.0,26764.0,69699
69701,9192.0,27428.0,69700
69702,9192.0,28474.0,69701
69703,9192.0,28474.0,69702
69704,9192.0,28474.0,69703
69705,9192.0,30040.0,69704
69706,9192.0,30040.0,69705
69707,9192.0,30084.0,69706
69708,9192.0,29873.0,69707
69709,9192.0,29522.0,69708
69710,9192.0,29466.0,69709
69711,9192.0,29466.0,69710
69712,9192.0,29113.0,69711
69713,9192.0,29072.0,69712
69714,9192.0,29167.0,69713
69715,9192.0,29386.0,69714
69716,9192.0,28177.0,69715
69717,9192.0,28218.0,69716
69718,9192.0,28067.0,69717
69719,9192.0,28515.0,69718
69720,9192.0,28802.0,69719
69721,9192.0,28597.0,69720
69722,9192.0,29091.0,69721
69723,9192.0,29091.0,69722
69724,9192.0,29765.0,69723
69725,9192.0,29355.0,69724
69726,9192.0,29403.0,69725
69727,9192.0,29410.0,69726
69728,9192.0,29849.0,69727
69729,9192.0,30000.0,69728
69730,9192.0,29716.0,69729
69731,9192.0,29497.0,69730
69732,9192.0,29350.0,69731
69733,9192.0,29484.0,69732
69734,9192.0,29054.0,69733
69735,9192.0,29007.0,69734
69736,9192.0,28445.0,69735
69737,9192.0,28701.0,69736
69738,9192.0,28701.0,69737
69739,9192.0,28188.0,69738
69740,9192.0,28263.0,69739
69741,9192.0,27975.0,69740
69742,9192.0,27865.0,69741
69743,9192.0,28329.0,69742
69744,9192.0,28651.0,69743
69745,9192.0,28569.0,69744
69746,9192.0,28742.0,69745
69747,9192.0,28568.0,69746
69748,9192.0,28994.0,69747
69749,9192.0,29056.0,69748
69750,9192.0,29060.0,69749
69751,9192.0,28199.0,69750
69752,9192.0,28199.0,69751
69753,9192.0,29269.0,69752
69754,9192.0,29232.0,69753
69755,9192.0,29251.0,69754
69756,9192.0,29251.0,69755
69757,9192.0,29329.0,69756
69758,9192.0,28524.0,69757
69759,9192.0,28608.0,69758
69760,9192.0,29314.0,69759
69761,9192.0,29869.0,69760
69762,9192.0,28305.0,69761
69763,9192.0,28035.0,69762
69764,9192.0,28560.0,69763
69765,9192.0,28716.0,69764
69766,9192.0,28089.0,69765
69767,9192.0,28089.0,69766
69768,9192.0,28216.0,69767
69769,9192.0,28502.0,69768
69770,9192.0,28492.0,69769
69771,9192.0,28106.0,69770
69772,9192.0,27289.0,69771
69773,9192.0,27124.0,69772
69774,9192.0,27380.0,69773
69775,9192.0,26211.0,69774
69776,9192.0,26451.0,69775
69777,9192.0,27621.0,69776
69778,9192.0,28366.0,69777
69779,9192.0,29308.0,69778
69780,9192.0,29151.0,69779
69781,9192.0,29151.0,69780
69782,9192.0,29248.0,69781
69783,9192.0,29260.0,69782
69784,9192.0,29445.0,69783
69785,9192.0,29184.0,69784
69786,9192.0,28602.0,69785
69787,9192.0,29158.0,69786
69788,9192.0,28450.0,69787
69789,9192.0,28452.0,69788
69790,9192.0,28575.0,69789
69791,9192.0,27930.0,69790
69792,9192.0,27514.0,69791
69793,9192.0,27596.0,69792
69794,9192.0,27538.0,69793
69795,9192.0,28125.0,69794
69796,9192.0,27818.0,69795
69797,9192.0,27546.0,69796
69798,9192.0,27636.0,69797
69799,9192.0,28250.0,69798
69800,9192.0,28213.0,69799
69801,9192.0,28213.0,69800
69802,9192.0,28191.0,69801
69803,9192.0,28231.0,69802
69804,9192.0,28834.0,69803
69805,9192.0,28081.0,69804
69806,9192.0,27827.0,69805
69807,9192.0,27713.0,69806
69808,9192.0,27490.0,69807
69809,9192.0,28055.0,69808
69810,9192.0,28545.0,69809
69811,9192.0,28659.0,69810
69812,9192.0,28660.0,69811
69813,9192.0,28201.0,69812
69814,9192.0,28587.0,69813
69815,9192.0,28420.0,69814
69816,9192.0,29129.0,69815
69817,9192.0,29033.0,69816
69818,9192.0,29095.0,69817
69819,9192.0,29095.0,69818
69820,9192.0,28677.0,69819
69821,9192.0,28748.0,69820
69822,9192.0,28799.0,69821
69823,9192.0,29441.0,69822
69824,9192.0,29848.0,69823
69825,9192.0,30211.0,69824
69826,9192.0,30298.0,69825
69827,9192.0,29792.0,69826
69828,9192.0,29715.0,69827
69829,9192.0,29735.0,69828
69830,9192.0,29434.0,69829
69831,9192.0,29434.0,69830
69832,9192.0,29487.0,69831
69833,9192.0,29127.0,69832
69834,9192.0,29508.0,69833
69835,9192.0,29603.0,69834
69836,9192.0,29200.0,69835
69837,9192.0,29581.0,69836
69838,9192.0,30354.0,69837
69839,9192.0,30354.0,69838
69840,9192.0,30596.0,69839
69841,9192.0,30536.0,69840
69842,9192.0,30483.0,69841
69843,9192.0,31447.0,69842
69844,9192.0,31586.0,69843
69845,9192.0,30872.0,69844
69846,9192.0,30822.0,69845
69847,9192.0,30820.0,69846
69848,9192.0,30689.0,69847
69849,9192.0,30704.0,69848
69850,9192.0,30795.0,69849
69851,9192.0,30843.0,69850
69852,9192.0,30837.0,69851
69853,9192.0,30574.0,69852
69854,9192.0,30669.0,69853
69855,9192.0,30431.0,69854
69856,9192.0,30282.0,69855
69857,9192.0,29964.0,69856
69858,9192.0,29875.0,69857
69859,9192.0,29902.0,69858
69860,9192.0,30149.0,69859
69861,9192.0,30379.0,69860
69862,9192.0,30079.0,69861
69863,9192.0,30278.0,69862
69864,9192.0,30209.0,69863
69865,9192.0,30488.0,69864
69866,9192.0,30054.0,69865
69867,9192.0,30893.0,69866
69868,9192.0,31305.0,69867
69869,9192.0,31399.0,69868
69870,9192.0,30417.0,69869
69871,9192.0,29382.0,69870
69872,9192.0,29686.0,69871
69873,9192.0,29966.0,69872
69874,9192.0,29750.0,69873
69875,9192.0,28585.0,69874
69876,9192.0,28105.0,69875
69877,9192.0,27949.0,69876
69878,9192.0,27874.0,69877
69879,9192.0,27615.0,69878
69880,9192.0,28384.0,69879
69881,9192.0,28325.0,69880
69882,9192.0,28584.0,69881
69883,9192.0,28101.0,69882
69884,9192.0,27808.0,69883
69885,9192.0,28060.0,69884
69886,9192.0,28208.0,69885
69887,9192.0,28893.0,69886
69888,9192.0,28893.0,69887
69889,9192.0,28627.0,69888
69890,9192.0,28618.0,69889
69891,9192.0,28643.0,69890
69892,9192.0,28543.0,69891
69893,9192.0,28385.0,69892
69894,9192.0,29565.0,69893
69895,9192.0,29150.0,69894
69896,9192.0,29817.0,69895
69897,9192.0,29752.0,69896
69898,9192.0,29882.0,69897
69899,9192.0,29504.0,69898
69900,9192.0,29504.0,69899
69901,9192.0,29565.0,69900
69902,9192.0,29122.0,69901
69903,9192.0,29390.0,69902
69904,9192.0,29263.0,69903
69905,9192.0,28870.0,69904
69906,9192.0,28716.0,69905
69907,9192.0,28200.0,69906
69908,9192.0,28043.0,69907
69909,9192.0,28043.0,69908
69910,9192.0,27570.0,69909
69911,9192.0,27641.0,69910
69912,9192.0,28120.0,69911
69913,9192.0,28079.0,69912
69914,9192.0,28099.0,69913
69915,9192.0,28746.0,69914
69916,9192.0,27974.0,69915
69917,9192.0,27863.0,69916
69918,9192.0,27773.0,69917
69919,9192.0,28086.0,69918
69920,9192.0,28121.0,69919
69921,9192.0,28121.0,69920
69922,9192.0,28207.0,69921
69923,9192.0,28312.0,69922
69924,9192.0,28411.0,69923
69925,9192.0,28544.0,69924
69926,9192.0,28365.0,69925
69927,9192.0,28301.0,69926
69928,9192.0,27919.0,69927
69929,9192.0,27981.0,69928
69930,9192.0,27950.0,69929
69931,9192.0,28019.0,69930
69932,9192.0,28640.0,69931
69933,9192.0,28082.0,69932
69934,9192.0,27862.0,69933
69935,9192.0,27844.0,69934
69936,9192.0,27844.0,69935
69937,9192.0,27781.0,69936
69938,9192.0,26083.0,69937
69939,9192.0,25823.0,69938
69940,9192.0,25677.0,69939
69941,9192.0,26375.0,69940
69942,9192.0,26678.0,69941
69943,9192.0,26687.0,69942
69944,9192.0,26793.0,69943
69945,9192.0,26854.0,69944
69946,9192.0,27412.0,69945
69947,9192.0,27039.0,69946
69948,9192.0,27145.0,69947
69949,9192.0,26930.0,69948
69950,9192.0,28359.0,69949
69951,9192.0,28226.0,69950
69952,9192.0,28673.0,69951
69953,9192.0,28742.0,69952
69954,9192.0,28733.0,69953
69955,9192.0,28605.0,69954
69956,9192.0,28835.0,69955
69957,9192.0,28741.0,69956
69958,9192.0,28608.0,69957
69959,9192.0,28425.0,69958
69960,9192.0,27921.0,69959
69961,9192.0,27845.0,69960
69962,9192.0,28149.0,69961
69963,9192.0,28665.0,69962
69964,9192.0,28734.0,69963
69965,9192.0,28358.0,69964
69966,9192.0,28344.0,69965
69967,9192.0,27297.0,69966
69968,9192.0,27292.0,69967
69969,9192.0,27486.0,69968
69970,9192.0,27242.0,69969
69971,9192.0,26934.0,69970
69972,9192.0,26371.0,69971
69973,9192.0,26651.0,69972
69974,9192.0,26388.0,69973
69975,9192.0,26610.0,69974
69976,9192.0,26587.0,69975
69977,9192.0,26584.0,69976
69978,9192.0,26844.0,69977
69979,9192.0,26761.0,69978
69980,9192.0,26085.0,69979
69981,9192.0,26877.0,69980
69982,9192.0,27067.0,69981
69983,9192.0,26944.0,69982
69984,9192.0,26274.0,69983
69985,9192.0,25976.0,69984
69986,9192.0,26174.0,69985
69987,9192.0,25721.0,69986
69988,9192.0,25893.0,69987
69989,9192.0,26022.0,69988
69990,9192.0,26245.0,69989
69991,9192.0,27086.0,69990
69992,9192.0,27744.0,69991
69993,9192.0,28134.0,69992
69994,9192.0,27210.0,69993
69995,9192.0,27210.0,69994
69996,9192.0,28270.0,69995
69997,9192.0,27954.0,69996
69998,9192.0,27980.0,69997
69999,9192.0,27461.0,69998
70000,9192.0,26267.0,69999
70001,9192.0,26232.0,70000
70002,9192.0,27091.0,70001
70003,9192.0,27256.0,70002
70004,9192.0,27314.0,70003
70005,9192.0,27738.0,70004
70006,9192.0,27744.0,70005
70007,9192.0,27782.0,70006
70008,9192.0,28257.0,70007
70009,9192.0,26400.0,70008
70010,9192.0,26400.0,70009
70011,9192.0,26458.0,70010
70012,9192.0,26242.0,70011
70013,9192.0,27167.0,70012
70014,9192.0,27102.0,70013
70015,9192.0,27102.0,70014
70016,9192.0,28158.0,70015
70017,9192.0,28202.0,70016
70018,9192.0,28407.0,70017
70019,9192.0,28711.0,70018
70020,9192.0,28711.0,70019
70021,9192.0,29209.0,70020
70022,9192.0,29202.0,70021
70023,9192.0,29249.0,70022
70024,9192.0,29384.0,70023
70025,9192.0,29163.0,70024
70026,9192.0,28946.0,70025
70027,9192.0,28426.0,70026
70028,9192.0,28866.0,70027
70029,9192.0,28942.0,70028
70030,9192.0,28260.0,70029
70031,9192.0,28532.0,70030
70032,9192.0,28537.0,70031
70033,9192.0,28354.0,70032
70034,9192.0,28466.0,70033
70035,9192.0,28258.0,70034
70036,9192.0,28136.0,70035
70037,9192.0,28005.0,70036
70038,9192.0,27938.0,70037
70039,9192.0,28160.0,70038
70040,9192.0,28765.0,70039
70041,9192.0,28475.0,70040
70042,9192.0,28828.0,70041
70043,9192.0,28906.0,70042
70044,9192.0,29002.0,70043
70045,9192.0,28973.0,70044
70046,9192.0,29145.0,70045
70047,9192.0,29499.0,70046
70048,9192.0,29201.0,70047
70049,9192.0,29460.0,70048
70050,9192.0,29274.0,70049
70051,9192.0,29234.0,70050
70052,9192.0,28729.0,70051
70053,9192.0,28311.0,70052
70054,9192.0,28690.0,70053
70055,9192.0,28669.0,70054
70056,9192.0,28626.0,70055
70057,9192.0,27943.0,70056
70058,9192.0,28022.0,70057
70059,9192.0,27903.0,70058
70060,9192.0,27313.0,70059
70061,9192.0,27371.0,70060
70062,9192.0,27064.0,70061
70063,9192.0,26948.0,70062
70064,9192.0,27098.0,70063
70065,9192.0,26657.0,70064
70066,9192.0,26790.0,70065
70067,9192.0,26932.0,70066
70068,9192.0,27284.0,70067
70069,9192.0,26983.0,70068
70070,9192.0,26929.0,70069
70071,9192.0,26787.0,70070
70072,9192.0,26899.0,70071
70073,9192.0,27617.0,70072
70074,9192.0,27374.0,70073
70075,9192.0,27178.0,70074
70076,9192.0,28257.0,70075
70077,9192.0,28386.0,70076
70078,9192.0,28770.0,70077
70079,9192.0,29893.0,70078
70080,9192.0,30119.0,70079
70081,9192.0,29662.0,70080
70082,9192.0,29662.0,70081
70083,9192.0,29980.0,70082
70084,9192.0,30545.0,70083
70085,9192.0,31445.0,70084
70086,9192.0,31094.0,70085
70087,9192.0,30950.0,70086
70088,9192.0,30950.0,70087
70089,9192.0,30564.0,70088
70090,9192.0,29771.0,70089
70091,9192.0,29780.0,70090
70092,9192.0,29780.0,70091
70093,9192.0,30427.0,70092
70094,9192.0,30102.0,70093
70095,9192.0,30268.0,70094
70096,9192.0,30196.0,70095
70097,9192.0,30770.0,70096
70098,9192.0,30524.0,70097
70099,9192.0,30412.0,70098
70100,9192.0,30729.0,70099
70101,9192.0,29796.0,70100
70102,9192.0,28701.0,70101
70103,9192.0,28596.0,70102
70104,9192.0,28802.0,70103
70105,9192.0,28750.0,70104
70106,9192.0,28750.0,70105
70107,9192.0,28976.0,70106
70108,9192.0,28752.0,70107
70109,9192.0,28752.0,70108
70110,9192.0,28743.0,70109
70111,9192.0,28760.0,70110
70112,9192.0,28582.0,70111
70113,9192.0,28586.0,70112
70114,9192.0,27859.0,70113
70115,9192.0,28079.0,70114
70116,9192.0,27546.0,70115
70117,9192.0,27847.0,70116
70118,9192.0,27479.0,70117
70119,9192.0,28051.0,70118
70120,9192.0,27972.0,70119
70121,9192.0,28844.0,70120
70122,9192.0,28980.0,70121
70123,9192.0,29728.0,70122
70124,9192.0,29297.0,70123
70125,9192.0,28586.0,70124
70126,9192.0,28683.0,70125
70127,9192.0,29158.0,70126
70128,9192.0,29565.0,70127
70129,9192.0,29528.0,70128
70130,9192.0,29455.0,70129
70131,9192.0,29435.0,70130
70132,9192.0,29364.0,70131
70133,9192.0,29211.0,70132
70134,9192.0,29058.0,70133
70135,9192.0,27543.0,70134
70136,9192.0,27536.0,70135
70137,9192.0,26974.0,70136
70138,9192.0,27053.0,70137
70139,9192.0,26578.0,70138
70140,9192.0,26573.0,70139
70141,9192.0,26573.0,70140
70142,9192.0,26351.0,70141
70143,9192.0,26483.0,70142
70144,9192.0,26536.0,70143
70145,9192.0,26574.0,70144
70146,9192.0,26465.0,70145
70147,9192.0,26055.0,70146
70148,9192.0,26314.0,70147
70149,9192.0,26816.0,70148
70150,9192.0,27935.0,70149
70151,9192.0,28026.0,70150
70152,9192.0,27983.0,70151
70153,9192.0,27856.0,70152
70154,9192.0,28295.0,70153
70155,9192.0,28295.0,70154
70156,9192.0,28319.0,70155
70157,9192.0,28417.0,70156
70158,9192.0,28448.0,70157
70159,9192.0,28172.0,70158
70160,9192.0,28211.0,70159
70161,9192.0,28835.0,70160
70162,9192.0,28689.0,70161
70163,9192.0,28895.0,70162
70164,9192.0,29789.0,70163
70165,9192.0,29510.0,70164
70166,9192.0,29183.0,70165
70167,9192.0,29223.0,70166
70168,9192.0,29384.0,70167
70169,9192.0,29168.0,70168
70170,9192.0,29005.0,70169
70171,9192.0,28892.0,70170
70172,9192.0,28901.0,70171
70173,9192.0,28901.0,70172
70174,9192.0,28834.0,70173
70175,9192.0,28255.0,70174
70176,9192.0,28255.0,70175
70177,9192.0,28254.0,70176
70178,9192.0,27930.0,70177
70179,9192.0,27939.0,70178
70180,9192.0,28787.0,70179
70181,9192.0,28224.0,70180
70182,9192.0,28014.0,70181
70183,9192.0,27962.0,70182
70184,9192.0,27962.0,70183
70185,9192.0,28836.0,70184
70186,9192.0,29220.0,70185
70187,9192.0,28524.0,70186
70188,9192.0,27417.0,70187
70189,9192.0,27536.0,70188
70190,9192.0,28096.0,70189
70191,9192.0,28090.0,70190
70192,9192.0,28188.0,70191
70193,9192.0,28325.0,70192
70194,9192.0,28808.0,70193
70195,9192.0,28432.0,70194
70196,9192.0,28248.0,70195
70197,9192.0,28612.0,70196
70198,9192.0,28612.0,70197
70199,9192.0,28756.0,70198
70200,9192.0,28524.0,70199
70201,9192.0,28550.0,70200
70202,9192.0,28320.0,70201
70203,9192.0,28242.0,70202
70204,9192.0,29601.0,70203
70205,9192.0,29551.0,70204
70206,9192.0,29551.0,70205
70207,9192.0,29368.0,70206
70208,9192.0,29368.0,70207
70209,9192.0,29524.0,70208
70210,9192.0,30250.0,70209
70211,9192.0,30423.0,70210
70212,9192.0,31105.0,70211
70213,9192.0,31227.0,70212
70214,9192.0,30756.0,70213
70215,9192.0,30462.0,70214
70216,9192.0,30014.0,70215
70217,9192.0,30209.0,70216
70218,9192.0,30334.0,70217
70219,9192.0,30683.0,70218
70220,9192.0,30614.0,70219
70221,9192.0,30639.0,70220
70222,9192.0,30565.0,70221
70223,9192.0,30589.0,70222
70224,9192.0,30720.0,70223
70225,9192.0,30745.0,70224
70226,9192.0,30588.0,70225
70227,9192.0,30577.0,70226
70228,9192.0,31269.0,70227
70229,9192.0,31094.0,70228
70230,9192.0,31553.0,70229
70231,9192.0,31834.0,70230
70232,9192.0,31675.0,70231
70233,9192.0,31589.0,70232
70234,9192.0,31506.0,70233
70235,9192.0,31232.0,70234
70236,9192.0,32257.0,70235
70237,9192.0,31813.0,70236
70238,9192.0,31813.0,70237
70239,9192.0,31813.0,70238
70240,9192.0,31685.0,70239
70241,9192.0,31405.0,70240
70242,9192.0,31358.0,70241
70243,9192.0,30836.0,70242
70244,9192.0,30836.0,70243
70245,9192.0,30812.0,70244
70246,9192.0,31121.0,70245
70247,9192.0,31109.0,70246
70248,9192.0,31041.0,70247
70249,9192.0,31046.0,70248
70250,9192.0,31300.0,70249
70251,9192.0,32101.0,70250
70252,9192.0,33337.0,70251
70253,9192.0,33635.0,70252
70254,9192.0,33250.0,70253
70255,9192.0,32955.0,70254
70256,9192.0,32432.0,70255
70257,9192.0,32606.0,70256
70258,9192.0,32808.0,70257
70259,9192.0,32774.0,70258
70260,9192.0,32475.0,70259
70261,9192.0,32326.0,70260
70262,9192.0,31750.0,70261
70263,9192.0,31442.0,70262
70264,9192.0,31326.0,70263
70265,9192.0,31579.0,70264
70266,9192.0,31699.0,70265
70267,9192.0,31818.0,70266
70268,9192.0,32182.0,70267
70269,9192.0,32064.0,70268
70270,9192.0,32556.0,70269
70271,9192.0,32342.0,70270
70272,9192.0,32443.0,70271
70273,9192.0,32293.0,70272
70274,9192.0,32056.0,70273
70275,9192.0,32262.0,70274
70276,9192.0,32268.0,70275
70277,9192.0,31574.0,70276
70278,9192.0,31242.0,70277
70279,9192.0,32036.0,70278
70280,9192.0,32050.0,70279
70281,9192.0,32050.0,70280
70282,9192.0,32390.0,70281
70283,9192.0,32207.0,70282
70284,9192.0,32230.0,70283
70285,9192.0,32713.0,70284
70286,9192.0,32426.0,70285
70287,9192.0,32489.0,70286
70288,9192.0,32373.0,70287
70289,9192.0,32375.0,70288
70290,9192.0,32703.0,70289
70291,9192.0,32312.0,70290
70292,9192.0,32312.0,70291
70293,9192.0,32416.0,70292
70294,9192.0,31084.0,70293
70295,9192.0,31454.0,70294
70296,9192.0,31645.0,70295
70297,9192.0,31777.0,70296
70298,9192.0,31738.0,70297
70299,9192.0,32001.0,70298
70300,9192.0,31556.0,70299
70301,9192.0,31485.0,70300
70302,9192.0,31837.0,70301
70303,9192.0,31427.0,70302
70304,9192.0,31876.0,70303
70305,9192.0,31675.0,70304
70306,9192.0,31226.0,70305
70307,9192.0,31721.0,70306
70308,9192.0,31556.0,70307
70309,9192.0,31102.0,70308
70310,9192.0,31279.0,70309
70311,9192.0,31217.0,70310
70312,9192.0,31172.0,70311
70313,9192.0,30847.0,70312
70314,9192.0,30973.0,70313
70315,9192.0,30741.0,70314
70316,9192.0,30351.0,70315
70317,9192.0,30309.0,70316
70318,9192.0,30331.0,70317
70319,9192.0,29523.0,70318
70320,9192.0,29695.0,70319
70321,9192.0,29625.0,70320
70322,9192.0,30389.0,70321
70323,9192.0,31616.0,70322
70324,9192.0,31838.0,70323
70325,9192.0,31728.0,70324
70326,9192.0,32591.0,70325
70327,9192.0,33035.0,70326
70328,9192.0,33250.0,70327
70329,9192.0,33184.0,70328
70330,9192.0,32313.0,70329
70331,9192.0,32291.0,70330
70332,9192.0,32311.0,70331
70333,9192.0,32500.0,70332
70334,9192.0,32733.0,70333
70335,9192.0,32795.0,70334
70336,9192.0,32788.0,70335
70337,9192.0,33287.0,70336
70338,9192.0,33169.0,70337
70339,9192.0,32729.0,70338
70340,9192.0,32461.0,70339
70341,9192.0,32048.0,70340
70342,9192.0,32267.0,70341
70343,9192.0,31686.0,70342
70344,9192.0,31550.0,70343
70345,9192.0,31507.0,70344
70346,9192.0,31394.0,70345
70347,9192.0,30478.0,70346
70348,9192.0,31234.0,70347
70349,9192.0,31146.0,70348
70350,9192.0,30668.0,70349
70351,9192.0,30873.0,70350
70352,9192.0,29358.0,70351
70353,9192.0,29702.0,70352
70354,9192.0,29790.0,70353
70355,9192.0,29635.0,70354
70356,9192.0,29063.0,70355
70357,9192.0,29158.0,70356
70358,9192.0,28009.0,70357
70359,9192.0,27859.0,70358
70360,9192.0,27938.0,70359
70361,9192.0,27199.0,70360
70362,9192.0,27283.0,70361
70363,9192.0,27226.0,70362
70364,9192.0,27283.0,70363
70365,9192.0,27317.0,70364
70366,9192.0,27477.0,70365
70367,9192.0,27477.0,70366
70368,9192.0,27183.0,70367
70369,9192.0,28332.0,70368
70370,9192.0,28354.0,70369
70371,9192.0,28386.0,70370
70372,9192.0,28990.0,70371
70373,9192.0,28812.0,70372
70374,9192.0,28105.0,70373
70375,9192.0,28146.0,70374
70376,9192.0,28341.0,70375
70377,9192.0,28463.0,70376
70378,9192.0,28763.0,70377
70379,9192.0,29025.0,70378
70380,9192.0,29821.0,70379
70381,9192.0,29783.0,70380
70382,9192.0,30053.0,70381
70383,9192.0,29804.0,70382
70384,9192.0,29961.0,70383
70385,9192.0,29961.0,70384
70386,9192.0,30623.0,70385
70387,9192.0,30816.0,70386
70388,9192.0,31392.0,70387
70389,9192.0,31072.0,70388
70390,9192.0,31880.0,70389
70391,9192.0,31758.0,70390
70392,9192.0,31788.0,70391
70393,9192.0,31817.0,70392
70394,9192.0,31635.0,70393
70395,9192.0,31625.0,70394
70396,9192.0,32074.0,70395
70397,9192.0,31709.0,70396
70398,9192.0,31883.0,70397
70399,9192.0,31705.0,70398
70400,9192.0,31751.0,70399
70401,9192.0,31835.0,70400
70402,9192.0,31631.0,70401
70403,9192.0,31588.0,70402
70404,9192.0,30995.0,70403
70405,9192.0,30957.0,70404
70406,9192.0,30856.0,70405
70407,9192.0,30920.0,70406
70408,9192.0,30920.0,70407
70409,9192.0,30921.0,70408
70410,9192.0,30760.0,70409
70411,9192.0,30818.0,70410
70412,9192.0,31420.0,70411
70413,9192.0,31901.0,70412
70414,9192.0,31552.0,70413
70415,9192.0,31729.0,70414
70416,9192.0,31729.0,70415
70417,9192.0,31740.0,70416
70418,9192.0,32169.0,70417
70419,9192.0,32111.0,70418
70420,9192.0,32229.0,70419
70421,9192.0,31302.0,70420
70422,9192.0,31003.0,70421
70423,9192.0,31180.0,70422
70424,9192.0,30364.0,70423
70425,9192.0,29711.0,70424
70426,9192.0,29639.0,70425
70427,9192.0,28333.0,70426
70428,9192.0,27739.0,70427
70429,9192.0,28218.0,70428
70430,9192.0,28177.0,70429
70431,9192.0,28064.0,70430
70432,9192.0,28109.0,70431
70433,9192.0,28173.0,70432
70434,9192.0,28173.0,70433
70435,9192.0,28450.0,70434
70436,9192.0,28500.0,70435
70437,9192.0,28248.0,70436
70438,9192.0,28850.0,70437
70439,9192.0,28866.0,70438
70440,9192.0,29119.0,70439
70441,9192.0,29087.0,70440
70442,9192.0,29158.0,70441
70443,9192.0,29134.0,70442
70444,9192.0,29118.0,70443
70445,9192.0,29118.0,70444
70446,9192.0,29314.0,70445
70447,9192.0,28148.0,70446
70448,9192.0,28369.0,70447
70449,9192.0,28650.0,70448
70450,9192.0,28720.0,70449
70451,9192.0,29257.0,70450
70452,9192.0,29252.0,70451
70453,9192.0,28971.0,70452
70454,9192.0,29523.0,70453
70455,9192.0,29377.0,70454
70456,9192.0,29645.0,70455
70457,9192.0,29358.0,70456
70458,9192.0,29442.0,70457
70459,9192.0,30248.0,70458
70460,9192.0,30125.0,70459
70461,9192.0,30339.0,70460
70462,9192.0,30339.0,70461
70463,9192.0,30387.0,70462
70464,9192.0,30359.0,70463
70465,9192.0,29202.0,70464
70466,9192.0,28896.0,70465
70467,9192.0,28638.0,70466
70468,9192.0,28244.0,70467
70469,9192.0,27369.0,70468
70470,9192.0,27417.0,70469
70471,9192.0,28505.0,70470
70472,9192.0,28404.0,70471
70473,9192.0,28358.0,70472
70474,9192.0,26525.0,70473
70475,9192.0,26036.0,70474
70476,9192.0,26047.0,70475
70477,9192.0,25203.0,70476
70478,9192.0,26009.0,70477
70479,9192.0,26009.0,70478
70480,9192.0,26304.0,70479
70481,9192.0,25331.0,70480
70482,9192.0,24835.0,70481
70483,9192.0,24835.0,70482
70484,9192.0,24835.0,70483
70485,9192.0,24192.0,70484
70486,9192.0,24859.0,70485
70487,9192.0,24727.0,70486
70488,9192.0,24470.0,70487
70489,9192.0,24204.0,70488
70490,9192.0,24204.0,70489
70491,9192.0,23595.0,70490
70492,9192.0,23050.0,70491
70493,9192.0,23451.0,70492
70494,9192.0,23265.0,70493
70495,9192.0,24066.0,70494
70496,9192.0,24143.0,70495
70497,9192.0,24428.0,70496
70498,9192.0,24442.0,70497
70499,9192.0,24180.0,70498
70500,9192.0,25136.0,70499
70501,9192.0,24839.0,70500
70502,9192.0,25063.0,70501
70503,9192.0,25063.0,70502
70504,9192.0,25142.0,70503
70505,9192.0,25315.0,70504
70506,9192.0,24750.0,70505
70507,9192.0,26497.0,70506
70508,9192.0,26497.0,70507
70509,9192.0,26368.0,70508
70510,9192.0,26185.0,70509
70511,9192.0,26074.0,70510
70512,9192.0,26110.0,70511
70513,9192.0,26313.0,70512
70514,9192.0,26397.0,70513
70515,9192.0,26868.0,70514
70516,9192.0,26907.0,70515
70517,9192.0,26990.0,70516
70518,9192.0,27140.0,70517
70519,9192.0,26664.0,70518
70520,9192.0,26636.0,70519
70521,9192.0,26618.0,70520
70522,9192.0,26618.0,70521
70523,9192.0,26576.0,70522
70524,9192.0,26576.0,70523
70525,9192.0,26426.0,70524
70526,9192.0,26652.0,70525
70527,9192.0,26600.0,70526
70528,9192.0,27259.0,70527
70529,9192.0,27307.0,70528
70530,9192.0,27307.0,70529
70531,9192.0,26474.0,70530
70532,9192.0,26781.0,70531
70533,9192.0,26715.0,70532
70534,9192.0,26794.0,70533
70535,9192.0,26812.0,70534
70536,9192.0,26748.0,70535
70537,9192.0,26715.0,70536
70538,9192.0,26993.0,70537
70539,9192.0,27187.0,70538
70540,9192.0,27611.0,70539
70541,9192.0,27398.0,70540
70542,9192.0,27202.0,70541
70543,9192.0,27005.0,70542
70544,9192.0,26998.0,70543
70545,9192.0,26998.0,70544
70546,9192.0,27075.0,70545
70547,9192.0,28253.0,70546
70548,9192.0,29741.0,70547
70549,9192.0,30025.0,70548
70550,9192.0,29574.0,70549
70551,9192.0,29362.0,70550
70552,9192.0,29322.0,70551
70553,9192.0,29322.0,70552
70554,9192.0,29310.0,70553
70555,9192.0,29238.0,70554
70556,9192.0,28692.0,70555
70557,9192.0,27121.0,70556
70558,9192.0,26598.0,70557
70559,9192.0,26598.0,70558
70560,9192.0,26768.0,70559
70561,9192.0,26768.0,70560
70562,9192.0,27688.0,70561
70563,9192.0,27492.0,70562
70564,9192.0,27599.0,70563
70565,9192.0,27597.0,70564
70566,9192.0,27597.0,70565
70567,9192.0,27726.0,70566
70568,9192.0,27581.0,70567
70569,9192.0,27748.0,70568
70570,9192.0,27859.0,70569
70571,9192.0,28014.0,70570
70572,9192.0,27673.0,70571
70573,9192.0,27659.0,70572
70574,9192.0,27473.0,70573
70575,9192.0,27406.0,70574
70576,9192.0,27211.0,70575
70577,9192.0,27211.0,70576
70578,9192.0,27109.0,70577
70579,9192.0,27069.0,70578
70580,9192.0,27145.0,70579
70581,9192.0,27185.0,70580
70582,9192.0,27593.0,70581
70583,9192.0,27203.0,70582
70584,9192.0,27203.0,70583
70585,9192.0,27496.0,70584
70586,9192.0,27171.0,70585
70587,9192.0,27305.0,70586
70588,9192.0,27089.0,70587
70589,9192.0,26567.0,70588
70590,9192.0,26524.0,70589
70591,9192.0,26502.0,70590
70592,9192.0,26366.0,70591
70593,9192.0,26366.0,70592
70594,9192.0,26605.0,70593
70595,9192.0,26876.0,70594
70596,9192.0,26672.0,70595
70597,9192.0,26640.0,70596
70598,9192.0,26897.0,70597
70599,9192.0,26991.0,70598
70600,9192.0,26679.0,70599
70601,9192.0,26064.0,70600
70602,9192.0,26677.0,70601
70603,9192.0,29922.0,70602
70604,9192.0,29996.0,70603
70605,9192.0,30134.0,70604
70606,9192.0,30125.0,70605
70607,9192.0,30125.0,70606
70608,9192.0,30102.0,70607
70609,9192.0,30015.0,70608
70610,9192.0,28572.0,70609
70611,9192.0,28572.0,70610
70612,9192.0,28659.0,70611
70613,9192.0,28575.0,70612
70614,9192.0,28560.0,70613
70615,9192.0,28480.0,70614
70616,9192.0,28589.0,70615
70617,9192.0,28486.0,70616
70618,9192.0,27587.0,70617
70619,9192.0,26443.0,70618
70620,9192.0,26629.0,70619
70621,9192.0,26985.0,70620
70622,9192.0,26842.0,70621
70623,9192.0,26800.0,70622
70624,9192.0,26800.0,70623
70625,9192.0,26856.0,70624
70626,9192.0,26856.0,70625
70627,9192.0,26856.0,70626
70628,9192.0,27124.0,70627
70629,9192.0,27132.0,70628
70630,9192.0,27103.0,70629
70631,9192.0,27103.0,70630
70632,9192.0,26357.0,70631
70633,9192.0,26577.0,70632
70634,9192.0,26577.0,70633
70635,9192.0,26631.0,70634
70636,9192.0,26440.0,70635
70637,9192.0,26440.0,70636
70638,9192.0,26737.0,70637
70639,9192.0,27539.0,70638
70640,9192.0,27417.0,70639
70641,9192.0,28246.0,70640
70642,9192.0,28064.0,70641
70643,9192.0,27579.0,70642
70644,9192.0,27221.0,70643
70645,9192.0,26693.0,70644
70646,9192.0,26746.0,70645
70647,9192.0,27199.0,70646
70648,9192.0,27651.0,70647
70649,9192.0,27787.0,70648
70650,9192.0,27983.0,70649
70651,9192.0,27807.0,70650
70652,9192.0,28048.0,70651
70653,9192.0,28226.0,70652
70654,9192.0,28672.0,70653
70655,9192.0,28669.0,70654
70656,9192.0,28402.0,70655
70657,9192.0,28402.0,70656
70658,9192.0,28427.0,70657
70659,9192.0,28473.0,70658
70660,9192.0,28638.0,70659
70661,9192.0,28225.0,70660
70662,9192.0,27871.0,70661
70663,9192.0,28081.0,70662
70664,9192.0,27954.0,70663
70665,9192.0,28667.0,70664
70666,9192.0,29712.0,70665
70667,9192.0,29729.0,70666
70668,9192.0,30274.0,70667
70669,9192.0,30114.0,70668
70670,9192.0,29765.0,70669
70671,9192.0,30672.0,70670
70672,9192.0,31802.0,70671
70673,9192.0,31549.0,70672
70674,9192.0,31521.0,70673
70675,9192.0,30896.0,70674
70676,9192.0,30872.0,70675
70677,9192.0,31272.0,70676
70678,9192.0,31288.0,70677
70679,9192.0,31769.0,70678
70680,9192.0,31951.0,70679
70681,9192.0,31764.0,70680
70682,9192.0,31628.0,70681
70683,9192.0,31672.0,70682
70684,9192.0,31512.0,70683
70685,9192.0,31364.0,70684
70686,9192.0,30884.0,70685
70687,9192.0,28928.0,70686
70688,9192.0,30298.0,70687
70689,9192.0,30239.0,70688
70690,9192.0,30545.0,70689
70691,9192.0,30950.0,70690
70692,9192.0,32023.0,70691
70693,9192.0,31708.0,70692
70694,9192.0,31127.0,70693
70695,9192.0,30971.0,70694
70696,9192.0,31353.0,70695
70697,9192.0,31443.0,70696
70698,9192.0,31274.0,70697
70699,9192.0,31064.0,70698
70700,9192.0,31097.0,70699
70701,9192.0,30968.0,70700
70702,9192.0,30944.0,70701
70703,9192.0,30765.0,70702
70704,9192.0,31046.0,70703
70705,9192.0,31046.0,70704
70706,9192.0,31325.0,70705
70707,9192.0,31180.0,70706
70708,9192.0,30541.0,70707
70709,9192.0,30124.0,70708
70710,9192.0,30677.0,70709
70711,9192.0,30963.0,70710
70712,9192.0,31436.0,70711
70713,9192.0,31390.0,70712
70714,9192.0,31035.0,70713
70715,9192.0,31053.0,70714
70716,9192.0,30994.0,70715
70717,9192.0,30836.0,70716
70718,9192.0,31513.0,70717
70719,9192.0,31546.0,70718
70720,9192.0,31623.0,70719
70721,9192.0,31998.0,70720
70722,9192.0,31773.0,70721
70723,9192.0,31468.0,70722
70724,9192.0,31636.0,70723
70725,9192.0,31408.0,70724
70726,9192.0,32258.0,70725
70727,9192.0,32132.0,70726
70728,9192.0,31610.0,70727
70729,9192.0,31599.0,70728
70730,9192.0,31582.0,70729
70731,9192.0,31571.0,70730
70732,9192.0,31572.0,70731
70733,9192.0,31726.0,70732
70734,9192.0,31772.0,70733
70735,9192.0,30922.0,70734
70736,9192.0,30466.0,70735
70737,9192.0,30474.0,70736
70738,9192.0,30963.0,70737
70739,9192.0,30830.0,70738
70740,9192.0,31469.0,70739
70741,9192.0,31522.0,70740
70742,9192.0,31271.0,70741
70743,9192.0,31290.0,70742
70744,9192.0,31290.0,70743
70745,9192.0,31254.0,70744
70746,9192.0,31897.0,70745
70747,9192.0,31814.0,70746
70748,9192.0,32125.0,70747
70749,9192.0,32400.0,70748
70750,9192.0,32550.0,70749
70751,9192.0,32376.0,70750
70752,9192.0,32553.0,70751
70753,9192.0,32591.0,70752
70754,9192.0,31886.0,70753
70755,9192.0,31685.0,70754
70756,9192.0,31258.0,70755
70757,9192.0,31245.0,70756
70758,9192.0,31743.0,70757
70759,9192.0,31819.0,70758
70760,9192.0,32013.0,70759
70761,9192.0,32107.0,70760
70762,9192.0,32132.0,70761
70763,9192.0,32155.0,70762
70764,9192.0,32992.0,70763
70765,9192.0,33515.0,70764
70766,9192.0,33092.0,70765
70767,9192.0,33092.0,70766
70768,9192.0,33153.0,70767
70769,9192.0,33060.0,70768
70770,9192.0,33152.0,70769
70771,9192.0,33220.0,70770
70772,9192.0,32670.0,70771
70773,9192.0,32472.0,70772
70774,9192.0,33147.0,70773
70775,9192.0,32623.0,70774
70776,9192.0,32539.0,70775
70777,9192.0,32471.0,70776
70778,9192.0,32386.0,70777
70779,9192.0,31974.0,70778
70780,9192.0,32015.0,70779
70781,9192.0,32361.0,70780
70782,9192.0,32360.0,70781
70783,9192.0,31950.0,70782
70784,9192.0,31951.0,70783
70785,9192.0,31891.0,70784
70786,9192.0,32081.0,70785
70787,9192.0,31865.0,70786
70788,9192.0,32007.0,70787
70789,9192.0,31797.0,70788
70790,9192.0,31682.0,70789
70791,9192.0,31891.0,70790
70792,9192.0,31804.0,70791
70793,9192.0,31602.0,70792
70794,9192.0,31403.0,70793
70795,9192.0,31377.0,70794
70796,9192.0,31216.0,70795
70797,9192.0,31404.0,70796
70798,9192.0,31593.0,70797
70799,9192.0,31654.0,70798
70800,9192.0,31731.0,70799
70801,9192.0,31461.0,70800
70802,9192.0,31579.0,70801
70803,9192.0,31341.0,70802
70804,9192.0,31700.0,70803
70805,9192.0,31373.0,70804
70806,9192.0,31470.0,70805
70807,9192.0,31470.0,70806
70808,9192.0,31411.0,70807
70809,9192.0,31643.0,70808
70810,9192.0,31511.0,70809
70811,9192.0,31497.0,70810
70812,9192.0,31232.0,70811
70813,9192.0,31094.0,70812
70814,9192.0,30883.0,70813
70815,9192.0,30574.0,70814
70816,9192.0,30723.0,70815
70817,9192.0,30722.0,70816
70818,9192.0,30766.0,70817
70819,9192.0,30565.0,70818
70820,9192.0,31092.0,70819
70821,9192.0,31928.0,70820
70822,9192.0,32084.0,70821
70823,9192.0,31341.0,70822
70824,9192.0,31070.0,70823
70825,9192.0,31465.0,70824
70826,9192.0,31458.0,70825
70827,9192.0,31697.0,70826
70828,9192.0,31709.0,70827
70829,9192.0,31512.0,70828
70830,9192.0,31573.0,70829
70831,9192.0,32215.0,70830
70832,9192.0,31696.0,70831
70833,9192.0,31668.0,70832
70834,9192.0,31738.0,70833
70835,9192.0,31535.0,70834
70836,9192.0,31507.0,70835
70837,9192.0,31178.0,70836
70838,9192.0,31138.0,70837
70839,9192.0,31396.0,70838
70840,9192.0,31410.0,70839
70841,9192.0,31598.0,70840
70842,9192.0,31889.0,70841
70843,9192.0,32082.0,70842
70844,9192.0,32082.0,70843
70845,9192.0,31673.0,70844
70846,9192.0,31791.0,70845
70847,9192.0,31876.0,70846
70848,9192.0,32203.0,70847
70849,9192.0,30060.0,70848
70850,9192.0,30204.0,70849
70851,9192.0,30180.0,70850
70852,9192.0,30540.0,70851
70853,9192.0,29806.0,70852
70854,9192.0,30685.0,70853
70855,9192.0,30226.0,70854
70856,9192.0,30099.0,70855
70857,9192.0,29859.0,70856
70858,9192.0,28966.0,70857
70859,9192.0,28830.0,70858
70860,9192.0,28830.0,70859
70861,9192.0,28149.0,70860
70862,9192.0,28196.0,70861
70863,9192.0,28099.0,70862
70864,9192.0,28161.0,70863
70865,9192.0,28161.0,70864
70866,9192.0,28154.0,70865
70867,9192.0,28345.0,70866
70868,9192.0,28752.0,70867
70869,9192.0,28838.0,70868
70870,9192.0,28882.0,70869
70871,9192.0,28457.0,70870
70872,9192.0,28368.0,70871
70873,9192.0,28971.0,70872
70874,9192.0,28971.0,70873
70875,9192.0,28843.0,70874
70876,9192.0,28852.0,70875
70877,9192.0,28932.0,70876
70878,9192.0,28993.0,70877
70879,9192.0,28668.0,70878
70880,9192.0,28677.0,70879
70881,9192.0,28382.0,70880
70882,9192.0,28402.0,70881
70883,9192.0,28377.0,70882
70884,9192.0,28374.0,70883
70885,9192.0,28347.0,70884
70886,9192.0,28347.0,70885
70887,9192.0,28351.0,70886
70888,9192.0,27085.0,70887
70889,9192.0,28146.0,70888
70890,9192.0,28163.0,70889
70891,9192.0,28005.0,70890
70892,9192.0,27904.0,70891
70893,9192.0,27757.0,70892
70894,9192.0,29423.0,70893
70895,9192.0,29125.0,70894
70896,9192.0,29835.0,70895
70897,9192.0,30173.0,70896
70898,9192.0,30195.0,70897
70899,9192.0,30316.0,70898
70900,9192.0,30128.0,70899
70901,9192.0,30434.0,70900
70902,9192.0,30434.0,70901
70903,9192.0,30710.0,70902
70904,9192.0,30309.0,70903
70905,9192.0,29714.0,70904
70906,9192.0,29424.0,70905
70907,9192.0,28404.0,70906
70908,9192.0,28286.0,70907
70909,9192.0,28254.0,70908
70910,9192.0,27501.0,70909
70911,9192.0,27501.0,70910
70912,9192.0,27501.0,70911
70913,9192.0,28174.0,70912
70914,9192.0,28514.0,70913
70915,9192.0,28980.0,70914
70916,9192.0,28251.0,70915
70917,9192.0,28286.0,70916
70918,9192.0,28438.0,70917
70919,9192.0,27965.0,70918
70920,9192.0,27392.0,70919
70921,9192.0,27392.0,70920
70922,9192.0,27676.0,70921
70923,9192.0,28015.0,70922
70924,9192.0,28012.0,70923
70925,9192.0,28012.0,70924
70926,9192.0,28462.0,70925
70927,9192.0,29177.0,70926
70928,9192.0,29060.0,70927
70929,9192.0,29075.0,70928
70930,9192.0,29302.0,70929
70931,9192.0,30539.0,70930
70932,9192.0,30524.0,70931
70933,9192.0,29885.0,70932
70934,9192.0,29952.0,70933
70935,9192.0,29940.0,70934
70936,9192.0,29790.0,70935
70937,9192.0,29774.0,70936
70938,9192.0,29509.0,70937
70939,9192.0,29574.0,70938
70940,9192.0,29795.0,70939
70941,9192.0,29563.0,70940
70942,9192.0,29811.0,70941
70943,9192.0,29672.0,70942
70944,9192.0,29228.0,70943
70945,9192.0,28422.0,70944
70946,9192.0,28580.0,70945
70947,9192.0,28748.0,70946
70948,9192.0,28222.0,70947
70949,9192.0,28222.0,70948
70950,9192.0,28048.0,70949
70951,9192.0,27952.0,70950
70952,9192.0,27832.0,70951
70953,9192.0,27833.0,70952
70954,9192.0,28279.0,70953
70955,9192.0,28279.0,70954
70956,9192.0,27686.0,70955
70957,9192.0,27897.0,70956
70958,9192.0,28473.0,70957
70959,9192.0,27855.0,70958
70960,9192.0,29333.0,70959
70961,9192.0,29324.0,70960
70962,9192.0,29448.0,70961
70963,9192.0,29721.0,70962
70964,9192.0,29660.0,70963
70965,9192.0,29936.0,70964
70966,9192.0,30723.0,70965
70967,9192.0,30648.0,70966
70968,9192.0,30686.0,70967
70969,9192.0,30728.0,70968
70970,9192.0,30703.0,70969
70971,9192.0,30613.0,70970
70972,9192.0,31602.0,70971
70973,9192.0,31602.0,70972
70974,9192.0,31602.0,70973
70975,9192.0,31572.0,70974
70976,9192.0,31443.0,70975
70977,9192.0,30065.0,70976
70978,9192.0,29214.0,70977
70979,9192.0,29910.0,70978
70980,9192.0,29738.0,70979
70981,9192.0,29738.0,70980
70982,9192.0,29310.0,70981
70983,9192.0,29124.0,70982
70984,9192.0,28932.0,70983
70985,9192.0,28947.0,70984
70986,9192.0,28646.0,70985
70987,9192.0,29125.0,70986
70988,9192.0,29507.0,70987
70989,9192.0,28514.0,70988
70990,9192.0,29103.0,70989
70991,9192.0,29103.0,70990
70992,9192.0,29103.0,70991
70993,9192.0,30551.0,70992
70994,9192.0,30694.0,70993
70995,9192.0,30454.0,70994
70996,9192.0,31934.0,70995
70997,9192.0,31165.0,70996
70998,9192.0,31447.0,70997
70999,9192.0,31259.0,70998
71000,9192.0,31137.0,70999
71001,9192.0,31335.0,71000
71002,9192.0,31228.0,71001
71003,9192.0,30906.0,71002
71004,9192.0,29516.0,71003
71005,9192.0,29452.0,71004
71006,9192.0,30423.0,71005
71007,9192.0,30453.0,71006
71008,9192.0,29753.0,71007
71009,9192.0,29697.0,71008
71010,9192.0,30184.0,71009
71011,9192.0,30119.0,71010
71012,9192.0,30303.0,71011
71013,9192.0,30303.0,71012
71014,9192.0,30255.0,71013
71015,9192.0,30271.0,71014
71016,9192.0,30333.0,71015
71017,9192.0,30498.0,71016
71018,9192.0,30846.0,71017
71019,9192.0,30398.0,71018
71020,9192.0,30449.0,71019
71021,9192.0,30339.0,71020
71022,9192.0,30152.0,71021
71023,9192.0,29588.0,71022
71024,9192.0,29706.0,71023
71025,9192.0,30221.0,71024
71026,9192.0,30110.0,71025
71027,9192.0,30149.0,71026
71028,9192.0,30049.0,71027
71029,9192.0,30460.0,71028
71030,9192.0,30375.0,71029
71031,9192.0,30153.0,71030
71032,9192.0,30001.0,71031
71033,9192.0,29620.0,71032
71034,9192.0,29359.0,71033
71035,9192.0,29229.0,71034
71036,9192.0,29560.0,71035
71037,9192.0,29160.0,71036
71038,9192.0,29175.0,71037
71039,9192.0,28844.0,71038
71040,9192.0,29461.0,71039
71041,9192.0,29329.0,71040
71042,9192.0,29272.0,71041
71043,9192.0,29403.0,71042
71044,9192.0,28728.0,71043
71045,9192.0,28680.0,71044
71046,9192.0,28880.0,71045
71047,9192.0,28880.0,71046
71048,9192.0,28342.0,71047
71049,9192.0,29090.0,71048
71050,9192.0,29909.0,71049
71051,9192.0,30070.0,71050
71052,9192.0,30172.0,71051
71053,9192.0,30279.0,71052
71054,9192.0,31095.0,71053
71055,9192.0,30664.0,71054
71056,9192.0,30728.0,71055
71057,9192.0,30917.0,71056
71058,9192.0,31024.0,71057
71059,9192.0,31025.0,71058
71060,9192.0,31771.0,71059
71061,9192.0,31507.0,71060
71062,9192.0,31507.0,71061
71063,9192.0,30781.0,71062
71064,9192.0,30825.0,71063
71065,9192.0,31027.0,71064
71066,9192.0,30660.0,71065
71067,9192.0,30358.0,71066
71068,9192.0,30387.0,71067
71069,9192.0,30363.0,71068
71070,9192.0,30928.0,71069
71071,9192.0,30928.0,71070
71072,9192.0,30432.0,71071
71073,9192.0,30430.0,71072
71074,9192.0,30491.0,71073
71075,9192.0,30194.0,71074
71076,9192.0,30282.0,71075
71077,9192.0,29722.0,71076
71078,9192.0,29768.0,71077
71079,9192.0,29715.0,71078
71080,9192.0,29757.0,71079
71081,9192.0,29584.0,71080
71082,9192.0,29618.0,71081
71083,9192.0,29426.0,71082
71084,9192.0,29245.0,71083
71085,9192.0,28697.0,71084
71086,9192.0,27800.0,71085
71087,9192.0,27933.0,71086
71088,9192.0,27781.0,71087
71089,9192.0,27941.0,71088
71090,9192.0,27807.0,71089
71091,9192.0,27974.0,71090
71092,9192.0,28378.0,71091
71093,9192.0,28320.0,71092
71094,9192.0,28026.0,71093
71095,9192.0,28134.0,71094
71096,9192.0,28806.0,71095
71097,9192.0,28806.0,71096
71098,9192.0,27833.0,71097
71099,9192.0,27673.0,71098
71100,9192.0,27673.0,71099
71101,9192.0,27427.0,71100
71102,9192.0,27574.0,71101
71103,9192.0,27456.0,71102
71104,9192.0,27417.0,71103
71105,9192.0,26592.0,71104
71106,9192.0,27496.0,71105
71107,9192.0,27119.0,71106
71108,9192.0,27306.0,71107
71109,9192.0,26799.0,71108
71110,9192.0,26809.0,71109
71111,9192.0,27210.0,71110
71112,9192.0,27307.0,71111
71113,9192.0,26929.0,71112
71114,9192.0,26996.0,71113
71115,9192.0,26996.0,71114
71116,9192.0,27493.0,71115
71117,9192.0,27229.0,71116
71118,9192.0,27463.0,71117
71119,9192.0,27188.0,71118
71120,9192.0,27166.0,71119
71121,9192.0,26827.0,71120
71122,9192.0,27049.0,71121
71123,9192.0,27054.0,71122
71124,9192.0,27471.0,71123
71125,9192.0,26584.0,71124
71126,9192.0,26256.0,71125
71127,9192.0,26340.0,71126
71128,9192.0,26403.0,71127
71129,9192.0,25857.0,71128
71130,9192.0,25930.0,71129
71131,9192.0,26373.0,71130
71132,9192.0,28852.0,71131
71133,9192.0,28124.0,71132
71134,9192.0,28209.0,71133
71135,9192.0,28642.0,71134
71136,9192.0,28907.0,71135
71137,9192.0,28615.0,71136
71138,9192.0,29244.0,71137
71139,9192.0,29200.0,71138
71140,9192.0,29121.0,71139
71141,9192.0,28771.0,71140
71142,9192.0,29140.0,71141
71143,9192.0,29510.0,71142
71144,9192.0,28659.0,71143
71145,9192.0,28782.0,71144
71146,9192.0,28782.0,71145
71147,9192.0,28739.0,71146
71148,9192.0,28218.0,71147
71149,9192.0,27976.0,71148
71150,9192.0,28167.0,71149
71151,9192.0,27707.0,71150
71152,9192.0,27947.0,71151
71153,9192.0,27756.0,71152
71154,9192.0,27431.0,71153
71155,9192.0,27456.0,71154
71156,9192.0,28328.0,71155
71157,9192.0,29081.0,71156
71158,9192.0,29120.0,71157
71159,9192.0,28801.0,71158
71160,9192.0,29346.0,71159
71161,9192.0,29186.0,71160
71162,9192.0,29069.0,71161
71163,9192.0,29063.0,71162
71164,9192.0,29301.0,71163
71165,9192.0,29533.0,71164
71166,9192.0,29621.0,71165
71167,9192.0,28778.0,71166
71168,9192.0,28982.0,71167
71169,9192.0,28833.0,71168
71170,9192.0,28842.0,71169
71171,9192.0,28919.0,71170
71172,9192.0,28883.0,71171
71173,9192.0,30131.0,71172
71174,9192.0,29848.0,71173
71175,9192.0,29507.0,71174
71176,9192.0,29524.0,71175
71177,9192.0,29446.0,71176
71178,9192.0,30981.0,71177
71179,9192.0,30531.0,71178
71180,9192.0,30402.0,71179
71181,9192.0,30665.0,71180
71182,9192.0,30811.0,71181
71183,9192.0,30783.0,71182
71184,9192.0,30975.0,71183
71185,9192.0,31334.0,71184
71186,9192.0,31334.0,71185
71187,9192.0,31428.0,71186
71188,9192.0,32006.0,71187
71189,9192.0,32089.0,71188
71190,9192.0,31748.0,71189
71191,9192.0,31748.0,71190
71192,9192.0,31776.0,71191
71193,9192.0,31503.0,71192
71194,9192.0,31154.0,71193
71195,9192.0,31607.0,71194
71196,9192.0,31359.0,71195
71197,9192.0,31651.0,71196
71198,9192.0,31966.0,71197
71199,9192.0,31765.0,71198
71200,9192.0,31663.0,71199
71201,9192.0,31471.0,71200
71202,9192.0,31614.0,71201
71203,9192.0,31561.0,71202
71204,9192.0,31133.0,71203
71205,9192.0,30394.0,71204
71206,9192.0,30065.0,71205
71207,9192.0,30532.0,71206
71208,9192.0,30426.0,71207
71209,9192.0,30864.0,71208
71210,9192.0,30864.0,71209
71211,9192.0,30057.0,71210
71212,9192.0,29930.0,71211
71213,9192.0,30878.0,71212
71214,9192.0,30994.0,71213
71215,9192.0,31020.0,71214
71216,9192.0,30800.0,71215
71217,9192.0,30343.0,71216
71218,9192.0,30646.0,71217
71219,9192.0,30638.0,71218
71220,9192.0,30617.0,71219
71221,9192.0,30684.0,71220
71222,9192.0,30811.0,71221
71223,9192.0,30903.0,71222
71224,9192.0,30819.0,71223
71225,9192.0,30830.0,71224
71226,9192.0,30757.0,71225
71227,9192.0,30984.0,71226
71228,9192.0,30984.0,71227
71229,9192.0,30986.0,71228
71230,9192.0,30383.0,71229
71231,9192.0,29593.0,71230
71232,9192.0,29180.0,71231
71233,9192.0,29049.0,71232
71234,9192.0,29049.0,71233
71235,9192.0,29242.0,71234
71236,9192.0,29850.0,71235
71237,9192.0,28876.0,71236
71238,9192.0,27913.0,71237
71239,9192.0,28063.0,71238
71240,9192.0,27948.0,71239
71241,9192.0,28369.0,71240
71242,9192.0,28253.0,71241
71243,9192.0,29068.0,71242
71244,9192.0,29175.0,71243
71245,9192.0,29098.0,71244
71246,9192.0,29304.0,71245
71247,9192.0,28270.0,71246
71248,9192.0,28565.0,71247
71249,9192.0,28723.0,71248
71250,9192.0,28426.0,71249
71251,9192.0,28639.0,71250
71252,9192.0,28489.0,71251
71253,9192.0,28264.0,71252
71254,9192.0,28264.0,71253
71255,9192.0,28264.0,71254
71256,9192.0,28159.0,71255
71257,9192.0,27672.0,71256
71258,9192.0,27413.0,71257
71259,9192.0,27431.0,71258
71260,9192.0,27431.0,71259
71261,9192.0,27244.0,71260
71262,9192.0,27305.0,71261
71263,9192.0,27203.0,71262
71264,9192.0,26872.0,71263
71265,9192.0,27170.0,71264
71266,9192.0,27586.0,71265
71267,9192.0,28172.0,71266
71268,9192.0,28565.0,71267
71269,9192.0,28012.0,71268
71270,9192.0,27049.0,71269
71271,9192.0,27049.0,71270
71272,9192.0,27120.0,71271
71273,9192.0,27287.0,71272
71274,9192.0,27172.0,71273
71275,9192.0,27172.0,71274
71276,9192.0,27765.0,71275
71277,9192.0,28872.0,71276
71278,9192.0,28641.0,71277
71279,9192.0,28617.0,71278
71280,9192.0,28489.0,71279
71281,9192.0,28458.0,71280
71282,9192.0,28587.0,71281
71283,9192.0,28639.0,71282
71284,9192.0,28494.0,71283
71285,9192.0,28681.0,71284
71286,9192.0,28699.0,71285
71287,9192.0,28688.0,71286
71288,9192.0,29118.0,71287
71289,9192.0,29555.0,71288
71290,9192.0,29558.0,71289
71291,9192.0,29558.0,71290
71292,9192.0,29465.0,71291
71293,9192.0,29160.0,71292
71294,9192.0,29544.0,71293
71295,9192.0,29173.0,71294
71296,9192.0,29311.0,71295
71297,9192.0,28839.0,71296
71298,9192.0,28749.0,71297
71299,9192.0,28749.0,71298
71300,9192.0,28928.0,71299
71301,9192.0,28632.0,71300
71302,9192.0,28386.0,71301
71303,9192.0,28087.0,71302
71304,9192.0,28087.0,71303
71305,9192.0,28258.0,71304
71306,9192.0,29298.0,71305
71307,9192.0,29326.0,71306
71308,9192.0,29328.0,71307
71309,9192.0,28288.0,71308
71310,9192.0,29365.0,71309
71311,9192.0,29365.0,71310
71312,9192.0,29461.0,71311
71313,9192.0,30154.0,71312
71314,9192.0,29323.0,71313
71315,9192.0,28886.0,71314
71316,9192.0,29186.0,71315
71317,9192.0,28780.0,71316
71318,9192.0,27888.0,71317
71319,9192.0,28015.0,71318
71320,9192.0,28095.0,71319
71321,9192.0,28794.0,71320
71322,9192.0,28283.0,71321
71323,9192.0,27549.0,71322
71324,9192.0,27273.0,71323
71325,9192.0,27776.0,71324
71326,9192.0,27776.0,71325
71327,9192.0,27685.0,71326
71328,9192.0,27685.0,71327
71329,9192.0,28265.0,71328
71330,9192.0,26891.0,71329
71331,9192.0,26700.0,71330
71332,9192.0,26069.0,71331
71333,9192.0,26267.0,71332
71334,9192.0,27198.0,71333
71335,9192.0,27123.0,71334
71336,9192.0,27418.0,71335
71337,9192.0,27222.0,71336
71338,9192.0,27307.0,71337
71339,9192.0,27621.0,71338
71340,9192.0,27621.0,71339
71341,9192.0,27202.0,71340
71342,9192.0,27463.0,71341
71343,9192.0,27340.0,71342
71344,9192.0,26795.0,71343
71345,9192.0,26829.0,71344
71346,9192.0,26829.0,71345
71347,9192.0,26686.0,71346
71348,9192.0,28206.0,71347
71349,9192.0,29104.0,71348
71350,9192.0,28982.0,71349
71351,9192.0,28368.0,71350
71352,9192.0,28188.0,71351
71353,9192.0,28141.0,71352
71354,9192.0,28031.0,71353
71355,9192.0,28339.0,71354
71356,9192.0,28406.0,71355
71357,9192.0,28406.0,71356
71358,9192.0,28996.0,71357
71359,9192.0,28930.0,71358
71360,9192.0,28809.0,71359
71361,9192.0,27731.0,71360
71362,9192.0,27275.0,71361
71363,9192.0,27257.0,71362
71364,9192.0,26509.0,71363
71365,9192.0,26692.0,71364
71366,9192.0,28887.0,71365
71367,9192.0,28795.0,71366
71368,9192.0,30207.0,71367
71369,9192.0,30186.0,71368
71370,9192.0,30016.0,71369
71371,9192.0,29178.0,71370
71372,9192.0,29326.0,71371
71373,9192.0,29212.0,71372
71374,9192.0,29213.0,71373
71375,9192.0,29774.0,71374
71376,9192.0,29885.0,71375
71377,9192.0,30001.0,71376
71378,9192.0,30007.0,71377
71379,9192.0,29584.0,71378
71380,9192.0,29584.0,71379
71381,9192.0,30118.0,71380
71382,9192.0,30432.0,71381
71383,9192.0,30432.0,71382
71384,9192.0,29504.0,71383
71385,9192.0,29653.0,71384
71386,9192.0,30968.0,71385
71387,9192.0,30449.0,71386
71388,9192.0,30397.0,71387
71389,9192.0,31247.0,71388
71390,9192.0,31265.0,71389
71391,9192.0,31999.0,71390
71392,9192.0,32152.0,71391
71393,9192.0,32023.0,71392
71394,9192.0,32023.0,71393
71395,9192.0,30936.0,71394
71396,9192.0,31129.0,71395
71397,9192.0,31322.0,71396
71398,9192.0,30938.0,71397
71399,9192.0,31344.0,71398
71400,9192.0,31615.0,71399
71401,9192.0,31618.0,71400
71402,9192.0,31471.0,71401
71403,9192.0,31656.0,71402
71404,9192.0,31759.0,71403
71405,9192.0,32260.0,71404
71406,9192.0,31526.0,71405
71407,9192.0,31366.0,71406
71408,9192.0,31719.0,71407
71409,9192.0,31705.0,71408
71410,9192.0,31762.0,71409
71411,9192.0,31712.0,71410
71412,9192.0,30434.0,71411
71413,9192.0,30562.0,71412
71414,9192.0,30835.0,71413
71415,9192.0,30787.0,71414
71416,9192.0,29865.0,71415
71417,9192.0,29583.0,71416
71418,9192.0,30557.0,71417
71419,9192.0,31086.0,71418
71420,9192.0,30918.0,71419
71421,9192.0,30013.0,71420
71422,9192.0,29980.0,71421
71423,9192.0,29980.0,71422
71424,9192.0,29762.0,71423
71425,9192.0,29008.0,71424
71426,9192.0,28767.0,71425
71427,9192.0,28212.0,71426
71428,9192.0,28463.0,71427
71429,9192.0,28652.0,71428
71430,9192.0,28696.0,71429
71431,9192.0,28890.0,71430
71432,9192.0,28705.0,71431
71433,9192.0,29238.0,71432
71434,9192.0,29285.0,71433
71435,9192.0,29542.0,71434
71436,9192.0,30688.0,71435
71437,9192.0,29811.0,71436
71438,9192.0,29811.0,71437
71439,9192.0,29754.0,71438
71440,9192.0,30047.0,71439
71441,9192.0,30093.0,71440
71442,9192.0,30211.0,71441
71443,9192.0,30243.0,71442
71444,9192.0,29808.0,71443
71445,9192.0,29797.0,71444
71446,9192.0,30063.0,71445
71447,9192.0,29907.0,71446
71448,9192.0,30648.0,71447
71449,9192.0,30648.0,71448
71450,9192.0,29479.0,71449
71451,9192.0,29479.0,71450
71452,9192.0,29747.0,71451
71453,9192.0,29506.0,71452
71454,9192.0,29500.0,71453
71455,9192.0,28696.0,71454
71456,9192.0,28058.0,71455
71457,9192.0,28563.0,71456
71458,9192.0,28362.0,71457
71459,9192.0,28536.0,71458
71460,9192.0,30166.0,71459
71461,9192.0,30284.0,71460
71462,9192.0,30096.0,71461
71463,9192.0,30627.0,71462
71464,9192.0,30293.0,71463
71465,9192.0,30390.0,71464
71466,9192.0,30398.0,71465
71467,9192.0,30376.0,71466
71468,9192.0,29717.0,71467
71469,9192.0,29717.0,71468
71470,9192.0,29722.0,71469
71471,9192.0,30197.0,71470
71472,9192.0,30645.0,71471
71473,9192.0,30196.0,71472
71474,9192.0,30225.0,71473
71475,9192.0,30345.0,71474
71476,9192.0,30066.0,71475
71477,9192.0,30719.0,71476
71478,9192.0,30430.0,71477
71479,9192.0,30561.0,71478
71480,9192.0,30796.0,71479
71481,9192.0,30466.0,71480
71482,9192.0,30295.0,71481
71483,9192.0,29969.0,71482
71484,9192.0,29986.0,71483
71485,9192.0,29634.0,71484
71486,9192.0,29746.0,71485
71487,9192.0,29483.0,71486
71488,9192.0,29443.0,71487
71489,9192.0,29676.0,71488
71490,9192.0,30201.0,71489
71491,9192.0,30164.0,71490
71492,9192.0,30239.0,71491
71493,9192.0,29887.0,71492
71494,9192.0,29048.0,71493
71495,9192.0,29318.0,71494
71496,9192.0,28630.0,71495
71497,9192.0,28712.0,71496
71498,9192.0,28127.0,71497
71499,9192.0,28147.0,71498
71500,9192.0,27799.0,71499
71501,9192.0,27924.0,71500
71502,9192.0,28030.0,71501
71503,9192.0,27824.0,71502
71504,9192.0,27657.0,71503
71505,9192.0,27487.0,71504
71506,9192.0,27816.0,71505
71507,9192.0,27545.0,71506
71508,9192.0,27863.0,71507
71509,9192.0,27590.0,71508
71510,9192.0,27175.0,71509
71511,9192.0,27375.0,71510
71512,9192.0,28214.0,71511
71513,9192.0,28375.0,71512
71514,9192.0,28445.0,71513
71515,9192.0,28623.0,71514
71516,9192.0,29336.0,71515
71517,9192.0,29574.0,71516
71518,9192.0,29121.0,71517
71519,9192.0,29759.0,71518
71520,9192.0,29975.0,71519
71521,9192.0,29975.0,71520
71522,9192.0,29860.0,71521
71523,9192.0,28947.0,71522
71524,9192.0,28733.0,71523
71525,9192.0,28401.0,71524
71526,9192.0,29172.0,71525
71527,9192.0,28814.0,71526
71528,9192.0,28757.0,71527
71529,9192.0,28645.0,71528
71530,9192.0,28942.0,71529
71531,9192.0,29523.0,71530
71532,9192.0,29523.0,71531
71533,9192.0,29364.0,71532
71534,9192.0,30073.0,71533
71535,9192.0,28916.0,71534
71536,9192.0,28896.0,71535
71537,9192.0,28891.0,71536
71538,9192.0,29362.0,71537
71539,9192.0,29784.0,71538
71540,9192.0,29616.0,71539
71541,9192.0,29424.0,71540
71542,9192.0,29403.0,71541
71543,9192.0,29087.0,71542
71544,9192.0,28888.0,71543
71545,9192.0,28110.0,71544
71546,9192.0,28712.0,71545
71547,9192.0,28241.0,71546
71548,9192.0,28206.0,71547
71549,9192.0,28169.0,71548
71550,9192.0,28863.0,71549
71551,9192.0,28464.0,71550
71552,9192.0,29328.0,71551
71553,9192.0,28202.0,71552
71554,9192.0,28421.0,71553
71555,9192.0,28403.0,71554
71556,9192.0,28158.0,71555
71557,9192.0,29439.0,71556
71558,9192.0,28986.0,71557
71559,9192.0,29121.0,71558
71560,9192.0,28532.0,71559
71561,9192.0,28876.0,71560
71562,9192.0,28865.0,71561
71563,9192.0,28710.0,71562
71564,9192.0,28494.0,71563
71565,9192.0,28494.0,71564
71566,9192.0,29397.0,71565
71567,9192.0,29373.0,71566
71568,9192.0,28527.0,71567
71569,9192.0,28507.0,71568
71570,9192.0,28473.0,71569
71571,9192.0,28830.0,71570
71572,9192.0,29407.0,71571
71573,9192.0,30889.0,71572
71574,9192.0,30889.0,71573
71575,9192.0,30593.0,71574
71576,9192.0,31146.0,71575
71577,9192.0,31403.0,71576
71578,9192.0,31212.0,71577
71579,9192.0,30931.0,71578
71580,9192.0,31008.0,71579
71581,9192.0,31598.0,71580
71582,9192.0,31524.0,71581
71583,9192.0,31312.0,71582
71584,9192.0,31559.0,71583
71585,9192.0,31553.0,71584
71586,9192.0,31685.0,71585
71587,9192.0,31983.0,71586
71588,9192.0,32143.0,71587
71589,9192.0,32143.0,71588
71590,9192.0,33354.0,71589
71591,9192.0,33014.0,71590
71592,9192.0,32253.0,71591
71593,9192.0,31585.0,71592
71594,9192.0,32037.0,71593
71595,9192.0,31801.0,71594
71596,9192.0,32056.0,71595
71597,9192.0,31440.0,71596
71598,9192.0,31500.0,71597
71599,9192.0,31276.0,71598
71600,9192.0,31389.0,71599
71601,9192.0,31990.0,71600
71602,9192.0,32510.0,71601
71603,9192.0,32513.0,71602
71604,9192.0,32605.0,71603
71605,9192.0,33144.0,71604
71606,9192.0,33034.0,71605
71607,9192.0,32847.0,71606
71608,9192.0,32969.0,71607
71609,9192.0,33320.0,71608
71610,9192.0,33239.0,71609
71611,9192.0,33129.0,71610
71612,9192.0,33157.0,71611
71613,9192.0,33177.0,71612
71614,9192.0,33177.0,71613
71615,9192.0,33410.0,71614
71616,9192.0,33521.0,71615
71617,9192.0,33241.0,71616
71618,9192.0,32799.0,71617
71619,9192.0,32841.0,71618
71620,9192.0,32917.0,71619
71621,9192.0,32867.0,71620
71622,9192.0,32938.0,71621
71623,9192.0,32689.0,71622
71624,9192.0,32689.0,71623
71625,9192.0,32763.0,71624
71626,9192.0,32234.0,71625
71627,9192.0,32207.0,71626
71628,9192.0,32297.0,71627
71629,9192.0,32400.0,71628
71630,9192.0,32344.0,71629
71631,9192.0,31782.0,71630
71632,9192.0,31621.0,71631
71633,9192.0,31697.0,71632
71634,9192.0,31734.0,71633
71635,9192.0,31688.0,71634
71636,9192.0,31864.0,71635
71637,9192.0,32975.0,71636
71638,9192.0,33551.0,71637
71639,9192.0,33513.0,71638
71640,9192.0,33052.0,71639
71641,9192.0,32045.0,71640
71642,9192.0,32443.0,71641
71643,9192.0,32179.0,71642
71644,9192.0,31407.0,71643
71645,9192.0,31363.0,71644
71646,9192.0,32443.0,71645
71647,9192.0,32048.0,71646
71648,9192.0,31288.0,71647
71649,9192.0,31374.0,71648
71650,9192.0,31204.0,71649
71651,9192.0,31145.0,71650
71652,9192.0,31300.0,71651
71653,9192.0,31246.0,71652
71654,9192.0,31278.0,71653
71655,9192.0,31839.0,71654
71656,9192.0,31509.0,71655
71657,9192.0,31042.0,71656
71658,9192.0,30833.0,71657
71659,9192.0,30596.0,71658
71660,9192.0,30565.0,71659
71661,9192.0,29552.0,71660
71662,9192.0,29741.0,71661
71663,9192.0,29741.0,71662
71664,9192.0,29526.0,71663
71665,9192.0,27669.0,71664
71666,9192.0,27842.0,71665
71667,9192.0,28213.0,71666
71668,9192.0,27764.0,71667
71669,9192.0,27764.0,71668
71670,9192.0,27925.0,71669
71671,9192.0,28200.0,71670
71672,9192.0,28098.0,71671
71673,9192.0,27854.0,71672
71674,9192.0,27769.0,71673
71675,9192.0,27820.0,71674
71676,9192.0,27456.0,71675
71677,9192.0,27268.0,71676
71678,9192.0,26962.0,71677
71679,9192.0,26482.0,71678
71680,9192.0,26434.0,71679
71681,9192.0,26275.0,71680
71682,9192.0,26558.0,71681
71683,9192.0,26845.0,71682
71684,9192.0,26583.0,71683
71685,9192.0,26897.0,71684
71686,9192.0,27037.0,71685
71687,9192.0,26942.0,71686
71688,9192.0,26997.0,71687
71689,9192.0,26987.0,71688
71690,9192.0,26896.0,71689
71691,9192.0,27503.0,71690
71692,9192.0,27350.0,71691
71693,9192.0,27419.0,71692
71694,9192.0,27459.0,71693
71695,9192.0,27562.0,71694
71696,9192.0,27562.0,71695
71697,9192.0,27431.0,71696
71698,9192.0,27729.0,71697
71699,9192.0,27821.0,71698
71700,9192.0,27797.0,71699
71701,9192.0,27781.0,71700
71702,9192.0,27875.0,71701
71703,9192.0,29679.0,71702
71704,9192.0,29357.0,71703
71705,9192.0,29945.0,71704
71706,9192.0,29909.0,71705
71707,9192.0,29608.0,71706
71708,9192.0,29634.0,71707
71709,9192.0,29823.0,71708
71710,9192.0,30124.0,71709
71711,9192.0,30577.0,71710
71712,9192.0,30499.0,71711
71713,9192.0,29955.0,71712
71714,9192.0,29647.0,71713
71715,9192.0,29652.0,71714
71716,9192.0,29905.0,71715
71717,9192.0,29629.0,71716
71718,9192.0,29858.0,71717
71719,9192.0,29870.0,71718
71720,9192.0,29864.0,71719
71721,9192.0,30094.0,71720
71722,9192.0,28366.0,71721
71723,9192.0,28327.0,71722
71724,9192.0,27995.0,71723
71725,9192.0,28036.0,71724
71726,9192.0,27913.0,71725
71727,9192.0,27641.0,71726
71728,9192.0,27467.0,71727
71729,9192.0,27837.0,71728
71730,9192.0,26450.0,71729
71731,9192.0,26918.0,71730
71732,9192.0,27552.0,71731
71733,9192.0,27322.0,71732
71734,9192.0,27080.0,71733
71735,9192.0,27106.0,71734
71736,9192.0,26955.0,71735
71737,9192.0,26691.0,71736
71738,9192.0,26575.0,71737
71739,9192.0,26100.0,71738
71740,9192.0,26310.0,71739
71741,9192.0,26856.0,71740
71742,9192.0,26856.0,71741
71743,9192.0,26856.0,71742
71744,9192.0,26703.0,71743
71745,9192.0,26590.0,71744
71746,9192.0,26856.0,71745
71747,9192.0,28666.0,71746
71748,9192.0,28168.0,71747
71749,9192.0,26677.0,71748
71750,9192.0,26612.0,71749
71751,9192.0,26473.0,71750
71752,9192.0,26344.0,71751
71753,9192.0,26552.0,71752
71754,9192.0,25958.0,71753
71755,9192.0,25934.0,71754
71756,9192.0,25961.0,71755
71757,9192.0,25456.0,71756
71758,9192.0,25014.0,71757
71759,9192.0,24971.0,71758
71760,9192.0,24977.0,71759
71761,9192.0,25168.0,71760
71762,9192.0,25565.0,71761
71763,9192.0,25486.0,71762
71764,9192.0,25486.0,71763
71765,9192.0,25707.0,71764
71766,9192.0,25707.0,71765
71767,9192.0,26272.0,71766
71768,9192.0,26258.0,71767
71769,9192.0,26311.0,71768
71770,9192.0,25563.0,71769
71771,9192.0,25691.0,71770
71772,9192.0,25700.0,71771
71773,9192.0,26528.0,71772
71774,9192.0,27173.0,71773
71775,9192.0,27228.0,71774
71776,9192.0,27228.0,71775
71777,9192.0,27911.0,71776
71778,9192.0,27835.0,71777
71779,9192.0,28202.0,71778
71780,9192.0,28463.0,71779
71781,9192.0,28536.0,71780
71782,9192.0,28451.0,71781
71783,9192.0,28394.0,71782
71784,9192.0,28195.0,71783
71785,9192.0,28690.0,71784
71786,9192.0,28598.0,71785
71787,9192.0,28614.0,71786
71788,9192.0,27660.0,71787
71789,9192.0,27662.0,71788
71790,9192.0,27360.0,71789
71791,9192.0,26990.0,71790
71792,9192.0,27261.0,71791
71793,9192.0,27307.0,71792
71794,9192.0,26726.0,71793
71795,9192.0,26892.0,71794
71796,9192.0,26912.0,71795
71797,9192.0,27133.0,71796
71798,9192.0,27146.0,71797
71799,9192.0,27116.0,71798
71800,9192.0,27456.0,71799
71801,9192.0,26559.0,71800
71802,9192.0,26212.0,71801
71803,9192.0,26212.0,71802
71804,9192.0,26335.0,71803
71805,9192.0,25856.0,71804
71806,9192.0,25827.0,71805
71807,9192.0,26680.0,71806
71808,9192.0,26680.0,71807
71809,9192.0,26974.0,71808
71810,9192.0,26992.0,71809
71811,9192.0,27036.0,71810
71812,9192.0,27231.0,71811
71813,9192.0,26857.0,71812
71814,9192.0,27108.0,71813
71815,9192.0,27102.0,71814
71816,9192.0,27294.0,71815
71817,9192.0,27023.0,71816
71818,9192.0,26926.0,71817
71819,9192.0,27143.0,71818
71820,9192.0,26401.0,71819
71821,9192.0,26314.0,71820
71822,9192.0,26314.0,71821
71823,9192.0,26736.0,71822
71824,9192.0,27882.0,71823
71825,9192.0,28478.0,71824
71826,9192.0,28324.0,71825
71827,9192.0,28320.0,71826
71828,9192.0,28515.0,71827
71829,9192.0,28043.0,71828
71830,9192.0,28548.0,71829
71831,9192.0,28588.0,71830
71832,9192.0,26952.0,71831
71833,9192.0,27352.0,71832
71834,9192.0,27322.0,71833
71835,9192.0,27322.0,71834
71836,9192.0,27155.0,71835
71837,9192.0,27155.0,71836
71838,9192.0,26955.0,71837
71839,9192.0,26873.0,71838
71840,9192.0,26597.0,71839
71841,9192.0,26528.0,71840
71842,9192.0,26477.0,71841
71843,9192.0,26132.0,71842
71844,9192.0,26566.0,71843
71845,9192.0,26418.0,71844
71846,9192.0,27431.0,71845
71847,9192.0,27800.0,71846
71848,9192.0,27656.0,71847
71849,9192.0,28228.0,71848
71850,9192.0,28228.0,71849
71851,9192.0,27467.0,71850
71852,9192.0,27969.0,71851
71853,9192.0,27779.0,71852
71854,9192.0,28434.0,71853
71855,9192.0,28718.0,71854
71856,9192.0,28718.0,71855
71857,9192.0,28718.0,71856
71858,9192.0,29077.0,71857
71859,9192.0,29269.0,71858
71860,9192.0,29216.0,71859
71861,9192.0,29206.0,71860
71862,9192.0,28845.0,71861
71863,9192.0,28745.0,71862
71864,9192.0,29005.0,71863
71865,9192.0,29019.0,71864
71866,9192.0,29051.0,71865
71867,9192.0,28931.0,71866
71868,9192.0,29232.0,71867
71869,9192.0,29380.0,71868
71870,9192.0,29413.0,71869
71871,9192.0,29369.0,71870
71872,9192.0,29973.0,71871
71873,9192.0,29900.0,71872
71874,9192.0,30313.0,71873
71875,9192.0,29785.0,71874
71876,9192.0,29659.0,71875
71877,9192.0,29716.0,71876
71878,9192.0,29774.0,71877
71879,9192.0,29750.0,71878
71880,9192.0,29643.0,71879
71881,9192.0,29654.0,71880
71882,9192.0,29460.0,71881
71883,9192.0,29474.0,71882
71884,9192.0,29547.0,71883
71885,9192.0,29782.0,71884
71886,9192.0,29943.0,71885
71887,9192.0,29775.0,71886
71888,9192.0,29514.0,71887
71889,9192.0,29867.0,71888
71890,9192.0,29703.0,71889
71891,9192.0,29608.0,71890
71892,9192.0,29525.0,71891
71893,9192.0,30515.0,71892
71894,9192.0,30463.0,71893
71895,9192.0,29677.0,71894
71896,9192.0,29639.0,71895
71897,9192.0,30020.0,71896
71898,9192.0,29872.0,71897
71899,9192.0,29890.0,71898
71900,9192.0,29326.0,71899
71901,9192.0,30105.0,71900
71902,9192.0,29986.0,71901
71903,9192.0,30489.0,71902
71904,9192.0,30489.0,71903
71905,9192.0,30739.0,71904
71906,9192.0,30649.0,71905
71907,9192.0,30069.0,71906
71908,9192.0,29890.0,71907
71909,9192.0,30509.0,71908
71910,9192.0,30716.0,71909
71911,9192.0,30303.0,71910
71912,9192.0,30574.0,71911
71913,9192.0,30923.0,71912
71914,9192.0,31026.0,71913
71915,9192.0,30336.0,71914
71916,9192.0,30271.0,71915
71917,9192.0,30167.0,71916
71918,9192.0,30100.0,71917
71919,9192.0,30122.0,71918
71920,9192.0,30044.0,71919
71921,9192.0,29464.0,71920
71922,9192.0,29300.0,71921
71923,9192.0,28649.0,71922
71924,9192.0,28741.0,71923
71925,9192.0,29030.0,71924
71926,9192.0,28997.0,71925
71927,9192.0,28867.0,71926
71928,9192.0,28728.0,71927
71929,9192.0,29117.0,71928
71930,9192.0,29142.0,71929
71931,9192.0,29142.0,71930
71932,9192.0,29328.0,71931
71933,9192.0,28337.0,71932
71934,9192.0,28383.0,71933
71935,9192.0,28220.0,71934
71936,9192.0,28220.0,71935
71937,9192.0,28314.0,71936
71938,9192.0,28407.0,71937
71939,9192.0,28152.0,71938
71940,9192.0,28152.0,71939
71941,9192.0,28218.0,71940
71942,9192.0,28585.0,71941
71943,9192.0,28275.0,71942
71944,9192.0,28409.0,71943
71945,9192.0,28320.0,71944
71946,9192.0,27618.0,71945
71947,9192.0,27733.0,71946
71948,9192.0,28752.0,71947
71949,9192.0,28810.0,71948
71950,9192.0,27940.0,71949
71951,9192.0,27951.0,71950
71952,9192.0,26837.0,71951
71953,9192.0,27338.0,71952
71954,9192.0,28219.0,71953
71955,9192.0,28237.0,71954
71956,9192.0,27865.0,71955
71957,9192.0,27921.0,71956
71958,9192.0,27872.0,71957
71959,9192.0,26922.0,71958
71960,9192.0,26918.0,71959
71961,9192.0,25513.0,71960
71962,9192.0,26535.0,71961
71963,9192.0,27383.0,71962
71964,9192.0,27536.0,71963
71965,9192.0,28189.0,71964
71966,9192.0,27631.0,71965
71967,9192.0,27792.0,71966
71968,9192.0,27647.0,71967
71969,9192.0,27577.0,71968
71970,9192.0,27265.0,71969
71971,9192.0,27587.0,71970
71972,9192.0,27430.0,71971
71973,9192.0,27167.0,71972
71974,9192.0,27165.0,71973
71975,9192.0,27919.0,71974
71976,9192.0,27947.0,71975
71977,9192.0,27931.0,71976
71978,9192.0,27933.0,71977
71979,9192.0,29328.0,71978
71980,9192.0,29863.0,71979
71981,9192.0,30070.0,71980
71982,9192.0,29500.0,71981
71983,9192.0,29528.0,71982
71984,9192.0,29568.0,71983
71985,9192.0,29741.0,71984
71986,9192.0,29814.0,71985
71987,9192.0,29416.0,71986
71988,9192.0,29043.0,71987
71989,9192.0,28807.0,71988
71990,9192.0,28807.0,71989
71991,9192.0,29374.0,71990
71992,9192.0,29117.0,71991
71993,9192.0,28893.0,71992
71994,9192.0,30353.0,71993
71995,9192.0,30431.0,71994
71996,9192.0,30679.0,71995
71997,9192.0,30179.0,71996
71998,9192.0,30835.0,71997
71999,9192.0,30994.0,71998
72000,9192.0,30925.0,71999
72001,9192.0,30271.0,72000
72002,9192.0,31080.0,72001
72003,9192.0,31080.0,72002
72004,9192.0,30198.0,72003
72005,9192.0,30262.0,72004
72006,9192.0,30613.0,72005
72007,9192.0,31324.0,72006
72008,9192.0,31649.0,72007
72009,9192.0,31407.0,72008
72010,9192.0,31263.0,72009
72011,9192.0,29959.0,72010
72012,9192.0,29496.0,72011
72013,9192.0,29108.0,72012
72014,9192.0,28892.0,72013
72015,9192.0,29480.0,72014
72016,9192.0,29480.0,72015
72017,9192.0,29480.0,72016
72018,9192.0,29443.0,72017
72019,9192.0,29466.0,72018
72020,9192.0,28092.0,72019
72021,9192.0,27923.0,72020
72022,9192.0,27875.0,72021
72023,9192.0,28489.0,72022
72024,9192.0,28533.0,72023
72025,9192.0,28767.0,72024
72026,9192.0,28808.0,72025
72027,9192.0,27951.0,72026
72028,9192.0,27951.0,72027
72029,9192.0,28229.0,72028
72030,9192.0,29857.0,72029
72031,9192.0,30044.0,72030
72032,9192.0,30314.0,72031
72033,9192.0,30607.0,72032
72034,9192.0,29134.0,72033
72035,9192.0,28696.0,72034
72036,9192.0,28657.0,72035
72037,9192.0,28635.0,72036
72038,9192.0,28426.0,72037
72039,9192.0,28272.0,72038
72040,9192.0,28756.0,72039
72041,9192.0,29126.0,72040
72042,9192.0,28538.0,72041
72043,9192.0,28848.0,72042
72044,9192.0,28839.0,72043
72045,9192.0,28839.0,72044
72046,9192.0,28727.0,72045
72047,9192.0,29078.0,72046
72048,9192.0,29182.0,72047
72049,9192.0,29389.0,72048
72050,9192.0,28672.0,72049
72051,9192.0,29171.0,72050
72052,9192.0,28295.0,72051
72053,9192.0,27804.0,72052
72054,9192.0,27930.0,72053
72055,9192.0,27449.0,72054
72056,9192.0,28931.0,72055
72057,9192.0,29027.0,72056
72058,9192.0,29434.0,72057
72059,9192.0,29561.0,72058
72060,9192.0,28958.0,72059
72061,9192.0,29204.0,72060
72062,9192.0,29116.0,72061
72063,9192.0,29116.0,72062
72064,9192.0,28713.0,72063
72065,9192.0,28663.0,72064
72066,9192.0,28663.0,72065
72067,9192.0,28609.0,72066
72068,9192.0,28498.0,72067
72069,9192.0,28593.0,72068
72070,9192.0,28718.0,72069
72071,9192.0,29453.0,72070
72072,9192.0,29453.0,72071
72073,9192.0,29117.0,72072
72074,9192.0,28988.0,72073
72075,9192.0,28811.0,72074
72076,9192.0,29095.0,72075
72077,9192.0,28753.0,72076
72078,9192.0,28889.0,72077
72079,9192.0,28464.0,72078
72080,9192.0,28703.0,72079
72081,9192.0,27291.0,72080
72082,9192.0,27127.0,72081
72083,9192.0,27392.0,72082
72084,9192.0,27334.0,72083
72085,9192.0,27334.0,72084
72086,9192.0,27334.0,72085
72087,9192.0,28713.0,72086
72088,9192.0,28675.0,72087
72089,9192.0,28652.0,72088
72090,9192.0,27832.0,72089
72091,9192.0,28422.0,72090
72092,9192.0,28813.0,72091
72093,9192.0,28949.0,72092
72094,9192.0,28949.0,72093
72095,9192.0,29450.0,72094
72096,9192.0,28887.0,72095
72097,9192.0,28609.0,72096
72098,9192.0,28854.0,72097
72099,9192.0,28558.0,72098
72100,9192.0,28923.0,72099
72101,9192.0,29764.0,72100
72102,9192.0,30148.0,72101
72103,9192.0,30255.0,72102
72104,9192.0,30199.0,72103
72105,9192.0,30312.0,72104
72106,9192.0,27881.0,72105
72107,9192.0,27925.0,72106
72108,9192.0,28046.0,72107
72109,9192.0,28276.0,72108
72110,9192.0,28175.0,72109
72111,9192.0,28040.0,72110
72112,9192.0,28777.0,72111
72113,9192.0,28330.0,72112
72114,9192.0,28061.0,72113
72115,9192.0,28098.0,72114
72116,9192.0,29313.0,72115
72117,9192.0,29369.0,72116
72118,9192.0,29208.0,72117
72119,9192.0,29250.0,72118
72120,9192.0,29251.0,72119
72121,9192.0,29790.0,72120
72122,9192.0,29665.0,72121
72123,9192.0,29535.0,72122
72124,9192.0,29946.0,72123
72125,9192.0,30159.0,72124
72126,9192.0,30042.0,72125
72127,9192.0,29750.0,72126
72128,9192.0,29043.0,72127
72129,9192.0,29137.0,72128
72130,9192.0,28966.0,72129
72131,9192.0,29583.0,72130
72132,9192.0,29459.0,72131
72133,9192.0,29163.0,72132
72134,9192.0,28832.0,72133
72135,9192.0,28451.0,72134
72136,9192.0,28789.0,72135
72137,9192.0,29032.0,72136
72138,9192.0,29435.0,72137
72139,9192.0,29491.0,72138
72140,9192.0,29482.0,72139
72141,9192.0,29408.0,72140
72142,9192.0,29522.0,72141
72143,9192.0,29400.0,72142
72144,9192.0,29546.0,72143
72145,9192.0,29558.0,72144
72146,9192.0,29888.0,72145
72147,9192.0,28798.0,72146
72148,9192.0,28716.0,72147
72149,9192.0,28303.0,72148
72150,9192.0,28102.0,72149
72151,9192.0,28102.0,72150
72152,9192.0,28977.0,72151
72153,9192.0,28842.0,72152
72154,9192.0,28839.0,72153
72155,9192.0,28871.0,72154
72156,9192.0,28871.0,72155
72157,9192.0,29170.0,72156
72158,9192.0,29160.0,72157
72159,9192.0,29143.0,72158
72160,9192.0,29186.0,72159
72161,9192.0,29304.0,72160
72162,9192.0,29055.0,72161
72163,9192.0,28891.0,72162
72164,9192.0,28802.0,72163
72165,9192.0,28803.0,72164
72166,9192.0,28658.0,72165
72167,9192.0,28673.0,72166
72168,9192.0,28611.0,72167
72169,9192.0,28611.0,72168
72170,9192.0,28785.0,72169
72171,9192.0,28107.0,72170
72172,9192.0,28199.0,72171
72173,9192.0,28198.0,72172
72174,9192.0,27689.0,72173
72175,9192.0,27972.0,72174
72176,9192.0,28001.0,72175
72177,9192.0,28280.0,72176
72178,9192.0,28290.0,72177
72179,9192.0,28062.0,72178
72180,9192.0,28004.0,72179
72181,9192.0,28137.0,72180
72182,9192.0,28409.0,72181
72183,9192.0,28240.0,72182
72184,9192.0,27860.0,72183
72185,9192.0,27906.0,72184
72186,9192.0,27687.0,72185
72187,9192.0,27687.0,72186
72188,9192.0,27687.0,72187
72189,9192.0,27985.0,72188
72190,9192.0,28095.0,72189
72191,9192.0,28091.0,72190
72192,9192.0,27962.0,72191
72193,9192.0,27827.0,72192
72194,9192.0,27697.0,72193
72195,9192.0,27849.0,72194
72196,9192.0,27849.0,72195
72197,9192.0,27719.0,72196
72198,9192.0,27719.0,72197
72199,9192.0,27444.0,72198
72200,9192.0,27468.0,72199
72201,9192.0,27827.0,72200
72202,9192.0,27589.0,72201
72203,9192.0,27940.0,72202
72204,9192.0,28145.0,72203
72205,9192.0,27940.0,72204
72206,9192.0,28371.0,72205
72207,9192.0,28403.0,72206
72208,9192.0,29585.0,72207
72209,9192.0,29585.0,72208
72210,9192.0,30031.0,72209
72211,9192.0,30195.0,72210
72212,9192.0,30253.0,72211
72213,9192.0,29695.0,72212
72214,9192.0,29340.0,72213
72215,9192.0,29340.0,72214
72216,9192.0,29419.0,72215
72217,9192.0,29709.0,72216
72218,9192.0,29657.0,72217
72219,9192.0,29861.0,72218
72220,9192.0,30165.0,72219
72221,9192.0,30165.0,72220
72222,9192.0,30274.0,72221
72223,9192.0,30609.0,72222
72224,9192.0,30364.0,72223
72225,9192.0,30280.0,72224
72226,9192.0,29943.0,72225
72227,9192.0,30362.0,72226
72228,9192.0,31037.0,72227
72229,9192.0,31024.0,72228
72230,9192.0,31007.0,72229
72231,9192.0,31176.0,72230
72232,9192.0,30376.0,72231
72233,9192.0,30492.0,72232
72234,9192.0,30497.0,72233
72235,9192.0,31251.0,72234
72236,9192.0,29575.0,72235
72237,9192.0,29618.0,72236
72238,9192.0,29602.0,72237
72239,9192.0,29874.0,72238
72240,9192.0,28737.0,72239
72241,9192.0,28641.0,72240
72242,9192.0,28641.0,72241
72243,9192.0,28641.0,72242
72244,9192.0,28649.0,72243
72245,9192.0,28807.0,72244
72246,9192.0,29372.0,72245
72247,9192.0,30104.0,72246
72248,9192.0,29802.0,72247
72249,9192.0,30394.0,72248
72250,9192.0,31260.0,72249
72251,9192.0,29533.0,72250
72252,9192.0,29274.0,72251
72253,9192.0,29274.0,72252
72254,9192.0,28824.0,72253
72255,9192.0,29895.0,72254
72256,9192.0,28793.0,72255
72257,9192.0,29053.0,72256
72258,9192.0,28324.0,72257
72259,9192.0,28374.0,72258
72260,9192.0,28394.0,72259
72261,9192.0,28508.0,72260
72262,9192.0,28575.0,72261
72263,9192.0,28181.0,72262
72264,9192.0,28940.0,72263
72265,9192.0,28633.0,72264
72266,9192.0,27474.0,72265
72267,9192.0,26355.0,72266
72268,9192.0,26111.0,72267
72269,9192.0,25791.0,72268
72270,9192.0,25615.0,72269
72271,9192.0,25804.0,72270
72272,9192.0,25147.0,72271
72273,9192.0,25283.0,72272
72274,9192.0,25454.0,72273
72275,9192.0,25463.0,72274
72276,9192.0,25248.0,72275
72277,9192.0,25263.0,72276
72278,9192.0,25776.0,72277
72279,9192.0,25832.0,72278
72280,9192.0,26700.0,72279
72281,9192.0,27021.0,72280
72282,9192.0,26135.0,72281
72283,9192.0,26616.0,72282
72284,9192.0,27479.0,72283
72285,9192.0,27755.0,72284
72286,9192.0,27974.0,72285
72287,9192.0,27407.0,72286
72288,9192.0,26231.0,72287
72289,9192.0,26535.0,72288
72290,9192.0,26527.0,72289
72291,9192.0,26383.0,72290
72292,9192.0,26511.0,72291
72293,9192.0,26511.0,72292
72294,9192.0,25569.0,72293
72295,9192.0,25552.0,72294
72296,9192.0,25604.0,72295
72297,9192.0,25596.0,72296
72298,9192.0,25567.0,72297
72299,9192.0,26416.0,72298
72300,9192.0,26501.0,72299
72301,9192.0,26415.0,72300
72302,9192.0,26493.0,72301
72303,9192.0,26493.0,72302
72304,9192.0,25970.0,72303
72305,9192.0,25970.0,72304
72306,9192.0,26356.0,72305
72307,9192.0,27511.0,72306
72308,9192.0,27701.0,72307
72309,9192.0,26593.0,72308
72310,9192.0,26326.0,72309
72311,9192.0,26449.0,72310
72312,9192.0,26868.0,72311
72313,9192.0,27081.0,72312
72314,9192.0,26582.0,72313
72315,9192.0,26956.0,72314
72316,9192.0,27031.0,72315
72317,9192.0,27018.0,72316
72318,9192.0,27300.0,72317
72319,9192.0,25945.0,72318
72320,9192.0,26217.0,72319
72321,9192.0,26217.0,72320
72322,9192.0,25955.0,72321
72323,9192.0,26742.0,72322
72324,9192.0,27004.0,72323
72325,9192.0,26732.0,72324
72326,9192.0,26609.0,72325
72327,9192.0,26361.0,72326
72328,9192.0,26384.0,72327
72329,9192.0,26796.0,72328
72330,9192.0,26652.0,72329
72331,9192.0,27054.0,72330
72332,9192.0,26484.0,72331
72333,9192.0,26985.0,72332
72334,9192.0,27415.0,72333
72335,9192.0,26586.0,72334
72336,9192.0,26669.0,72335
72337,9192.0,27246.0,72336
72338,9192.0,27469.0,72337
72339,9192.0,27698.0,72338
72340,9192.0,28022.0,72339
72341,9192.0,28022.0,72340
72342,9192.0,28044.0,72341
72343,9192.0,28062.0,72342
72344,9192.0,28062.0,72343
72345,9192.0,27965.0,72344
72346,9192.0,28240.0,72345
72347,9192.0,28201.0,72346
72348,9192.0,28386.0,72347
72349,9192.0,29771.0,72348
72350,9192.0,29821.0,72349
72351,9192.0,29509.0,72350
72352,9192.0,29646.0,72351
72353,9192.0,29646.0,72352
72354,9192.0,29936.0,72353
72355,9192.0,30318.0,72354
72356,9192.0,31019.0,72355
72357,9192.0,31058.0,72356
72358,9192.0,30513.0,72357
72359,9192.0,29815.0,72358
72360,9192.0,29883.0,72359
72361,9192.0,29797.0,72360
72362,9192.0,29985.0,72361
72363,9192.0,28831.0,72362
72364,9192.0,28831.0,72363
72365,9192.0,28958.0,72364
72366,9192.0,28764.0,72365
72367,9192.0,29029.0,72366
72368,9192.0,28706.0,72367
72369,9192.0,28756.0,72368
72370,9192.0,28793.0,72369
72371,9192.0,28425.0,72370
72372,9192.0,28425.0,72371
72373,9192.0,28438.0,72372
72374,9192.0,28991.0,72373
72375,9192.0,28991.0,72374
72376,9192.0,27998.0,72375
72377,9192.0,28054.0,72376
72378,9192.0,28077.0,72377
72379,9192.0,28089.0,72378
72380,9192.0,27973.0,72379
72381,9192.0,28099.0,72380
72382,9192.0,28511.0,72381
72383,9192.0,29775.0,72382
72384,9192.0,29986.0,72383
72385,9192.0,29666.0,72384
72386,9192.0,29650.0,72385
72387,9192.0,29408.0,72386
72388,9192.0,29483.0,72387
72389,9192.0,29591.0,72388
72390,9192.0,29595.0,72389
72391,9192.0,29020.0,72390
72392,9192.0,28785.0,72391
72393,9192.0,28571.0,72392
72394,9192.0,29624.0,72393
72395,9192.0,29870.0,72394
72396,9192.0,30615.0,72395
72397,9192.0,30615.0,72396
72398,9192.0,30615.0,72397
72399,9192.0,30615.0,72398
72400,9192.0,29426.0,72399
72401,9192.0,29493.0,72400
72402,9192.0,29208.0,72401
72403,9192.0,29395.0,72402
72404,9192.0,29227.0,72403
72405,9192.0,28937.0,72404
72406,9192.0,29244.0,72405
72407,9192.0,29264.0,72406
72408,9192.0,28993.0,72407
72409,9192.0,29236.0,72408
72410,9192.0,28896.0,72409
72411,9192.0,28936.0,72410
72412,9192.0,27451.0,72411
72413,9192.0,27628.0,72412
72414,9192.0,27557.0,72413
72415,9192.0,27557.0,72414
72416,9192.0,27691.0,72415
72417,9192.0,27692.0,72416
72418,9192.0,27769.0,72417
72419,9192.0,27719.0,72418
72420,9192.0,27799.0,72419
72421,9192.0,28120.0,72420
72422,9192.0,29111.0,72421
72423,9192.0,29136.0,72422
72424,9192.0,28724.0,72423
72425,9192.0,28653.0,72424
72426,9192.0,28357.0,72425
72427,9192.0,28462.0,72426
72428,9192.0,29188.0,72427
72429,9192.0,28292.0,72428
72430,9192.0,28715.0,72429
72431,9192.0,27806.0,72430
72432,9192.0,27911.0,72431
72433,9192.0,28227.0,72432
72434,9192.0,27957.0,72433
72435,9192.0,28351.0,72434
72436,9192.0,28514.0,72435
72437,9192.0,28547.0,72436
72438,9192.0,28828.0,72437
72439,9192.0,28588.0,72438
72440,9192.0,28690.0,72439
72441,9192.0,28772.0,72440
72442,9192.0,28772.0,72441
72443,9192.0,28820.0,72442
72444,9192.0,28876.0,72443
72445,9192.0,28897.0,72444
72446,9192.0,30190.0,72445
72447,9192.0,29612.0,72446
72448,9192.0,28583.0,72447
72449,9192.0,29893.0,72448
72450,9192.0,30224.0,72449
72451,9192.0,29659.0,72450
72452,9192.0,29489.0,72451
72453,9192.0,29247.0,72452
72454,9192.0,28550.0,72453
72455,9192.0,28176.0,72454
72456,9192.0,28223.0,72455
72457,9192.0,28083.0,72456
72458,9192.0,28176.0,72457
72459,9192.0,28864.0,72458
72460,9192.0,28626.0,72459
72461,9192.0,28801.0,72460
72462,9192.0,28801.0,72461
72463,9192.0,28802.0,72462
72464,9192.0,28953.0,72463
72465,9192.0,28830.0,72464
72466,9192.0,28654.0,72465
72467,9192.0,27734.0,72466
72468,9192.0,26753.0,72467
72469,9192.0,26899.0,72468
72470,9192.0,26899.0,72469
72471,9192.0,26999.0,72470
72472,9192.0,27104.0,72471
72473,9192.0,27104.0,72472
72474,9192.0,25902.0,72473
72475,9192.0,25786.0,72474
72476,9192.0,25293.0,72475
72477,9192.0,25676.0,72476
72478,9192.0,25896.0,72477
72479,9192.0,25896.0,72478
72480,9192.0,26120.0,72479
72481,9192.0,26651.0,72480
72482,9192.0,27376.0,72481
72483,9192.0,27809.0,72482
72484,9192.0,27713.0,72483
72485,9192.0,27844.0,72484
72486,9192.0,27687.0,72485
72487,9192.0,27687.0,72486
72488,9192.0,27613.0,72487
72489,9192.0,27583.0,72488
72490,9192.0,27224.0,72489
72491,9192.0,26325.0,72490
72492,9192.0,26533.0,72491
72493,9192.0,25827.0,72492
72494,9192.0,25887.0,72493
72495,9192.0,26526.0,72494
72496,9192.0,26449.0,72495
72497,9192.0,27302.0,72496
72498,9192.0,28167.0,72497
72499,9192.0,28684.0,72498
72500,9192.0,28196.0,72499
72501,9192.0,28196.0,72500
72502,9192.0,28413.0,72501
72503,9192.0,28783.0,72502
72504,9192.0,28685.0,72503
72505,9192.0,28395.0,72504
72506,9192.0,27846.0,72505
72507,9192.0,28409.0,72506
72508,9192.0,28905.0,72507
72509,9192.0,28780.0,72508
72510,9192.0,28421.0,72509
72511,9192.0,28437.0,72510
72512,9192.0,29163.0,72511
72513,9192.0,29074.0,72512
72514,9192.0,27989.0,72513
72515,9192.0,28631.0,72514
72516,9192.0,28681.0,72515
72517,9192.0,28728.0,72516
72518,9192.0,29290.0,72517
72519,9192.0,28807.0,72518
72520,9192.0,28834.0,72519
72521,9192.0,28508.0,72520
72522,9192.0,28530.0,72521
72523,9192.0,28586.0,72522
72524,9192.0,28646.0,72523
72525,9192.0,27912.0,72524
72526,9192.0,27815.0,72525
72527,9192.0,28002.0,72526
72528,9192.0,28835.0,72527
72529,9192.0,28605.0,72528
72530,9192.0,28723.0,72529
72531,9192.0,29197.0,72530
72532,9192.0,28607.0,72531
72533,9192.0,28684.0,72532
72534,9192.0,28747.0,72533
72535,9192.0,28910.0,72534
72536,9192.0,29109.0,72535
72537,9192.0,28927.0,72536
72538,9192.0,28934.0,72537
72539,9192.0,28934.0,72538
72540,9192.0,28965.0,72539
72541,9192.0,29056.0,72540
72542,9192.0,29484.0,72541
72543,9192.0,28220.0,72542
72544,9192.0,28349.0,72543
72545,9192.0,28453.0,72544
72546,9192.0,28467.0,72545
72547,9192.0,28509.0,72546
72548,9192.0,28583.0,72547
72549,9192.0,28662.0,72548
72550,9192.0,28743.0,72549
72551,9192.0,29115.0,72550
72552,9192.0,28790.0,72551
72553,9192.0,28571.0,72552
72554,9192.0,28212.0,72553
72555,9192.0,28991.0,72554
72556,9192.0,28778.0,72555
72557,9192.0,28852.0,72556
72558,9192.0,29480.0,72557
72559,9192.0,28145.0,72558
72560,9192.0,28062.0,72559
72561,9192.0,28096.0,72560
72562,9192.0,29298.0,72561
72563,9192.0,28811.0,72562
72564,9192.0,28709.0,72563
72565,9192.0,30177.0,72564
72566,9192.0,29761.0,72565
72567,9192.0,29663.0,72566
72568,9192.0,29676.0,72567
72569,9192.0,29658.0,72568
72570,9192.0,29658.0,72569
72571,9192.0,28986.0,72570
72572,9192.0,28863.0,72571
72573,9192.0,29116.0,72572
72574,9192.0,28887.0,72573
72575,9192.0,27445.0,72574
72576,9192.0,27457.0,72575
72577,9192.0,27328.0,72576
72578,9192.0,27615.0,72577
72579,9192.0,27622.0,72578
72580,9192.0,26031.0,72579
72581,9192.0,25421.0,72580
72582,9192.0,25632.0,72581
72583,9192.0,26472.0,72582
72584,9192.0,27092.0,72583
72585,9192.0,26823.0,72584
72586,9192.0,27338.0,72585
72587,9192.0,27177.0,72586
72588,9192.0,27085.0,72587
72589,9192.0,27191.0,72588
72590,9192.0,27191.0,72589
72591,9192.0,27191.0,72590
72592,9192.0,26929.0,72591
72593,9192.0,28128.0,72592
72594,9192.0,27468.0,72593
72595,9192.0,26765.0,72594
72596,9192.0,27374.0,72595
72597,9192.0,27374.0,72596
72598,9192.0,27539.0,72597
72599,9192.0,27539.0,72598
72600,9192.0,27848.0,72599
72601,9192.0,27248.0,72600
72602,9192.0,27298.0,72601
72603,9192.0,28054.0,72602
72604,9192.0,27951.0,72603
72605,9192.0,28482.0,72604
72606,9192.0,28482.0,72605
72607,9192.0,28153.0,72606
72608,9192.0,29164.0,72607
72609,9192.0,29127.0,72608
72610,9192.0,29050.0,72609
72611,9192.0,29354.0,72610
72612,9192.0,29421.0,72611
72613,9192.0,29421.0,72612
72614,9192.0,29301.0,72613
72615,9192.0,29086.0,72614
72616,9192.0,29687.0,72615
72617,9192.0,29960.0,72616
72618,9192.0,28903.0,72617
72619,9192.0,28903.0,72618
72620,9192.0,28205.0,72619
72621,9192.0,28200.0,72620
72622,9192.0,28585.0,72621
72623,9192.0,28685.0,72622
72624,9192.0,29152.0,72623
72625,9192.0,29080.0,72624
72626,9192.0,28252.0,72625
72627,9192.0,28252.0,72626
72628,9192.0,28246.0,72627
72629,9192.0,28246.0,72628
72630,9192.0,28606.0,72629
72631,9192.0,27808.0,72630
72632,9192.0,27752.0,72631
72633,9192.0,28664.0,72632
72634,9192.0,28664.0,72633
72635,9192.0,28810.0,72634
72636,9192.0,27612.0,72635
72637,9192.0,27646.0,72636
72638,9192.0,27646.0,72637
72639,9192.0,28114.0,72638
72640,9192.0,27536.0,72639
72641,9192.0,27740.0,72640
72642,9192.0,27550.0,72641
72643,9192.0,28256.0,72642
72644,9192.0,28186.0,72643
72645,9192.0,27365.0,72644
72646,9192.0,26965.0,72645
72647,9192.0,26141.0,72646
72648,9192.0,25834.0,72647
72649,9192.0,25834.0,72648
72650,9192.0,25527.0,72649
72651,9192.0,25011.0,72650
72652,9192.0,25007.0,72651
72653,9192.0,25011.0,72652
72654,9192.0,24323.0,72653
72655,9192.0,24814.0,72654
72656,9192.0,26737.0,72655
72657,9192.0,26834.0,72656
72658,9192.0,27010.0,72657
72659,9192.0,27642.0,72658
72660,9192.0,27717.0,72659
72661,9192.0,27545.0,72660
72662,9192.0,28317.0,72661
72663,9192.0,28921.0,72662
72664,9192.0,28306.0,72663
72665,9192.0,28816.0,72664
72666,9192.0,29087.0,72665
72667,9192.0,28893.0,72666
72668,9192.0,29417.0,72667
72669,9192.0,28501.0,72668
72670,9192.0,28418.0,72669
72671,9192.0,28275.0,72670
72672,9192.0,28087.0,72671
72673,9192.0,28109.0,72672
72674,9192.0,27903.0,72673
72675,9192.0,27699.0,72674
72676,9192.0,27908.0,72675
72677,9192.0,27276.0,72676
72678,9192.0,27275.0,72677
72679,9192.0,27107.0,72678
72680,9192.0,26722.0,72679
72681,9192.0,25750.0,72680
72682,9192.0,25822.0,72681
72683,9192.0,26160.0,72682
72684,9192.0,26675.0,72683
72685,9192.0,26887.0,72684
72686,9192.0,26812.0,72685
72687,9192.0,27255.0,72686
72688,9192.0,27235.0,72687
72689,9192.0,27536.0,72688
72690,9192.0,27465.0,72689
72691,9192.0,27550.0,72690
72692,9192.0,27499.0,72691
72693,9192.0,27526.0,72692
72694,9192.0,27538.0,72693
72695,9192.0,27427.0,72694
72696,9192.0,27526.0,72695
72697,9192.0,27677.0,72696
72698,9192.0,27688.0,72697
72699,9192.0,27709.0,72698
72700,9192.0,27153.0,72699
72701,9192.0,26694.0,72700
72702,9192.0,26999.0,72701
72703,9192.0,27072.0,72702
72704,9192.0,28027.0,72703
72705,9192.0,27682.0,72704
72706,9192.0,27624.0,72705
72707,9192.0,27400.0,72706
72708,9192.0,27045.0,72707
72709,9192.0,26586.0,72708
72710,9192.0,26395.0,72709
72711,9192.0,27315.0,72710
72712,9192.0,27400.0,72711
72713,9192.0,27400.0,72712
72714,9192.0,26786.0,72713
72715,9192.0,26636.0,72714
72716,9192.0,27600.0,72715
72717,9192.0,27547.0,72716
72718,9192.0,27404.0,72717
72719,9192.0,27827.0,72718
72720,9192.0,28407.0,72719
72721,9192.0,28478.0,72720
72722,9192.0,28403.0,72721
72723,9192.0,28365.0,72722
72724,9192.0,27639.0,72723
72725,9192.0,27860.0,72724
72726,9192.0,28492.0,72725
72727,9192.0,28378.0,72726
72728,9192.0,28349.0,72727
72729,9192.0,27614.0,72728
72730,9192.0,28083.0,72729
72731,9192.0,27827.0,72730
72732,9192.0,27882.0,72731
72733,9192.0,27772.0,72732
72734,9192.0,27758.0,72733
72735,9192.0,27724.0,72734
72736,9192.0,27398.0,72735
72737,9192.0,26474.0,72736
72738,9192.0,27182.0,72737
72739,9192.0,27671.0,72738
72740,9192.0,27815.0,72739
72741,9192.0,27859.0,72740
72742,9192.0,28032.0,72741
72743,9192.0,27841.0,72742
72744,9192.0,27865.0,72743
72745,9192.0,26576.0,72744
72746,9192.0,26887.0,72745
72747,9192.0,25636.0,72746
72748,9192.0,25643.0,72747
72749,9192.0,25842.0,72748
72750,9192.0,25971.0,72749
72751,9192.0,26591.0,72750
72752,9192.0,26635.0,72751
72753,9192.0,26552.0,72752
72754,9192.0,26250.0,72753
72755,9192.0,26123.0,72754
72756,9192.0,26305.0,72755
72757,9192.0,26434.0,72756
72758,9192.0,26332.0,72757
72759,9192.0,26153.0,72758
72760,9192.0,25953.0,72759
72761,9192.0,25832.0,72760
72762,9192.0,26828.0,72761
72763,9192.0,26770.0,72762
72764,9192.0,26333.0,72763
72765,9192.0,26267.0,72764
72766,9192.0,26167.0,72765
72767,9192.0,26759.0,72766
72768,9192.0,26568.0,72767
72769,9192.0,26590.0,72768
72770,9192.0,26330.0,72769
72771,9192.0,26330.0,72770
72772,9192.0,26241.0,72771
72773,9192.0,26758.0,72772
72774,9192.0,26798.0,72773
72775,9192.0,28234.0,72774
72776,9192.0,28735.0,72775
72777,9192.0,28872.0,72776
72778,9192.0,28758.0,72777
72779,9192.0,28657.0,72778
72780,9192.0,28635.0,72779
72781,9192.0,28644.0,72780
72782,9192.0,28644.0,72781
72783,9192.0,28644.0,72782
72784,9192.0,27696.0,72783
72785,9192.0,27570.0,72784
72786,9192.0,28635.0,72785
72787,9192.0,28079.0,72786
72788,9192.0,28110.0,72787
72789,9192.0,28410.0,72788
72790,9192.0,28758.0,72789
72791,9192.0,28798.0,72790
72792,9192.0,28873.0,72791
72793,9192.0,29371.0,72792
72794,9192.0,29274.0,72793
72795,9192.0,29233.0,72794
72796,9192.0,29045.0,72795
72797,9192.0,30565.0,72796
72798,9192.0,30872.0,72797
72799,9192.0,30882.0,72798
72800,9192.0,30879.0,72799
72801,9192.0,30834.0,72800
72802,9192.0,30829.0,72801
72803,9192.0,30579.0,72802
72804,9192.0,30265.0,72803
72805,9192.0,30297.0,72804
72806,9192.0,29482.0,72805
72807,9192.0,28726.0,72806
72808,9192.0,28726.0,72807
72809,9192.0,28672.0,72808
72810,9192.0,28644.0,72809
72811,9192.0,28296.0,72810
72812,9192.0,28301.0,72811
72813,9192.0,28281.0,72812
72814,9192.0,27239.0,72813
72815,9192.0,28118.0,72814
72816,9192.0,26967.0,72815
72817,9192.0,27249.0,72816
72818,9192.0,26931.0,72817
72819,9192.0,26931.0,72818
72820,9192.0,27154.0,72819
72821,9192.0,27735.0,72820
72822,9192.0,27169.0,72821
72823,9192.0,27169.0,72822
72824,9192.0,27156.0,72823
72825,9192.0,27055.0,72824
72826,9192.0,27277.0,72825
72827,9192.0,27099.0,72826
72828,9192.0,26896.0,72827
72829,9192.0,27708.0,72828
72830,9192.0,28477.0,72829
72831,9192.0,28910.0,72830
72832,9192.0,28895.0,72831
72833,9192.0,28279.0,72832
72834,9192.0,28585.0,72833
72835,9192.0,28650.0,72834
72836,9192.0,28453.0,72835
72837,9192.0,28649.0,72836
72838,9192.0,28001.0,72837
72839,9192.0,27907.0,72838
72840,9192.0,27504.0,72839
72841,9192.0,28608.0,72840
72842,9192.0,28730.0,72841
72843,9192.0,28737.0,72842
72844,9192.0,28749.0,72843
72845,9192.0,29227.0,72844
72846,9192.0,28781.0,72845
72847,9192.0,29613.0,72846
72848,9192.0,29265.0,72847
72849,9192.0,29522.0,72848
72850,9192.0,29495.0,72849
72851,9192.0,29250.0,72850
72852,9192.0,29056.0,72851
72853,9192.0,28962.0,72852
72854,9192.0,27823.0,72853
72855,9192.0,27931.0,72854
72856,9192.0,27867.0,72855
72857,9192.0,27991.0,72856
72858,9192.0,27991.0,72857
72859,9192.0,27991.0,72858
72860,9192.0,27982.0,72859
72861,9192.0,27936.0,72860
72862,9192.0,28156.0,72861
72863,9192.0,28264.0,72862
72864,9192.0,28235.0,72863
72865,9192.0,27086.0,72864
72866,9192.0,27086.0,72865
72867,9192.0,27086.0,72866
72868,9192.0,26934.0,72867
72869,9192.0,27111.0,72868
72870,9192.0,26676.0,72869
72871,9192.0,25373.0,72870
72872,9192.0,25861.0,72871
72873,9192.0,25616.0,72872
72874,9192.0,25967.0,72873
72875,9192.0,26677.0,72874
72876,9192.0,26677.0,72875
72877,9192.0,27064.0,72876
72878,9192.0,27064.0,72877
72879,9192.0,27374.0,72878
72880,9192.0,27219.0,72879
72881,9192.0,27449.0,72880
72882,9192.0,28220.0,72881
72883,9192.0,28368.0,72882
72884,9192.0,28368.0,72883
72885,9192.0,28044.0,72884
72886,9192.0,28159.0,72885
72887,9192.0,28159.0,72886
72888,9192.0,28130.0,72887
72889,9192.0,28130.0,72888
72890,9192.0,27556.0,72889
72891,9192.0,27081.0,72890
72892,9192.0,26250.0,72891
72893,9192.0,26357.0,72892
72894,9192.0,27786.0,72893
72895,9192.0,27326.0,72894
72896,9192.0,27593.0,72895
72897,9192.0,27726.0,72896
72898,9192.0,27967.0,72897
72899,9192.0,27932.0,72898
72900,9192.0,28176.0,72899
72901,9192.0,29150.0,72900
72902,9192.0,29361.0,72901
72903,9192.0,29361.0,72902
72904,9192.0,28376.0,72903
72905,9192.0,28396.0,72904
72906,9192.0,28244.0,72905
72907,9192.0,27967.0,72906
72908,9192.0,28340.0,72907
72909,9192.0,28311.0,72908
72910,9192.0,28091.0,72909
72911,9192.0,28091.0,72910
72912,9192.0,27829.0,72911
72913,9192.0,27045.0,72912
72914,9192.0,27337.0,72913
72915,9192.0,27309.0,72914
72916,9192.0,27827.0,72915
72917,9192.0,27551.0,72916
72918,9192.0,26741.0,72917
72919,9192.0,26845.0,72918
72920,9192.0,26382.0,72919
72921,9192.0,26416.0,72920
72922,9192.0,26416.0,72921
72923,9192.0,26434.0,72922
72924,9192.0,25894.0,72923
72925,9192.0,27043.0,72924
72926,9192.0,27028.0,72925
72927,9192.0,26658.0,72926
72928,9192.0,26658.0,72927
72929,9192.0,26927.0,72928
72930,9192.0,27085.0,72929
72931,9192.0,27128.0,72930
72932,9192.0,27128.0,72931
72933,9192.0,26774.0,72932
72934,9192.0,26487.0,72933
72935,9192.0,26286.0,72934
72936,9192.0,26286.0,72935
72937,9192.0,26791.0,72936
72938,9192.0,27126.0,72937
72939,9192.0,27057.0,72938
72940,9192.0,27210.0,72939
72941,9192.0,26713.0,72940
72942,9192.0,26765.0,72941
72943,9192.0,27217.0,72942
72944,9192.0,27217.0,72943
72945,9192.0,27199.0,72944
72946,9192.0,26500.0,72945
72947,9192.0,25037.0,72946
72948,9192.0,25551.0,72947
72949,9192.0,25546.0,72948
72950,9192.0,25396.0,72949
72951,9192.0,25178.0,72950
72952,9192.0,25458.0,72951
72953,9192.0,25172.0,72952
72954,9192.0,25233.0,72953
72955,9192.0,25041.0,72954
72956,9192.0,25020.0,72955
72957,9192.0,25020.0,72956
72958,9192.0,26108.0,72957
72959,9192.0,25600.0,72958
72960,9192.0,26083.0,72959
72961,9192.0,25744.0,72960
72962,9192.0,26172.0,72961
72963,9192.0,26288.0,72962
72964,9192.0,26557.0,72963
72965,9192.0,26686.0,72964
72966,9192.0,26686.0,72965
72967,9192.0,26904.0,72966
72968,9192.0,26849.0,72967
72969,9192.0,26320.0,72968
72970,9192.0,26109.0,72969
72971,9192.0,26133.0,72970
72972,9192.0,26080.0,72971
72973,9192.0,26080.0,72972
72974,9192.0,26777.0,72973
72975,9192.0,26587.0,72974
72976,9192.0,26931.0,72975
72977,9192.0,28057.0,72976
72978,9192.0,28239.0,72977
72979,9192.0,28193.0,72978
72980,9192.0,28334.0,72979
72981,9192.0,28023.0,72980
72982,9192.0,28023.0,72981
72983,9192.0,28023.0,72982
72984,9192.0,28133.0,72983
72985,9192.0,27952.0,72984
72986,9192.0,27789.0,72985
72987,9192.0,26427.0,72986
72988,9192.0,26163.0,72987
72989,9192.0,26049.0,72988
72990,9192.0,26064.0,72989
72991,9192.0,26484.0,72990
72992,9192.0,26574.0,72991
72993,9192.0,26839.0,72992
72994,9192.0,27061.0,72993
72995,9192.0,27282.0,72994
72996,9192.0,27282.0,72995
72997,9192.0,27289.0,72996
72998,9192.0,28422.0,72997
72999,9192.0,28380.0,72998
73000,9192.0,28341.0,72999
73001,9192.0,28637.0,73000
73002,9192.0,28719.0,73001
73003,9192.0,28604.0,73002
73004,9192.0,28753.0,73003
73005,9192.0,28694.0,73004
73006,9192.0,28795.0,73005
73007,9192.0,28938.0,73006
73008,9192.0,28832.0,73007
73009,9192.0,28832.0,73008
73010,9192.0,28832.0,73009
73011,9192.0,29017.0,73010
73012,9192.0,28862.0,73011
73013,9192.0,29606.0,73012
73014,9192.0,29688.0,73013
73015,9192.0,29872.0,73014
73016,9192.0,30209.0,73015
73017,9192.0,29926.0,73016
73018,9192.0,28729.0,73017
73019,9192.0,28870.0,73018
73020,9192.0,28688.0,73019
73021,9192.0,28848.0,73020
73022,9192.0,29351.0,73021
73023,9192.0,29463.0,73022
73024,9192.0,29466.0,73023
73025,9192.0,29693.0,73024
73026,9192.0,30205.0,73025
73027,9192.0,29898.0,73026
73028,9192.0,29893.0,73027
73029,9192.0,29479.0,73028
73030,9192.0,29514.0,73029
73031,9192.0,30254.0,73030
73032,9192.0,30267.0,73031
73033,9192.0,30369.0,73032
73034,9192.0,30518.0,73033
73035,9192.0,30921.0,73034
73036,9192.0,30550.0,73035
73037,9192.0,30651.0,73036
73038,9192.0,30762.0,73037
73039,9192.0,30681.0,73038
73040,9192.0,31416.0,73039
73041,9192.0,31272.0,73040
73042,9192.0,30941.0,73041
73043,9192.0,31168.0,73042
73044,9192.0,31734.0,73043
73045,9192.0,31465.0,73044
73046,9192.0,31371.0,73045
73047,9192.0,31369.0,73046
73048,9192.0,31467.0,73047
73049,9192.0,31739.0,73048
73050,9192.0,31493.0,73049
73051,9192.0,31038.0,73050
73052,9192.0,30653.0,73051
73053,9192.0,29475.0,73052
73054,9192.0,29056.0,73053
73055,9192.0,29209.0,73054
73056,9192.0,29074.0,73055
73057,9192.0,28977.0,73056
73058,9192.0,28977.0,73057
73059,9192.0,29072.0,73058
73060,9192.0,28783.0,73059
73061,9192.0,28856.0,73060
73062,9192.0,29014.0,73061
73063,9192.0,28811.0,73062
73064,9192.0,28771.0,73063
73065,9192.0,28744.0,73064
73066,9192.0,28583.0,73065
73067,9192.0,28053.0,73066
73068,9192.0,27905.0,73067
73069,9192.0,28305.0,73068
73070,9192.0,28366.0,73069
73071,9192.0,28366.0,73070
73072,9192.0,28583.0,73071
73073,9192.0,28845.0,73072
73074,9192.0,28736.0,73073
73075,9192.0,29087.0,73074
73076,9192.0,28609.0,73075
73077,9192.0,28549.0,73076
73078,9192.0,28549.0,73077
73079,9192.0,28382.0,73078
73080,9192.0,28353.0,73079
73081,9192.0,28078.0,73080
73082,9192.0,28530.0,73081
73083,9192.0,28209.0,73082
73084,9192.0,27998.0,73083
73085,9192.0,28530.0,73084
73086,9192.0,28651.0,73085
73087,9192.0,28566.0,73086
73088,9192.0,28265.0,73087
73089,9192.0,29872.0,73088
73090,9192.0,29934.0,73089
73091,9192.0,30245.0,73090
73092,9192.0,30284.0,73091
73093,9192.0,30284.0,73092
73094,9192.0,29024.0,73093
73095,9192.0,29629.0,73094
73096,9192.0,30214.0,73095
73097,9192.0,30436.0,73096
73098,9192.0,31667.0,73097
73099,9192.0,31882.0,73098
73100,9192.0,32129.0,73099
73101,9192.0,32592.0,73100
73102,9192.0,32606.0,73101
73103,9192.0,32289.0,73102
73104,9192.0,32351.0,73103
73105,9192.0,32207.0,73104
73106,9192.0,32170.0,73105
73107,9192.0,31640.0,73106
73108,9192.0,31557.0,73107
73109,9192.0,30601.0,73108
73110,9192.0,30863.0,73109
73111,9192.0,29896.0,73110
73112,9192.0,29962.0,73111
73113,9192.0,31731.0,73112
73114,9192.0,31922.0,73113
73115,9192.0,32156.0,73114
73116,9192.0,30962.0,73115
73117,9192.0,31266.0,73116
73118,9192.0,31569.0,73117
73119,9192.0,31586.0,73118
73120,9192.0,32102.0,73119
73121,9192.0,32186.0,73120
73122,9192.0,32348.0,73121
73123,9192.0,31720.0,73122
73124,9192.0,31723.0,73123
73125,9192.0,31649.0,73124
73126,9192.0,31892.0,73125
73127,9192.0,31652.0,73126
73128,9192.0,31623.0,73127
73129,9192.0,31980.0,73128
73130,9192.0,31450.0,73129
73131,9192.0,31429.0,73130
73132,9192.0,32326.0,73131
73133,9192.0,31782.0,73132
73134,9192.0,31783.0,73133
73135,9192.0,31571.0,73134
73136,9192.0,31312.0,73135
73137,9192.0,31307.0,73136
73138,9192.0,31307.0,73137
73139,9192.0,31304.0,73138
73140,9192.0,31304.0,73139
73141,9192.0,30334.0,73140
73142,9192.0,29124.0,73141
73143,9192.0,29112.0,73142
73144,9192.0,29870.0,73143
73145,9192.0,29870.0,73144
73146,9192.0,29962.0,73145
73147,9192.0,29853.0,73146
73148,9192.0,29848.0,73147
73149,9192.0,29235.0,73148
73150,9192.0,28765.0,73149
73151,9192.0,28842.0,73150
73152,9192.0,28867.0,73151
73153,9192.0,29753.0,73152
73154,9192.0,29922.0,73153
73155,9192.0,31138.0,73154
73156,9192.0,30504.0,73155
73157,9192.0,30503.0,73156
73158,9192.0,30372.0,73157
73159,9192.0,30352.0,73158
73160,9192.0,30447.0,73159
73161,9192.0,29806.0,73160
73162,9192.0,29726.0,73161
73163,9192.0,29304.0,73162
73164,9192.0,28861.0,73163
73165,9192.0,28289.0,73164
73166,9192.0,28368.0,73165
73167,9192.0,29156.0,73166
73168,9192.0,28849.0,73167
73169,9192.0,28849.0,73168
73170,9192.0,29772.0,73169
73171,9192.0,29346.0,73170
73172,9192.0,29454.0,73171
73173,9192.0,29341.0,73172
73174,9192.0,30116.0,73173
73175,9192.0,30218.0,73174
73176,9192.0,30229.0,73175
73177,9192.0,29819.0,73176
73178,9192.0,28809.0,73177
73179,9192.0,28935.0,73178
73180,9192.0,28918.0,73179
73181,9192.0,28752.0,73180
73182,9192.0,28474.0,73181
73183,9192.0,28031.0,73182
73184,9192.0,27335.0,73183
73185,9192.0,28360.0,73184
73186,9192.0,28127.0,73185
73187,9192.0,29058.0,73186
73188,9192.0,29803.0,73187
73189,9192.0,30280.0,73188
73190,9192.0,30419.0,73189
73191,9192.0,30513.0,73190
73192,9192.0,30981.0,73191
73193,9192.0,30818.0,73192
73194,9192.0,29495.0,73193
73195,9192.0,29495.0,73194
73196,9192.0,29463.0,73195
73197,9192.0,29463.0,73196
73198,9192.0,29583.0,73197
73199,9192.0,29583.0,73198
73200,9192.0,29583.0,73199
73201,9192.0,29655.0,73200
73202,9192.0,29628.0,73201
73203,9192.0,29708.0,73202
73204,9192.0,29571.0,73203
73205,9192.0,29571.0,73204
73206,9192.0,29264.0,73205
73207,9192.0,29995.0,73206
73208,9192.0,30176.0,73207
73209,9192.0,30176.0,73208
73210,9192.0,29980.0,73209
73211,9192.0,30460.0,73210
73212,9192.0,29813.0,73211
73213,9192.0,29799.0,73212
73214,9192.0,29998.0,73213
73215,9192.0,30374.0,73214
73216,9192.0,30129.0,73215
73217,9192.0,30462.0,73216
73218,9192.0,30436.0,73217
73219,9192.0,30505.0,73218
73220,9192.0,29608.0,73219
73221,9192.0,29419.0,73220
73222,9192.0,29490.0,73221
73223,9192.0,29345.0,73222
73224,9192.0,28861.0,73223
73225,9192.0,28782.0,73224
73226,9192.0,29051.0,73225
73227,9192.0,27819.0,73226
73228,9192.0,27975.0,73227
73229,9192.0,28115.0,73228
73230,9192.0,28115.0,73229
73231,9192.0,28046.0,73230
73232,9192.0,28083.0,73231
73233,9192.0,27449.0,73232
73234,9192.0,28073.0,73233
73235,9192.0,28073.0,73234
73236,9192.0,27880.0,73235
73237,9192.0,28201.0,73236
73238,9192.0,28526.0,73237
73239,9192.0,28474.0,73238
73240,9192.0,28252.0,73239
73241,9192.0,27026.0,73240
73242,9192.0,26638.0,73241
73243,9192.0,26534.0,73242
73244,9192.0,26953.0,73243
73245,9192.0,26549.0,73244
73246,9192.0,26549.0,73245
73247,9192.0,27033.0,73246
73248,9192.0,27529.0,73247
73249,9192.0,28204.0,73248
73250,9192.0,28181.0,73249
73251,9192.0,28179.0,73250
73252,9192.0,28179.0,73251
73253,9192.0,28388.0,73252
73254,9192.0,29153.0,73253
73255,9192.0,29067.0,73254
73256,9192.0,28636.0,73255
73257,9192.0,28620.0,73256
73258,9192.0,27913.0,73257
73259,9192.0,28052.0,73258
73260,9192.0,28342.0,73259
73261,9192.0,28442.0,73260
73262,9192.0,28323.0,73261
73263,9192.0,28272.0,73262
73264,9192.0,28019.0,73263
73265,9192.0,27525.0,73264
73266,9192.0,27537.0,73265
73267,9192.0,27150.0,73266
73268,9192.0,27174.0,73267
73269,9192.0,26951.0,73268
73270,9192.0,26782.0,73269
73271,9192.0,27253.0,73270
73272,9192.0,27468.0,73271
73273,9192.0,27410.0,73272
73274,9192.0,27431.0,73273
73275,9192.0,28303.0,73274
73276,9192.0,28896.0,73275
73277,9192.0,28710.0,73276
73278,9192.0,28652.0,73277
73279,9192.0,28605.0,73278
73280,9192.0,28597.0,73279
73281,9192.0,29282.0,73280
73282,9192.0,30047.0,73281
73283,9192.0,29795.0,73282
73284,9192.0,29888.0,73283
73285,9192.0,28740.0,73284
73286,9192.0,28781.0,73285
73287,9192.0,29107.0,73286
73288,9192.0,29224.0,73287
73289,9192.0,29224.0,73288
73290,9192.0,29315.0,73289
73291,9192.0,29806.0,73290
73292,9192.0,28829.0,73291
73293,9192.0,28883.0,73292
73294,9192.0,28670.0,73293
73295,9192.0,29022.0,73294
73296,9192.0,29202.0,73295
73297,9192.0,29129.0,73296
73298,9192.0,28274.0,73297
73299,9192.0,28968.0,73298
73300,9192.0,29740.0,73299
73301,9192.0,29905.0,73300
73302,9192.0,29612.0,73301
73303,9192.0,29777.0,73302
73304,9192.0,30491.0,73303
73305,9192.0,31003.0,73304
73306,9192.0,30797.0,73305
73307,9192.0,30416.0,73306
73308,9192.0,29097.0,73307
73309,9192.0,29458.0,73308
73310,9192.0,29441.0,73309
73311,9192.0,29463.0,73310
73312,9192.0,29143.0,73311
73313,9192.0,28694.0,73312
73314,9192.0,28066.0,73313
73315,9192.0,27877.0,73314
73316,9192.0,27913.0,73315
73317,9192.0,26599.0,73316
73318,9192.0,26694.0,73317
73319,9192.0,26786.0,73318
73320,9192.0,26833.0,73319
73321,9192.0,26758.0,73320
73322,9192.0,27162.0,73321
73323,9192.0,26894.0,73322
73324,9192.0,26894.0,73323
73325,9192.0,26959.0,73324
73326,9192.0,27241.0,73325
73327,9192.0,27459.0,73326
73328,9192.0,27406.0,73327
73329,9192.0,27686.0,73328
73330,9192.0,27686.0,73329
73331,9192.0,27222.0,73330
73332,9192.0,27492.0,73331
73333,9192.0,27766.0,73332
73334,9192.0,28094.0,73333
73335,9192.0,28061.0,73334
73336,9192.0,28205.0,73335
73337,9192.0,26284.0,73336
73338,9192.0,26284.0,73337
73339,9192.0,26284.0,73338
73340,9192.0,26281.0,73339
73341,9192.0,26117.0,73340
73342,9192.0,27784.0,73341
73343,9192.0,27823.0,73342
73344,9192.0,27238.0,73343
73345,9192.0,27238.0,73344
73346,9192.0,27434.0,73345
73347,9192.0,27458.0,73346
73348,9192.0,27537.0,73347
73349,9192.0,27177.0,73348
73350,9192.0,28065.0,73349
73351,9192.0,27877.0,73350
73352,9192.0,28364.0,73351
73353,9192.0,27488.0,73352
73354,9192.0,27763.0,73353
73355,9192.0,27289.0,73354
73356,9192.0,27941.0,73355
73357,9192.0,27773.0,73356
73358,9192.0,27776.0,73357
73359,9192.0,27406.0,73358
73360,9192.0,27015.0,73359
73361,9192.0,26630.0,73360
73362,9192.0,26456.0,73361
73363,9192.0,26739.0,73362
73364,9192.0,27055.0,73363
73365,9192.0,26537.0,73364
73366,9192.0,26615.0,73365
73367,9192.0,26670.0,73366
73368,9192.0,27138.0,73367
73369,9192.0,27096.0,73368
73370,9192.0,26906.0,73369
73371,9192.0,26544.0,73370
73372,9192.0,26587.0,73371
73373,9192.0,26436.0,73372
73374,9192.0,26540.0,73373
73375,9192.0,27125.0,73374
73376,9192.0,27336.0,73375
73377,9192.0,27336.0,73376
73378,9192.0,27328.0,73377
73379,9192.0,28048.0,73378
73380,9192.0,28029.0,73379
73381,9192.0,28029.0,73380
73382,9192.0,27924.0,73381
73383,9192.0,27758.0,73382
73384,9192.0,28839.0,73383
73385,9192.0,28218.0,73384
73386,9192.0,28566.0,73385
73387,9192.0,28255.0,73386
73388,9192.0,28204.0,73387
73389,9192.0,27734.0,73388
73390,9192.0,27718.0,73389
73391,9192.0,27770.0,73390
73392,9192.0,27493.0,73391
73393,9192.0,27127.0,73392
73394,9192.0,27544.0,73393
73395,9192.0,27777.0,73394
73396,9192.0,27740.0,73395
73397,9192.0,28000.0,73396
73398,9192.0,28000.0,73397
73399,9192.0,28009.0,73398
73400,9192.0,27377.0,73399
73401,9192.0,27141.0,73400
73402,9192.0,26978.0,73401
73403,9192.0,25762.0,73402
73404,9192.0,26087.0,73403
73405,9192.0,26244.0,73404
73406,9192.0,26227.0,73405
73407,9192.0,26188.0,73406
73408,9192.0,26397.0,73407
73409,9192.0,26939.0,73408
73410,9192.0,26151.0,73409
73411,9192.0,27105.0,73410
73412,9192.0,27338.0,73411
73413,9192.0,27593.0,73412
73414,9192.0,27507.0,73413
73415,9192.0,27968.0,73414
73416,9192.0,27644.0,73415
73417,9192.0,27067.0,73416
73418,9192.0,27067.0,73417
73419,9192.0,27154.0,73418
73420,9192.0,25826.0,73419
73421,9192.0,25489.0,73420
73422,9192.0,25860.0,73421
73423,9192.0,26393.0,73422
73424,9192.0,26774.0,73423
73425,9192.0,25897.0,73424
73426,9192.0,25785.0,73425
73427,9192.0,25447.0,73426
73428,9192.0,25359.0,73427
73429,9192.0,25661.0,73428
73430,9192.0,25661.0,73429
73431,9192.0,25445.0,73430
73432,9192.0,25999.0,73431
73433,9192.0,25193.0,73432
73434,9192.0,25215.0,73433
73435,9192.0,24938.0,73434
73436,9192.0,25321.0,73435
73437,9192.0,24949.0,73436
73438,9192.0,24391.0,73437
73439,9192.0,24228.0,73438
73440,9192.0,24011.0,73439
73441,9192.0,23930.0,73440
73442,9192.0,23897.0,73441
73443,9192.0,24244.0,73442
73444,9192.0,24037.0,73443
73445,9192.0,24037.0,73444
73446,9192.0,24882.0,73445
73447,9192.0,24605.0,73446
73448,9192.0,24840.0,73447
73449,9192.0,24840.0,73448
73450,9192.0,25155.0,73449
73451,9192.0,25155.0,73450
73452,9192.0,25419.0,73451
73453,9192.0,25049.0,73452
73454,9192.0,25608.0,73453
73455,9192.0,25501.0,73454
73456,9192.0,25827.0,73455
73457,9192.0,27153.0,73456
73458,9192.0,27153.0,73457
73459,9192.0,27163.0,73458
73460,9192.0,27383.0,73459
73461,9192.0,27068.0,73460
73462,9192.0,27068.0,73461
73463,9192.0,27084.0,73462
73464,9192.0,26938.0,73463
73465,9192.0,26966.0,73464
73466,9192.0,26897.0,73465
73467,9192.0,26612.0,73466
73468,9192.0,27045.0,73467
73469,9192.0,27179.0,73468
73470,9192.0,27100.0,73469
73471,9192.0,26868.0,73470
73472,9192.0,27630.0,73471
73473,9192.0,27485.0,73472
73474,9192.0,28160.0,73473
73475,9192.0,27967.0,73474
73476,9192.0,27967.0,73475
73477,9192.0,28463.0,73476
73478,9192.0,28463.0,73477
73479,9192.0,28747.0,73478
73480,9192.0,28795.0,73479
73481,9192.0,29515.0,73480
73482,9192.0,29515.0,73481
73483,9192.0,29380.0,73482
73484,9192.0,29100.0,73483
73485,9192.0,29459.0,73484
73486,9192.0,29597.0,73485
73487,9192.0,30503.0,73486
73488,9192.0,30869.0,73487
73489,9192.0,30592.0,73488
73490,9192.0,30787.0,73489
73491,9192.0,30511.0,73490
73492,9192.0,29482.0,73491
73493,9192.0,29359.0,73492
73494,9192.0,29162.0,73493
73495,9192.0,29294.0,73494
73496,9192.0,29253.0,73495
73497,9192.0,29184.0,73496
73498,9192.0,29378.0,73497
73499,9192.0,29340.0,73498
73500,9192.0,29340.0,73499
73501,9192.0,29340.0,73500
73502,9192.0,29533.0,73501
73503,9192.0,29680.0,73502
73504,9192.0,29643.0,73503
73505,9192.0,28634.0,73504
73506,9192.0,28744.0,73505
73507,9192.0,28383.0,73506
73508,9192.0,28219.0,73507
73509,9192.0,28296.0,73508
73510,9192.0,28727.0,73509
73511,9192.0,28910.0,73510
73512,9192.0,28832.0,73511
73513,9192.0,28806.0,73512
73514,9192.0,28498.0,73513
73515,9192.0,28365.0,73514
73516,9192.0,29266.0,73515
73517,9192.0,29732.0,73516
73518,9192.0,29744.0,73517
73519,9192.0,29684.0,73518
73520,9192.0,29687.0,73519
73521,9192.0,29449.0,73520
73522,9192.0,29118.0,73521
73523,9192.0,30348.0,73522
73524,9192.0,30116.0,73523
73525,9192.0,29893.0,73524
73526,9192.0,29949.0,73525
73527,9192.0,29883.0,73526
73528,9192.0,29736.0,73527
73529,9192.0,30057.0,73528
73530,9192.0,30054.0,73529
73531,9192.0,30099.0,73530
73532,9192.0,30263.0,73531
73533,9192.0,30548.0,73532
73534,9192.0,30501.0,73533
73535,9192.0,30571.0,73534
73536,9192.0,30650.0,73535
73537,9192.0,30184.0,73536
73538,9192.0,30261.0,73537
73539,9192.0,30103.0,73538
73540,9192.0,30229.0,73539
73541,9192.0,30350.0,73540
73542,9192.0,30444.0,73541
73543,9192.0,30252.0,73542
73544,9192.0,30523.0,73543
73545,9192.0,30298.0,73544
73546,9192.0,30447.0,73545
73547,9192.0,30701.0,73546
73548,9192.0,30701.0,73547
73549,9192.0,30600.0,73548
73550,9192.0,30094.0,73549
73551,9192.0,30094.0,73550
73552,9192.0,30091.0,73551
73553,9192.0,29720.0,73552
73554,9192.0,29693.0,73553
73555,9192.0,29520.0,73554
73556,9192.0,29652.0,73555
73557,9192.0,28545.0,73556
73558,9192.0,28518.0,73557
73559,9192.0,28889.0,73558
73560,9192.0,28033.0,73559
73561,9192.0,28030.0,73560
73562,9192.0,28436.0,73561
73563,9192.0,28432.0,73562
73564,9192.0,29025.0,73563
73565,9192.0,29171.0,73564
73566,9192.0,28328.0,73565
73567,9192.0,27600.0,73566
73568,9192.0,27294.0,73567
73569,9192.0,27714.0,73568
73570,9192.0,27714.0,73569
73571,9192.0,28129.0,73570
73572,9192.0,28403.0,73571
73573,9192.0,28859.0,73572
73574,9192.0,28849.0,73573
73575,9192.0,27637.0,73574
73576,9192.0,27637.0,73575
73577,9192.0,27771.0,73576
73578,9192.0,27332.0,73577
73579,9192.0,27332.0,73578
73580,9192.0,27058.0,73579
73581,9192.0,26495.0,73580
73582,9192.0,26824.0,73581
73583,9192.0,26624.0,73582
73584,9192.0,26638.0,73583
73585,9192.0,26687.0,73584
73586,9192.0,26687.0,73585
73587,9192.0,26620.0,73586
73588,9192.0,26425.0,73587
73589,9192.0,26295.0,73588
73590,9192.0,26368.0,73589
73591,9192.0,26300.0,73590
73592,9192.0,27058.0,73591
73593,9192.0,25595.0,73592
73594,9192.0,25695.0,73593
73595,9192.0,25552.0,73594
73596,9192.0,26295.0,73595
73597,9192.0,26145.0,73596
73598,9192.0,26188.0,73597
73599,9192.0,25906.0,73598
73600,9192.0,25387.0,73599
73601,9192.0,24983.0,73600
73602,9192.0,25309.0,73601
73603,9192.0,25362.0,73602
73604,9192.0,25555.0,73603
73605,9192.0,25480.0,73604
73606,9192.0,25636.0,73605
73607,9192.0,26662.0,73606
73608,9192.0,26229.0,73607
73609,9192.0,26351.0,73608
73610,9192.0,26364.0,73609
73611,9192.0,26383.0,73610
73612,9192.0,26383.0,73611
73613,9192.0,26005.0,73612
73614,9192.0,27518.0,73613
73615,9192.0,28382.0,73614
73616,9192.0,28408.0,73615
73617,9192.0,28478.0,73616
73618,9192.0,29016.0,73617
73619,9192.0,29019.0,73618
73620,9192.0,29072.0,73619
73621,9192.0,28727.0,73620
73622,9192.0,29179.0,73621
73623,9192.0,28445.0,73622
73624,9192.0,28420.0,73623
73625,9192.0,27997.0,73624
73626,9192.0,27869.0,73625
73627,9192.0,27806.0,73626
73628,9192.0,27683.0,73627
73629,9192.0,27481.0,73628
73630,9192.0,27924.0,73629
73631,9192.0,27382.0,73630
73632,9192.0,26581.0,73631
73633,9192.0,26734.0,73632
73634,9192.0,26615.0,73633
73635,9192.0,26425.0,73634
73636,9192.0,25510.0,73635
73637,9192.0,24947.0,73636
73638,9192.0,25050.0,73637
73639,9192.0,26227.0,73638
73640,9192.0,26551.0,73639
73641,9192.0,26424.0,73640
73642,9192.0,26802.0,73641
73643,9192.0,26728.0,73642
73644,9192.0,26728.0,73643
73645,9192.0,26456.0,73644
73646,9192.0,25929.0,73645
73647,9192.0,25855.0,73646
73648,9192.0,26298.0,73647
73649,9192.0,27399.0,73648
73650,9192.0,27316.0,73649
73651,9192.0,28061.0,73650
73652,9192.0,28306.0,73651
73653,9192.0,28030.0,73652
73654,9192.0,29471.0,73653
73655,9192.0,29505.0,73654
73656,9192.0,29670.0,73655
73657,9192.0,30141.0,73656
73658,9192.0,30082.0,73657
73659,9192.0,29842.0,73658
73660,9192.0,29720.0,73659
73661,9192.0,29581.0,73660
73662,9192.0,29984.0,73661
73663,9192.0,31417.0,73662
73664,9192.0,31740.0,73663
73665,9192.0,31163.0,73664
73666,9192.0,31247.0,73665
73667,9192.0,31260.0,73666
73668,9192.0,31260.0,73667
73669,9192.0,30514.0,73668
73670,9192.0,30408.0,73669
73671,9192.0,29897.0,73670
73672,9192.0,30108.0,73671
73673,9192.0,30206.0,73672
73674,9192.0,29999.0,73673
73675,9192.0,30037.0,73674
73676,9192.0,30016.0,73675
73677,9192.0,29891.0,73676
73678,9192.0,29657.0,73677
73679,9192.0,29656.0,73678
73680,9192.0,29703.0,73679
73681,9192.0,30371.0,73680
73682,9192.0,29899.0,73681
73683,9192.0,30231.0,73682
73684,9192.0,30283.0,73683
73685,9192.0,30274.0,73684
73686,9192.0,30739.0,73685
73687,9192.0,30940.0,73686
73688,9192.0,31045.0,73687
73689,9192.0,30345.0,73688
73690,9192.0,30353.0,73689
73691,9192.0,30515.0,73690
73692,9192.0,31069.0,73691
73693,9192.0,31069.0,73692
73694,9192.0,31101.0,73693
73695,9192.0,30657.0,73694
73696,9192.0,29717.0,73695
73697,9192.0,29711.0,73696
73698,9192.0,29480.0,73697
73699,9192.0,29850.0,73698
73700,9192.0,29514.0,73699
73701,9192.0,29183.0,73700
73702,9192.0,29350.0,73701
73703,9192.0,29394.0,73702
73704,9192.0,29399.0,73703
73705,9192.0,29291.0,73704
73706,9192.0,29108.0,73705
73707,9192.0,29104.0,73706
73708,9192.0,29273.0,73707
73709,9192.0,29273.0,73708
73710,9192.0,29210.0,73709
73711,9192.0,29962.0,73710
73712,9192.0,30076.0,73711
73713,9192.0,29341.0,73712
73714,9192.0,29596.0,73713
73715,9192.0,29191.0,73714
73716,9192.0,28804.0,73715
73717,9192.0,29096.0,73716
73718,9192.0,29100.0,73717
73719,9192.0,29570.0,73718
73720,9192.0,29342.0,73719
73721,9192.0,29550.0,73720
73722,9192.0,29532.0,73721
73723,9192.0,29091.0,73722
73724,9192.0,29173.0,73723
73725,9192.0,29153.0,73724
73726,9192.0,28224.0,73725
73727,9192.0,27749.0,73726
73728,9192.0,27986.0,73727
73729,9192.0,27820.0,73728
73730,9192.0,28772.0,73729
73731,9192.0,28956.0,73730
73732,9192.0,28947.0,73731
73733,9192.0,27649.0,73732
73734,9192.0,27645.0,73733
73735,9192.0,27645.0,73734
73736,9192.0,27425.0,73735
73737,9192.0,27673.0,73736
73738,9192.0,27823.0,73737
73739,9192.0,28220.0,73738
73740,9192.0,29608.0,73739
73741,9192.0,30338.0,73740
73742,9192.0,30422.0,73741
73743,9192.0,30039.0,73742
73744,9192.0,29977.0,73743
73745,9192.0,29036.0,73744
73746,9192.0,29438.0,73745
73747,9192.0,30027.0,73746
73748,9192.0,29559.0,73747
73749,9192.0,29495.0,73748
73750,9192.0,29662.0,73749
73751,9192.0,29729.0,73750
73752,9192.0,29911.0,73751
73753,9192.0,29369.0,73752
73754,9192.0,28871.0,73753
73755,9192.0,28804.0,73754
73756,9192.0,29009.0,73755
73757,9192.0,28788.0,73756
73758,9192.0,28732.0,73757
73759,9192.0,28930.0,73758
73760,9192.0,29717.0,73759
73761,9192.0,29607.0,73760
73762,9192.0,29465.0,73761
73763,9192.0,29132.0,73762
73764,9192.0,29156.0,73763
73765,9192.0,29636.0,73764
73766,9192.0,29957.0,73765
73767,9192.0,29957.0,73766
73768,9192.0,30277.0,73767
73769,9192.0,30254.0,73768
73770,9192.0,29460.0,73769
73771,9192.0,29350.0,73770
73772,9192.0,28915.0,73771
73773,9192.0,29395.0,73772
73774,9192.0,29515.0,73773
73775,9192.0,28999.0,73774
73776,9192.0,28481.0,73775
73777,9192.0,28263.0,73776
73778,9192.0,28024.0,73777
73779,9192.0,27604.0,73778
73780,9192.0,27548.0,73779
73781,9192.0,27355.0,73780
73782,9192.0,27584.0,73781
73783,9192.0,27645.0,73782
73784,9192.0,27679.0,73783
73785,9192.0,27753.0,73784
73786,9192.0,28199.0,73785
73787,9192.0,28199.0,73786
73788,9192.0,28547.0,73787
73789,9192.0,28362.0,73788
73790,9192.0,28362.0,73789
73791,9192.0,28093.0,73790
73792,9192.0,28109.0,73791
73793,9192.0,28113.0,73792
73794,9192.0,28326.0,73793
73795,9192.0,27558.0,73794
73796,9192.0,27823.0,73795
73797,9192.0,27905.0,73796
73798,9192.0,27905.0,73797
73799,9192.0,28199.0,73798
73800,9192.0,28555.0,73799
73801,9192.0,28437.0,73800
73802,9192.0,29767.0,73801
73803,9192.0,29784.0,73802
73804,9192.0,29503.0,73803
73805,9192.0,29010.0,73804
73806,9192.0,28949.0,73805
73807,9192.0,28949.0,73806
73808,9192.0,29187.0,73807
73809,9192.0,28666.0,73808
73810,9192.0,29579.0,73809
73811,9192.0,29633.0,73810
73812,9192.0,28933.0,73811
73813,9192.0,28834.0,73812
73814,9192.0,28759.0,73813
73815,9192.0,28736.0,73814
73816,9192.0,28172.0,73815
73817,9192.0,28340.0,73816
73818,9192.0,27902.0,73817
73819,9192.0,27465.0,73818
73820,9192.0,28095.0,73819
73821,9192.0,28096.0,73820
73822,9192.0,27169.0,73821
73823,9192.0,27148.0,73822
73824,9192.0,26971.0,73823
73825,9192.0,26971.0,73824
73826,9192.0,27148.0,73825
73827,9192.0,27157.0,73826
73828,9192.0,26846.0,73827
73829,9192.0,26732.0,73828
73830,9192.0,27192.0,73829
73831,9192.0,27410.0,73830
73832,9192.0,27299.0,73831
73833,9192.0,27705.0,73832
73834,9192.0,27598.0,73833
73835,9192.0,27514.0,73834
73836,9192.0,27314.0,73835
73837,9192.0,27314.0,73836
73838,9192.0,28235.0,73837
73839,9192.0,27955.0,73838
73840,9192.0,27403.0,73839
73841,9192.0,27211.0,73840
73842,9192.0,27774.0,73841
73843,9192.0,27784.0,73842
73844,9192.0,25925.0,73843
73845,9192.0,26105.0,73844
73846,9192.0,26036.0,73845
73847,9192.0,26372.0,73846
73848,9192.0,26405.0,73847
73849,9192.0,26546.0,73848
73850,9192.0,26720.0,73849
73851,9192.0,26720.0,73850
73852,9192.0,26360.0,73851
73853,9192.0,27516.0,73852
73854,9192.0,27679.0,73853
73855,9192.0,27646.0,73854
73856,9192.0,27278.0,73855
73857,9192.0,27644.0,73856
73858,9192.0,26624.0,73857
73859,9192.0,26640.0,73858
73860,9192.0,27479.0,73859
73861,9192.0,27544.0,73860
73862,9192.0,27306.0,73861
73863,9192.0,27284.0,73862
73864,9192.0,29157.0,73863
73865,9192.0,28827.0,73864
73866,9192.0,28680.0,73865
73867,9192.0,28961.0,73866
73868,9192.0,29173.0,73867
73869,9192.0,29440.0,73868
73870,9192.0,28879.0,73869
73871,9192.0,28872.0,73870
73872,9192.0,29230.0,73871
73873,9192.0,28931.0,73872
73874,9192.0,28110.0,73873
73875,9192.0,28164.0,73874
73876,9192.0,28311.0,73875
73877,9192.0,28325.0,73876
73878,9192.0,28295.0,73877
73879,9192.0,28213.0,73878
73880,9192.0,28219.0,73879
73881,9192.0,28219.0,73880
73882,9192.0,28234.0,73881
73883,9192.0,28438.0,73882
73884,9192.0,28438.0,73883
73885,9192.0,27378.0,73884
73886,9192.0,27195.0,73885
73887,9192.0,27195.0,73886
73888,9192.0,27497.0,73887
73889,9192.0,26901.0,73888
73890,9192.0,27558.0,73889
73891,9192.0,26876.0,73890
73892,9192.0,26876.0,73891
73893,9192.0,28236.0,73892
73894,9192.0,28679.0,73893
73895,9192.0,28370.0,73894
73896,9192.0,28370.0,73895
73897,9192.0,28112.0,73896
73898,9192.0,28268.0,73897
73899,9192.0,28268.0,73898
73900,9192.0,28187.0,73899
73901,9192.0,27888.0,73900
73902,9192.0,27817.0,73901
73903,9192.0,27742.0,73902
73904,9192.0,27923.0,73903
73905,9192.0,27850.0,73904
73906,9192.0,27800.0,73905
73907,9192.0,28022.0,73906
73908,9192.0,28480.0,73907
73909,9192.0,28180.0,73908
73910,9192.0,27273.0,73909
73911,9192.0,27205.0,73910
73912,9192.0,27232.0,73911
73913,9192.0,26717.0,73912
73914,9192.0,26763.0,73913
73915,9192.0,26763.0,73914
73916,9192.0,25862.0,73915
73917,9192.0,26523.0,73916
73918,9192.0,27904.0,73917
73919,9192.0,28002.0,73918
73920,9192.0,27905.0,73919
73921,9192.0,27842.0,73920
73922,9192.0,27403.0,73921
73923,9192.0,28127.0,73922
73924,9192.0,28365.0,73923
73925,9192.0,28052.0,73924
73926,9192.0,27895.0,73925
73927,9192.0,27792.0,73926
73928,9192.0,27815.0,73927
73929,9192.0,27966.0,73928
73930,9192.0,27966.0,73929
73931,9192.0,27921.0,73930
73932,9192.0,28112.0,73931
73933,9192.0,29087.0,73932
73934,9192.0,28737.0,73933
73935,9192.0,28828.0,73934
73936,9192.0,29547.0,73935
73937,9192.0,29049.0,73936
73938,9192.0,28802.0,73937
73939,9192.0,28670.0,73938
73940,9192.0,28676.0,73939
73941,9192.0,28671.0,73940
73942,9192.0,29376.0,73941
73943,9192.0,29350.0,73942
73944,9192.0,28820.0,73943
73945,9192.0,28059.0,73944
73946,9192.0,28059.0,73945
73947,9192.0,27589.0,73946
73948,9192.0,27251.0,73947
73949,9192.0,27252.0,73948
73950,9192.0,27713.0,73949
73951,9192.0,27511.0,73950
73952,9192.0,27984.0,73951
73953,9192.0,28196.0,73952
73954,9192.0,28196.0,73953
73955,9192.0,28561.0,73954
73956,9192.0,28662.0,73955
73957,9192.0,29601.0,73956
73958,9192.0,29960.0,73957
73959,9192.0,29631.0,73958
73960,9192.0,29079.0,73959
73961,9192.0,29373.0,73960
73962,9192.0,27864.0,73961
73963,9192.0,29090.0,73962
73964,9192.0,29006.0,73963
73965,9192.0,29011.0,73964
73966,9192.0,29011.0,73965
73967,9192.0,29082.0,73966
73968,9192.0,28520.0,73967
73969,9192.0,28578.0,73968
73970,9192.0,27750.0,73969
73971,9192.0,28866.0,73970
73972,9192.0,29384.0,73971
73973,9192.0,29113.0,73972
73974,9192.0,29136.0,73973
73975,9192.0,29168.0,73974
73976,9192.0,29108.0,73975
73977,9192.0,29147.0,73976
73978,9192.0,29147.0,73977
73979,9192.0,29136.0,73978
73980,9192.0,28609.0,73979
73981,9192.0,28533.0,73980
73982,9192.0,28869.0,73981
73983,9192.0,29088.0,73982
73984,9192.0,28776.0,73983
73985,9192.0,28613.0,73984
73986,9192.0,28203.0,73985
73987,9192.0,27867.0,73986
73988,9192.0,27885.0,73987
73989,9192.0,28448.0,73988
73990,9192.0,27875.0,73989
73991,9192.0,27534.0,73990
73992,9192.0,28177.0,73991
73993,9192.0,27828.0,73992
73994,9192.0,27172.0,73993
73995,9192.0,26995.0,73994
73996,9192.0,26876.0,73995
73997,9192.0,26867.0,73996
73998,9192.0,25522.0,73997
73999,9192.0,25217.0,73998
74000,9192.0,25205.0,73999
74001,9192.0,24868.0,74000
74002,9192.0,25090.0,74001
74003,9192.0,25099.0,74002
74004,9192.0,25731.0,74003
74005,9192.0,25792.0,74004
74006,9192.0,25816.0,74005
74007,9192.0,26211.0,74006
74008,9192.0,26029.0,74007
74009,9192.0,26195.0,74008
74010,9192.0,26195.0,74009
74011,9192.0,25830.0,74010
74012,9192.0,25830.0,74011
74013,9192.0,25830.0,74012
74014,9192.0,25768.0,74013
74015,9192.0,25898.0,74014
74016,9192.0,25879.0,74015
74017,9192.0,26115.0,74016
74018,9192.0,26605.0,74017
74019,9192.0,27098.0,74018
74020,9192.0,27456.0,74019
74021,9192.0,27360.0,74020
74022,9192.0,26739.0,74021
74023,9192.0,26734.0,74022
74024,9192.0,25526.0,74023
74025,9192.0,25541.0,74024
74026,9192.0,26129.0,74025
74027,9192.0,26451.0,74026
74028,9192.0,26451.0,74027
74029,9192.0,26906.0,74028
74030,9192.0,27125.0,74029
74031,9192.0,27230.0,74030
74032,9192.0,27365.0,74031
74033,9192.0,27104.0,74032
74034,9192.0,26987.0,74033
74035,9192.0,27091.0,74034
74036,9192.0,26860.0,74035
74037,9192.0,26643.0,74036
74038,9192.0,26269.0,74037
74039,9192.0,26201.0,74038
74040,9192.0,26408.0,74039
74041,9192.0,26253.0,74040
74042,9192.0,26253.0,74041
74043,9192.0,26506.0,74042
74044,9192.0,28560.0,74043
74045,9192.0,29586.0,74044
74046,9192.0,29258.0,74045
74047,9192.0,28761.0,74046
74048,9192.0,28916.0,74047
74049,9192.0,28607.0,74048
74050,9192.0,28749.0,74049
74051,9192.0,29423.0,74050
74052,9192.0,28700.0,74051
74053,9192.0,28668.0,74052
74054,9192.0,28797.0,74053
74055,9192.0,28488.0,74054
74056,9192.0,28653.0,74055
74057,9192.0,29635.0,74056
74058,9192.0,29599.0,74057
74059,9192.0,29747.0,74058
74060,9192.0,29421.0,74059
74061,9192.0,29497.0,74060
74062,9192.0,30133.0,74061
74063,9192.0,30418.0,74062
74064,9192.0,30520.0,74063
74065,9192.0,30545.0,74064
74066,9192.0,31259.0,74065
74067,9192.0,29574.0,74066
74068,9192.0,29307.0,74067
74069,9192.0,28376.0,74068
74070,9192.0,28322.0,74069
74071,9192.0,28819.0,74070
74072,9192.0,28763.0,74071
74073,9192.0,28763.0,74072
74074,9192.0,28889.0,74073
74075,9192.0,30553.0,74074
74076,9192.0,30954.0,74075
74077,9192.0,30605.0,74076
74078,9192.0,30822.0,74077
74079,9192.0,30822.0,74078
74080,9192.0,30382.0,74079
74081,9192.0,29864.0,74080
74082,9192.0,30251.0,74081
74083,9192.0,30248.0,74082
74084,9192.0,30248.0,74083
74085,9192.0,29950.0,74084
74086,9192.0,30891.0,74085
74087,9192.0,30857.0,74086
74088,9192.0,30284.0,74087
74089,9192.0,30423.0,74088
74090,9192.0,30423.0,74089
74091,9192.0,30061.0,74090
74092,9192.0,30067.0,74091
74093,9192.0,30375.0,74092
74094,9192.0,30441.0,74093
74095,9192.0,30287.0,74094
74096,9192.0,29952.0,74095
74097,9192.0,30247.0,74096
74098,9192.0,30831.0,74097
74099,9192.0,30776.0,74098
74100,9192.0,31439.0,74099
74101,9192.0,31512.0,74100
74102,9192.0,30986.0,74101
74103,9192.0,30993.0,74102
74104,9192.0,30993.0,74103
74105,9192.0,30556.0,74104
74106,9192.0,30261.0,74105
74107,9192.0,30180.0,74106
74108,9192.0,30501.0,74107
74109,9192.0,30430.0,74108
74110,9192.0,30430.0,74109
74111,9192.0,30320.0,74110
74112,9192.0,30208.0,74111
74113,9192.0,30522.0,74112
74114,9192.0,30307.0,74113
74115,9192.0,30763.0,74114
74116,9192.0,30889.0,74115
74117,9192.0,30897.0,74116
74118,9192.0,31079.0,74117
74119,9192.0,31115.0,74118
74120,9192.0,31772.0,74119
74121,9192.0,31741.0,74120
74122,9192.0,31146.0,74121
74123,9192.0,30874.0,74122
74124,9192.0,30509.0,74123
74125,9192.0,29948.0,74124
74126,9192.0,29945.0,74125
74127,9192.0,28983.0,74126
74128,9192.0,30287.0,74127
74129,9192.0,30065.0,74128
74130,9192.0,30378.0,74129
74131,9192.0,30792.0,74130
74132,9192.0,30039.0,74131
74133,9192.0,30247.0,74132
74134,9192.0,30247.0,74133
74135,9192.0,29864.0,74134
74136,9192.0,29941.0,74135
74137,9192.0,29789.0,74136
74138,9192.0,29096.0,74137
74139,9192.0,29131.0,74138
74140,9192.0,28053.0,74139
74141,9192.0,28620.0,74140
74142,9192.0,28754.0,74141
74143,9192.0,29662.0,74142
74144,9192.0,29693.0,74143
74145,9192.0,29631.0,74144
74146,9192.0,29921.0,74145
74147,9192.0,30096.0,74146
74148,9192.0,30153.0,74147
74149,9192.0,29142.0,74148
74150,9192.0,29492.0,74149
74151,9192.0,29902.0,74150
74152,9192.0,29996.0,74151
74153,9192.0,29074.0,74152
74154,9192.0,29061.0,74153
74155,9192.0,29678.0,74154
74156,9192.0,28765.0,74155
74157,9192.0,28765.0,74156
74158,9192.0,29236.0,74157
74159,9192.0,29031.0,74158
74160,9192.0,28184.0,74159
74161,9192.0,27860.0,74160
74162,9192.0,27660.0,74161
74163,9192.0,27847.0,74162
74164,9192.0,27804.0,74163
74165,9192.0,27804.0,74164
74166,9192.0,27490.0,74165
74167,9192.0,27455.0,74166
74168,9192.0,28251.0,74167
74169,9192.0,28351.0,74168
74170,9192.0,27765.0,74169
74171,9192.0,27465.0,74170
74172,9192.0,27962.0,74171
74173,9192.0,28060.0,74172
74174,9192.0,28813.0,74173
74175,9192.0,29023.0,74174
74176,9192.0,29064.0,74175
74177,9192.0,28908.0,74176
74178,9192.0,28945.0,74177
74179,9192.0,28749.0,74178
74180,9192.0,28754.0,74179
74181,9192.0,28842.0,74180
74182,9192.0,28133.0,74181
74183,9192.0,28094.0,74182
74184,9192.0,28057.0,74183
74185,9192.0,27798.0,74184
74186,9192.0,27967.0,74185
74187,9192.0,27967.0,74186
74188,9192.0,27967.0,74187
74189,9192.0,27977.0,74188
74190,9192.0,29290.0,74189
74191,9192.0,28717.0,74190
74192,9192.0,28867.0,74191
74193,9192.0,28987.0,74192
74194,9192.0,27388.0,74193
74195,9192.0,27439.0,74194
74196,9192.0,27315.0,74195
74197,9192.0,27382.0,74196
74198,9192.0,27211.0,74197
74199,9192.0,27265.0,74198
74200,9192.0,27056.0,74199
74201,9192.0,27216.0,74200
74202,9192.0,26645.0,74201
74203,9192.0,27056.0,74202
74204,9192.0,26826.0,74203
74205,9192.0,26876.0,74204
74206,9192.0,27621.0,74205
74207,9192.0,29371.0,74206
74208,9192.0,29295.0,74207
74209,9192.0,29188.0,74208
74210,9192.0,28665.0,74209
74211,9192.0,28038.0,74210
74212,9192.0,27794.0,74211
74213,9192.0,27455.0,74212
74214,9192.0,27911.0,74213
74215,9192.0,28122.0,74214
74216,9192.0,28113.0,74215
74217,9192.0,28025.0,74216
74218,9192.0,27623.0,74217
74219,9192.0,27397.0,74218
74220,9192.0,27624.0,74219
74221,9192.0,28081.0,74220
74222,9192.0,29343.0,74221
74223,9192.0,30807.0,74222
74224,9192.0,30846.0,74223
74225,9192.0,31049.0,74224
74226,9192.0,31370.0,74225
74227,9192.0,31514.0,74226
74228,9192.0,30550.0,74227
74229,9192.0,30031.0,74228
74230,9192.0,30382.0,74229
74231,9192.0,30383.0,74230
74232,9192.0,30383.0,74231
74233,9192.0,30942.0,74232
74234,9192.0,30757.0,74233
74235,9192.0,30327.0,74234
74236,9192.0,30249.0,74235
74237,9192.0,30569.0,74236
74238,9192.0,30569.0,74237
74239,9192.0,30085.0,74238
74240,9192.0,29953.0,74239
74241,9192.0,29820.0,74240
74242,9192.0,29657.0,74241
74243,9192.0,29473.0,74242
74244,9192.0,29109.0,74243
74245,9192.0,28909.0,74244
74246,9192.0,29004.0,74245
74247,9192.0,30240.0,74246
74248,9192.0,30189.0,74247
74249,9192.0,29796.0,74248
74250,9192.0,28624.0,74249
74251,9192.0,28624.0,74250
74252,9192.0,28624.0,74251
74253,9192.0,28624.0,74252
74254,9192.0,28732.0,74253
74255,9192.0,28883.0,74254
74256,9192.0,28914.0,74255
74257,9192.0,28783.0,74256
74258,9192.0,28772.0,74257
74259,9192.0,29371.0,74258
74260,9192.0,28697.0,74259
74261,9192.0,29557.0,74260
74262,9192.0,29803.0,74261
74263,9192.0,29572.0,74262
74264,9192.0,29427.0,74263
74265,9192.0,29658.0,74264
74266,9192.0,29785.0,74265
74267,9192.0,30554.0,74266
74268,9192.0,29106.0,74267
74269,9192.0,29653.0,74268
74270,9192.0,29680.0,74269
74271,9192.0,29680.0,74270
74272,9192.0,29547.0,74271
74273,9192.0,29261.0,74272
74274,9192.0,29954.0,74273
74275,9192.0,30372.0,74274
74276,9192.0,30233.0,74275
74277,9192.0,30233.0,74276
74278,9192.0,30893.0,74277
74279,9192.0,30037.0,74278
74280,9192.0,30037.0,74279
74281,9192.0,29088.0,74280
74282,9192.0,29269.0,74281
74283,9192.0,29618.0,74282
74284,9192.0,29374.0,74283
74285,9192.0,29385.0,74284
74286,9192.0,29491.0,74285
74287,9192.0,29549.0,74286
74288,9192.0,29183.0,74287
74289,9192.0,29414.0,74288
74290,9192.0,27867.0,74289
74291,9192.0,28242.0,74290
74292,9192.0,28146.0,74291
74293,9192.0,29118.0,74292
74294,9192.0,29012.0,74293
74295,9192.0,29601.0,74294
74296,9192.0,29246.0,74295
74297,9192.0,29441.0,74296
74298,9192.0,29955.0,74297
74299,9192.0,29139.0,74298
74300,9192.0,29019.0,74299
74301,9192.0,29236.0,74300
74302,9192.0,29184.0,74301
74303,9192.0,29192.0,74302
74304,9192.0,29435.0,74303
74305,9192.0,29687.0,74304
74306,9192.0,28043.0,74305
74307,9192.0,28410.0,74306
74308,9192.0,28474.0,74307
74309,9192.0,28489.0,74308
74310,9192.0,28566.0,74309
74311,9192.0,28368.0,74310
74312,9192.0,28368.0,74311
74313,9192.0,28542.0,74312
74314,9192.0,28864.0,74313
74315,9192.0,28992.0,74314
74316,9192.0,29041.0,74315
74317,9192.0,28967.0,74316
74318,9192.0,28714.0,74317
74319,9192.0,28718.0,74318
74320,9192.0,28739.0,74319
74321,9192.0,28960.0,74320
74322,9192.0,29130.0,74321
74323,9192.0,28328.0,74322
74324,9192.0,28409.0,74323
74325,9192.0,28182.0,74324
74326,9192.0,28745.0,74325
74327,9192.0,28426.0,74326
74328,9192.0,28393.0,74327
74329,9192.0,28682.0,74328
74330,9192.0,28428.0,74329
74331,9192.0,28489.0,74330
74332,9192.0,28896.0,74331
74333,9192.0,28953.0,74332
74334,9192.0,28836.0,74333
74335,9192.0,28836.0,74334
74336,9192.0,28487.0,74335
74337,9192.0,28561.0,74336
74338,9192.0,28670.0,74337
74339,9192.0,28295.0,74338
74340,9192.0,28295.0,74339
74341,9192.0,28409.0,74340
74342,9192.0,28829.0,74341
74343,9192.0,30053.0,74342
74344,9192.0,29920.0,74343
74345,9192.0,29872.0,74344
74346,9192.0,29803.0,74345
74347,9192.0,29707.0,74346
74348,9192.0,29670.0,74347
74349,9192.0,30166.0,74348
74350,9192.0,29643.0,74349
74351,9192.0,29701.0,74350
74352,9192.0,30072.0,74351
74353,9192.0,30068.0,74352
74354,9192.0,29257.0,74353
74355,9192.0,29190.0,74354
74356,9192.0,28864.0,74355
74357,9192.0,28852.0,74356
74358,9192.0,28861.0,74357
74359,9192.0,28573.0,74358
74360,9192.0,28511.0,74359
74361,9192.0,28682.0,74360
74362,9192.0,29301.0,74361
74363,9192.0,29289.0,74362
74364,9192.0,30495.0,74363
74365,9192.0,30515.0,74364
74366,9192.0,30515.0,74365
74367,9192.0,30791.0,74366
74368,9192.0,31282.0,74367
74369,9192.0,31013.0,74368
74370,9192.0,30425.0,74369
74371,9192.0,30425.0,74370
74372,9192.0,30628.0,74371
74373,9192.0,29753.0,74372
74374,9192.0,30245.0,74373
74375,9192.0,29699.0,74374
74376,9192.0,29716.0,74375
74377,9192.0,29728.0,74376
74378,9192.0,29596.0,74377
74379,9192.0,29163.0,74378
74380,9192.0,29097.0,74379
74381,9192.0,29077.0,74380
74382,9192.0,28670.0,74381
74383,9192.0,27676.0,74382
74384,9192.0,27676.0,74383
74385,9192.0,29340.0,74384
74386,9192.0,27949.0,74385
74387,9192.0,27742.0,74386
74388,9192.0,27742.0,74387
74389,9192.0,27742.0,74388
74390,9192.0,27932.0,74389
74391,9192.0,28492.0,74390
74392,9192.0,28838.0,74391
74393,9192.0,28838.0,74392
74394,9192.0,28707.0,74393
74395,9192.0,28291.0,74394
74396,9192.0,28223.0,74395
74397,9192.0,28279.0,74396
74398,9192.0,28237.0,74397
74399,9192.0,28453.0,74398
74400,9192.0,28453.0,74399
74401,9192.0,28309.0,74400
74402,9192.0,27011.0,74401
74403,9192.0,27080.0,74402
74404,9192.0,27182.0,74403
74405,9192.0,27182.0,74404
74406,9192.0,27574.0,74405
74407,9192.0,27558.0,74406
74408,9192.0,27999.0,74407
74409,9192.0,27969.0,74408
74410,9192.0,27139.0,74409
74411,9192.0,27139.0,74410
74412,9192.0,27947.0,74411
74413,9192.0,28307.0,74412
74414,9192.0,27497.0,74413
74415,9192.0,26760.0,74414
74416,9192.0,26837.0,74415
74417,9192.0,26765.0,74416
74418,9192.0,26765.0,74417
74419,9192.0,26664.0,74418
74420,9192.0,25836.0,74419
74421,9192.0,27065.0,74420
74422,9192.0,28460.0,74421
74423,9192.0,27968.0,74422
74424,9192.0,27985.0,74423
74425,9192.0,27892.0,74424
74426,9192.0,28014.0,74425
74427,9192.0,27964.0,74426
74428,9192.0,28213.0,74427
74429,9192.0,27825.0,74428
74430,9192.0,27825.0,74429
74431,9192.0,28373.0,74430
74432,9192.0,28157.0,74431
74433,9192.0,28450.0,74432
74434,9192.0,27823.0,74433
74435,9192.0,28366.0,74434
74436,9192.0,28415.0,74435
74437,9192.0,28089.0,74436
74438,9192.0,29395.0,74437
74439,9192.0,29422.0,74438
74440,9192.0,28824.0,74439
74441,9192.0,28676.0,74440
74442,9192.0,28899.0,74441
74443,9192.0,28899.0,74442
74444,9192.0,29543.0,74443
74445,9192.0,29496.0,74444
74446,9192.0,29547.0,74445
74447,9192.0,29571.0,74446
74448,9192.0,29531.0,74447
74449,9192.0,29696.0,74448
74450,9192.0,29884.0,74449
74451,9192.0,29815.0,74450
74452,9192.0,29330.0,74451
74453,9192.0,29272.0,74452
74454,9192.0,29571.0,74453
74455,9192.0,29571.0,74454
74456,9192.0,29354.0,74455
74457,9192.0,29358.0,74456
74458,9192.0,29397.0,74457
74459,9192.0,29412.0,74458
74460,9192.0,30317.0,74459
74461,9192.0,30102.0,74460
74462,9192.0,30376.0,74461
74463,9192.0,30234.0,74462
74464,9192.0,29737.0,74463
74465,9192.0,29393.0,74464
74466,9192.0,29532.0,74465
74467,9192.0,29775.0,74466
74468,9192.0,29368.0,74467
74469,9192.0,29499.0,74468
74470,9192.0,29499.0,74469
74471,9192.0,29069.0,74470
74472,9192.0,29069.0,74471
74473,9192.0,29138.0,74472
74474,9192.0,28969.0,74473
74475,9192.0,28848.0,74474
74476,9192.0,28823.0,74475
74477,9192.0,28972.0,74476
74478,9192.0,29029.0,74477
74479,9192.0,28892.0,74478
74480,9192.0,28555.0,74479
74481,9192.0,28074.0,74480
74482,9192.0,27625.0,74481
74483,9192.0,27715.0,74482
74484,9192.0,28084.0,74483
74485,9192.0,28091.0,74484
74486,9192.0,28427.0,74485
74487,9192.0,28210.0,74486
74488,9192.0,27065.0,74487
74489,9192.0,27267.0,74488
74490,9192.0,27267.0,74489
74491,9192.0,28341.0,74490
74492,9192.0,28327.0,74491
74493,9192.0,28833.0,74492
74494,9192.0,28969.0,74493
74495,9192.0,28831.0,74494
74496,9192.0,27629.0,74495
74497,9192.0,27629.0,74496
74498,9192.0,27367.0,74497
74499,9192.0,27367.0,74498
74500,9192.0,27179.0,74499
74501,9192.0,27280.0,74500
74502,9192.0,27210.0,74501
74503,9192.0,27134.0,74502
74504,9192.0,27845.0,74503
74505,9192.0,27851.0,74504
74506,9192.0,27352.0,74505
74507,9192.0,27497.0,74506
74508,9192.0,26976.0,74507
74509,9192.0,27233.0,74508
74510,9192.0,28037.0,74509
74511,9192.0,27897.0,74510
74512,9192.0,27731.0,74511
74513,9192.0,27637.0,74512
74514,9192.0,27936.0,74513
74515,9192.0,27707.0,74514
74516,9192.0,27731.0,74515
74517,9192.0,27514.0,74516
74518,9192.0,27424.0,74517
74519,9192.0,27422.0,74518
74520,9192.0,27414.0,74519
74521,9192.0,27414.0,74520
74522,9192.0,27388.0,74521
74523,9192.0,27710.0,74522
74524,9192.0,26764.0,74523
74525,9192.0,26764.0,74524
74526,9192.0,26842.0,74525
74527,9192.0,26570.0,74526
74528,9192.0,26523.0,74527
74529,9192.0,25608.0,74528
74530,9192.0,25049.0,74529
74531,9192.0,25430.0,74530
74532,9192.0,25046.0,74531
74533,9192.0,25365.0,74532
74534,9192.0,25365.0,74533
74535,9192.0,25471.0,74534
74536,9192.0,25471.0,74535
74537,9192.0,25713.0,74536
74538,9192.0,26350.0,74537
74539,9192.0,27134.0,74538
74540,9192.0,26882.0,74539
74541,9192.0,27432.0,74540
74542,9192.0,27172.0,74541
74543,9192.0,27268.0,74542
74544,9192.0,27075.0,74543
74545,9192.0,27075.0,74544
74546,9192.0,27699.0,74545
74547,9192.0,27699.0,74546
74548,9192.0,27706.0,74547
74549,9192.0,27651.0,74548
74550,9192.0,27323.0,74549
74551,9192.0,27270.0,74550
74552,9192.0,27807.0,74551
74553,9192.0,27369.0,74552
74554,9192.0,27322.0,74553
74555,9192.0,27193.0,74554
74556,9192.0,27550.0,74555
74557,9192.0,28108.0,74556
74558,9192.0,28120.0,74557
74559,9192.0,28216.0,74558
74560,9192.0,28216.0,74559
74561,9192.0,28029.0,74560
74562,9192.0,28029.0,74561
74563,9192.0,28288.0,74562
74564,9192.0,28266.0,74563
74565,9192.0,29404.0,74564
74566,9192.0,28589.0,74565
74567,9192.0,28589.0,74566
74568,9192.0,29526.0,74567
74569,9192.0,29569.0,74568
74570,9192.0,30958.0,74569
74571,9192.0,31266.0,74570
74572,9192.0,31134.0,74571
74573,9192.0,30791.0,74572
74574,9192.0,30674.0,74573
74575,9192.0,29971.0,74574
74576,9192.0,29900.0,74575
74577,9192.0,30452.0,74576
74578,9192.0,30452.0,74577
74579,9192.0,29882.0,74578
74580,9192.0,29886.0,74579
74581,9192.0,28870.0,74580
74582,9192.0,28737.0,74581
74583,9192.0,28306.0,74582
74584,9192.0,28343.0,74583
74585,9192.0,28437.0,74584
74586,9192.0,28410.0,74585
74587,9192.0,28410.0,74586
74588,9192.0,27174.0,74587
74589,9192.0,27156.0,74588
74590,9192.0,28640.0,74589
74591,9192.0,29230.0,74590
74592,9192.0,29560.0,74591
74593,9192.0,29230.0,74592
74594,9192.0,29135.0,74593
74595,9192.0,28692.0,74594
74596,9192.0,28745.0,74595
74597,9192.0,28764.0,74596
74598,9192.0,28764.0,74597
74599,9192.0,29168.0,74598
74600,9192.0,28831.0,74599
74601,9192.0,29034.0,74600
74602,9192.0,28936.0,74601
74603,9192.0,29006.0,74602
74604,9192.0,28957.0,74603
74605,9192.0,28923.0,74604
74606,9192.0,28883.0,74605
74607,9192.0,28857.0,74606
74608,9192.0,28754.0,74607
74609,9192.0,28833.0,74608
74610,9192.0,28833.0,74609
74611,9192.0,28858.0,74610
74612,9192.0,28628.0,74611
74613,9192.0,28146.0,74612
74614,9192.0,28146.0,74613
74615,9192.0,28379.0,74614
74616,9192.0,28151.0,74615
74617,9192.0,27723.0,74616
74618,9192.0,27395.0,74617
74619,9192.0,27696.0,74618
74620,9192.0,27810.0,74619
74621,9192.0,28047.0,74620
74622,9192.0,28597.0,74621
74623,9192.0,28597.0,74622
74624,9192.0,28597.0,74623
74625,9192.0,29226.0,74624
74626,9192.0,29189.0,74625
74627,9192.0,28629.0,74626
74628,9192.0,28467.0,74627
74629,9192.0,28749.0,74628
74630,9192.0,28666.0,74629
74631,9192.0,28541.0,74630
74632,9192.0,28541.0,74631
74633,9192.0,28778.0,74632
74634,9192.0,28774.0,74633
74635,9192.0,28545.0,74634
74636,9192.0,28677.0,74635
74637,9192.0,28104.0,74636
74638,9192.0,27577.0,74637
74639,9192.0,27577.0,74638
74640,9192.0,27860.0,74639
74641,9192.0,26826.0,74640
74642,9192.0,26892.0,74641
74643,9192.0,27380.0,74642
74644,9192.0,26406.0,74643
74645,9192.0,25845.0,74644
74646,9192.0,26462.0,74645
74647,9192.0,26369.0,74646
74648,9192.0,26467.0,74647
74649,9192.0,27240.0,74648
74650,9192.0,27293.0,74649
74651,9192.0,27293.0,74650
74652,9192.0,27313.0,74651
74653,9192.0,27467.0,74652
74654,9192.0,27579.0,74653
74655,9192.0,27579.0,74654
74656,9192.0,27879.0,74655
74657,9192.0,27816.0,74656
74658,9192.0,27858.0,74657
74659,9192.0,27925.0,74658
74660,9192.0,27523.0,74659
74661,9192.0,26498.0,74660
74662,9192.0,26498.0,74661
74663,9192.0,26498.0,74662
74664,9192.0,26498.0,74663
74665,9192.0,26308.0,74664
74666,9192.0,27075.0,74665
74667,9192.0,27038.0,74666
74668,9192.0,27333.0,74667
74669,9192.0,27333.0,74668
74670,9192.0,27259.0,74669
74671,9192.0,27259.0,74670
74672,9192.0,27352.0,74671
74673,9192.0,27059.0,74672
74674,9192.0,27059.0,74673
74675,9192.0,27059.0,74674
74676,9192.0,25932.0,74675
74677,9192.0,25233.0,74676
74678,9192.0,25079.0,74677
74679,9192.0,25846.0,74678
74680,9192.0,25778.0,74679
74681,9192.0,26251.0,74680
74682,9192.0,26237.0,74681
74683,9192.0,25716.0,74682
74684,9192.0,25747.0,74683
74685,9192.0,25760.0,74684
74686,9192.0,25049.0,74685
74687,9192.0,25084.0,74686
74688,9192.0,25249.0,74687
74689,9192.0,25209.0,74688
74690,9192.0,25710.0,74689
74691,9192.0,25604.0,74690
74692,9192.0,27090.0,74691
74693,9192.0,27090.0,74692
74694,9192.0,27235.0,74693
74695,9192.0,28260.0,74694
74696,9192.0,28067.0,74695
74697,9192.0,28067.0,74696
74698,9192.0,28165.0,74697
74699,9192.0,29362.0,74698
74700,9192.0,29970.0,74699
74701,9192.0,30031.0,74700
74702,9192.0,29939.0,74701
74703,9192.0,31246.0,74702
74704,9192.0,31235.0,74703
74705,9192.0,31394.0,74704
74706,9192.0,30234.0,74705
74707,9192.0,30274.0,74706
74708,9192.0,30334.0,74707
74709,9192.0,30282.0,74708
74710,9192.0,30080.0,74709
74711,9192.0,30955.0,74710
74712,9192.0,31289.0,74711
74713,9192.0,31686.0,74712
74714,9192.0,31077.0,74713
74715,9192.0,30560.0,74714
74716,9192.0,30632.0,74715
74717,9192.0,31082.0,74716
74718,9192.0,30975.0,74717
74719,9192.0,30899.0,74718
74720,9192.0,30930.0,74719
74721,9192.0,30936.0,74720
74722,9192.0,30936.0,74721
74723,9192.0,30287.0,74722
74724,9192.0,30838.0,74723
74725,9192.0,30761.0,74724
74726,9192.0,31205.0,74725
74727,9192.0,30654.0,74726
74728,9192.0,30654.0,74727
74729,9192.0,30288.0,74728
74730,9192.0,30172.0,74729
74731,9192.0,29687.0,74730
74732,9192.0,29208.0,74731
74733,9192.0,29104.0,74732
74734,9192.0,29240.0,74733
74735,9192.0,30322.0,74734
74736,9192.0,30605.0,74735
74737,9192.0,30605.0,74736
74738,9192.0,30833.0,74737
74739,9192.0,31173.0,74738
74740,9192.0,31042.0,74739
74741,9192.0,31161.0,74740
74742,9192.0,31161.0,74741
74743,9192.0,31140.0,74742
74744,9192.0,31171.0,74743
74745,9192.0,31780.0,74744
74746,9192.0,32135.0,74745
74747,9192.0,31032.0,74746
74748,9192.0,30562.0,74747
74749,9192.0,30696.0,74748
74750,9192.0,30074.0,74749
74751,9192.0,29781.0,74750
74752,9192.0,30060.0,74751
74753,9192.0,29897.0,74752
74754,9192.0,29236.0,74753
74755,9192.0,29259.0,74754
74756,9192.0,29261.0,74755
74757,9192.0,28662.0,74756
74758,9192.0,28951.0,74757
74759,9192.0,26767.0,74758
74760,9192.0,26683.0,74759
74761,9192.0,26759.0,74760
74762,9192.0,26759.0,74761
74763,9192.0,27901.0,74762
74764,9192.0,27819.0,74763
74765,9192.0,27835.0,74764
74766,9192.0,27591.0,74765
74767,9192.0,27831.0,74766
74768,9192.0,26597.0,74767
74769,9192.0,26597.0,74768
74770,9192.0,26818.0,74769
74771,9192.0,27028.0,74770
74772,9192.0,26962.0,74771
74773,9192.0,26608.0,74772
74774,9192.0,26434.0,74773
74775,9192.0,26675.0,74774
74776,9192.0,26675.0,74775
74777,9192.0,26702.0,74776
74778,9192.0,26695.0,74777
74779,9192.0,26593.0,74778
74780,9192.0,26422.0,74779
74781,9192.0,26415.0,74780
74782,9192.0,25836.0,74781
74783,9192.0,26790.0,74782
74784,9192.0,26805.0,74783
74785,9192.0,26834.0,74784
74786,9192.0,27643.0,74785
74787,9192.0,29486.0,74786
74788,9192.0,29790.0,74787
74789,9192.0,28745.0,74788
74790,9192.0,28777.0,74789
74791,9192.0,28739.0,74790
74792,9192.0,28922.0,74791
74793,9192.0,29790.0,74792
74794,9192.0,29785.0,74793
74795,9192.0,29782.0,74794
74796,9192.0,29941.0,74795
74797,9192.0,30139.0,74796
74798,9192.0,29997.0,74797
74799,9192.0,29554.0,74798
74800,9192.0,29678.0,74799
74801,9192.0,30272.0,74800
74802,9192.0,30272.0,74801
74803,9192.0,30276.0,74802
74804,9192.0,30590.0,74803
74805,9192.0,31562.0,74804
74806,9192.0,31917.0,74805
74807,9192.0,31693.0,74806
74808,9192.0,30524.0,74807
74809,9192.0,30333.0,74808
74810,9192.0,30827.0,74809
74811,9192.0,31151.0,74810
74812,9192.0,31144.0,74811
74813,9192.0,30855.0,74812
74814,9192.0,30906.0,74813
74815,9192.0,30735.0,74814
74816,9192.0,30662.0,74815
74817,9192.0,30662.0,74816
74818,9192.0,30227.0,74817
74819,9192.0,30227.0,74818
74820,9192.0,30223.0,74819
74821,9192.0,30224.0,74820
74822,9192.0,30195.0,74821
74823,9192.0,30047.0,74822
74824,9192.0,29441.0,74823
74825,9192.0,29694.0,74824
74826,9192.0,29674.0,74825
74827,9192.0,29629.0,74826
74828,9192.0,29715.0,74827
74829,9192.0,29584.0,74828
74830,9192.0,29087.0,74829
74831,9192.0,29167.0,74830
74832,9192.0,29168.0,74831
74833,9192.0,29293.0,74832
74834,9192.0,29405.0,74833
74835,9192.0,29352.0,74834
74836,9192.0,29671.0,74835
74837,9192.0,30463.0,74836
74838,9192.0,30328.0,74837
74839,9192.0,30645.0,74838
74840,9192.0,30658.0,74839
74841,9192.0,30671.0,74840
74842,9192.0,30735.0,74841
74843,9192.0,30646.0,74842
74844,9192.0,30368.0,74843
74845,9192.0,30114.0,74844
74846,9192.0,30234.0,74845
74847,9192.0,30433.0,74846
74848,9192.0,30607.0,74847
74849,9192.0,30274.0,74848
74850,9192.0,30132.0,74849
74851,9192.0,30284.0,74850
74852,9192.0,30535.0,74851
74853,9192.0,30211.0,74852
74854,9192.0,30363.0,74853
74855,9192.0,30288.0,74854
74856,9192.0,30779.0,74855
74857,9192.0,30779.0,74856
74858,9192.0,31072.0,74857
74859,9192.0,30993.0,74858
74860,9192.0,30479.0,74859
74861,9192.0,30485.0,74860
74862,9192.0,30488.0,74861
74863,9192.0,30423.0,74862
74864,9192.0,31011.0,74863
74865,9192.0,31077.0,74864
74866,9192.0,30149.0,74865
74867,9192.0,30164.0,74866
74868,9192.0,30164.0,74867
74869,9192.0,30363.0,74868
74870,9192.0,29530.0,74869
74871,9192.0,29346.0,74870
74872,9192.0,29584.0,74871
74873,9192.0,29290.0,74872
74874,9192.0,29099.0,74873
74875,9192.0,29402.0,74874
74876,9192.0,29402.0,74875
74877,9192.0,29458.0,74876
74878,9192.0,29901.0,74877
74879,9192.0,30334.0,74878
74880,9192.0,30315.0,74879
74881,9192.0,30315.0,74880
74882,9192.0,30496.0,74881
74883,9192.0,30183.0,74882
74884,9192.0,30993.0,74883
74885,9192.0,30830.0,74884
74886,9192.0,31198.0,74885
74887,9192.0,31316.0,74886
74888,9192.0,31647.0,74887
74889,9192.0,31647.0,74888
74890,9192.0,31223.0,74889
74891,9192.0,31035.0,74890
74892,9192.0,30965.0,74891
74893,9192.0,30807.0,74892
74894,9192.0,30990.0,74893
74895,9192.0,31200.0,74894
74896,9192.0,31020.0,74895
74897,9192.0,30732.0,74896
74898,9192.0,30765.0,74897
74899,9192.0,30565.0,74898
74900,9192.0,30651.0,74899
74901,9192.0,31236.0,74900
74902,9192.0,30825.0,74901
74903,9192.0,30921.0,74902
74904,9192.0,30707.0,74903
74905,9192.0,30613.0,74904
74906,9192.0,30642.0,74905
74907,9192.0,29602.0,74906
74908,9192.0,29380.0,74907
74909,9192.0,29568.0,74908
74910,9192.0,30098.0,74909
74911,9192.0,31004.0,74910
74912,9192.0,30950.0,74911
74913,9192.0,31105.0,74912
74914,9192.0,31191.0,74913
74915,9192.0,31191.0,74914
74916,9192.0,31276.0,74915
74917,9192.0,31359.0,74916
74918,9192.0,31091.0,74917
74919,9192.0,30612.0,74918
74920,9192.0,31015.0,74919
74921,9192.0,31015.0,74920
74922,9192.0,30893.0,74921
74923,9192.0,30945.0,74922
74924,9192.0,31447.0,74923
74925,9192.0,31447.0,74924
74926,9192.0,31267.0,74925
74927,9192.0,31536.0,74926
74928,9192.0,31531.0,74927
74929,9192.0,31200.0,74928
74930,9192.0,31352.0,74929
74931,9192.0,31764.0,74930
74932,9192.0,31664.0,74931
74933,9192.0,31615.0,74932
74934,9192.0,32420.0,74933
74935,9192.0,32882.0,74934
74936,9192.0,32911.0,74935
74937,9192.0,32919.0,74936
74938,9192.0,32919.0,74937
74939,9192.0,33268.0,74938
74940,9192.0,32636.0,74939
74941,9192.0,32618.0,74940
74942,9192.0,33099.0,74941
74943,9192.0,33892.0,74942
74944,9192.0,33760.0,74943
74945,9192.0,33553.0,74944
74946,9192.0,33500.0,74945
74947,9192.0,33328.0,74946
74948,9192.0,33047.0,74947
74949,9192.0,33019.0,74948
74950,9192.0,32827.0,74949
74951,9192.0,32954.0,74950
74952,9192.0,33575.0,74951
74953,9192.0,33653.0,74952
74954,9192.0,33498.0,74953
74955,9192.0,32736.0,74954
74956,9192.0,32518.0,74955
74957,9192.0,32218.0,74956
74958,9192.0,31972.0,74957
74959,9192.0,31972.0,74958
74960,9192.0,32338.0,74959
74961,9192.0,32313.0,74960
74962,9192.0,32621.0,74961
74963,9192.0,32718.0,74962
74964,9192.0,32912.0,74963
74965,9192.0,32155.0,74964
74966,9192.0,32287.0,74965
74967,9192.0,32519.0,74966
74968,9192.0,32715.0,74967
74969,9192.0,32387.0,74968
74970,9192.0,31951.0,74969
74971,9192.0,31824.0,74970
74972,9192.0,31600.0,74971
74973,9192.0,31903.0,74972
74974,9192.0,32099.0,74973
74975,9192.0,32099.0,74974
74976,9192.0,32509.0,74975
74977,9192.0,31342.0,74976
74978,9192.0,30673.0,74977
74979,9192.0,30690.0,74978
74980,9192.0,30690.0,74979
74981,9192.0,30426.0,74980
74982,9192.0,30661.0,74981
74983,9192.0,31359.0,74982
74984,9192.0,31275.0,74983
74985,9192.0,31020.0,74984
74986,9192.0,31058.0,74985
74987,9192.0,31010.0,74986
74988,9192.0,31156.0,74987
74989,9192.0,31156.0,74988
74990,9192.0,31264.0,74989
74991,9192.0,29718.0,74990
74992,9192.0,30067.0,74991
74993,9192.0,31602.0,74992
74994,9192.0,31511.0,74993
74995,9192.0,31511.0,74994
74996,9192.0,31511.0,74995
74997,9192.0,31149.0,74996
74998,9192.0,31748.0,74997
74999,9192.0,31186.0,74998
75000,9192.0,31642.0,74999
75001,9192.0,31288.0,75000
75002,9192.0,31163.0,75001
75003,9192.0,30946.0,75002
75004,9192.0,30732.0,75003
75005,9192.0,30964.0,75004
75006,9192.0,31018.0,75005
75007,9192.0,31791.0,75006
75008,9192.0,31007.0,75007
75009,9192.0,30871.0,75008
75010,9192.0,30791.0,75009
75011,9192.0,30877.0,75010
75012,9192.0,30776.0,75011
75013,9192.0,30575.0,75012
75014,9192.0,30358.0,75013
75015,9192.0,30169.0,75014
75016,9192.0,29629.0,75015
75017,9192.0,30010.0,75016
75018,9192.0,30346.0,75017
75019,9192.0,30047.0,75018
75020,9192.0,30803.0,75019
75021,9192.0,30817.0,75020
75022,9192.0,31035.0,75021
75023,9192.0,31438.0,75022
75024,9192.0,31080.0,75023
75025,9192.0,31128.0,75024
75026,9192.0,30777.0,75025
75027,9192.0,30777.0,75026
75028,9192.0,30693.0,75027
75029,9192.0,30999.0,75028
75030,9192.0,30017.0,75029
75031,9192.0,29729.0,75030
75032,9192.0,29761.0,75031
75033,9192.0,29749.0,75032
75034,9192.0,29061.0,75033
75035,9192.0,29103.0,75034
75036,9192.0,29226.0,75035
75037,9192.0,30778.0,75036
75038,9192.0,30407.0,75037
75039,9192.0,30623.0,75038
75040,9192.0,30591.0,75039
75041,9192.0,30591.0,75040
75042,9192.0,30126.0,75041
75043,9192.0,30333.0,75042
75044,9192.0,30333.0,75043
75045,9192.0,29663.0,75044
75046,9192.0,30113.0,75045
75047,9192.0,29880.0,75046
75048,9192.0,29480.0,75047
75049,9192.0,28811.0,75048
75050,9192.0,28987.0,75049
75051,9192.0,28997.0,75050
75052,9192.0,29128.0,75051
75053,9192.0,28539.0,75052
75054,9192.0,28386.0,75053
75055,9192.0,28467.0,75054
75056,9192.0,28381.0,75055
75057,9192.0,27855.0,75056
75058,9192.0,27922.0,75057
75059,9192.0,27207.0,75058
75060,9192.0,27493.0,75059
75061,9192.0,27706.0,75060
75062,9192.0,28375.0,75061
75063,9192.0,28283.0,75062
75064,9192.0,28217.0,75063
75065,9192.0,28227.0,75064
75066,9192.0,28444.0,75065
75067,9192.0,29239.0,75066
75068,9192.0,30351.0,75067
75069,9192.0,30496.0,75068
75070,9192.0,30571.0,75069
75071,9192.0,30027.0,75070
75072,9192.0,29290.0,75071
75073,9192.0,29021.0,75072
75074,9192.0,27512.0,75073
75075,9192.0,28713.0,75074
75076,9192.0,28713.0,75075
75077,9192.0,28715.0,75076
75078,9192.0,28453.0,75077
75079,9192.0,29293.0,75078
75080,9192.0,29351.0,75079
75081,9192.0,29351.0,75080
75082,9192.0,29331.0,75081
75083,9192.0,28805.0,75082
75084,9192.0,28671.0,75083
75085,9192.0,28458.0,75084
75086,9192.0,27819.0,75085
75087,9192.0,28407.0,75086
75088,9192.0,28138.0,75087
75089,9192.0,27798.0,75088
75090,9192.0,28148.0,75089
75091,9192.0,27653.0,75090
75092,9192.0,27627.0,75091
75093,9192.0,27514.0,75092
75094,9192.0,27937.0,75093
75095,9192.0,27835.0,75094
75096,9192.0,28074.0,75095
75097,9192.0,28071.0,75096
75098,9192.0,28205.0,75097
75099,9192.0,28420.0,75098
75100,9192.0,28298.0,75099
75101,9192.0,28565.0,75100
75102,9192.0,27895.0,75101
75103,9192.0,28144.0,75102
75104,9192.0,28744.0,75103
75105,9192.0,28534.0,75104
75106,9192.0,29230.0,75105
75107,9192.0,29190.0,75106
75108,9192.0,28286.0,75107
75109,9192.0,28909.0,75108
75110,9192.0,29179.0,75109
75111,9192.0,29179.0,75110
75112,9192.0,28167.0,75111
75113,9192.0,28244.0,75112
75114,9192.0,28246.0,75113
75115,9192.0,28310.0,75114
75116,9192.0,28319.0,75115
75117,9192.0,28367.0,75116
75118,9192.0,28648.0,75117
75119,9192.0,29014.0,75118
75120,9192.0,29003.0,75119
75121,9192.0,28285.0,75120
75122,9192.0,28663.0,75121
75123,9192.0,29089.0,75122
75124,9192.0,29233.0,75123
75125,9192.0,29274.0,75124
75126,9192.0,29289.0,75125
75127,9192.0,28597.0,75126
75128,9192.0,28658.0,75127
75129,9192.0,28277.0,75128
75130,9192.0,28365.0,75129
75131,9192.0,28485.0,75130
75132,9192.0,30315.0,75131
75133,9192.0,31337.0,75132
75134,9192.0,31659.0,75133
75135,9192.0,31717.0,75134
75136,9192.0,31319.0,75135
75137,9192.0,30619.0,75136
75138,9192.0,30619.0,75137
75139,9192.0,30619.0,75138
75140,9192.0,30365.0,75139
75141,9192.0,30590.0,75140
75142,9192.0,30610.0,75141
75143,9192.0,31480.0,75142
75144,9192.0,31418.0,75143
75145,9192.0,31178.0,75144
75146,9192.0,31170.0,75145
75147,9192.0,31182.0,75146
75148,9192.0,31160.0,75147
75149,9192.0,31471.0,75148
75150,9192.0,31292.0,75149
75151,9192.0,31718.0,75150
75152,9192.0,31874.0,75151
75153,9192.0,31982.0,75152
75154,9192.0,31568.0,75153
75155,9192.0,31557.0,75154
75156,9192.0,31557.0,75155
75157,9192.0,31451.0,75156
75158,9192.0,31248.0,75157
75159,9192.0,30482.0,75158
75160,9192.0,31007.0,75159
75161,9192.0,30629.0,75160
75162,9192.0,30229.0,75161
75163,9192.0,28245.0,75162
75164,9192.0,28245.0,75163
75165,9192.0,27990.0,75164
75166,9192.0,27807.0,75165
75167,9192.0,27686.0,75166
75168,9192.0,27610.0,75167
75169,9192.0,27593.0,75168
75170,9192.0,27819.0,75169
75171,9192.0,29787.0,75170
75172,9192.0,29828.0,75171
75173,9192.0,29141.0,75172
75174,9192.0,29032.0,75173
75175,9192.0,29019.0,75174
75176,9192.0,29689.0,75175
75177,9192.0,29344.0,75176
75178,9192.0,30573.0,75177
75179,9192.0,30695.0,75178
75180,9192.0,30917.0,75179
75181,9192.0,31073.0,75180
75182,9192.0,30937.0,75181
75183,9192.0,30587.0,75182
75184,9192.0,30530.0,75183
75185,9192.0,30412.0,75184
75186,9192.0,30655.0,75185
75187,9192.0,30655.0,75186
75188,9192.0,30555.0,75187
75189,9192.0,30347.0,75188
75190,9192.0,30971.0,75189
75191,9192.0,31199.0,75190
75192,9192.0,31189.0,75191
75193,9192.0,31177.0,75192
75194,9192.0,30449.0,75193
75195,9192.0,30232.0,75194
75196,9192.0,30608.0,75195
75197,9192.0,30561.0,75196
75198,9192.0,30875.0,75197
75199,9192.0,30909.0,75198
75200,9192.0,31125.0,75199
75201,9192.0,30353.0,75200
75202,9192.0,30435.0,75201
75203,9192.0,30208.0,75202
75204,9192.0,29485.0,75203
75205,9192.0,29065.0,75204
75206,9192.0,27835.0,75205
75207,9192.0,27996.0,75206
75208,9192.0,27993.0,75207
75209,9192.0,28190.0,75208
75210,9192.0,28380.0,75209
75211,9192.0,28380.0,75210
75212,9192.0,29162.0,75211
75213,9192.0,29207.0,75212
75214,9192.0,28068.0,75213
75215,9192.0,28068.0,75214
75216,9192.0,28301.0,75215
75217,9192.0,28374.0,75216
75218,9192.0,28421.0,75217
75219,9192.0,28421.0,75218
75220,9192.0,28451.0,75219
75221,9192.0,28198.0,75220
75222,9192.0,27490.0,75221
75223,9192.0,27845.0,75222
75224,9192.0,27914.0,75223
75225,9192.0,28050.0,75224
75226,9192.0,27771.0,75225
75227,9192.0,27635.0,75226
75228,9192.0,27170.0,75227
75229,9192.0,27459.0,75228
75230,9192.0,27549.0,75229
75231,9192.0,27871.0,75230
75232,9192.0,27605.0,75231
75233,9192.0,27966.0,75232
75234,9192.0,27583.0,75233
75235,9192.0,28217.0,75234
75236,9192.0,27488.0,75235
75237,9192.0,26996.0,75236
75238,9192.0,26851.0,75237
75239,9192.0,26516.0,75238
75240,9192.0,26539.0,75239
75241,9192.0,26333.0,75240
75242,9192.0,26478.0,75241
75243,9192.0,26490.0,75242
75244,9192.0,26490.0,75243
75245,9192.0,25560.0,75244
75246,9192.0,25749.0,75245
75247,9192.0,25449.0,75246
75248,9192.0,25518.0,75247
75249,9192.0,25593.0,75248
75250,9192.0,25644.0,75249
75251,9192.0,25644.0,75250
75252,9192.0,25417.0,75251
75253,9192.0,25330.0,75252
75254,9192.0,25315.0,75253
75255,9192.0,25338.0,75254
75256,9192.0,25346.0,75255
75257,9192.0,25194.0,75256
75258,9192.0,25164.0,75257
75259,9192.0,25119.0,75258
75260,9192.0,25246.0,75259
75261,9192.0,25153.0,75260
75262,9192.0,25687.0,75261
75263,9192.0,26614.0,75262
75264,9192.0,26745.0,75263
75265,9192.0,26719.0,75264
75266,9192.0,26194.0,75265
75267,9192.0,25957.0,75266
75268,9192.0,25737.0,75267
75269,9192.0,26811.0,75268
75270,9192.0,26811.0,75269
75271,9192.0,26573.0,75270
75272,9192.0,26217.0,75271
75273,9192.0,26984.0,75272
75274,9192.0,26869.0,75273
75275,9192.0,27715.0,75274
75276,9192.0,27792.0,75275
75277,9192.0,28161.0,75276
75278,9192.0,28088.0,75277
75279,9192.0,27245.0,75278
75280,9192.0,28048.0,75279
75281,9192.0,28433.0,75280
75282,9192.0,28399.0,75281
75283,9192.0,29267.0,75282
75284,9192.0,29146.0,75283
75285,9192.0,29146.0,75284
75286,9192.0,29170.0,75285
75287,9192.0,29203.0,75286
75288,9192.0,29208.0,75287
75289,9192.0,28847.0,75288
75290,9192.0,29698.0,75289
75291,9192.0,28808.0,75290
75292,9192.0,28643.0,75291
75293,9192.0,28613.0,75292
75294,9192.0,28613.0,75293
75295,9192.0,28339.0,75294
75296,9192.0,28949.0,75295
75297,9192.0,28995.0,75296
75298,9192.0,29478.0,75297
75299,9192.0,29272.0,75298
75300,9192.0,29815.0,75299
75301,9192.0,29989.0,75300
75302,9192.0,29629.0,75301
75303,9192.0,29841.0,75302
75304,9192.0,28562.0,75303
75305,9192.0,28492.0,75304
75306,9192.0,27585.0,75305
75307,9192.0,28279.0,75306
75308,9192.0,28247.0,75307
75309,9192.0,28620.0,75308
75310,9192.0,28106.0,75309
75311,9192.0,28401.0,75310
75312,9192.0,27298.0,75311
75313,9192.0,27766.0,75312
75314,9192.0,27766.0,75313
75315,9192.0,28453.0,75314
75316,9192.0,28203.0,75315
75317,9192.0,27801.0,75316
75318,9192.0,27889.0,75317
75319,9192.0,27572.0,75318
75320,9192.0,27594.0,75319
75321,9192.0,27498.0,75320
75322,9192.0,27238.0,75321
75323,9192.0,27334.0,75322
75324,9192.0,27757.0,75323
75325,9192.0,28660.0,75324
75326,9192.0,28747.0,75325
75327,9192.0,28718.0,75326
75328,9192.0,26769.0,75327
75329,9192.0,26751.0,75328
75330,9192.0,27364.0,75329
75331,9192.0,27451.0,75330
75332,9192.0,27005.0,75331
75333,9192.0,27889.0,75332
75334,9192.0,27897.0,75333
75335,9192.0,27871.0,75334
75336,9192.0,27368.0,75335
75337,9192.0,27217.0,75336
75338,9192.0,28226.0,75337
75339,9192.0,28425.0,75338
75340,9192.0,28425.0,75339
75341,9192.0,27442.0,75340
75342,9192.0,27067.0,75341
75343,9192.0,27086.0,75342
75344,9192.0,27091.0,75343
75345,9192.0,28217.0,75344
75346,9192.0,28495.0,75345
75347,9192.0,28797.0,75346
75348,9192.0,27881.0,75347
75349,9192.0,27214.0,75348
75350,9192.0,26905.0,75349
75351,9192.0,28612.0,75350
75352,9192.0,28905.0,75351
75353,9192.0,28905.0,75352
75354,9192.0,28294.0,75353
75355,9192.0,27580.0,75354
75356,9192.0,27580.0,75355
75357,9192.0,27395.0,75356
75358,9192.0,27256.0,75357
75359,9192.0,27362.0,75358
75360,9192.0,27309.0,75359
75361,9192.0,27373.0,75360
75362,9192.0,27367.0,75361
75363,9192.0,27849.0,75362
75364,9192.0,27832.0,75363
75365,9192.0,28094.0,75364
75366,9192.0,28976.0,75365
75367,9192.0,28387.0,75366
75368,9192.0,28013.0,75367
75369,9192.0,28013.0,75368
75370,9192.0,27894.0,75369
75371,9192.0,27967.0,75370
75372,9192.0,27601.0,75371
75373,9192.0,27460.0,75372
75374,9192.0,27268.0,75373
75375,9192.0,27775.0,75374
75376,9192.0,27350.0,75375
75377,9192.0,27350.0,75376
75378,9192.0,26456.0,75377
75379,9192.0,25022.0,75378
75380,9192.0,25546.0,75379
75381,9192.0,25477.0,75380
75382,9192.0,25574.0,75381
75383,9192.0,25667.0,75382
75384,9192.0,25846.0,75383
75385,9192.0,26824.0,75384
75386,9192.0,26164.0,75385
75387,9192.0,26061.0,75386
75388,9192.0,25907.0,75387
75389,9192.0,26020.0,75388
75390,9192.0,26929.0,75389
75391,9192.0,26943.0,75390
75392,9192.0,26257.0,75391
75393,9192.0,25481.0,75392
75394,9192.0,25841.0,75393
75395,9192.0,25777.0,75394
75396,9192.0,25956.0,75395
75397,9192.0,25956.0,75396
75398,9192.0,26026.0,75397
75399,9192.0,25578.0,75398
75400,9192.0,25652.0,75399
75401,9192.0,26856.0,75400
75402,9192.0,26229.0,75401
75403,9192.0,26190.0,75402
75404,9192.0,26109.0,75403
75405,9192.0,26294.0,75404
75406,9192.0,26294.0,75405
75407,9192.0,26447.0,75406
75408,9192.0,26444.0,75407
75409,9192.0,27237.0,75408
75410,9192.0,27377.0,75409
75411,9192.0,27388.0,75410
75412,9192.0,27322.0,75411
75413,9192.0,27247.0,75412
75414,9192.0,26024.0,75413
75415,9192.0,26950.0,75414
75416,9192.0,26882.0,75415
75417,9192.0,27208.0,75416
75418,9192.0,27303.0,75417
75419,9192.0,26544.0,75418
75420,9192.0,26723.0,75419
75421,9192.0,27603.0,75420
75422,9192.0,27355.0,75421
75423,9192.0,27864.0,75422
75424,9192.0,28418.0,75423
75425,9192.0,28437.0,75424
75426,9192.0,29600.0,75425
75427,9192.0,29883.0,75426
75428,9192.0,29513.0,75427
75429,9192.0,29988.0,75428
75430,9192.0,29436.0,75429
75431,9192.0,29035.0,75430
75432,9192.0,29440.0,75431
75433,9192.0,29713.0,75432
75434,9192.0,29699.0,75433
75435,9192.0,29559.0,75434
75436,9192.0,29559.0,75435
75437,9192.0,30319.0,75436
75438,9192.0,29885.0,75437
75439,9192.0,29982.0,75438
75440,9192.0,29601.0,75439
75441,9192.0,28822.0,75440
75442,9192.0,28814.0,75441
75443,9192.0,28359.0,75442
75444,9192.0,28505.0,75443
75445,9192.0,28287.0,75444
75446,9192.0,29134.0,75445
75447,9192.0,28742.0,75446
75448,9192.0,28944.0,75447
75449,9192.0,28690.0,75448
75450,9192.0,28691.0,75449
75451,9192.0,28860.0,75450
75452,9192.0,29233.0,75451
75453,9192.0,29623.0,75452
75454,9192.0,29086.0,75453
75455,9192.0,29273.0,75454
75456,9192.0,29266.0,75455
75457,9192.0,28656.0,75456
75458,9192.0,28681.0,75457
75459,9192.0,29771.0,75458
75460,9192.0,29789.0,75459
75461,9192.0,29576.0,75460
75462,9192.0,29869.0,75461
75463,9192.0,29869.0,75462
75464,9192.0,29869.0,75463
75465,9192.0,30174.0,75464
75466,9192.0,29206.0,75465
75467,9192.0,28720.0,75466
75468,9192.0,28720.0,75467
75469,9192.0,28249.0,75468
75470,9192.0,27970.0,75469
75471,9192.0,27970.0,75470
75472,9192.0,27881.0,75471
75473,9192.0,28080.0,75472
75474,9192.0,28073.0,75473
75475,9192.0,28453.0,75474
75476,9192.0,28928.0,75475
75477,9192.0,28932.0,75476
75478,9192.0,28635.0,75477
75479,9192.0,28591.0,75478
75480,9192.0,28398.0,75479
75481,9192.0,28596.0,75480
75482,9192.0,29208.0,75481
75483,9192.0,27654.0,75482
75484,9192.0,27796.0,75483
75485,9192.0,27639.0,75484
75486,9192.0,27774.0,75485
75487,9192.0,27774.0,75486
75488,9192.0,27774.0,75487
75489,9192.0,27520.0,75488
75490,9192.0,27995.0,75489
75491,9192.0,27610.0,75490
75492,9192.0,27689.0,75491
75493,9192.0,28363.0,75492
75494,9192.0,28379.0,75493
75495,9192.0,28990.0,75494
75496,9192.0,28073.0,75495
75497,9192.0,28071.0,75496
75498,9192.0,28211.0,75497
75499,9192.0,28254.0,75498
75500,9192.0,27985.0,75499
75501,9192.0,27963.0,75500
75502,9192.0,27931.0,75501
75503,9192.0,28846.0,75502
75504,9192.0,28992.0,75503
75505,9192.0,29201.0,75504
75506,9192.0,29448.0,75505
75507,9192.0,29996.0,75506
75508,9192.0,29982.0,75507
75509,9192.0,30588.0,75508
75510,9192.0,30588.0,75509
75511,9192.0,30749.0,75510
75512,9192.0,32432.0,75511
75513,9192.0,32284.0,75512
75514,9192.0,32161.0,75513
75515,9192.0,32009.0,75514
75516,9192.0,31671.0,75515
75517,9192.0,31794.0,75516
75518,9192.0,31677.0,75517
75519,9192.0,31306.0,75518
75520,9192.0,31957.0,75519
75521,9192.0,32182.0,75520
75522,9192.0,31955.0,75521
75523,9192.0,31685.0,75522
75524,9192.0,31880.0,75523
75525,9192.0,31877.0,75524
75526,9192.0,32203.0,75525
75527,9192.0,32363.0,75526
75528,9192.0,32448.0,75527
75529,9192.0,32397.0,75528
75530,9192.0,32218.0,75529
75531,9192.0,32218.0,75530
75532,9192.0,31002.0,75531
75533,9192.0,31126.0,75532
75534,9192.0,31147.0,75533
75535,9192.0,30317.0,75534
75536,9192.0,29205.0,75535
75537,9192.0,29190.0,75536
75538,9192.0,27959.0,75537
75539,9192.0,28562.0,75538
75540,9192.0,28460.0,75539
75541,9192.0,28310.0,75540
75542,9192.0,28174.0,75541
75543,9192.0,28351.0,75542
75544,9192.0,28417.0,75543
75545,9192.0,27660.0,75544
75546,9192.0,28094.0,75545
75547,9192.0,27841.0,75546
75548,9192.0,28164.0,75547
75549,9192.0,28164.0,75548
75550,9192.0,28164.0,75549
75551,9192.0,28657.0,75550
75552,9192.0,28347.0,75551
75553,9192.0,28261.0,75552
75554,9192.0,28325.0,75553
75555,9192.0,28417.0,75554
75556,9192.0,28942.0,75555
75557,9192.0,28834.0,75556
75558,9192.0,29599.0,75557
75559,9192.0,29731.0,75558
75560,9192.0,29599.0,75559
75561,9192.0,29450.0,75560
75562,9192.0,30134.0,75561
75563,9192.0,30126.0,75562
75564,9192.0,29415.0,75563
75565,9192.0,29252.0,75564
75566,9192.0,29313.0,75565
75567,9192.0,29216.0,75566
75568,9192.0,28093.0,75567
75569,9192.0,28093.0,75568
75570,9192.0,27980.0,75569
75571,9192.0,27455.0,75570
75572,9192.0,27408.0,75571
75573,9192.0,28140.0,75572
75574,9192.0,28476.0,75573
75575,9192.0,28472.0,75574
75576,9192.0,28845.0,75575
75577,9192.0,28780.0,75576
75578,9192.0,29109.0,75577
75579,9192.0,29140.0,75578
75580,9192.0,29070.0,75579
75581,9192.0,28641.0,75580
75582,9192.0,28740.0,75581
75583,9192.0,29210.0,75582
75584,9192.0,29344.0,75583
75585,9192.0,30107.0,75584
75586,9192.0,30180.0,75585
75587,9192.0,30180.0,75586
75588,9192.0,30351.0,75587
75589,9192.0,32116.0,75588
75590,9192.0,31857.0,75589
75591,9192.0,31468.0,75590
75592,9192.0,31442.0,75591
75593,9192.0,31438.0,75592
75594,9192.0,31669.0,75593
75595,9192.0,31805.0,75594
75596,9192.0,31808.0,75595
75597,9192.0,30505.0,75596
75598,9192.0,30518.0,75597
75599,9192.0,30676.0,75598
75600,9192.0,30676.0,75599
75601,9192.0,30676.0,75600
75602,9192.0,30683.0,75601
75603,9192.0,30571.0,75602
75604,9192.0,30676.0,75603
75605,9192.0,30773.0,75604
75606,9192.0,30763.0,75605
75607,9192.0,30690.0,75606
75608,9192.0,30610.0,75607
75609,9192.0,30716.0,75608
75610,9192.0,30678.0,75609
75611,9192.0,30603.0,75610
75612,9192.0,30394.0,75611
75613,9192.0,29334.0,75612
75614,9192.0,28796.0,75613
75615,9192.0,28936.0,75614
75616,9192.0,29142.0,75615
75617,9192.0,29254.0,75616
75618,9192.0,29918.0,75617
75619,9192.0,28906.0,75618
75620,9192.0,29355.0,75619
75621,9192.0,29273.0,75620
75622,9192.0,28953.0,75621
75623,9192.0,29253.0,75622
75624,9192.0,28559.0,75623
75625,9192.0,27643.0,75624
75626,9192.0,27643.0,75625
75627,9192.0,28060.0,75626
75628,9192.0,28232.0,75627
75629,9192.0,28447.0,75628
75630,9192.0,28432.0,75629
75631,9192.0,28401.0,75630
75632,9192.0,28358.0,75631
75633,9192.0,28563.0,75632
75634,9192.0,28463.0,75633
75635,9192.0,28189.0,75634
75636,9192.0,29012.0,75635
75637,9192.0,28596.0,75636
75638,9192.0,28724.0,75637
75639,9192.0,29082.0,75638
75640,9192.0,29490.0,75639
75641,9192.0,29490.0,75640
75642,9192.0,29472.0,75641
75643,9192.0,29472.0,75642
75644,9192.0,28999.0,75643
75645,9192.0,28633.0,75644
75646,9192.0,29180.0,75645
75647,9192.0,29192.0,75646
75648,9192.0,29120.0,75647
75649,9192.0,29147.0,75648
75650,9192.0,29302.0,75649
75651,9192.0,30149.0,75650
75652,9192.0,29247.0,75651
75653,9192.0,29679.0,75652
75654,9192.0,29680.0,75653
75655,9192.0,29362.0,75654
75656,9192.0,29278.0,75655
75657,9192.0,28425.0,75656
75658,9192.0,28587.0,75657
75659,9192.0,28285.0,75658
75660,9192.0,27999.0,75659
75661,9192.0,27715.0,75660
75662,9192.0,27634.0,75661
75663,9192.0,27634.0,75662
75664,9192.0,27570.0,75663
75665,9192.0,27216.0,75664
75666,9192.0,27100.0,75665
75667,9192.0,27096.0,75666
75668,9192.0,27651.0,75667
75669,9192.0,27443.0,75668
75670,9192.0,27402.0,75669
75671,9192.0,27584.0,75670
75672,9192.0,27895.0,75671
75673,9192.0,27068.0,75672
75674,9192.0,26817.0,75673
75675,9192.0,27370.0,75674
75676,9192.0,27006.0,75675
75677,9192.0,26863.0,75676
75678,9192.0,26938.0,75677
75679,9192.0,27356.0,75678
75680,9192.0,27829.0,75679
75681,9192.0,27829.0,75680
75682,9192.0,28152.0,75681
75683,9192.0,28056.0,75682
75684,9192.0,28077.0,75683
75685,9192.0,28095.0,75684
75686,9192.0,28041.0,75685
75687,9192.0,27939.0,75686
75688,9192.0,27410.0,75687
75689,9192.0,27379.0,75688
75690,9192.0,27673.0,75689
75691,9192.0,27604.0,75690
75692,9192.0,27807.0,75691
75693,9192.0,27484.0,75692
75694,9192.0,27712.0,75693
75695,9192.0,28233.0,75694
75696,9192.0,27926.0,75695
75697,9192.0,27999.0,75696
75698,9192.0,27136.0,75697
75699,9192.0,27172.0,75698
75700,9192.0,27453.0,75699
75701,9192.0,27967.0,75700
75702,9192.0,28079.0,75701
75703,9192.0,27060.0,75702
75704,9192.0,27060.0,75703
75705,9192.0,27020.0,75704
75706,9192.0,27287.0,75705
75707,9192.0,27287.0,75706
75708,9192.0,27078.0,75707
75709,9192.0,27290.0,75708
75710,9192.0,27985.0,75709
75711,9192.0,27895.0,75710
75712,9192.0,28393.0,75711
75713,9192.0,28158.0,75712
75714,9192.0,28158.0,75713
75715,9192.0,28608.0,75714
75716,9192.0,28734.0,75715
75717,9192.0,27945.0,75716
75718,9192.0,27996.0,75717
75719,9192.0,27297.0,75718
75720,9192.0,27798.0,75719
75721,9192.0,28063.0,75720
75722,9192.0,27809.0,75721
75723,9192.0,28227.0,75722
75724,9192.0,28308.0,75723
75725,9192.0,29144.0,75724
75726,9192.0,28896.0,75725
75727,9192.0,28896.0,75726
75728,9192.0,28911.0,75727
75729,9192.0,29498.0,75728
75730,9192.0,29438.0,75729
75731,9192.0,29456.0,75730
75732,9192.0,29458.0,75731
75733,9192.0,29549.0,75732
75734,9192.0,29579.0,75733
75735,9192.0,30460.0,75734
75736,9192.0,30701.0,75735
75737,9192.0,30526.0,75736
75738,9192.0,29851.0,75737
75739,9192.0,29614.0,75738
75740,9192.0,29085.0,75739
75741,9192.0,28690.0,75740
75742,9192.0,28593.0,75741
75743,9192.0,28623.0,75742
75744,9192.0,28242.0,75743
75745,9192.0,28308.0,75744
75746,9192.0,28519.0,75745
75747,9192.0,29598.0,75746
75748,9192.0,29881.0,75747
75749,9192.0,29958.0,75748
75750,9192.0,29908.0,75749
75751,9192.0,29488.0,75750
75752,9192.0,29406.0,75751
75753,9192.0,29616.0,75752
75754,9192.0,29465.0,75753
75755,9192.0,29062.0,75754
75756,9192.0,29470.0,75755
75757,9192.0,29522.0,75756
75758,9192.0,28909.0,75757
75759,9192.0,29185.0,75758
75760,9192.0,29268.0,75759
75761,9192.0,29766.0,75760
75762,9192.0,29481.0,75761
75763,9192.0,29347.0,75762
75764,9192.0,30053.0,75763
75765,9192.0,29962.0,75764
75766,9192.0,29935.0,75765
75767,9192.0,30342.0,75766
75768,9192.0,30875.0,75767
75769,9192.0,31082.0,75768
75770,9192.0,30771.0,75769
75771,9192.0,30758.0,75770
75772,9192.0,30484.0,75771
75773,9192.0,30089.0,75772
75774,9192.0,30379.0,75773
75775,9192.0,30243.0,75774
75776,9192.0,29641.0,75775
75777,9192.0,29613.0,75776
75778,9192.0,29665.0,75777
75779,9192.0,29663.0,75778
75780,9192.0,29593.0,75779
75781,9192.0,29139.0,75780
75782,9192.0,29369.0,75781
75783,9192.0,28985.0,75782
75784,9192.0,29734.0,75783
75785,9192.0,29762.0,75784
75786,9192.0,29814.0,75785
75787,9192.0,29804.0,75786
75788,9192.0,29753.0,75787
75789,9192.0,29619.0,75788
75790,9192.0,28947.0,75789
75791,9192.0,27809.0,75790
75792,9192.0,28094.0,75791
75793,9192.0,28276.0,75792
75794,9192.0,28424.0,75793
75795,9192.0,28424.0,75794
75796,9192.0,28416.0,75795
75797,9192.0,28425.0,75796
75798,9192.0,28425.0,75797
75799,9192.0,28427.0,75798
75800,9192.0,28628.0,75799
75801,9192.0,28787.0,75800
75802,9192.0,27734.0,75801
75803,9192.0,27920.0,75802
75804,9192.0,27582.0,75803
75805,9192.0,26918.0,75804
75806,9192.0,27562.0,75805
75807,9192.0,27533.0,75806
75808,9192.0,27497.0,75807
75809,9192.0,27251.0,75808
75810,9192.0,27304.0,75809
75811,9192.0,27286.0,75810
75812,9192.0,27364.0,75811
75813,9192.0,27364.0,75812
75814,9192.0,27440.0,75813
75815,9192.0,27271.0,75814
75816,9192.0,27129.0,75815
75817,9192.0,27187.0,75816
75818,9192.0,28368.0,75817
75819,9192.0,28751.0,75818
75820,9192.0,28487.0,75819
75821,9192.0,28487.0,75820
75822,9192.0,27979.0,75821
75823,9192.0,28134.0,75822
75824,9192.0,28130.0,75823
75825,9192.0,28038.0,75824
75826,9192.0,28258.0,75825
75827,9192.0,27673.0,75826
75828,9192.0,28058.0,75827
75829,9192.0,28442.0,75828
75830,9192.0,28092.0,75829
75831,9192.0,28141.0,75830
75832,9192.0,27976.0,75831
75833,9192.0,27746.0,75832
75834,9192.0,26734.0,75833
75835,9192.0,26937.0,75834
75836,9192.0,27036.0,75835
75837,9192.0,27796.0,75836
75838,9192.0,27782.0,75837
75839,9192.0,27782.0,75838
75840,9192.0,28436.0,75839
75841,9192.0,27586.0,75840
75842,9192.0,27818.0,75841
75843,9192.0,27617.0,75842
75844,9192.0,27644.0,75843
75845,9192.0,28274.0,75844
75846,9192.0,28274.0,75845
75847,9192.0,28257.0,75846
75848,9192.0,28257.0,75847
75849,9192.0,28069.0,75848
75850,9192.0,28288.0,75849
75851,9192.0,28318.0,75850
75852,9192.0,28406.0,75851
75853,9192.0,27791.0,75852
75854,9192.0,26847.0,75853
75855,9192.0,26635.0,75854
75856,9192.0,26102.0,75855
75857,9192.0,26211.0,75856
75858,9192.0,25985.0,75857
75859,9192.0,26649.0,75858
75860,9192.0,26894.0,75859
75861,9192.0,26986.0,75860
75862,9192.0,26941.0,75861
75863,9192.0,26494.0,75862
75864,9192.0,26847.0,75863
75865,9192.0,28082.0,75864
75866,9192.0,27857.0,75865
75867,9192.0,27595.0,75866
75868,9192.0,27826.0,75867
75869,9192.0,27826.0,75868
75870,9192.0,27736.0,75869
75871,9192.0,27743.0,75870
75872,9192.0,27705.0,75871
75873,9192.0,28782.0,75872
75874,9192.0,28605.0,75873
75875,9192.0,27651.0,75874
75876,9192.0,27499.0,75875
75877,9192.0,27881.0,75876
75878,9192.0,27882.0,75877
75879,9192.0,27115.0,75878
75880,9192.0,27589.0,75879
75881,9192.0,27593.0,75880
75882,9192.0,27817.0,75881
75883,9192.0,28078.0,75882
75884,9192.0,27781.0,75883
75885,9192.0,27207.0,75884
75886,9192.0,25964.0,75885
75887,9192.0,26038.0,75886
75888,9192.0,26697.0,75887
75889,9192.0,26366.0,75888
75890,9192.0,26953.0,75889
75891,9192.0,26860.0,75890
75892,9192.0,26863.0,75891
75893,9192.0,26620.0,75892
75894,9192.0,26202.0,75893
75895,9192.0,26188.0,75894
75896,9192.0,25616.0,75895
75897,9192.0,25740.0,75896
75898,9192.0,25761.0,75897
75899,9192.0,25761.0,75898
75900,9192.0,26319.0,75899
75901,9192.0,26471.0,75900
75902,9192.0,25959.0,75901
75903,9192.0,26875.0,75902
75904,9192.0,27601.0,75903
75905,9192.0,27852.0,75904
75906,9192.0,27858.0,75905
75907,9192.0,28235.0,75906
75908,9192.0,28381.0,75907
75909,9192.0,28276.0,75908
75910,9192.0,28337.0,75909
75911,9192.0,27625.0,75910
75912,9192.0,27132.0,75911
75913,9192.0,27770.0,75912
75914,9192.0,27692.0,75913
75915,9192.0,27692.0,75914
75916,9192.0,27598.0,75915
75917,9192.0,26883.0,75916
75918,9192.0,27237.0,75917
75919,9192.0,27367.0,75918
75920,9192.0,27528.0,75919
75921,9192.0,27446.0,75920
75922,9192.0,27773.0,75921
75923,9192.0,26982.0,75922
75924,9192.0,26955.0,75923
75925,9192.0,26670.0,75924
75926,9192.0,26769.0,75925
75927,9192.0,26752.0,75926
75928,9192.0,26618.0,75927
75929,9192.0,26579.0,75928
75930,9192.0,26669.0,75929
75931,9192.0,26614.0,75930
75932,9192.0,26569.0,75931
75933,9192.0,26733.0,75932
75934,9192.0,26578.0,75933
75935,9192.0,26833.0,75934
75936,9192.0,26706.0,75935
75937,9192.0,26696.0,75936
75938,9192.0,27047.0,75937
75939,9192.0,26560.0,75938
75940,9192.0,27169.0,75939
75941,9192.0,27419.0,75940
75942,9192.0,27208.0,75941
75943,9192.0,27338.0,75942
75944,9192.0,27180.0,75943
75945,9192.0,27506.0,75944
75946,9192.0,28029.0,75945
75947,9192.0,28018.0,75946
75948,9192.0,27863.0,75947
75949,9192.0,28111.0,75948
75950,9192.0,28111.0,75949
75951,9192.0,27717.0,75950
75952,9192.0,27765.0,75951
75953,9192.0,27900.0,75952
75954,9192.0,27914.0,75953
75955,9192.0,28094.0,75954
75956,9192.0,28205.0,75955
75957,9192.0,28338.0,75956
75958,9192.0,28338.0,75957
75959,9192.0,28429.0,75958
75960,9192.0,28429.0,75959
75961,9192.0,28241.0,75960
75962,9192.0,28727.0,75961
75963,9192.0,28749.0,75962
75964,9192.0,29736.0,75963
75965,9192.0,30613.0,75964
75966,9192.0,30870.0,75965
75967,9192.0,31466.0,75966
75968,9192.0,31489.0,75967
75969,9192.0,31489.0,75968
75970,9192.0,31490.0,75969
75971,9192.0,31890.0,75970
75972,9192.0,31344.0,75971
75973,9192.0,31344.0,75972
75974,9192.0,30356.0,75973
75975,9192.0,30682.0,75974
75976,9192.0,30423.0,75975
75977,9192.0,30816.0,75976
75978,9192.0,30824.0,75977
75979,9192.0,30292.0,75978
75980,9192.0,30291.0,75979
75981,9192.0,30393.0,75980
75982,9192.0,30219.0,75981
75983,9192.0,29354.0,75982
75984,9192.0,29254.0,75983
75985,9192.0,29466.0,75984
75986,9192.0,29350.0,75985
75987,9192.0,29361.0,75986
75988,9192.0,29361.0,75987
75989,9192.0,28881.0,75988
75990,9192.0,29751.0,75989
75991,9192.0,29495.0,75990
75992,9192.0,29570.0,75991
75993,9192.0,29211.0,75992
75994,9192.0,29211.0,75993
75995,9192.0,28680.0,75994
75996,9192.0,28907.0,75995
75997,9192.0,28907.0,75996
75998,9192.0,28866.0,75997
75999,9192.0,28980.0,75998
76000,9192.0,29370.0,75999
76001,9192.0,30494.0,76000
76002,9192.0,30494.0,76001
76003,9192.0,30404.0,76002
76004,9192.0,30324.0,76003
76005,9192.0,30340.0,76004
76006,9192.0,30555.0,76005
76007,9192.0,30499.0,76006
76008,9192.0,30628.0,76007
76009,9192.0,30628.0,76008
76010,9192.0,30394.0,76009
76011,9192.0,30358.0,76010
76012,9192.0,30395.0,76011
76013,9192.0,30430.0,76012
76014,9192.0,29816.0,76013
76015,9192.0,30026.0,76014
76016,9192.0,30060.0,76015
76017,9192.0,29877.0,76016
76018,9192.0,30030.0,76017
76019,9192.0,29672.0,76018
76020,9192.0,30267.0,76019
76021,9192.0,30232.0,76020
76022,9192.0,29599.0,76021
76023,9192.0,28926.0,76022
76024,9192.0,28916.0,76023
76025,9192.0,29012.0,76024
76026,9192.0,28709.0,76025
76027,9192.0,28811.0,76026
76028,9192.0,28967.0,76027
76029,9192.0,29438.0,76028
76030,9192.0,29873.0,76029
76031,9192.0,30080.0,76030
76032,9192.0,29416.0,76031
76033,9192.0,29431.0,76032
76034,9192.0,28941.0,76033
76035,9192.0,29483.0,76034
76036,9192.0,30206.0,76035
76037,9192.0,30206.0,76036
76038,9192.0,30148.0,76037
76039,9192.0,29670.0,76038
76040,9192.0,29814.0,76039
76041,9192.0,32297.0,76040
76042,9192.0,32296.0,76041
76043,9192.0,32152.0,76042
76044,9192.0,32271.0,76043
76045,9192.0,32124.0,76044
76046,9192.0,32283.0,76045
76047,9192.0,32363.0,76046
76048,9192.0,32067.0,76047
76049,9192.0,32065.0,76048
76050,9192.0,31302.0,76049
76051,9192.0,31349.0,76050
76052,9192.0,31417.0,76051
76053,9192.0,31752.0,76052
76054,9192.0,31684.0,76053
76055,9192.0,31459.0,76054
76056,9192.0,31438.0,76055
76057,9192.0,31736.0,76056
76058,9192.0,29579.0,76057
76059,9192.0,29495.0,76058
76060,9192.0,29494.0,76059
76061,9192.0,29614.0,76060
76062,9192.0,30349.0,76061
76063,9192.0,31127.0,76062
76064,9192.0,31252.0,76063
76065,9192.0,30510.0,76064
76066,9192.0,30528.0,76065
76067,9192.0,31429.0,76066
76068,9192.0,31662.0,76067
76069,9192.0,30956.0,76068
76070,9192.0,31110.0,76069
76071,9192.0,31081.0,76070
76072,9192.0,30982.0,76071
76073,9192.0,30982.0,76072
76074,9192.0,31008.0,76073
76075,9192.0,30764.0,76074
76076,9192.0,29498.0,76075
76077,9192.0,29509.0,76076
76078,9192.0,29821.0,76077
76079,9192.0,29786.0,76078
76080,9192.0,29613.0,76079
76081,9192.0,29613.0,76080
76082,9192.0,29613.0,76081
76083,9192.0,30545.0,76082
76084,9192.0,30552.0,76083
76085,9192.0,30442.0,76084
76086,9192.0,30163.0,76085
76087,9192.0,28394.0,76086
76088,9192.0,28835.0,76087
76089,9192.0,29086.0,76088
76090,9192.0,28711.0,76089
76091,9192.0,28655.0,76090
76092,9192.0,28480.0,76091
76093,9192.0,28480.0,76092
76094,9192.0,28652.0,76093
76095,9192.0,28668.0,76094
76096,9192.0,28668.0,76095
76097,9192.0,29044.0,76096
76098,9192.0,29342.0,76097
76099,9192.0,29410.0,76098
76100,9192.0,29353.0,76099
76101,9192.0,30039.0,76100
76102,9192.0,30365.0,76101
76103,9192.0,31001.0,76102
76104,9192.0,31181.0,76103
76105,9192.0,31414.0,76104
76106,9192.0,31325.0,76105
76107,9192.0,30561.0,76106
76108,9192.0,31769.0,76107
76109,9192.0,31760.0,76108
76110,9192.0,31760.0,76109
76111,9192.0,31506.0,76110
76112,9192.0,31593.0,76111
76113,9192.0,31824.0,76112
76114,9192.0,31524.0,76113
76115,9192.0,30800.0,76114
76116,9192.0,30236.0,76115
76117,9192.0,30180.0,76116
76118,9192.0,30709.0,76117
76119,9192.0,30681.0,76118
76120,9192.0,30629.0,76119
76121,9192.0,30433.0,76120
76122,9192.0,29229.0,76121
76123,9192.0,29225.0,76122
76124,9192.0,29481.0,76123
76125,9192.0,29513.0,76124
76126,9192.0,29397.0,76125
76127,9192.0,29126.0,76126
76128,9192.0,29146.0,76127
76129,9192.0,29349.0,76128
76130,9192.0,29302.0,76129
76131,9192.0,30202.0,76130
76132,9192.0,29988.0,76131
76133,9192.0,29656.0,76132
76134,9192.0,29718.0,76133
76135,9192.0,29306.0,76134
76136,9192.0,29516.0,76135
76137,9192.0,29654.0,76136
76138,9192.0,29912.0,76137
76139,9192.0,30360.0,76138
76140,9192.0,30744.0,76139
76141,9192.0,30825.0,76140
76142,9192.0,31312.0,76141
76143,9192.0,30821.0,76142
76144,9192.0,31507.0,76143
76145,9192.0,31440.0,76144
76146,9192.0,31343.0,76145
76147,9192.0,31226.0,76146
76148,9192.0,31581.0,76147
76149,9192.0,31611.0,76148
76150,9192.0,31119.0,76149
76151,9192.0,30869.0,76150
76152,9192.0,31152.0,76151
76153,9192.0,31852.0,76152
76154,9192.0,31484.0,76153
76155,9192.0,31334.0,76154
76156,9192.0,31117.0,76155
76157,9192.0,30461.0,76156
76158,9192.0,29298.0,76157
76159,9192.0,29078.0,76158
76160,9192.0,29069.0,76159
76161,9192.0,29105.0,76160
76162,9192.0,29270.0,76161
76163,9192.0,29316.0,76162
76164,9192.0,29413.0,76163
76165,9192.0,30730.0,76164
76166,9192.0,31012.0,76165
76167,9192.0,30926.0,76166
76168,9192.0,31075.0,76167
76169,9192.0,30940.0,76168
76170,9192.0,30986.0,76169
76171,9192.0,30966.0,76170
76172,9192.0,31137.0,76171
76173,9192.0,31822.0,76172
76174,9192.0,31648.0,76173
76175,9192.0,32136.0,76174
76176,9192.0,32941.0,76175
76177,9192.0,33400.0,76176
76178,9192.0,33344.0,76177
76179,9192.0,32474.0,76178
76180,9192.0,32474.0,76179
76181,9192.0,32430.0,76180
76182,9192.0,31644.0,76181
76183,9192.0,31819.0,76182
76184,9192.0,31497.0,76183
76185,9192.0,30992.0,76184
76186,9192.0,31599.0,76185
76187,9192.0,31406.0,76186
76188,9192.0,31780.0,76187
76189,9192.0,31112.0,76188
76190,9192.0,30877.0,76189
76191,9192.0,30510.0,76190
76192,9192.0,30817.0,76191
76193,9192.0,30535.0,76192
76194,9192.0,30535.0,76193
76195,9192.0,30622.0,76194
76196,9192.0,30597.0,76195
76197,9192.0,30000.0,76196
76198,9192.0,30655.0,76197
76199,9192.0,30572.0,76198
76200,9192.0,30563.0,76199
76201,9192.0,30544.0,76200
76202,9192.0,30215.0,76201
76203,9192.0,29426.0,76202
76204,9192.0,29283.0,76203
76205,9192.0,29154.0,76204
76206,9192.0,30094.0,76205
76207,9192.0,30011.0,76206
76208,9192.0,30011.0,76207
76209,9192.0,30011.0,76208
76210,9192.0,30340.0,76209
76211,9192.0,30420.0,76210
76212,9192.0,30985.0,76211
76213,9192.0,30987.0,76212
76214,9192.0,31032.0,76213
76215,9192.0,30146.0,76214
76216,9192.0,29793.0,76215
76217,9192.0,29659.0,76216
76218,9192.0,29834.0,76217
76219,9192.0,29874.0,76218
76220,9192.0,29876.0,76219
76221,9192.0,29358.0,76220
76222,9192.0,29611.0,76221
76223,9192.0,29481.0,76222
76224,9192.0,29301.0,76223
76225,9192.0,29355.0,76224
76226,9192.0,28876.0,76225
76227,9192.0,28722.0,76226
76228,9192.0,28722.0,76227
76229,9192.0,27705.0,76228
76230,9192.0,27724.0,76229
76231,9192.0,27732.0,76230
76232,9192.0,28588.0,76231
76233,9192.0,28590.0,76232
76234,9192.0,28581.0,76233
76235,9192.0,29343.0,76234
76236,9192.0,29183.0,76235
76237,9192.0,28358.0,76236
76238,9192.0,28343.0,76237
76239,9192.0,28335.0,76238
76240,9192.0,29003.0,76239
76241,9192.0,28711.0,76240
76242,9192.0,28386.0,76241
76243,9192.0,28631.0,76242
76244,9192.0,27404.0,76243
76245,9192.0,27611.0,76244
76246,9192.0,27734.0,76245
76247,9192.0,27471.0,76246
76248,9192.0,27516.0,76247
76249,9192.0,27577.0,76248
76250,9192.0,27669.0,76249
76251,9192.0,27577.0,76250
76252,9192.0,27577.0,76251
76253,9192.0,27246.0,76252
76254,9192.0,27528.0,76253
76255,9192.0,27210.0,76254
76256,9192.0,27535.0,76255
76257,9192.0,27253.0,76256
76258,9192.0,26970.0,76257
76259,9192.0,26921.0,76258
76260,9192.0,27120.0,76259
76261,9192.0,27146.0,76260
76262,9192.0,27061.0,76261
76263,9192.0,27061.0,76262
76264,9192.0,26918.0,76263
76265,9192.0,28345.0,76264
76266,9192.0,28368.0,76265
76267,9192.0,28367.0,76266
76268,9192.0,28394.0,76267
76269,9192.0,28328.0,76268
76270,9192.0,27623.0,76269
76271,9192.0,27249.0,76270
76272,9192.0,27229.0,76271
76273,9192.0,27365.0,76272
76274,9192.0,27132.0,76273
76275,9192.0,27132.0,76274
76276,9192.0,27176.0,76275
76277,9192.0,26734.0,76276
76278,9192.0,26780.0,76277
76279,9192.0,27248.0,76278
76280,9192.0,26150.0,76279
76281,9192.0,25531.0,76280
76282,9192.0,25386.0,76281
76283,9192.0,25576.0,76282
76284,9192.0,26288.0,76283
76285,9192.0,27347.0,76284
76286,9192.0,27673.0,76285
76287,9192.0,27745.0,76286
76288,9192.0,27773.0,76287
76289,9192.0,27961.0,76288
76290,9192.0,27961.0,76289
76291,9192.0,28052.0,76290
76292,9192.0,28059.0,76291
76293,9192.0,28060.0,76292
76294,9192.0,28612.0,76293
76295,9192.0,28713.0,76294
76296,9192.0,27195.0,76295
76297,9192.0,28412.0,76296
76298,9192.0,27815.0,76297
76299,9192.0,26927.0,76298
76300,9192.0,27355.0,76299
76301,9192.0,27395.0,76300
76302,9192.0,27475.0,76301
76303,9192.0,27814.0,76302
76304,9192.0,27816.0,76303
76305,9192.0,28420.0,76304
76306,9192.0,28377.0,76305
76307,9192.0,28353.0,76306
76308,9192.0,28843.0,76307
76309,9192.0,29086.0,76308
76310,9192.0,29238.0,76309
76311,9192.0,28677.0,76310
76312,9192.0,28890.0,76311
76313,9192.0,29015.0,76312
76314,9192.0,28595.0,76313
76315,9192.0,28560.0,76314
76316,9192.0,28533.0,76315
76317,9192.0,29154.0,76316
76318,9192.0,30004.0,76317
76319,9192.0,30029.0,76318
76320,9192.0,30084.0,76319
76321,9192.0,30051.0,76320
76322,9192.0,30523.0,76321
76323,9192.0,30413.0,76322
76324,9192.0,30447.0,76323
76325,9192.0,29725.0,76324
76326,9192.0,29774.0,76325
76327,9192.0,29774.0,76326
76328,9192.0,29301.0,76327
76329,9192.0,29359.0,76328
76330,9192.0,28215.0,76329
76331,9192.0,28215.0,76330
76332,9192.0,28984.0,76331
76333,9192.0,28560.0,76332
76334,9192.0,27830.0,76333
76335,9192.0,29298.0,76334
76336,9192.0,29430.0,76335
76337,9192.0,29430.0,76336
76338,9192.0,29325.0,76337
76339,9192.0,29271.0,76338
76340,9192.0,29249.0,76339
76341,9192.0,29243.0,76340
76342,9192.0,29281.0,76341
76343,9192.0,29729.0,76342
76344,9192.0,29631.0,76343
76345,9192.0,29631.0,76344
76346,9192.0,29676.0,76345
76347,9192.0,30404.0,76346
76348,9192.0,30255.0,76347
76349,9192.0,29495.0,76348
76350,9192.0,29495.0,76349
76351,9192.0,29492.0,76350
76352,9192.0,29310.0,76351
76353,9192.0,29381.0,76352
76354,9192.0,28744.0,76353
76355,9192.0,28585.0,76354
76356,9192.0,28251.0,76355
76357,9192.0,28173.0,76356
76358,9192.0,28368.0,76357
76359,9192.0,28291.0,76358
76360,9192.0,28326.0,76359
76361,9192.0,28310.0,76360
76362,9192.0,28371.0,76361
76363,9192.0,28503.0,76362
76364,9192.0,28644.0,76363
76365,9192.0,28644.0,76364
76366,9192.0,29023.0,76365
76367,9192.0,28858.0,76366
76368,9192.0,28978.0,76367
76369,9192.0,28763.0,76368
76370,9192.0,28793.0,76369
76371,9192.0,29012.0,76370
76372,9192.0,28700.0,76371
76373,9192.0,28404.0,76372
76374,9192.0,28177.0,76373
76375,9192.0,28851.0,76374
76376,9192.0,28826.0,76375
76377,9192.0,28778.0,76376
76378,9192.0,28447.0,76377
76379,9192.0,28409.0,76378
76380,9192.0,28297.0,76379
76381,9192.0,28372.0,76380
76382,9192.0,28372.0,76381
76383,9192.0,27845.0,76382
76384,9192.0,27473.0,76383
76385,9192.0,27608.0,76384
76386,9192.0,27665.0,76385
76387,9192.0,27749.0,76386
76388,9192.0,28058.0,76387
76389,9192.0,28562.0,76388
76390,9192.0,28562.0,76389
76391,9192.0,28549.0,76390
76392,9192.0,28598.0,76391
76393,9192.0,28598.0,76392
76394,9192.0,28498.0,76393
76395,9192.0,28836.0,76394
76396,9192.0,29103.0,76395
76397,9192.0,28824.0,76396
76398,9192.0,29081.0,76397
76399,9192.0,28816.0,76398
76400,9192.0,28830.0,76399
76401,9192.0,28937.0,76400
76402,9192.0,28960.0,76401
76403,9192.0,28854.0,76402
76404,9192.0,29342.0,76403
76405,9192.0,29601.0,76404
76406,9192.0,29913.0,76405
76407,9192.0,29118.0,76406
76408,9192.0,29118.0,76407
76409,9192.0,28637.0,76408
76410,9192.0,28375.0,76409
76411,9192.0,27940.0,76410
76412,9192.0,27964.0,76411
76413,9192.0,29056.0,76412
76414,9192.0,29047.0,76413
76415,9192.0,29912.0,76414
76416,9192.0,28479.0,76415
76417,9192.0,29648.0,76416
76418,9192.0,30214.0,76417
76419,9192.0,30415.0,76418
76420,9192.0,30460.0,76419
76421,9192.0,30591.0,76420
76422,9192.0,30864.0,76421
76423,9192.0,30633.0,76422
76424,9192.0,30670.0,76423
76425,9192.0,30383.0,76424
76426,9192.0,30283.0,76425
76427,9192.0,30304.0,76426
76428,9192.0,30207.0,76427
76429,9192.0,30315.0,76428
76430,9192.0,29761.0,76429
76431,9192.0,30692.0,76430
76432,9192.0,30438.0,76431
76433,9192.0,30425.0,76432
76434,9192.0,30254.0,76433
76435,9192.0,29709.0,76434
76436,9192.0,29649.0,76435
76437,9192.0,29786.0,76436
76438,9192.0,29629.0,76437
76439,9192.0,29849.0,76438
76440,9192.0,28795.0,76439
76441,9192.0,28791.0,76440
76442,9192.0,29060.0,76441
76443,9192.0,29039.0,76442
76444,9192.0,28887.0,76443
76445,9192.0,28887.0,76444
76446,9192.0,28931.0,76445
76447,9192.0,29994.0,76446
76448,9192.0,29789.0,76447
76449,9192.0,29191.0,76448
76450,9192.0,29485.0,76449
76451,9192.0,29162.0,76450
76452,9192.0,28941.0,76451
76453,9192.0,29337.0,76452
76454,9192.0,29876.0,76453
76455,9192.0,29097.0,76454
76456,9192.0,29152.0,76455
76457,9192.0,29206.0,76456
76458,9192.0,29198.0,76457
76459,9192.0,29198.0,76458
76460,9192.0,28998.0,76459
76461,9192.0,27694.0,76460
76462,9192.0,27919.0,76461
76463,9192.0,28163.0,76462
76464,9192.0,29232.0,76463
76465,9192.0,29175.0,76464
76466,9192.0,29099.0,76465
76467,9192.0,29325.0,76466
76468,9192.0,29325.0,76467
76469,9192.0,29197.0,76468
76470,9192.0,29232.0,76469
76471,9192.0,28667.0,76470
76472,9192.0,29291.0,76471
76473,9192.0,30065.0,76472
76474,9192.0,30072.0,76473
76475,9192.0,30320.0,76474
76476,9192.0,30314.0,76475
76477,9192.0,29868.0,76476
76478,9192.0,30015.0,76477
76479,9192.0,30198.0,76478
76480,9192.0,29942.0,76479
76481,9192.0,30046.0,76480
76482,9192.0,30046.0,76481
76483,9192.0,29780.0,76482
76484,9192.0,29797.0,76483
76485,9192.0,29991.0,76484
76486,9192.0,29440.0,76485
76487,9192.0,29566.0,76486
76488,9192.0,29963.0,76487
76489,9192.0,29994.0,76488
76490,9192.0,29884.0,76489
76491,9192.0,29870.0,76490
76492,9192.0,30323.0,76491
76493,9192.0,30251.0,76492
76494,9192.0,30845.0,76493
76495,9192.0,30627.0,76494
76496,9192.0,30257.0,76495
76497,9192.0,30320.0,76496
76498,9192.0,30510.0,76497
76499,9192.0,30510.0,76498
76500,9192.0,30173.0,76499
76501,9192.0,29875.0,76500
76502,9192.0,29806.0,76501
76503,9192.0,29803.0,76502
76504,9192.0,29993.0,76503
76505,9192.0,29025.0,76504
76506,9192.0,29141.0,76505
76507,9192.0,29168.0,76506
76508,9192.0,29343.0,76507
76509,9192.0,29470.0,76508
76510,9192.0,29488.0,76509
76511,9192.0,30237.0,76510
76512,9192.0,29952.0,76511
76513,9192.0,29876.0,76512
76514,9192.0,29326.0,76513
76515,9192.0,29470.0,76514
76516,9192.0,29369.0,76515
76517,9192.0,29369.0,76516
76518,9192.0,29484.0,76517
76519,9192.0,29132.0,76518
76520,9192.0,29241.0,76519
76521,9192.0,29360.0,76520
76522,9192.0,29345.0,76521
76523,9192.0,29474.0,76522
76524,9192.0,29419.0,76523
76525,9192.0,29708.0,76524
76526,9192.0,29385.0,76525
76527,9192.0,28829.0,76526
76528,9192.0,28829.0,76527
76529,9192.0,27316.0,76528
76530,9192.0,27301.0,76529
76531,9192.0,27182.0,76530
76532,9192.0,28956.0,76531
76533,9192.0,28815.0,76532
76534,9192.0,28862.0,76533
76535,9192.0,28585.0,76534
76536,9192.0,28865.0,76535
76537,9192.0,28865.0,76536
76538,9192.0,29358.0,76537
76539,9192.0,29358.0,76538
76540,9192.0,29504.0,76539
76541,9192.0,29504.0,76540
76542,9192.0,29661.0,76541
76543,9192.0,29664.0,76542
76544,9192.0,29664.0,76543
76545,9192.0,28502.0,76544
76546,9192.0,27716.0,76545
76547,9192.0,26371.0,76546
76548,9192.0,25735.0,76547
76549,9192.0,26106.0,76548
76550,9192.0,26086.0,76549
76551,9192.0,26375.0,76550
76552,9192.0,27248.0,76551
76553,9192.0,27128.0,76552
76554,9192.0,26943.0,76553
76555,9192.0,26489.0,76554
76556,9192.0,25906.0,76555
76557,9192.0,25897.0,76556
76558,9192.0,25946.0,76557
76559,9192.0,25413.0,76558
76560,9192.0,25413.0,76559
76561,9192.0,25413.0,76560
76562,9192.0,25413.0,76561
76563,9192.0,25395.0,76562
76564,9192.0,24994.0,76563
76565,9192.0,24994.0,76564
76566,9192.0,23987.0,76565
76567,9192.0,25669.0,76566
76568,9192.0,26418.0,76567
76569,9192.0,26572.0,76568
76570,9192.0,27820.0,76569
76571,9192.0,27820.0,76570
76572,9192.0,27569.0,76571
76573,9192.0,27673.0,76572
76574,9192.0,27095.0,76573
76575,9192.0,28247.0,76574
76576,9192.0,30195.0,76575
76577,9192.0,30338.0,76576
76578,9192.0,30921.0,76577
76579,9192.0,30982.0,76578
76580,9192.0,31146.0,76579
76581,9192.0,31132.0,76580
76582,9192.0,29826.0,76581
76583,9192.0,30112.0,76582
76584,9192.0,28042.0,76583
76585,9192.0,27988.0,76584
76586,9192.0,28157.0,76585
76587,9192.0,28579.0,76586
76588,9192.0,27631.0,76587
76589,9192.0,27631.0,76588
76590,9192.0,27999.0,76589
76591,9192.0,28312.0,76590
76592,9192.0,27881.0,76591
76593,9192.0,27547.0,76592
76594,9192.0,27390.0,76593
76595,9192.0,28213.0,76594
76596,9192.0,28425.0,76595
76597,9192.0,28285.0,76596
76598,9192.0,28443.0,76597
76599,9192.0,28744.0,76598
76600,9192.0,28619.0,76599
76601,9192.0,27882.0,76600
76602,9192.0,27876.0,76601
76603,9192.0,27876.0,76602
76604,9192.0,28338.0,76603
76605,9192.0,28958.0,76604
76606,9192.0,27925.0,76605
76607,9192.0,27925.0,76606
76608,9192.0,26663.0,76607
76609,9192.0,27018.0,76608
76610,9192.0,28575.0,76609
76611,9192.0,28634.0,76610
76612,9192.0,27342.0,76611
76613,9192.0,27488.0,76612
76614,9192.0,27513.0,76613
76615,9192.0,27582.0,76614
76616,9192.0,27578.0,76615
76617,9192.0,27184.0,76616
76618,9192.0,26961.0,76617
76619,9192.0,27370.0,76618
76620,9192.0,26814.0,76619
76621,9192.0,26599.0,76620
76622,9192.0,26764.0,76621
76623,9192.0,26908.0,76622
76624,9192.0,26810.0,76623
76625,9192.0,26657.0,76624
76626,9192.0,27221.0,76625
76627,9192.0,26758.0,76626
76628,9192.0,27230.0,76627
76629,9192.0,27192.0,76628
76630,9192.0,27350.0,76629
76631,9192.0,28066.0,76630
76632,9192.0,28637.0,76631
76633,9192.0,28908.0,76632
76634,9192.0,28949.0,76633
76635,9192.0,28815.0,76634
76636,9192.0,29049.0,76635
76637,9192.0,29550.0,76636
76638,9192.0,29634.0,76637
76639,9192.0,29558.0,76638
76640,9192.0,29345.0,76639
76641,9192.0,28181.0,76640
76642,9192.0,28167.0,76641
76643,9192.0,28167.0,76642
76644,9192.0,28029.0,76643
76645,9192.0,28029.0,76644
76646,9192.0,28069.0,76645
76647,9192.0,28218.0,76646
76648,9192.0,28116.0,76647
76649,9192.0,27206.0,76648
76650,9192.0,27296.0,76649
76651,9192.0,27472.0,76650
76652,9192.0,27406.0,76651
76653,9192.0,27400.0,76652
76654,9192.0,27558.0,76653
76655,9192.0,27602.0,76654
76656,9192.0,28264.0,76655
76657,9192.0,27602.0,76656
76658,9192.0,27275.0,76657
76659,9192.0,26932.0,76658
76660,9192.0,27177.0,76659
76661,9192.0,28347.0,76660
76662,9192.0,28145.0,76661
76663,9192.0,28145.0,76662
76664,9192.0,28038.0,76663
76665,9192.0,28057.0,76664
76666,9192.0,28057.0,76665
76667,9192.0,28587.0,76666
76668,9192.0,28145.0,76667
76669,9192.0,28225.0,76668
76670,9192.0,28274.0,76669
76671,9192.0,28073.0,76670
76672,9192.0,27906.0,76671
76673,9192.0,27766.0,76672
76674,9192.0,27579.0,76673
76675,9192.0,27918.0,76674
76676,9192.0,27932.0,76675
76677,9192.0,28188.0,76676
76678,9192.0,28020.0,76677
76679,9192.0,28081.0,76678
76680,9192.0,28325.0,76679
76681,9192.0,28338.0,76680
76682,9192.0,28033.0,76681
76683,9192.0,28087.0,76682
76684,9192.0,27866.0,76683
76685,9192.0,27963.0,76684
76686,9192.0,27992.0,76685
76687,9192.0,27794.0,76686
76688,9192.0,27794.0,76687
76689,9192.0,28540.0,76688
76690,9192.0,28282.0,76689
76691,9192.0,28240.0,76690
76692,9192.0,28290.0,76691
76693,9192.0,28326.0,76692
76694,9192.0,28137.0,76693
76695,9192.0,28137.0,76694
76696,9192.0,28553.0,76695
76697,9192.0,28914.0,76696
76698,9192.0,28789.0,76697
76699,9192.0,29061.0,76698
76700,9192.0,28754.0,76699
76701,9192.0,28006.0,76700
76702,9192.0,26391.0,76701
76703,9192.0,26453.0,76702
76704,9192.0,26349.0,76703
76705,9192.0,26523.0,76704
76706,9192.0,27770.0,76705
76707,9192.0,26176.0,76706
76708,9192.0,26239.0,76707
76709,9192.0,26175.0,76708
76710,9192.0,26175.0,76709
76711,9192.0,26273.0,76710
76712,9192.0,26228.0,76711
76713,9192.0,26436.0,76712
76714,9192.0,26225.0,76713
76715,9192.0,26219.0,76714
76716,9192.0,26607.0,76715
76717,9192.0,26388.0,76716
76718,9192.0,26247.0,76717
76719,9192.0,26400.0,76718
76720,9192.0,26611.0,76719
76721,9192.0,25222.0,76720
76722,9192.0,25242.0,76721
76723,9192.0,25132.0,76722
76724,9192.0,24904.0,76723
76725,9192.0,25058.0,76724
76726,9192.0,25058.0,76725
76727,9192.0,24583.0,76726
76728,9192.0,24710.0,76727
76729,9192.0,25011.0,76728
76730,9192.0,24876.0,76729
76731,9192.0,24879.0,76730
76732,9192.0,24743.0,76731
76733,9192.0,24542.0,76732
76734,9192.0,24542.0,76733
76735,9192.0,25247.0,76734
76736,9192.0,25252.0,76735
76737,9192.0,25186.0,76736
76738,9192.0,24639.0,76737
76739,9192.0,24656.0,76738
76740,9192.0,25555.0,76739
76741,9192.0,25918.0,76740
76742,9192.0,26115.0,76741
76743,9192.0,26115.0,76742
76744,9192.0,26616.0,76743
76745,9192.0,26782.0,76744
76746,9192.0,26773.0,76745
76747,9192.0,26770.0,76746
76748,9192.0,26553.0,76747
76749,9192.0,26450.0,76748
76750,9192.0,26293.0,76749
76751,9192.0,26456.0,76750
76752,9192.0,26466.0,76751
76753,9192.0,26262.0,76752
76754,9192.0,26106.0,76753
76755,9192.0,26193.0,76754
76756,9192.0,26755.0,76755
76757,9192.0,26870.0,76756
76758,9192.0,27932.0,76757
76759,9192.0,28371.0,76758
76760,9192.0,28360.0,76759
76761,9192.0,27930.0,76760
76762,9192.0,29394.0,76761
76763,9192.0,29397.0,76762
76764,9192.0,29251.0,76763
76765,9192.0,28332.0,76764
76766,9192.0,28889.0,76765
76767,9192.0,28843.0,76766
76768,9192.0,28725.0,76767
76769,9192.0,28664.0,76768
76770,9192.0,27613.0,76769
76771,9192.0,27182.0,76770
76772,9192.0,27182.0,76771
76773,9192.0,27691.0,76772
76774,9192.0,28047.0,76773
76775,9192.0,28124.0,76774
76776,9192.0,28124.0,76775
76777,9192.0,27592.0,76776
76778,9192.0,27557.0,76777
76779,9192.0,27588.0,76778
76780,9192.0,27588.0,76779
76781,9192.0,27136.0,76780
76782,9192.0,27041.0,76781
76783,9192.0,27041.0,76782
76784,9192.0,27152.0,76783
76785,9192.0,26452.0,76784
76786,9192.0,26300.0,76785
76787,9192.0,27401.0,76786
76788,9192.0,27405.0,76787
76789,9192.0,27409.0,76788
76790,9192.0,27409.0,76789
76791,9192.0,27319.0,76790
76792,9192.0,27034.0,76791
76793,9192.0,26815.0,76792
76794,9192.0,26453.0,76793
76795,9192.0,26544.0,76794
76796,9192.0,26494.0,76795
76797,9192.0,26596.0,76796
76798,9192.0,26665.0,76797
76799,9192.0,26547.0,76798
76800,9192.0,26318.0,76799
76801,9192.0,26676.0,76800
76802,9192.0,27037.0,76801
76803,9192.0,26701.0,76802
76804,9192.0,26701.0,76803
76805,9192.0,26640.0,76804
76806,9192.0,26621.0,76805
76807,9192.0,26499.0,76806
76808,9192.0,26282.0,76807
76809,9192.0,27051.0,76808
76810,9192.0,26861.0,76809
76811,9192.0,27103.0,76810
76812,9192.0,28065.0,76811
76813,9192.0,26722.0,76812
76814,9192.0,26741.0,76813
76815,9192.0,27073.0,76814
76816,9192.0,27167.0,76815
76817,9192.0,28477.0,76816
76818,9192.0,28742.0,76817
76819,9192.0,28742.0,76818
76820,9192.0,28670.0,76819
76821,9192.0,28684.0,76820
76822,9192.0,28637.0,76821
76823,9192.0,27347.0,76822
76824,9192.0,28182.0,76823
76825,9192.0,28185.0,76824
76826,9192.0,30013.0,76825
76827,9192.0,29727.0,76826
76828,9192.0,29727.0,76827
76829,9192.0,30045.0,76828
76830,9192.0,30045.0,76829
76831,9192.0,30761.0,76830
76832,9192.0,30800.0,76831
76833,9192.0,31050.0,76832
76834,9192.0,29811.0,76833
76835,9192.0,29566.0,76834
76836,9192.0,29460.0,76835
76837,9192.0,29510.0,76836
76838,9192.0,29673.0,76837
76839,9192.0,29673.0,76838
76840,9192.0,29782.0,76839
76841,9192.0,29782.0,76840
76842,9192.0,28963.0,76841
76843,9192.0,28952.0,76842
76844,9192.0,27931.0,76843
76845,9192.0,27931.0,76844
76846,9192.0,27931.0,76845
76847,9192.0,27577.0,76846
76848,9192.0,27650.0,76847
76849,9192.0,26728.0,76848
76850,9192.0,26728.0,76849
76851,9192.0,26708.0,76850
76852,9192.0,27825.0,76851
76853,9192.0,27358.0,76852
76854,9192.0,27145.0,76853
76855,9192.0,27447.0,76854
76856,9192.0,27419.0,76855
76857,9192.0,27254.0,76856
76858,9192.0,27581.0,76857
76859,9192.0,27699.0,76858
76860,9192.0,27727.0,76859
76861,9192.0,26313.0,76860
76862,9192.0,26444.0,76861
76863,9192.0,26462.0,76862
76864,9192.0,26462.0,76863
76865,9192.0,27301.0,76864
76866,9192.0,27009.0,76865
76867,9192.0,26561.0,76866
76868,9192.0,26816.0,76867
76869,9192.0,26739.0,76868
76870,9192.0,27101.0,76869
76871,9192.0,27189.0,76870
76872,9192.0,27189.0,76871
76873,9192.0,27020.0,76872
76874,9192.0,27094.0,76873
76875,9192.0,26905.0,76874
76876,9192.0,26918.0,76875
76877,9192.0,27295.0,76876
76878,9192.0,26807.0,76877
76879,9192.0,27177.0,76878
76880,9192.0,27437.0,76879
76881,9192.0,27280.0,76880
76882,9192.0,27736.0,76881
76883,9192.0,27723.0,76882
76884,9192.0,28143.0,76883
76885,9192.0,28205.0,76884
76886,9192.0,28405.0,76885
76887,9192.0,28556.0,76886
76888,9192.0,29354.0,76887
76889,9192.0,29077.0,76888
76890,9192.0,29069.0,76889
76891,9192.0,29064.0,76890
76892,9192.0,28895.0,76891
76893,9192.0,28904.0,76892
76894,9192.0,28522.0,76893
76895,9192.0,28345.0,76894
76896,9192.0,29697.0,76895
76897,9192.0,30198.0,76896
76898,9192.0,30347.0,76897
76899,9192.0,30347.0,76898
76900,9192.0,30294.0,76899
76901,9192.0,30119.0,76900
76902,9192.0,30188.0,76901
76903,9192.0,30782.0,76902
76904,9192.0,30664.0,76903
76905,9192.0,30060.0,76904
76906,9192.0,30603.0,76905
76907,9192.0,30543.0,76906
76908,9192.0,30378.0,76907
76909,9192.0,30228.0,76908
76910,9192.0,30304.0,76909
76911,9192.0,30192.0,76910
76912,9192.0,30031.0,76911
76913,9192.0,29528.0,76912
76914,9192.0,28527.0,76913
76915,9192.0,29236.0,76914
76916,9192.0,29578.0,76915
76917,9192.0,29961.0,76916
76918,9192.0,29961.0,76917
76919,9192.0,30174.0,76918
76920,9192.0,29559.0,76919
76921,9192.0,29589.0,76920
76922,9192.0,29811.0,76921
76923,9192.0,30244.0,76922
76924,9192.0,30476.0,76923
76925,9192.0,30247.0,76924
76926,9192.0,30247.0,76925
76927,9192.0,30202.0,76926
76928,9192.0,29941.0,76927
76929,9192.0,29196.0,76928
76930,9192.0,29823.0,76929
76931,9192.0,29529.0,76930
76932,9192.0,29759.0,76931
76933,9192.0,29140.0,76932
76934,9192.0,28836.0,76933
76935,9192.0,28956.0,76934
76936,9192.0,28527.0,76935
76937,9192.0,28389.0,76936
76938,9192.0,28668.0,76937
76939,9192.0,28626.0,76938
76940,9192.0,28567.0,76939
76941,9192.0,28406.0,76940
76942,9192.0,28710.0,76941
76943,9192.0,29186.0,76942
76944,9192.0,28498.0,76943
76945,9192.0,27070.0,76944
76946,9192.0,27156.0,76945
76947,9192.0,27484.0,76946
76948,9192.0,27615.0,76947
76949,9192.0,27354.0,76948
76950,9192.0,27606.0,76949
76951,9192.0,28137.0,76950
76952,9192.0,26408.0,76951
76953,9192.0,26408.0,76952
76954,9192.0,26542.0,76953
76955,9192.0,26441.0,76954
76956,9192.0,26032.0,76955
76957,9192.0,25937.0,76956
76958,9192.0,25854.0,76957
76959,9192.0,25795.0,76958
76960,9192.0,26040.0,76959
76961,9192.0,25776.0,76960
76962,9192.0,25963.0,76961
76963,9192.0,24785.0,76962
76964,9192.0,24705.0,76963
76965,9192.0,26282.0,76964
76966,9192.0,26338.0,76965
76967,9192.0,26883.0,76966
76968,9192.0,26881.0,76967
76969,9192.0,27421.0,76968
76970,9192.0,26528.0,76969
76971,9192.0,26726.0,76970
76972,9192.0,26611.0,76971
76973,9192.0,27177.0,76972
76974,9192.0,27178.0,76973
76975,9192.0,27162.0,76974
76976,9192.0,27189.0,76975
76977,9192.0,26780.0,76976
76978,9192.0,25525.0,76977
76979,9192.0,24992.0,76978
76980,9192.0,25074.0,76979
76981,9192.0,25205.0,76980
76982,9192.0,24183.0,76981
76983,9192.0,23795.0,76982
76984,9192.0,23864.0,76983
76985,9192.0,24017.0,76984
76986,9192.0,24017.0,76985
76987,9192.0,24017.0,76986
76988,9192.0,23875.0,76987
76989,9192.0,23743.0,76988
76990,9192.0,23998.0,76989
76991,9192.0,23924.0,76990
76992,9192.0,23913.0,76991
76993,9192.0,24337.0,76992
76994,9192.0,24162.0,76993
76995,9192.0,24162.0,76994
76996,9192.0,24059.0,76995
76997,9192.0,23944.0,76996
76998,9192.0,25068.0,76997
76999,9192.0,25497.0,76998
77000,9192.0,25549.0,76999
77001,9192.0,25049.0,77000
77002,9192.0,26269.0,77001
77003,9192.0,26784.0,77002
77004,9192.0,27121.0,77003
77005,9192.0,27174.0,77004
77006,9192.0,26187.0,77005
77007,9192.0,26187.0,77006
77008,9192.0,26299.0,77007
77009,9192.0,26735.0,77008
77010,9192.0,27053.0,77009
77011,9192.0,26824.0,77010
77012,9192.0,26738.0,77011
77013,9192.0,26113.0,77012
77014,9192.0,27095.0,77013
77015,9192.0,26955.0,77014
77016,9192.0,26719.0,77015
77017,9192.0,26989.0,77016
77018,9192.0,27123.0,77017
77019,9192.0,27354.0,77018
77020,9192.0,27519.0,77019
77021,9192.0,26884.0,77020
77022,9192.0,27333.0,77021
77023,9192.0,27320.0,77022
77024,9192.0,26906.0,77023
77025,9192.0,26745.0,77024
77026,9192.0,26355.0,77025
77027,9192.0,26364.0,77026
77028,9192.0,26759.0,77027
77029,9192.0,27952.0,77028
77030,9192.0,27588.0,77029
77031,9192.0,27748.0,77030
77032,9192.0,26636.0,77031
77033,9192.0,26728.0,77032
77034,9192.0,26748.0,77033
77035,9192.0,26575.0,77034
77036,9192.0,26566.0,77035
77037,9192.0,26444.0,77036
77038,9192.0,26833.0,77037
77039,9192.0,26833.0,77038
77040,9192.0,26850.0,77039
77041,9192.0,27103.0,77040
77042,9192.0,26887.0,77041
77043,9192.0,26930.0,77042
77044,9192.0,25995.0,77043
77045,9192.0,26224.0,77044
77046,9192.0,25338.0,77045
77047,9192.0,25257.0,77046
77048,9192.0,26072.0,77047
77049,9192.0,25843.0,77048
77050,9192.0,26542.0,77049
77051,9192.0,26089.0,77050
77052,9192.0,26548.0,77051
77053,9192.0,27968.0,77052
77054,9192.0,28643.0,77053
77055,9192.0,28497.0,77054
77056,9192.0,29034.0,77055
77057,9192.0,29087.0,77056
77058,9192.0,29066.0,77057
77059,9192.0,29036.0,77058
77060,9192.0,29080.0,77059
77061,9192.0,29080.0,77060
77062,9192.0,28507.0,77061
77063,9192.0,28552.0,77062
77064,9192.0,29038.0,77063
77065,9192.0,29043.0,77064
77066,9192.0,28759.0,77065
77067,9192.0,28820.0,77066
77068,9192.0,29435.0,77067
77069,9192.0,29759.0,77068
77070,9192.0,28898.0,77069
77071,9192.0,29238.0,77070
77072,9192.0,29238.0,77071
77073,9192.0,29559.0,77072
77074,9192.0,29135.0,77073
77075,9192.0,29172.0,77074
77076,9192.0,29295.0,77075
77077,9192.0,28334.0,77076
77078,9192.0,28775.0,77077
77079,9192.0,28866.0,77078
77080,9192.0,28654.0,77079
77081,9192.0,28910.0,77080
77082,9192.0,28862.0,77081
77083,9192.0,28663.0,77082
77084,9192.0,28636.0,77083
77085,9192.0,28648.0,77084
77086,9192.0,28214.0,77085
77087,9192.0,27721.0,77086
77088,9192.0,26905.0,77087
77089,9192.0,26738.0,77088
77090,9192.0,26982.0,77089
77091,9192.0,27303.0,77090
77092,9192.0,27249.0,77091
77093,9192.0,27392.0,77092
77094,9192.0,27392.0,77093
77095,9192.0,27818.0,77094
77096,9192.0,27556.0,77095
77097,9192.0,27360.0,77096
77098,9192.0,27015.0,77097
77099,9192.0,26925.0,77098
77100,9192.0,26499.0,77099
77101,9192.0,26765.0,77100
77102,9192.0,26370.0,77101
77103,9192.0,28001.0,77102
77104,9192.0,27285.0,77103
77105,9192.0,26904.0,77104
77106,9192.0,26092.0,77105
77107,9192.0,25464.0,77106
77108,9192.0,25763.0,77107
77109,9192.0,25667.0,77108
77110,9192.0,25391.0,77109
77111,9192.0,25391.0,77110
77112,9192.0,25198.0,77111
77113,9192.0,25198.0,77112
77114,9192.0,25472.0,77113
77115,9192.0,25411.0,77114
77116,9192.0,25865.0,77115
77117,9192.0,25826.0,77116
77118,9192.0,25032.0,77117
77119,9192.0,24450.0,77118
77120,9192.0,24450.0,77119
77121,9192.0,24530.0,77120
77122,9192.0,24576.0,77121
77123,9192.0,24787.0,77122
77124,9192.0,26963.0,77123
77125,9192.0,27206.0,77124
77126,9192.0,27346.0,77125
77127,9192.0,27334.0,77126
77128,9192.0,27466.0,77127
77129,9192.0,28246.0,77128
77130,9192.0,28246.0,77129
77131,9192.0,29666.0,77130
77132,9192.0,29666.0,77131
77133,9192.0,29666.0,77132
77134,9192.0,29664.0,77133
77135,9192.0,29928.0,77134
77136,9192.0,29278.0,77135
77137,9192.0,29110.0,77136
77138,9192.0,29089.0,77137
77139,9192.0,29236.0,77138
77140,9192.0,29543.0,77139
77141,9192.0,29543.0,77140
77142,9192.0,29418.0,77141
77143,9192.0,29645.0,77142
77144,9192.0,29846.0,77143
77145,9192.0,29062.0,77144
77146,9192.0,28459.0,77145
77147,9192.0,28875.0,77146
77148,9192.0,28783.0,77147
77149,9192.0,28717.0,77148
77150,9192.0,28699.0,77149
77151,9192.0,28975.0,77150
77152,9192.0,29114.0,77151
77153,9192.0,29052.0,77152
77154,9192.0,28675.0,77153
77155,9192.0,28703.0,77154
77156,9192.0,28392.0,77155
77157,9192.0,28424.0,77156
77158,9192.0,27685.0,77157
77159,9192.0,27146.0,77158
77160,9192.0,27146.0,77159
77161,9192.0,27914.0,77160
77162,9192.0,27896.0,77161
77163,9192.0,28475.0,77162
77164,9192.0,28475.0,77163
77165,9192.0,28136.0,77164
77166,9192.0,28017.0,77165
77167,9192.0,28235.0,77166
77168,9192.0,28220.0,77167
77169,9192.0,28253.0,77168
77170,9192.0,28013.0,77169
77171,9192.0,28103.0,77170
77172,9192.0,28180.0,77171
77173,9192.0,28243.0,77172
77174,9192.0,27823.0,77173
77175,9192.0,27621.0,77174
77176,9192.0,28010.0,77175
77177,9192.0,26944.0,77176
77178,9192.0,27262.0,77177
77179,9192.0,27333.0,77178
77180,9192.0,26618.0,77179
77181,9192.0,27337.0,77180
77182,9192.0,26959.0,77181
77183,9192.0,26599.0,77182
77184,9192.0,26250.0,77183
77185,9192.0,26513.0,77184
77186,9192.0,27066.0,77185
77187,9192.0,26907.0,77186
77188,9192.0,25319.0,77187
77189,9192.0,25252.0,77188
77190,9192.0,26595.0,77189
77191,9192.0,26662.0,77190
77192,9192.0,26758.0,77191
77193,9192.0,26758.0,77192
77194,9192.0,26838.0,77193
77195,9192.0,26997.0,77194
77196,9192.0,27046.0,77195
77197,9192.0,27159.0,77196
77198,9192.0,27185.0,77197
77199,9192.0,27332.0,77198
77200,9192.0,27432.0,77199
77201,9192.0,27459.0,77200
77202,9192.0,28567.0,77201
77203,9192.0,28706.0,77202
77204,9192.0,28884.0,77203
77205,9192.0,28946.0,77204
77206,9192.0,28574.0,77205
77207,9192.0,28574.0,77206
77208,9192.0,28194.0,77207
77209,9192.0,27172.0,77208
77210,9192.0,26981.0,77209
77211,9192.0,26981.0,77210
77212,9192.0,26619.0,77211
77213,9192.0,27184.0,77212
77214,9192.0,27922.0,77213
77215,9192.0,28050.0,77214
77216,9192.0,28437.0,77215
77217,9192.0,28469.0,77216
77218,9192.0,29051.0,77217
77219,9192.0,29097.0,77218
77220,9192.0,28497.0,77219
77221,9192.0,28526.0,77220
77222,9192.0,28542.0,77221
77223,9192.0,28705.0,77222
77224,9192.0,28559.0,77223
77225,9192.0,29406.0,77224
77226,9192.0,29796.0,77225
77227,9192.0,29567.0,77226
77228,9192.0,28878.0,77227
77229,9192.0,29272.0,77228
77230,9192.0,30040.0,77229
77231,9192.0,30161.0,77230
77232,9192.0,29946.0,77231
77233,9192.0,30001.0,77232
77234,9192.0,29978.0,77233
77235,9192.0,30087.0,77234
77236,9192.0,30096.0,77235
77237,9192.0,29994.0,77236
77238,9192.0,29481.0,77237
77239,9192.0,29333.0,77238
77240,9192.0,29240.0,77239
77241,9192.0,29215.0,77240
77242,9192.0,29875.0,77241
77243,9192.0,29960.0,77242
77244,9192.0,30005.0,77243
77245,9192.0,30275.0,77244
77246,9192.0,31293.0,77245
77247,9192.0,31296.0,77246
77248,9192.0,31407.0,77247
77249,9192.0,31178.0,77248
77250,9192.0,31188.0,77249
77251,9192.0,31020.0,77250
77252,9192.0,31020.0,77251
77253,9192.0,30976.0,77252
77254,9192.0,30718.0,77253
77255,9192.0,30463.0,77254
77256,9192.0,31663.0,77255
77257,9192.0,31933.0,77256
77258,9192.0,32654.0,77257
77259,9192.0,32610.0,77258
77260,9192.0,32361.0,77259
77261,9192.0,32346.0,77260
77262,9192.0,32354.0,77261
77263,9192.0,31189.0,77262
77264,9192.0,30121.0,77263
77265,9192.0,29914.0,77264
77266,9192.0,29495.0,77265
77267,9192.0,29445.0,77266
77268,9192.0,29364.0,77267
77269,9192.0,29100.0,77268
77270,9192.0,29397.0,77269
77271,9192.0,29397.0,77270
77272,9192.0,29399.0,77271
77273,9192.0,29200.0,77272
77274,9192.0,28750.0,77273
77275,9192.0,28750.0,77274
77276,9192.0,28831.0,77275
77277,9192.0,29275.0,77276
77278,9192.0,29158.0,77277
77279,9192.0,29300.0,77278
77280,9192.0,29189.0,77279
77281,9192.0,29064.0,77280
77282,9192.0,29541.0,77281
77283,9192.0,29048.0,77282
77284,9192.0,29073.0,77283
77285,9192.0,28948.0,77284
77286,9192.0,29070.0,77285
77287,9192.0,28963.0,77286
77288,9192.0,28969.0,77287
77289,9192.0,28913.0,77288
77290,9192.0,28903.0,77289
77291,9192.0,29560.0,77290
77292,9192.0,29591.0,77291
77293,9192.0,29769.0,77292
77294,9192.0,29575.0,77293
77295,9192.0,29200.0,77294
77296,9192.0,29293.0,77295
77297,9192.0,29331.0,77296
77298,9192.0,29088.0,77297
77299,9192.0,28837.0,77298
77300,9192.0,28583.0,77299
77301,9192.0,29038.0,77300
77302,9192.0,28915.0,77301
77303,9192.0,29284.0,77302
77304,9192.0,29323.0,77303
77305,9192.0,29471.0,77304
77306,9192.0,29471.0,77305
77307,9192.0,30389.0,77306
77308,9192.0,30405.0,77307
77309,9192.0,30916.0,77308
77310,9192.0,30916.0,77309
77311,9192.0,30227.0,77310
77312,9192.0,30805.0,77311
77313,9192.0,30910.0,77312
77314,9192.0,31214.0,77313
77315,9192.0,31214.0,77314
77316,9192.0,31005.0,77315
77317,9192.0,31275.0,77316
77318,9192.0,31275.0,77317
77319,9192.0,31275.0,77318
77320,9192.0,31931.0,77319
77321,9192.0,31679.0,77320
77322,9192.0,32225.0,77321
77323,9192.0,32506.0,77322
77324,9192.0,32381.0,77323
77325,9192.0,32187.0,77324
77326,9192.0,32123.0,77325
77327,9192.0,31695.0,77326
77328,9192.0,31424.0,77327
77329,9192.0,31440.0,77328
77330,9192.0,31457.0,77329
77331,9192.0,31457.0,77330
77332,9192.0,31388.0,77331
77333,9192.0,31396.0,77332
77334,9192.0,31566.0,77333
77335,9192.0,31799.0,77334
77336,9192.0,31789.0,77335
77337,9192.0,31891.0,77336
77338,9192.0,31891.0,77337
77339,9192.0,31366.0,77338
77340,9192.0,32210.0,77339
77341,9192.0,32375.0,77340
77342,9192.0,32651.0,77341
77343,9192.0,33085.0,77342
77344,9192.0,33098.0,77343
77345,9192.0,32969.0,77344
77346,9192.0,32319.0,77345
77347,9192.0,33218.0,77346
77348,9192.0,32164.0,77347
77349,9192.0,32659.0,77348
77350,9192.0,32607.0,77349
77351,9192.0,32579.0,77350
77352,9192.0,32326.0,77351
77353,9192.0,31567.0,77352
77354,9192.0,31567.0,77353
77355,9192.0,31505.0,77354
77356,9192.0,31032.0,77355
77357,9192.0,30894.0,77356
77358,9192.0,30511.0,77357
77359,9192.0,30652.0,77358
77360,9192.0,30652.0,77359
77361,9192.0,30291.0,77360
77362,9192.0,30385.0,77361
77363,9192.0,30427.0,77362
77364,9192.0,30134.0,77363
77365,9192.0,29875.0,77364
77366,9192.0,30419.0,77365
77367,9192.0,30037.0,77366
77368,9192.0,29950.0,77367
77369,9192.0,29920.0,77368
77370,9192.0,29870.0,77369
77371,9192.0,29795.0,77370
77372,9192.0,29827.0,77371
77373,9192.0,30447.0,77372
77374,9192.0,29803.0,77373
77375,9192.0,28384.0,77374
77376,9192.0,28125.0,77375
77377,9192.0,28027.0,77376
77378,9192.0,27911.0,77377
77379,9192.0,26193.0,77378
77380,9192.0,26061.0,77379
77381,9192.0,26996.0,77380
77382,9192.0,26700.0,77381
77383,9192.0,26759.0,77382
77384,9192.0,26759.0,77383
77385,9192.0,26603.0,77384
77386,9192.0,26291.0,77385
77387,9192.0,25650.0,77386
77388,9192.0,26734.0,77387
77389,9192.0,27337.0,77388
77390,9192.0,27488.0,77389
77391,9192.0,28213.0,77390
77392,9192.0,28887.0,77391
77393,9192.0,28887.0,77392
77394,9192.0,28909.0,77393
77395,9192.0,28879.0,77394
77396,9192.0,29602.0,77395
77397,9192.0,28879.0,77396
77398,9192.0,30352.0,77397
77399,9192.0,30413.0,77398
77400,9192.0,30641.0,77399
77401,9192.0,30706.0,77400
77402,9192.0,29181.0,77401
77403,9192.0,29028.0,77402
77404,9192.0,29469.0,77403
77405,9192.0,29132.0,77404
77406,9192.0,29758.0,77405
77407,9192.0,28870.0,77406
77408,9192.0,28725.0,77407
77409,9192.0,28725.0,77408
77410,9192.0,28725.0,77409
77411,9192.0,28466.0,77410
77412,9192.0,28085.0,77411
77413,9192.0,28085.0,77412
77414,9192.0,27823.0,77413
77415,9192.0,28096.0,77414
77416,9192.0,28352.0,77415
77417,9192.0,28154.0,77416
77418,9192.0,28668.0,77417
77419,9192.0,28320.0,77418
77420,9192.0,28261.0,77419
77421,9192.0,28296.0,77420
77422,9192.0,28544.0,77421
77423,9192.0,28884.0,77422
77424,9192.0,28884.0,77423
77425,9192.0,28885.0,77424
77426,9192.0,28705.0,77425
77427,9192.0,28589.0,77426
77428,9192.0,28887.0,77427
77429,9192.0,28776.0,77428
77430,9192.0,28432.0,77429
77431,9192.0,28547.0,77430
77432,9192.0,28472.0,77431
77433,9192.0,29220.0,77432
77434,9192.0,29562.0,77433
77435,9192.0,29803.0,77434
77436,9192.0,29552.0,77435
77437,9192.0,29528.0,77436
77438,9192.0,29406.0,77437
77439,9192.0,29702.0,77438
77440,9192.0,28247.0,77439
77441,9192.0,27441.0,77440
77442,9192.0,27465.0,77441
77443,9192.0,26938.0,77442
77444,9192.0,26938.0,77443
77445,9192.0,27119.0,77444
77446,9192.0,27541.0,77445
77447,9192.0,27582.0,77446
77448,9192.0,27936.0,77447
77449,9192.0,27664.0,77448
77450,9192.0,27957.0,77449
77451,9192.0,26909.0,77450
77452,9192.0,26178.0,77451
77453,9192.0,26178.0,77452
77454,9192.0,26364.0,77453
77455,9192.0,26141.0,77454
77456,9192.0,26878.0,77455
77457,9192.0,26252.0,77456
77458,9192.0,26137.0,77457
77459,9192.0,26075.0,77458
77460,9192.0,26336.0,77459
77461,9192.0,26008.0,77460
77462,9192.0,25969.0,77461
77463,9192.0,26102.0,77462
77464,9192.0,26117.0,77463
77465,9192.0,26226.0,77464
77466,9192.0,25793.0,77465
77467,9192.0,25793.0,77466
77468,9192.0,25365.0,77467
77469,9192.0,25024.0,77468
77470,9192.0,25106.0,77469
77471,9192.0,25408.0,77470
77472,9192.0,25658.0,77471
77473,9192.0,26781.0,77472
77474,9192.0,27138.0,77473
77475,9192.0,26890.0,77474
77476,9192.0,26874.0,77475
77477,9192.0,27026.0,77476
77478,9192.0,27966.0,77477
77479,9192.0,28294.0,77478
77480,9192.0,27936.0,77479
77481,9192.0,28253.0,77480
77482,9192.0,28253.0,77481
77483,9192.0,28411.0,77482
77484,9192.0,27175.0,77483
77485,9192.0,26605.0,77484
77486,9192.0,26605.0,77485
77487,9192.0,26605.0,77486
77488,9192.0,26638.0,77487
77489,9192.0,26638.0,77488
77490,9192.0,26570.0,77489
77491,9192.0,26563.0,77490
77492,9192.0,26779.0,77491
77493,9192.0,26807.0,77492
77494,9192.0,26332.0,77493
77495,9192.0,26169.0,77494
77496,9192.0,26136.0,77495
77497,9192.0,26192.0,77496
77498,9192.0,26899.0,77497
77499,9192.0,27565.0,77498
77500,9192.0,28094.0,77499
77501,9192.0,27757.0,77500
77502,9192.0,28064.0,77501
77503,9192.0,28010.0,77502
77504,9192.0,27994.0,77503
77505,9192.0,27815.0,77504
77506,9192.0,27916.0,77505
77507,9192.0,28112.0,77506
77508,9192.0,28093.0,77507
77509,9192.0,27810.0,77508
77510,9192.0,27810.0,77509
77511,9192.0,27837.0,77510
77512,9192.0,27569.0,77511
77513,9192.0,25912.0,77512
77514,9192.0,25931.0,77513
77515,9192.0,25713.0,77514
77516,9192.0,25685.0,77515
77517,9192.0,25587.0,77516
77518,9192.0,25575.0,77517
77519,9192.0,25528.0,77518
77520,9192.0,25856.0,77519
77521,9192.0,25728.0,77520
77522,9192.0,25098.0,77521
77523,9192.0,25055.0,77522
77524,9192.0,24652.0,77523
77525,9192.0,25065.0,77524
77526,9192.0,25139.0,77525
77527,9192.0,24878.0,77526
77528,9192.0,24798.0,77527
77529,9192.0,24974.0,77528
77530,9192.0,24920.0,77529
77531,9192.0,23833.0,77530
77532,9192.0,24115.0,77531
77533,9192.0,24060.0,77532
77534,9192.0,23974.0,77533
77535,9192.0,23974.0,77534
77536,9192.0,26698.0,77535
77537,9192.0,26856.0,77536
77538,9192.0,27027.0,77537
77539,9192.0,27175.0,77538
77540,9192.0,27562.0,77539
77541,9192.0,27495.0,77540
77542,9192.0,26949.0,77541
77543,9192.0,27005.0,77542
77544,9192.0,27049.0,77543
77545,9192.0,27273.0,77544
77546,9192.0,27273.0,77545
77547,9192.0,27310.0,77546
77548,9192.0,27310.0,77547
77549,9192.0,26952.0,77548
77550,9192.0,27142.0,77549
77551,9192.0,27089.0,77550
77552,9192.0,27089.0,77551
77553,9192.0,28404.0,77552
77554,9192.0,28758.0,77553
77555,9192.0,28420.0,77554
77556,9192.0,28387.0,77555
77557,9192.0,28373.0,77556
77558,9192.0,28368.0,77557
77559,9192.0,28196.0,77558
77560,9192.0,28196.0,77559
77561,9192.0,28193.0,77560
77562,9192.0,28218.0,77561
77563,9192.0,28218.0,77562
77564,9192.0,28218.0,77563
77565,9192.0,28127.0,77564
77566,9192.0,28591.0,77565
77567,9192.0,29071.0,77566
77568,9192.0,29159.0,77567
77569,9192.0,29159.0,77568
77570,9192.0,29180.0,77569
77571,9192.0,28252.0,77570
77572,9192.0,27182.0,77571
77573,9192.0,26239.0,77572
77574,9192.0,26524.0,77573
77575,9192.0,26698.0,77574
77576,9192.0,26705.0,77575
77577,9192.0,26705.0,77576
77578,9192.0,27172.0,77577
77579,9192.0,27232.0,77578
77580,9192.0,26940.0,77579
77581,9192.0,26106.0,77580
77582,9192.0,25920.0,77581
77583,9192.0,25206.0,77582
77584,9192.0,24988.0,77583
77585,9192.0,25036.0,77584
77586,9192.0,25223.0,77585
77587,9192.0,27260.0,77586
77588,9192.0,26633.0,77587
77589,9192.0,26477.0,77588
77590,9192.0,26230.0,77589
77591,9192.0,26212.0,77590
77592,9192.0,26311.0,77591
77593,9192.0,26170.0,77592
77594,9192.0,26044.0,77593
77595,9192.0,25910.0,77594
77596,9192.0,25917.0,77595
77597,9192.0,25844.0,77596
77598,9192.0,26011.0,77597
77599,9192.0,25618.0,77598
77600,9192.0,26725.0,77599
77601,9192.0,26725.0,77600
77602,9192.0,27303.0,77601
77603,9192.0,26652.0,77602
77604,9192.0,26431.0,77603
77605,9192.0,26431.0,77604
77606,9192.0,26259.0,77605
77607,9192.0,28132.0,77606
77608,9192.0,28830.0,77607
77609,9192.0,29575.0,77608
77610,9192.0,29512.0,77609
77611,9192.0,29508.0,77610
77612,9192.0,29367.0,77611
77613,9192.0,29182.0,77612
77614,9192.0,29188.0,77613
77615,9192.0,28835.0,77614
77616,9192.0,28846.0,77615
77617,9192.0,28220.0,77616
77618,9192.0,28220.0,77617
77619,9192.0,27666.0,77618
77620,9192.0,27781.0,77619
77621,9192.0,27802.0,77620
77622,9192.0,27802.0,77621
77623,9192.0,27794.0,77622
77624,9192.0,27797.0,77623
77625,9192.0,27797.0,77624
77626,9192.0,27484.0,77625
77627,9192.0,27733.0,77626
77628,9192.0,27103.0,77627
77629,9192.0,26790.0,77628
77630,9192.0,26844.0,77629
77631,9192.0,27090.0,77630
77632,9192.0,26842.0,77631
77633,9192.0,27285.0,77632
77634,9192.0,27163.0,77633
77635,9192.0,26886.0,77634
77636,9192.0,26798.0,77635
77637,9192.0,26614.0,77636
77638,9192.0,26614.0,77637
77639,9192.0,26792.0,77638
77640,9192.0,27175.0,77639
77641,9192.0,27144.0,77640
77642,9192.0,27368.0,77641
77643,9192.0,27368.0,77642
77644,9192.0,27369.0,77643
77645,9192.0,27438.0,77644
77646,9192.0,27567.0,77645
77647,9192.0,27849.0,77646
77648,9192.0,27337.0,77647
77649,9192.0,27148.0,77648
77650,9192.0,27978.0,77649
77651,9192.0,28065.0,77650
77652,9192.0,28881.0,77651
77653,9192.0,29506.0,77652
77654,9192.0,29672.0,77653
77655,9192.0,29582.0,77654
77656,9192.0,29112.0,77655
77657,9192.0,29104.0,77656
77658,9192.0,30361.0,77657
77659,9192.0,30993.0,77658
77660,9192.0,30361.0,77659
77661,9192.0,30209.0,77660
77662,9192.0,30052.0,77661
77663,9192.0,30587.0,77662
77664,9192.0,31552.0,77663
77665,9192.0,31841.0,77664
77666,9192.0,31635.0,77665
77667,9192.0,31562.0,77666
77668,9192.0,29265.0,77667
77669,9192.0,29601.0,77668
77670,9192.0,30293.0,77669
77671,9192.0,31283.0,77670
77672,9192.0,29627.0,77671
77673,9192.0,29820.0,77672
77674,9192.0,29820.0,77673
77675,9192.0,29793.0,77674
77676,9192.0,29773.0,77675
77677,9192.0,29751.0,77676
77678,9192.0,30026.0,77677
77679,9192.0,29969.0,77678
77680,9192.0,30044.0,77679
77681,9192.0,29541.0,77680
77682,9192.0,28974.0,77681
77683,9192.0,29269.0,77682
77684,9192.0,29301.0,77683
77685,9192.0,29081.0,77684
77686,9192.0,29011.0,77685
77687,9192.0,28795.0,77686
77688,9192.0,29346.0,77687
77689,9192.0,29346.0,77688
77690,9192.0,29346.0,77689
77691,9192.0,29567.0,77690
77692,9192.0,29323.0,77691
77693,9192.0,29549.0,77692
77694,9192.0,29245.0,77693
77695,9192.0,29489.0,77694
77696,9192.0,29253.0,77695
77697,9192.0,29253.0,77696
77698,9192.0,29546.0,77697
77699,9192.0,29525.0,77698
77700,9192.0,29751.0,77699
77701,9192.0,28225.0,77700
77702,9192.0,28271.0,77701
77703,9192.0,29852.0,77702
77704,9192.0,30505.0,77703
77705,9192.0,30390.0,77704
77706,9192.0,29922.0,77705
77707,9192.0,29992.0,77706
77708,9192.0,30151.0,77707
77709,9192.0,30039.0,77708
77710,9192.0,29047.0,77709
77711,9192.0,29047.0,77710
77712,9192.0,27381.0,77711
77713,9192.0,27381.0,77712
77714,9192.0,27432.0,77713
77715,9192.0,27479.0,77714
77716,9192.0,27579.0,77715
77717,9192.0,27636.0,77716
77718,9192.0,27690.0,77717
77719,9192.0,27681.0,77718
77720,9192.0,27994.0,77719
77721,9192.0,27782.0,77720
77722,9192.0,27892.0,77721
77723,9192.0,27902.0,77722
77724,9192.0,27893.0,77723
77725,9192.0,27673.0,77724
77726,9192.0,28142.0,77725
77727,9192.0,28428.0,77726
77728,9192.0,28403.0,77727
77729,9192.0,28771.0,77728
77730,9192.0,28727.0,77729
77731,9192.0,28727.0,77730
77732,9192.0,28976.0,77731
77733,9192.0,28977.0,77732
77734,9192.0,29453.0,77733
77735,9192.0,29362.0,77734
77736,9192.0,29414.0,77735
77737,9192.0,29525.0,77736
77738,9192.0,29248.0,77737
77739,9192.0,29089.0,77738
77740,9192.0,28735.0,77739
77741,9192.0,28476.0,77740
77742,9192.0,28478.0,77741
77743,9192.0,28479.0,77742
77744,9192.0,28481.0,77743
77745,9192.0,28474.0,77744
77746,9192.0,28199.0,77745
77747,9192.0,28213.0,77746
77748,9192.0,28818.0,77747
77749,9192.0,28993.0,77748
77750,9192.0,29559.0,77749
77751,9192.0,29832.0,77750
77752,9192.0,29808.0,77751
77753,9192.0,29366.0,77752
77754,9192.0,29787.0,77753
77755,9192.0,29280.0,77754
77756,9192.0,29141.0,77755
77757,9192.0,28986.0,77756
77758,9192.0,28777.0,77757
77759,9192.0,28777.0,77758
77760,9192.0,28927.0,77759
77761,9192.0,28713.0,77760
77762,9192.0,28288.0,77761
77763,9192.0,28160.0,77762
77764,9192.0,27986.0,77763
77765,9192.0,27965.0,77764
77766,9192.0,27951.0,77765
77767,9192.0,28197.0,77766
77768,9192.0,28108.0,77767
77769,9192.0,28128.0,77768
77770,9192.0,27754.0,77769
77771,9192.0,28037.0,77770
77772,9192.0,27879.0,77771
77773,9192.0,27711.0,77772
77774,9192.0,27775.0,77773
77775,9192.0,27301.0,77774
77776,9192.0,27300.0,77775
77777,9192.0,27848.0,77776
77778,9192.0,28252.0,77777
77779,9192.0,28624.0,77778
77780,9192.0,28188.0,77779
77781,9192.0,26975.0,77780
77782,9192.0,27791.0,77781
77783,9192.0,27707.0,77782
77784,9192.0,27777.0,77783
77785,9192.0,27777.0,77784
77786,9192.0,27544.0,77785
77787,9192.0,27605.0,77786
77788,9192.0,27804.0,77787
77789,9192.0,27922.0,77788
77790,9192.0,27650.0,77789
77791,9192.0,27907.0,77790
77792,9192.0,28084.0,77791
77793,9192.0,28084.0,77792
77794,9192.0,28064.0,77793
77795,9192.0,28183.0,77794
77796,9192.0,27952.0,77795
77797,9192.0,28102.0,77796
77798,9192.0,28817.0,77797
77799,9192.0,28866.0,77798
77800,9192.0,29100.0,77799
77801,9192.0,29508.0,77800
77802,9192.0,29617.0,77801
77803,9192.0,29617.0,77802
77804,9192.0,29874.0,77803
77805,9192.0,29939.0,77804
77806,9192.0,30502.0,77805
77807,9192.0,30410.0,77806
77808,9192.0,31030.0,77807
77809,9192.0,31081.0,77808
77810,9192.0,31266.0,77809
77811,9192.0,31335.0,77810
77812,9192.0,31331.0,77811
77813,9192.0,31386.0,77812
77814,9192.0,31332.0,77813
77815,9192.0,31332.0,77814
77816,9192.0,31184.0,77815
77817,9192.0,31875.0,77816
77818,9192.0,31947.0,77817
77819,9192.0,31898.0,77818
77820,9192.0,31911.0,77819
77821,9192.0,30883.0,77820
77822,9192.0,31030.0,77821
77823,9192.0,31091.0,77822
77824,9192.0,31705.0,77823
77825,9192.0,31606.0,77824
77826,9192.0,30952.0,77825
77827,9192.0,30952.0,77826
77828,9192.0,31701.0,77827
77829,9192.0,31174.0,77828
77830,9192.0,30670.0,77829
77831,9192.0,30119.0,77830
77832,9192.0,30232.0,77831
77833,9192.0,30230.0,77832
77834,9192.0,29799.0,77833
77835,9192.0,29238.0,77834
77836,9192.0,28219.0,77835
77837,9192.0,28204.0,77836
77838,9192.0,28666.0,77837
77839,9192.0,29005.0,77838
77840,9192.0,28931.0,77839
77841,9192.0,28457.0,77840
77842,9192.0,28885.0,77841
77843,9192.0,28279.0,77842
77844,9192.0,28440.0,77843
77845,9192.0,27886.0,77844
77846,9192.0,27959.0,77845
77847,9192.0,27959.0,77846
77848,9192.0,27923.0,77847
77849,9192.0,28529.0,77848
77850,9192.0,30350.0,77849
77851,9192.0,30549.0,77850
77852,9192.0,30606.0,77851
77853,9192.0,30561.0,77852
77854,9192.0,30010.0,77853
77855,9192.0,29983.0,77854
77856,9192.0,29739.0,77855
77857,9192.0,29754.0,77856
77858,9192.0,29317.0,77857
77859,9192.0,29994.0,77858
77860,9192.0,29377.0,77859
77861,9192.0,29377.0,77860
77862,9192.0,29669.0,77861
77863,9192.0,30053.0,77862
77864,9192.0,29962.0,77863
77865,9192.0,29964.0,77864
77866,9192.0,30030.0,77865
77867,9192.0,30393.0,77866
77868,9192.0,30415.0,77867
77869,9192.0,29227.0,77868
77870,9192.0,29236.0,77869
77871,9192.0,28992.0,77870
77872,9192.0,29131.0,77871
77873,9192.0,29187.0,77872
77874,9192.0,28494.0,77873
77875,9192.0,28281.0,77874
77876,9192.0,28281.0,77875
77877,9192.0,28530.0,77876
77878,9192.0,28754.0,77877
77879,9192.0,28674.0,77878
77880,9192.0,28690.0,77879
77881,9192.0,28475.0,77880
77882,9192.0,28438.0,77881
77883,9192.0,28624.0,77882
77884,9192.0,28635.0,77883
77885,9192.0,26932.0,77884
77886,9192.0,25861.0,77885
77887,9192.0,26016.0,77886
77888,9192.0,26024.0,77887
77889,9192.0,26288.0,77888
77890,9192.0,26288.0,77889
77891,9192.0,26256.0,77890
77892,9192.0,26303.0,77891
77893,9192.0,26571.0,77892
77894,9192.0,26520.0,77893
77895,9192.0,26301.0,77894
77896,9192.0,25809.0,77895
77897,9192.0,25797.0,77896
77898,9192.0,25748.0,77897
77899,9192.0,25214.0,77898
77900,9192.0,25476.0,77899
77901,9192.0,24535.0,77900
77902,9192.0,24550.0,77901
77903,9192.0,24915.0,77902
77904,9192.0,25527.0,77903
77905,9192.0,25428.0,77904
77906,9192.0,25457.0,77905
77907,9192.0,25336.0,77906
77908,9192.0,25302.0,77907
77909,9192.0,26509.0,77908
77910,9192.0,26461.0,77909
77911,9192.0,26461.0,77910
77912,9192.0,26348.0,77911
77913,9192.0,26506.0,77912
77914,9192.0,27238.0,77913
77915,9192.0,27578.0,77914
77916,9192.0,27634.0,77915
77917,9192.0,27622.0,77916
77918,9192.0,27470.0,77917
77919,9192.0,27168.0,77918
77920,9192.0,27090.0,77919
77921,9192.0,27013.0,77920
77922,9192.0,27078.0,77921
77923,9192.0,27514.0,77922
77924,9192.0,27721.0,77923
77925,9192.0,27859.0,77924
77926,9192.0,27859.0,77925
77927,9192.0,27836.0,77926
77928,9192.0,28024.0,77927
77929,9192.0,27934.0,77928
77930,9192.0,27959.0,77929
77931,9192.0,27843.0,77930
77932,9192.0,28050.0,77931
77933,9192.0,27764.0,77932
77934,9192.0,27883.0,77933
77935,9192.0,27975.0,77934
77936,9192.0,28445.0,77935
77937,9192.0,28393.0,77936
77938,9192.0,29390.0,77937
77939,9192.0,29828.0,77938
77940,9192.0,30034.0,77939
77941,9192.0,29327.0,77940
77942,9192.0,29739.0,77941
77943,9192.0,29176.0,77942
77944,9192.0,29226.0,77943
77945,9192.0,28596.0,77944
77946,9192.0,28919.0,77945
77947,9192.0,28858.0,77946
77948,9192.0,29056.0,77947
77949,9192.0,29006.0,77948
77950,9192.0,29037.0,77949
77951,9192.0,28847.0,77950
77952,9192.0,29007.0,77951
77953,9192.0,29499.0,77952
77954,9192.0,29651.0,77953
77955,9192.0,29673.0,77954
77956,9192.0,29673.0,77955
77957,9192.0,30077.0,77956
77958,9192.0,29661.0,77957
77959,9192.0,30259.0,77958
77960,9192.0,30750.0,77959
77961,9192.0,31694.0,77960
77962,9192.0,31693.0,77961
77963,9192.0,31693.0,77962
77964,9192.0,30567.0,77963
77965,9192.0,30122.0,77964
77966,9192.0,29891.0,77965
77967,9192.0,30111.0,77966
77968,9192.0,29900.0,77967
77969,9192.0,30165.0,77968
77970,9192.0,30581.0,77969
77971,9192.0,30393.0,77970
77972,9192.0,30257.0,77971
77973,9192.0,30092.0,77972
77974,9192.0,31062.0,77973
77975,9192.0,31567.0,77974
77976,9192.0,31939.0,77975
77977,9192.0,31935.0,77976
77978,9192.0,32020.0,77977
77979,9192.0,31972.0,77978
77980,9192.0,31158.0,77979
77981,9192.0,30712.0,77980
77982,9192.0,29976.0,77981
77983,9192.0,30078.0,77982
77984,9192.0,30078.0,77983
77985,9192.0,29337.0,77984
77986,9192.0,29328.0,77985
77987,9192.0,29226.0,77986
77988,9192.0,29274.0,77987
77989,9192.0,29303.0,77988
77990,9192.0,29278.0,77989
77991,9192.0,29345.0,77990
77992,9192.0,29385.0,77991
77993,9192.0,29776.0,77992
77994,9192.0,29776.0,77993
77995,9192.0,29793.0,77994
77996,9192.0,29251.0,77995
77997,9192.0,28856.0,77996
77998,9192.0,28775.0,77997
77999,9192.0,28865.0,77998
78000,9192.0,29283.0,77999
78001,9192.0,29290.0,78000
78002,9192.0,28370.0,78001
78003,9192.0,27187.0,78002
78004,9192.0,27186.0,78003
78005,9192.0,27841.0,78004
78006,9192.0,27882.0,78005
78007,9192.0,27733.0,78006
78008,9192.0,27740.0,78007
78009,9192.0,27772.0,78008
78010,9192.0,27163.0,78009
78011,9192.0,27225.0,78010
78012,9192.0,27225.0,78011
78013,9192.0,26765.0,78012
78014,9192.0,27188.0,78013
78015,9192.0,27678.0,78014
78016,9192.0,28109.0,78015
78017,9192.0,27782.0,78016
78018,9192.0,27581.0,78017
78019,9192.0,27502.0,78018
78020,9192.0,28501.0,78019
78021,9192.0,29089.0,78020
78022,9192.0,28864.0,78021
78023,9192.0,28392.0,78022
78024,9192.0,29229.0,78023
78025,9192.0,29897.0,78024
78026,9192.0,29907.0,78025
78027,9192.0,29521.0,78026
78028,9192.0,30092.0,78027
78029,9192.0,30092.0,78028
78030,9192.0,29887.0,78029
78031,9192.0,29662.0,78030
78032,9192.0,29640.0,78031
78033,9192.0,29543.0,78032
78034,9192.0,29656.0,78033
78035,9192.0,29797.0,78034
78036,9192.0,29758.0,78035
78037,9192.0,29128.0,78036
78038,9192.0,29132.0,78037
78039,9192.0,29389.0,78038
78040,9192.0,29748.0,78039
78041,9192.0,29762.0,78040
78042,9192.0,29766.0,78041
78043,9192.0,29626.0,78042
78044,9192.0,29626.0,78043
78045,9192.0,30161.0,78044
78046,9192.0,31226.0,78045
78047,9192.0,31123.0,78046
78048,9192.0,30827.0,78047
78049,9192.0,30211.0,78048
78050,9192.0,30063.0,78049
78051,9192.0,29413.0,78050
78052,9192.0,29940.0,78051
78053,9192.0,29940.0,78052
78054,9192.0,29483.0,78053
78055,9192.0,29408.0,78054
78056,9192.0,30072.0,78055
78057,9192.0,29957.0,78056
78058,9192.0,29928.0,78057
78059,9192.0,30031.0,78058
78060,9192.0,30697.0,78059
78061,9192.0,30697.0,78060
78062,9192.0,30481.0,78061
78063,9192.0,29732.0,78062
78064,9192.0,28917.0,78063
78065,9192.0,28624.0,78064
78066,9192.0,28325.0,78065
78067,9192.0,29020.0,78066
78068,9192.0,28364.0,78067
78069,9192.0,28873.0,78068
78070,9192.0,29633.0,78069
78071,9192.0,29376.0,78070
78072,9192.0,29376.0,78071
78073,9192.0,29518.0,78072
78074,9192.0,29376.0,78073
78075,9192.0,29314.0,78074
78076,9192.0,29178.0,78075
78077,9192.0,28794.0,78076
78078,9192.0,28692.0,78077
78079,9192.0,28693.0,78078
78080,9192.0,28578.0,78079
78081,9192.0,29604.0,78080
78082,9192.0,29572.0,78081
78083,9192.0,29513.0,78082
78084,9192.0,29555.0,78083
78085,9192.0,29601.0,78084
78086,9192.0,29429.0,78085
78087,9192.0,29992.0,78086
78088,9192.0,29778.0,78087
78089,9192.0,29503.0,78088
78090,9192.0,28533.0,78089
78091,9192.0,28028.0,78090
78092,9192.0,28028.0,78091
78093,9192.0,26565.0,78092
78094,9192.0,26675.0,78093
78095,9192.0,27235.0,78094
78096,9192.0,27270.0,78095
78097,9192.0,27481.0,78096
78098,9192.0,27534.0,78097
78099,9192.0,27764.0,78098
78100,9192.0,27400.0,78099
78101,9192.0,27407.0,78100
78102,9192.0,27754.0,78101
78103,9192.0,27912.0,78102
78104,9192.0,27931.0,78103
78105,9192.0,27640.0,78104
78106,9192.0,27006.0,78105
78107,9192.0,27317.0,78106
78108,9192.0,26796.0,78107
78109,9192.0,26583.0,78108
78110,9192.0,27183.0,78109
78111,9192.0,27353.0,78110
78112,9192.0,27900.0,78111
78113,9192.0,27733.0,78112
78114,9192.0,27733.0,78113
78115,9192.0,26877.0,78114
78116,9192.0,27052.0,78115
78117,9192.0,27250.0,78116
78118,9192.0,27294.0,78117
78119,9192.0,28174.0,78118
78120,9192.0,27885.0,78119
78121,9192.0,27885.0,78120
78122,9192.0,27728.0,78121
78123,9192.0,27912.0,78122
78124,9192.0,27969.0,78123
78125,9192.0,27859.0,78124
78126,9192.0,28294.0,78125
78127,9192.0,28287.0,78126
78128,9192.0,27712.0,78127
78129,9192.0,27615.0,78128
78130,9192.0,29018.0,78129
78131,9192.0,29730.0,78130
78132,9192.0,29544.0,78131
78133,9192.0,30178.0,78132
78134,9192.0,30515.0,78133
78135,9192.0,30431.0,78134
78136,9192.0,30206.0,78135
78137,9192.0,30192.0,78136
78138,9192.0,30198.0,78137
78139,9192.0,30537.0,78138
78140,9192.0,30875.0,78139
78141,9192.0,30770.0,78140
78142,9192.0,30617.0,78141
78143,9192.0,31300.0,78142
78144,9192.0,31064.0,78143
78145,9192.0,31217.0,78144
78146,9192.0,30578.0,78145
78147,9192.0,30578.0,78146
78148,9192.0,30549.0,78147
78149,9192.0,30549.0,78148
78150,9192.0,30331.0,78149
78151,9192.0,30434.0,78150
78152,9192.0,30118.0,78151
78153,9192.0,29932.0,78152
78154,9192.0,30188.0,78153
78155,9192.0,29671.0,78154
78156,9192.0,29406.0,78155
78157,9192.0,29175.0,78156
78158,9192.0,29910.0,78157
78159,9192.0,28716.0,78158
78160,9192.0,28839.0,78159
78161,9192.0,28131.0,78160
78162,9192.0,28004.0,78161
78163,9192.0,27756.0,78162
78164,9192.0,28228.0,78163
78165,9192.0,28315.0,78164
78166,9192.0,28982.0,78165
78167,9192.0,29004.0,78166
78168,9192.0,28848.0,78167
78169,9192.0,28963.0,78168
78170,9192.0,28905.0,78169
78171,9192.0,28596.0,78170
78172,9192.0,28005.0,78171
78173,9192.0,28005.0,78172
78174,9192.0,28151.0,78173
78175,9192.0,28554.0,78174
78176,9192.0,28544.0,78175
78177,9192.0,28631.0,78176
78178,9192.0,28674.0,78177
78179,9192.0,28726.0,78178
78180,9192.0,28683.0,78179
78181,9192.0,27998.0,78180
78182,9192.0,27752.0,78181
78183,9192.0,27466.0,78182
78184,9192.0,27466.0,78183
78185,9192.0,27452.0,78184
78186,9192.0,26770.0,78185
78187,9192.0,26818.0,78186
78188,9192.0,26725.0,78187
78189,9192.0,26725.0,78188
78190,9192.0,26462.0,78189
78191,9192.0,27021.0,78190
78192,9192.0,26926.0,78191
78193,9192.0,27507.0,78192
78194,9192.0,27447.0,78193
78195,9192.0,27483.0,78194
78196,9192.0,27451.0,78195
78197,9192.0,27451.0,78196
78198,9192.0,26856.0,78197
78199,9192.0,26856.0,78198
78200,9192.0,27092.0,78199
78201,9192.0,27310.0,78200
78202,9192.0,27415.0,78201
78203,9192.0,27342.0,78202
78204,9192.0,27342.0,78203
78205,9192.0,27496.0,78204
78206,9192.0,27108.0,78205
78207,9192.0,27190.0,78206
78208,9192.0,27899.0,78207
78209,9192.0,28121.0,78208
78210,9192.0,27914.0,78209
78211,9192.0,27993.0,78210
78212,9192.0,28184.0,78211
78213,9192.0,27973.0,78212
78214,9192.0,26845.0,78213
78215,9192.0,26511.0,78214
78216,9192.0,26638.0,78215
78217,9192.0,27693.0,78216
78218,9192.0,27281.0,78217
78219,9192.0,27120.0,78218
78220,9192.0,27759.0,78219
78221,9192.0,27818.0,78220
78222,9192.0,27400.0,78221
78223,9192.0,28296.0,78222
78224,9192.0,28235.0,78223
78225,9192.0,28332.0,78224
78226,9192.0,29614.0,78225
78227,9192.0,29119.0,78226
78228,9192.0,28969.0,78227
78229,9192.0,29158.0,78228
78230,9192.0,29136.0,78229
78231,9192.0,28509.0,78230
78232,9192.0,28505.0,78231
78233,9192.0,28479.0,78232
78234,9192.0,27820.0,78233
78235,9192.0,27849.0,78234
78236,9192.0,27731.0,78235
78237,9192.0,27530.0,78236
78238,9192.0,26472.0,78237
78239,9192.0,26669.0,78238
78240,9192.0,26794.0,78239
78241,9192.0,25938.0,78240
78242,9192.0,26299.0,78241
78243,9192.0,26716.0,78242
78244,9192.0,26724.0,78243
78245,9192.0,27201.0,78244
78246,9192.0,27370.0,78245
78247,9192.0,27276.0,78246
78248,9192.0,27416.0,78247
78249,9192.0,27416.0,78248
78250,9192.0,27674.0,78249
78251,9192.0,27639.0,78250
78252,9192.0,28838.0,78251
78253,9192.0,28551.0,78252
78254,9192.0,29210.0,78253
78255,9192.0,27959.0,78254
78256,9192.0,29668.0,78255
78257,9192.0,29584.0,78256
78258,9192.0,29749.0,78257
78259,9192.0,29439.0,78258
78260,9192.0,29439.0,78259
78261,9192.0,29552.0,78260
78262,9192.0,29552.0,78261
78263,9192.0,29459.0,78262
78264,9192.0,28513.0,78263
78265,9192.0,27633.0,78264
78266,9192.0,27635.0,78265
78267,9192.0,27795.0,78266
78268,9192.0,28979.0,78267
78269,9192.0,29652.0,78268
78270,9192.0,29629.0,78269
78271,9192.0,29417.0,78270
78272,9192.0,29293.0,78271
78273,9192.0,29513.0,78272
78274,9192.0,29584.0,78273
78275,9192.0,30118.0,78274
78276,9192.0,30029.0,78275
78277,9192.0,30344.0,78276
78278,9192.0,29957.0,78277
78279,9192.0,29950.0,78278
78280,9192.0,30056.0,78279
78281,9192.0,30348.0,78280
78282,9192.0,30229.0,78281
78283,9192.0,30082.0,78282
78284,9192.0,29720.0,78283
78285,9192.0,30183.0,78284
78286,9192.0,29866.0,78285
78287,9192.0,29185.0,78286
78288,9192.0,29693.0,78287
78289,9192.0,29649.0,78288
78290,9192.0,29595.0,78289
78291,9192.0,29724.0,78290
78292,9192.0,29018.0,78291
78293,9192.0,29421.0,78292
78294,9192.0,29421.0,78293
78295,9192.0,29415.0,78294
78296,9192.0,28702.0,78295
78297,9192.0,27460.0,78296
78298,9192.0,27041.0,78297
78299,9192.0,27376.0,78298
78300,9192.0,27125.0,78299
78301,9192.0,27389.0,78300
78302,9192.0,27571.0,78301
78303,9192.0,28150.0,78302
78304,9192.0,28081.0,78303
78305,9192.0,28200.0,78304
78306,9192.0,27938.0,78305
78307,9192.0,27363.0,78306
78308,9192.0,28092.0,78307
78309,9192.0,27934.0,78308
78310,9192.0,27957.0,78309
78311,9192.0,28468.0,78310
78312,9192.0,28387.0,78311
78313,9192.0,28364.0,78312
78314,9192.0,28768.0,78313
78315,9192.0,28799.0,78314
78316,9192.0,29487.0,78315
78317,9192.0,29678.0,78316
78318,9192.0,30018.0,78317
78319,9192.0,29920.0,78318
78320,9192.0,29952.0,78319
78321,9192.0,29952.0,78320
78322,9192.0,29751.0,78321
78323,9192.0,29793.0,78322
78324,9192.0,29788.0,78323
78325,9192.0,29889.0,78324
78326,9192.0,30192.0,78325
78327,9192.0,29918.0,78326
78328,9192.0,29964.0,78327
78329,9192.0,28944.0,78328
78330,9192.0,29041.0,78329
78331,9192.0,29041.0,78330
78332,9192.0,29440.0,78331
78333,9192.0,28805.0,78332
78334,9192.0,30258.0,78333
78335,9192.0,30423.0,78334
78336,9192.0,30423.0,78335
78337,9192.0,30599.0,78336
78338,9192.0,30211.0,78337
78339,9192.0,30477.0,78338
78340,9192.0,30980.0,78339
78341,9192.0,30980.0,78340
78342,9192.0,31004.0,78341
78343,9192.0,30910.0,78342
78344,9192.0,30755.0,78343
78345,9192.0,31280.0,78344
78346,9192.0,31315.0,78345
78347,9192.0,31271.0,78346
78348,9192.0,31244.0,78347
78349,9192.0,31244.0,78348
78350,9192.0,30640.0,78349
78351,9192.0,30133.0,78350
78352,9192.0,30188.0,78351
78353,9192.0,29985.0,78352
78354,9192.0,29798.0,78353
78355,9192.0,29998.0,78354
78356,9192.0,29998.0,78355
78357,9192.0,29801.0,78356
78358,9192.0,29304.0,78357
78359,9192.0,28868.0,78358
78360,9192.0,28784.0,78359
78361,9192.0,29701.0,78360
78362,9192.0,30059.0,78361
78363,9192.0,30059.0,78362
78364,9192.0,29994.0,78363
78365,9192.0,31314.0,78364
78366,9192.0,31329.0,78365
78367,9192.0,31804.0,78366
78368,9192.0,30277.0,78367
78369,9192.0,30296.0,78368
78370,9192.0,30336.0,78369
78371,9192.0,30524.0,78370
78372,9192.0,30451.0,78371
78373,9192.0,30185.0,78372
78374,9192.0,30484.0,78373
78375,9192.0,30368.0,78374
78376,9192.0,30613.0,78375
78377,9192.0,30621.0,78376
78378,9192.0,30764.0,78377
78379,9192.0,31681.0,78378
78380,9192.0,31325.0,78379
78381,9192.0,31438.0,78380
78382,9192.0,31421.0,78381
78383,9192.0,31465.0,78382
78384,9192.0,31486.0,78383
78385,9192.0,31078.0,78384
78386,9192.0,31466.0,78385
78387,9192.0,31179.0,78386
78388,9192.0,31919.0,78387
78389,9192.0,31903.0,78388
78390,9192.0,31903.0,78389
78391,9192.0,32301.0,78390
78392,9192.0,32591.0,78391
78393,9192.0,32333.0,78392
78394,9192.0,32204.0,78393
78395,9192.0,32354.0,78394
78396,9192.0,32385.0,78395
78397,9192.0,32022.0,78396
78398,9192.0,31763.0,78397
78399,9192.0,31226.0,78398
78400,9192.0,30721.0,78399
78401,9192.0,29681.0,78400
78402,9192.0,29580.0,78401
78403,9192.0,29507.0,78402
78404,9192.0,29731.0,78403
78405,9192.0,29838.0,78404
78406,9192.0,30053.0,78405
78407,9192.0,29698.0,78406
78408,9192.0,29467.0,78407
78409,9192.0,29240.0,78408
78410,9192.0,29075.0,78409
78411,9192.0,29192.0,78410
78412,9192.0,30202.0,78411
78413,9192.0,29276.0,78412
78414,9192.0,29276.0,78413
78415,9192.0,29276.0,78414
78416,9192.0,28796.0,78415
78417,9192.0,29106.0,78416
78418,9192.0,29515.0,78417
78419,9192.0,29515.0,78418
78420,9192.0,30699.0,78419
78421,9192.0,31778.0,78420
78422,9192.0,32875.0,78421
78423,9192.0,32720.0,78422
78424,9192.0,32607.0,78423
78425,9192.0,32642.0,78424
78426,9192.0,32455.0,78425
78427,9192.0,32325.0,78426
78428,9192.0,32330.0,78427
78429,9192.0,31848.0,78428
78430,9192.0,31693.0,78429
78431,9192.0,31156.0,78430
78432,9192.0,31134.0,78431
78433,9192.0,31272.0,78432
78434,9192.0,31272.0,78433
78435,9192.0,31049.0,78434
78436,9192.0,30977.0,78435
78437,9192.0,30294.0,78436
78438,9192.0,30878.0,78437
78439,9192.0,30717.0,78438
78440,9192.0,30738.0,78439
78441,9192.0,30491.0,78440
78442,9192.0,30679.0,78441
78443,9192.0,29256.0,78442
78444,9192.0,30134.0,78443
78445,9192.0,30173.0,78444
78446,9192.0,30224.0,78445
78447,9192.0,30259.0,78446
78448,9192.0,30152.0,78447
78449,9192.0,30168.0,78448
78450,9192.0,29891.0,78449
78451,9192.0,29806.0,78450
78452,9192.0,29509.0,78451
78453,9192.0,29503.0,78452
78454,9192.0,29487.0,78453
78455,9192.0,28940.0,78454
78456,9192.0,28991.0,78455
78457,9192.0,29001.0,78456
78458,9192.0,28974.0,78457
78459,9192.0,29618.0,78458
78460,9192.0,29620.0,78459
78461,9192.0,29042.0,78460
78462,9192.0,28997.0,78461
78463,9192.0,28658.0,78462
78464,9192.0,29325.0,78463
78465,9192.0,28509.0,78464
78466,9192.0,28303.0,78465
78467,9192.0,28240.0,78466
78468,9192.0,28122.0,78467
78469,9192.0,27633.0,78468
78470,9192.0,28025.0,78469
78471,9192.0,27843.0,78470
78472,9192.0,27843.0,78471
78473,9192.0,27777.0,78472
78474,9192.0,27745.0,78473
78475,9192.0,28195.0,78474
78476,9192.0,27461.0,78475
78477,9192.0,27975.0,78476
78478,9192.0,28592.0,78477
78479,9192.0,28623.0,78478
78480,9192.0,28622.0,78479
78481,9192.0,28622.0,78480
78482,9192.0,28508.0,78481
78483,9192.0,28756.0,78482
78484,9192.0,29604.0,78483
78485,9192.0,31157.0,78484
78486,9192.0,31156.0,78485
78487,9192.0,31257.0,78486
78488,9192.0,31037.0,78487
78489,9192.0,31073.0,78488
78490,9192.0,31136.0,78489
78491,9192.0,30870.0,78490
78492,9192.0,31049.0,78491
78493,9192.0,30998.0,78492
78494,9192.0,31012.0,78493
78495,9192.0,31008.0,78494
78496,9192.0,31122.0,78495
78497,9192.0,31002.0,78496
78498,9192.0,30685.0,78497
78499,9192.0,30216.0,78498
78500,9192.0,30000.0,78499
78501,9192.0,30508.0,78500
78502,9192.0,30580.0,78501
78503,9192.0,30397.0,78502
78504,9192.0,30674.0,78503
78505,9192.0,30968.0,78504
78506,9192.0,30804.0,78505
78507,9192.0,30896.0,78506
78508,9192.0,30219.0,78507
78509,9192.0,30001.0,78508
78510,9192.0,30468.0,78509
78511,9192.0,29705.0,78510
78512,9192.0,30213.0,78511
78513,9192.0,30389.0,78512
78514,9192.0,30227.0,78513
78515,9192.0,29715.0,78514
78516,9192.0,29838.0,78515
78517,9192.0,29838.0,78516
78518,9192.0,29766.0,78517
78519,9192.0,29772.0,78518
78520,9192.0,29333.0,78519
78521,9192.0,28958.0,78520
78522,9192.0,29317.0,78521
78523,9192.0,28628.0,78522
78524,9192.0,28171.0,78523
78525,9192.0,28189.0,78524
78526,9192.0,28189.0,78525
78527,9192.0,27544.0,78526
78528,9192.0,27205.0,78527
78529,9192.0,27602.0,78528
78530,9192.0,28826.0,78529
78531,9192.0,28826.0,78530
78532,9192.0,28450.0,78531
78533,9192.0,29486.0,78532
78534,9192.0,28111.0,78533
78535,9192.0,28627.0,78534
78536,9192.0,28137.0,78535
78537,9192.0,29121.0,78536
78538,9192.0,28351.0,78537
78539,9192.0,28792.0,78538
78540,9192.0,28819.0,78539
78541,9192.0,28913.0,78540
78542,9192.0,28771.0,78541
78543,9192.0,29221.0,78542
78544,9192.0,28482.0,78543
78545,9192.0,28633.0,78544
78546,9192.0,28633.0,78545
78547,9192.0,29326.0,78546
78548,9192.0,29009.0,78547
78549,9192.0,28880.0,78548
78550,9192.0,28747.0,78549
78551,9192.0,28297.0,78550
78552,9192.0,28120.0,78551
78553,9192.0,28088.0,78552
78554,9192.0,27786.0,78553
78555,9192.0,27988.0,78554
78556,9192.0,27988.0,78555
78557,9192.0,28019.0,78556
78558,9192.0,28003.0,78557
78559,9192.0,28906.0,78558
78560,9192.0,28776.0,78559
78561,9192.0,28717.0,78560
78562,9192.0,28735.0,78561
78563,9192.0,28452.0,78562
78564,9192.0,28511.0,78563
78565,9192.0,28374.0,78564
78566,9192.0,28374.0,78565
78567,9192.0,28777.0,78566
78568,9192.0,29073.0,78567
78569,9192.0,28790.0,78568
78570,9192.0,28880.0,78569
78571,9192.0,28249.0,78570
78572,9192.0,27673.0,78571
78573,9192.0,27986.0,78572
78574,9192.0,28019.0,78573
78575,9192.0,27221.0,78574
78576,9192.0,27832.0,78575
78577,9192.0,28483.0,78576
78578,9192.0,28264.0,78577
78579,9192.0,28397.0,78578
78580,9192.0,28916.0,78579
78581,9192.0,29234.0,78580
78582,9192.0,27729.0,78581
78583,9192.0,26715.0,78582
78584,9192.0,26886.0,78583
78585,9192.0,27098.0,78584
78586,9192.0,26753.0,78585
78587,9192.0,27051.0,78586
78588,9192.0,27651.0,78587
78589,9192.0,27651.0,78588
78590,9192.0,27612.0,78589
78591,9192.0,27745.0,78590
78592,9192.0,27745.0,78591
78593,9192.0,28236.0,78592
78594,9192.0,28236.0,78593
78595,9192.0,27615.0,78594
78596,9192.0,27610.0,78595
78597,9192.0,27610.0,78596
78598,9192.0,27590.0,78597
78599,9192.0,28351.0,78598
78600,9192.0,28351.0,78599
78601,9192.0,27417.0,78600
78602,9192.0,27738.0,78601
78603,9192.0,27882.0,78602
78604,9192.0,27901.0,78603
78605,9192.0,27777.0,78604
78606,9192.0,27004.0,78605
78607,9192.0,27027.0,78606
78608,9192.0,26122.0,78607
78609,9192.0,26612.0,78608
78610,9192.0,26528.0,78609
78611,9192.0,26288.0,78610
78612,9192.0,26795.0,78611
78613,9192.0,26795.0,78612
78614,9192.0,27020.0,78613
78615,9192.0,25927.0,78614
78616,9192.0,27864.0,78615
78617,9192.0,27816.0,78616
78618,9192.0,27831.0,78617
78619,9192.0,28030.0,78618
78620,9192.0,28549.0,78619
78621,9192.0,28387.0,78620
78622,9192.0,28286.0,78621
78623,9192.0,28163.0,78622
78624,9192.0,29310.0,78623
78625,9192.0,29310.0,78624
78626,9192.0,29501.0,78625
78627,9192.0,29432.0,78626
78628,9192.0,29354.0,78627
78629,9192.0,29309.0,78628
78630,9192.0,29193.0,78629
78631,9192.0,29472.0,78630
78632,9192.0,29014.0,78631
78633,9192.0,29014.0,78632
78634,9192.0,29059.0,78633
78635,9192.0,29371.0,78634
78636,9192.0,29548.0,78635
78637,9192.0,29548.0,78636
78638,9192.0,29735.0,78637
78639,9192.0,29842.0,78638
78640,9192.0,29676.0,78639
78641,9192.0,29637.0,78640
78642,9192.0,29646.0,78641
78643,9192.0,29727.0,78642
78644,9192.0,29633.0,78643
78645,9192.0,30179.0,78644
78646,9192.0,29778.0,78645
78647,9192.0,29328.0,78646
78648,9192.0,29364.0,78647
78649,9192.0,30013.0,78648
78650,9192.0,29981.0,78649
78651,9192.0,29501.0,78650
78652,9192.0,29567.0,78651
78653,9192.0,29567.0,78652
78654,9192.0,29999.0,78653
78655,9192.0,29796.0,78654
78656,9192.0,29849.0,78655
78657,9192.0,28229.0,78656
78658,9192.0,28945.0,78657
78659,9192.0,28575.0,78658
78660,9192.0,28402.0,78659
78661,9192.0,28321.0,78660
78662,9192.0,28801.0,78661
78663,9192.0,28784.0,78662
78664,9192.0,28369.0,78663
78665,9192.0,28091.0,78664
78666,9192.0,27783.0,78665
78667,9192.0,27783.0,78666
78668,9192.0,27562.0,78667
78669,9192.0,27289.0,78668
78670,9192.0,26934.0,78669
78671,9192.0,27188.0,78670
78672,9192.0,27620.0,78671
78673,9192.0,27886.0,78672
78674,9192.0,27868.0,78673
78675,9192.0,28623.0,78674
78676,9192.0,28539.0,78675
78677,9192.0,28569.0,78676
78678,9192.0,28426.0,78677
78679,9192.0,28540.0,78678
78680,9192.0,28771.0,78679
78681,9192.0,28741.0,78680
78682,9192.0,28249.0,78681
78683,9192.0,28365.0,78682
78684,9192.0,28490.0,78683
78685,9192.0,28114.0,78684
78686,9192.0,27955.0,78685
78687,9192.0,28202.0,78686
78688,9192.0,28124.0,78687
78689,9192.0,28292.0,78688
78690,9192.0,28292.0,78689
78691,9192.0,28319.0,78690
78692,9192.0,27645.0,78691
78693,9192.0,27612.0,78692
78694,9192.0,27137.0,78693
78695,9192.0,27134.0,78694
78696,9192.0,27360.0,78695
78697,9192.0,27719.0,78696
78698,9192.0,27780.0,78697
78699,9192.0,28229.0,78698
78700,9192.0,28035.0,78699
78701,9192.0,27978.0,78700
78702,9192.0,27978.0,78701
78703,9192.0,27831.0,78702
78704,9192.0,27592.0,78703
78705,9192.0,27071.0,78704
78706,9192.0,26829.0,78705
78707,9192.0,26916.0,78706
78708,9192.0,27162.0,78707
78709,9192.0,27235.0,78708
78710,9192.0,27255.0,78709
78711,9192.0,27442.0,78710
78712,9192.0,27866.0,78711
78713,9192.0,28249.0,78712
78714,9192.0,27456.0,78713
78715,9192.0,28800.0,78714
78716,9192.0,28883.0,78715
78717,9192.0,28926.0,78716
78718,9192.0,29163.0,78717
78719,9192.0,29491.0,78718
78720,9192.0,29035.0,78719
78721,9192.0,28047.0,78720
78722,9192.0,28167.0,78721
78723,9192.0,27790.0,78722
78724,9192.0,27816.0,78723
78725,9192.0,28478.0,78724
78726,9192.0,28354.0,78725
78727,9192.0,26769.0,78726
78728,9192.0,27009.0,78727
78729,9192.0,27440.0,78728
78730,9192.0,26820.0,78729
78731,9192.0,27286.0,78730
78732,9192.0,27244.0,78731
78733,9192.0,28468.0,78732
78734,9192.0,28916.0,78733
78735,9192.0,28886.0,78734
78736,9192.0,28822.0,78735
78737,9192.0,28591.0,78736
78738,9192.0,28125.0,78737
78739,9192.0,27843.0,78738
78740,9192.0,27843.0,78739
78741,9192.0,27843.0,78740
78742,9192.0,27343.0,78741
78743,9192.0,27264.0,78742
78744,9192.0,27268.0,78743
78745,9192.0,26506.0,78744
78746,9192.0,26506.0,78745
78747,9192.0,26270.0,78746
78748,9192.0,27066.0,78747
78749,9192.0,27365.0,78748
78750,9192.0,27348.0,78749
78751,9192.0,26889.0,78750
78752,9192.0,27056.0,78751
78753,9192.0,27269.0,78752
78754,9192.0,26422.0,78753
78755,9192.0,26769.0,78754
78756,9192.0,26159.0,78755
78757,9192.0,26555.0,78756
78758,9192.0,26562.0,78757
78759,9192.0,26556.0,78758
78760,9192.0,26556.0,78759
78761,9192.0,26893.0,78760
78762,9192.0,25201.0,78761
78763,9192.0,25073.0,78762
78764,9192.0,25616.0,78763
78765,9192.0,25768.0,78764
78766,9192.0,26193.0,78765
78767,9192.0,26245.0,78766
78768,9192.0,26021.0,78767
78769,9192.0,25963.0,78768
78770,9192.0,27271.0,78769
78771,9192.0,27417.0,78770
78772,9192.0,27874.0,78771
78773,9192.0,27808.0,78772
78774,9192.0,28276.0,78773
78775,9192.0,28330.0,78774
78776,9192.0,28398.0,78775
78777,9192.0,28398.0,78776
78778,9192.0,28418.0,78777
78779,9192.0,27614.0,78778
78780,9192.0,28310.0,78779
78781,9192.0,27828.0,78780
78782,9192.0,28392.0,78781
78783,9192.0,28581.0,78782
78784,9192.0,28566.0,78783
78785,9192.0,28084.0,78784
78786,9192.0,28349.0,78785
78787,9192.0,28022.0,78786
78788,9192.0,29153.0,78787
78789,9192.0,29278.0,78788
78790,9192.0,28538.0,78789
78791,9192.0,27948.0,78790
78792,9192.0,27466.0,78791
78793,9192.0,27760.0,78792
78794,9192.0,28570.0,78793
78795,9192.0,28925.0,78794
78796,9192.0,28835.0,78795
78797,9192.0,28825.0,78796
78798,9192.0,29001.0,78797
78799,9192.0,29001.0,78798
78800,9192.0,29062.0,78799
78801,9192.0,29381.0,78800
78802,9192.0,29387.0,78801
78803,9192.0,29406.0,78802
78804,9192.0,30584.0,78803
78805,9192.0,30222.0,78804
78806,9192.0,31671.0,78805
78807,9192.0,31262.0,78806
78808,9192.0,30870.0,78807
78809,9192.0,30914.0,78808
78810,9192.0,31265.0,78809
78811,9192.0,30846.0,78810
78812,9192.0,30166.0,78811
78813,9192.0,30336.0,78812
78814,9192.0,29922.0,78813
78815,9192.0,29609.0,78814
78816,9192.0,29530.0,78815
78817,9192.0,29594.0,78816
78818,9192.0,28919.0,78817
78819,9192.0,29029.0,78818
78820,9192.0,29001.0,78819
78821,9192.0,29112.0,78820
78822,9192.0,29034.0,78821
78823,9192.0,28759.0,78822
78824,9192.0,28920.0,78823
78825,9192.0,28894.0,78824
78826,9192.0,28685.0,78825
78827,9192.0,27896.0,78826
78828,9192.0,28789.0,78827
78829,9192.0,28126.0,78828
78830,9192.0,28145.0,78829
78831,9192.0,28494.0,78830
78832,9192.0,28260.0,78831
78833,9192.0,27528.0,78832
78834,9192.0,27464.0,78833
78835,9192.0,27227.0,78834
78836,9192.0,27388.0,78835
78837,9192.0,27379.0,78836
78838,9192.0,27320.0,78837
78839,9192.0,27791.0,78838
78840,9192.0,27780.0,78839
78841,9192.0,27609.0,78840
78842,9192.0,28362.0,78841
78843,9192.0,28414.0,78842
78844,9192.0,28480.0,78843
78845,9192.0,28551.0,78844
78846,9192.0,28844.0,78845
78847,9192.0,28430.0,78846
78848,9192.0,28655.0,78847
78849,9192.0,29610.0,78848
78850,9192.0,30141.0,78849
78851,9192.0,30453.0,78850
78852,9192.0,30409.0,78851
78853,9192.0,30409.0,78852
78854,9192.0,29390.0,78853
78855,9192.0,29390.0,78854
78856,9192.0,29314.0,78855
78857,9192.0,29826.0,78856
78858,9192.0,29210.0,78857
78859,9192.0,29377.0,78858
78860,9192.0,29309.0,78859
78861,9192.0,29772.0,78860
78862,9192.0,29357.0,78861
78863,9192.0,28924.0,78862
78864,9192.0,28883.0,78863
78865,9192.0,28883.0,78864
78866,9192.0,29159.0,78865
78867,9192.0,29640.0,78866
78868,9192.0,30084.0,78867
78869,9192.0,29797.0,78868
78870,9192.0,31553.0,78869
78871,9192.0,30898.0,78870
78872,9192.0,30349.0,78871
78873,9192.0,29840.0,78872
78874,9192.0,30462.0,78873
78875,9192.0,30417.0,78874
78876,9192.0,29916.0,78875
78877,9192.0,30209.0,78876
78878,9192.0,30313.0,78877
78879,9192.0,29907.0,78878
78880,9192.0,29860.0,78879
78881,9192.0,30159.0,78880
78882,9192.0,29767.0,78881
78883,9192.0,29768.0,78882
78884,9192.0,30068.0,78883
78885,9192.0,30068.0,78884
78886,9192.0,30707.0,78885
78887,9192.0,30371.0,78886
78888,9192.0,30047.0,78887
78889,9192.0,29964.0,78888
78890,9192.0,31033.0,78889
78891,9192.0,31139.0,78890
78892,9192.0,31022.0,78891
78893,9192.0,30894.0,78892
78894,9192.0,31053.0,78893
78895,9192.0,30926.0,78894
78896,9192.0,30962.0,78895
78897,9192.0,31008.0,78896
78898,9192.0,31199.0,78897
78899,9192.0,31199.0,78898
78900,9192.0,31207.0,78899
78901,9192.0,31101.0,78900
78902,9192.0,31173.0,78901
78903,9192.0,31173.0,78902
78904,9192.0,30735.0,78903
78905,9192.0,30477.0,78904
78906,9192.0,30137.0,78905
78907,9192.0,29937.0,78906
78908,9192.0,29639.0,78907
78909,9192.0,29596.0,78908
78910,9192.0,29458.0,78909
78911,9192.0,29458.0,78910
78912,9192.0,29429.0,78911
78913,9192.0,29614.0,78912
78914,9192.0,29252.0,78913
78915,9192.0,29421.0,78914
78916,9192.0,29750.0,78915
78917,9192.0,29678.0,78916
78918,9192.0,29154.0,78917
78919,9192.0,29184.0,78918
78920,9192.0,29184.0,78919
78921,9192.0,28885.0,78920
78922,9192.0,28831.0,78921
78923,9192.0,29052.0,78922
78924,9192.0,29242.0,78923
78925,9192.0,29242.0,78924
78926,9192.0,29482.0,78925
78927,9192.0,29482.0,78926
78928,9192.0,29600.0,78927
78929,9192.0,30072.0,78928
78930,9192.0,28811.0,78929
78931,9192.0,28811.0,78930
78932,9192.0,29017.0,78931
78933,9192.0,29039.0,78932
78934,9192.0,29039.0,78933
78935,9192.0,29058.0,78934
78936,9192.0,29138.0,78935
78937,9192.0,29138.0,78936
78938,9192.0,29087.0,78937
78939,9192.0,28608.0,78938
78940,9192.0,29224.0,78939
78941,9192.0,29757.0,78940
78942,9192.0,29326.0,78941
78943,9192.0,29080.0,78942
78944,9192.0,29127.0,78943
78945,9192.0,29217.0,78944
78946,9192.0,29872.0,78945
78947,9192.0,31131.0,78946
78948,9192.0,31335.0,78947
78949,9192.0,31337.0,78948
78950,9192.0,30726.0,78949
78951,9192.0,30717.0,78950
78952,9192.0,30627.0,78951
78953,9192.0,30660.0,78952
78954,9192.0,30660.0,78953
78955,9192.0,30626.0,78954
78956,9192.0,30624.0,78955
78957,9192.0,29503.0,78956
78958,9192.0,29495.0,78957
78959,9192.0,29150.0,78958
78960,9192.0,30242.0,78959
78961,9192.0,30185.0,78960
78962,9192.0,30131.0,78961
78963,9192.0,30048.0,78962
78964,9192.0,30002.0,78963
78965,9192.0,30306.0,78964
78966,9192.0,29937.0,78965
78967,9192.0,29937.0,78966
78968,9192.0,30350.0,78967
78969,9192.0,30425.0,78968
78970,9192.0,30665.0,78969
78971,9192.0,31063.0,78970
78972,9192.0,31059.0,78971
78973,9192.0,30055.0,78972
78974,9192.0,29898.0,78973
78975,9192.0,29738.0,78974
78976,9192.0,29041.0,78975
78977,9192.0,29209.0,78976
78978,9192.0,29209.0,78977
78979,9192.0,28845.0,78978
78980,9192.0,29542.0,78979
78981,9192.0,30005.0,78980
78982,9192.0,31240.0,78981
78983,9192.0,31293.0,78982
78984,9192.0,31294.0,78983
78985,9192.0,31338.0,78984
78986,9192.0,31650.0,78985
78987,9192.0,31548.0,78986
78988,9192.0,32610.0,78987
78989,9192.0,32291.0,78988
78990,9192.0,32103.0,78989
78991,9192.0,31800.0,78990
78992,9192.0,31798.0,78991
78993,9192.0,31790.0,78992
78994,9192.0,32160.0,78993
78995,9192.0,32004.0,78994
78996,9192.0,31751.0,78995
78997,9192.0,31706.0,78996
78998,9192.0,31704.0,78997
78999,9192.0,31560.0,78998
79000,9192.0,31397.0,78999
79001,9192.0,31435.0,79000
79002,9192.0,31568.0,79001
79003,9192.0,31168.0,79002
79004,9192.0,31513.0,79003
79005,9192.0,31646.0,79004
79006,9192.0,31198.0,79005
79007,9192.0,31313.0,79006
79008,9192.0,31024.0,79007
79009,9192.0,31001.0,79008
79010,9192.0,30687.0,79009
79011,9192.0,30687.0,79010
79012,9192.0,30071.0,79011
79013,9192.0,30270.0,79012
79014,9192.0,30081.0,79013
79015,9192.0,30037.0,79014
79016,9192.0,30279.0,79015
79017,9192.0,30426.0,79016
79018,9192.0,30462.0,79017
79019,9192.0,30117.0,79018
79020,9192.0,30085.0,79019
79021,9192.0,30010.0,79020
79022,9192.0,30283.0,79021
79023,9192.0,30703.0,79022
79024,9192.0,30349.0,79023
79025,9192.0,31095.0,79024
79026,9192.0,30125.0,79025
79027,9192.0,29790.0,79026
79028,9192.0,30224.0,79027
79029,9192.0,29792.0,79028
79030,9192.0,29792.0,79029
79031,9192.0,29651.0,79030
79032,9192.0,30575.0,79031
79033,9192.0,30663.0,79032
79034,9192.0,30699.0,79033
79035,9192.0,31181.0,79034
79036,9192.0,31265.0,79035
79037,9192.0,31002.0,79036
79038,9192.0,31323.0,79037
79039,9192.0,31471.0,79038
79040,9192.0,31341.0,79039
79041,9192.0,31029.0,79040
79042,9192.0,30862.0,79041
79043,9192.0,30670.0,79042
79044,9192.0,30651.0,79043
79045,9192.0,30480.0,79044
79046,9192.0,30480.0,79045
79047,9192.0,30400.0,79046
79048,9192.0,29897.0,79047
79049,9192.0,29891.0,79048
79050,9192.0,29264.0,79049
79051,9192.0,29379.0,79050
79052,9192.0,29386.0,79051
79053,9192.0,27637.0,79052
79054,9192.0,28016.0,79053
79055,9192.0,28218.0,79054
79056,9192.0,27999.0,79055
79057,9192.0,28077.0,79056
79058,9192.0,28077.0,79057
79059,9192.0,28559.0,79058
79060,9192.0,28560.0,79059
79061,9192.0,28576.0,79060
79062,9192.0,28403.0,79061
79063,9192.0,28487.0,79062
79064,9192.0,28622.0,79063
79065,9192.0,29673.0,79064
79066,9192.0,29904.0,79065
79067,9192.0,29830.0,79066
79068,9192.0,29779.0,79067
79069,9192.0,29965.0,79068
79070,9192.0,29961.0,79069
79071,9192.0,28788.0,79070
79072,9192.0,28384.0,79071
79073,9192.0,27725.0,79072
79074,9192.0,27572.0,79073
79075,9192.0,27448.0,79074
79076,9192.0,27956.0,79075
79077,9192.0,28080.0,79076
79078,9192.0,28127.0,79077
79079,9192.0,28127.0,79078
79080,9192.0,28743.0,79079
79081,9192.0,29111.0,79080
79082,9192.0,29548.0,79081
79083,9192.0,29782.0,79082
79084,9192.0,29837.0,79083
79085,9192.0,30256.0,79084
79086,9192.0,28747.0,79085
79087,9192.0,28772.0,79086
79088,9192.0,28520.0,79087
79089,9192.0,28237.0,79088
79090,9192.0,28237.0,79089
79091,9192.0,28903.0,79090
79092,9192.0,28772.0,79091
79093,9192.0,28986.0,79092
79094,9192.0,28624.0,79093
79095,9192.0,28742.0,79094
79096,9192.0,30516.0,79095
79097,9192.0,30171.0,79096
79098,9192.0,30306.0,79097
79099,9192.0,30118.0,79098
79100,9192.0,29827.0,79099
79101,9192.0,29788.0,79100
79102,9192.0,29347.0,79101
79103,9192.0,29187.0,79102
79104,9192.0,29173.0,79103
79105,9192.0,29190.0,79104
79106,9192.0,29470.0,79105
79107,9192.0,29300.0,79106
79108,9192.0,28048.0,79107
79109,9192.0,27376.0,79108
79110,9192.0,27564.0,79109
79111,9192.0,27597.0,79110
79112,9192.0,27645.0,79111
79113,9192.0,27645.0,79112
79114,9192.0,27128.0,79113
79115,9192.0,26937.0,79114
79116,9192.0,26673.0,79115
79117,9192.0,26672.0,79116
79118,9192.0,26414.0,79117
79119,9192.0,26384.0,79118
79120,9192.0,25102.0,79119
79121,9192.0,25933.0,79120
79122,9192.0,25490.0,79121
79123,9192.0,26621.0,79122
79124,9192.0,26085.0,79123
79125,9192.0,26612.0,79124
79126,9192.0,26612.0,79125
79127,9192.0,26314.0,79126
79128,9192.0,26133.0,79127
79129,9192.0,25312.0,79128
79130,9192.0,25312.0,79129
79131,9192.0,25723.0,79130
79132,9192.0,25377.0,79131
79133,9192.0,25640.0,79132
79134,9192.0,25927.0,79133
79135,9192.0,26006.0,79134
79136,9192.0,26156.0,79135
79137,9192.0,26512.0,79136
79138,9192.0,27376.0,79137
79139,9192.0,26489.0,79138
79140,9192.0,26568.0,79139
79141,9192.0,26568.0,79140
79142,9192.0,26057.0,79141
79143,9192.0,26057.0,79142
79144,9192.0,26843.0,79143
79145,9192.0,27608.0,79144
79146,9192.0,27537.0,79145
79147,9192.0,27533.0,79146
79148,9192.0,26522.0,79147
79149,9192.0,26771.0,79148
79150,9192.0,26771.0,79149
79151,9192.0,26686.0,79150
79152,9192.0,26686.0,79151
79153,9192.0,26755.0,79152
79154,9192.0,26943.0,79153
79155,9192.0,27625.0,79154
79156,9192.0,28177.0,79155
79157,9192.0,27621.0,79156
79158,9192.0,27508.0,79157
79159,9192.0,27508.0,79158
79160,9192.0,26902.0,79159
79161,9192.0,26881.0,79160
79162,9192.0,26289.0,79161
79163,9192.0,26305.0,79162
79164,9192.0,26298.0,79163
79165,9192.0,26971.0,79164
79166,9192.0,27264.0,79165
79167,9192.0,27395.0,79166
79168,9192.0,27387.0,79167
79169,9192.0,27367.0,79168
79170,9192.0,27392.0,79169
79171,9192.0,27677.0,79170
79172,9192.0,28461.0,79171
79173,9192.0,28521.0,79172
79174,9192.0,29096.0,79173
79175,9192.0,29450.0,79174
79176,9192.0,29458.0,79175
79177,9192.0,28747.0,79176
79178,9192.0,28361.0,79177
79179,9192.0,28338.0,79178
79180,9192.0,27717.0,79179
79181,9192.0,27581.0,79180
79182,9192.0,28651.0,79181
79183,9192.0,28570.0,79182
79184,9192.0,28969.0,79183
79185,9192.0,29690.0,79184
79186,9192.0,30097.0,79185
79187,9192.0,30295.0,79186
79188,9192.0,30375.0,79187
79189,9192.0,30610.0,79188
79190,9192.0,29215.0,79189
79191,9192.0,28297.0,79190
79192,9192.0,28768.0,79191
79193,9192.0,27835.0,79192
79194,9192.0,27993.0,79193
79195,9192.0,27900.0,79194
79196,9192.0,28165.0,79195
79197,9192.0,28100.0,79196
79198,9192.0,28033.0,79197
79199,9192.0,27736.0,79198
79200,9192.0,28630.0,79199
79201,9192.0,28352.0,79200
79202,9192.0,27867.0,79201
79203,9192.0,28069.0,79202
79204,9192.0,27863.0,79203
79205,9192.0,28157.0,79204
79206,9192.0,28455.0,79205
79207,9192.0,28958.0,79206
79208,9192.0,28973.0,79207
79209,9192.0,27988.0,79208
79210,9192.0,28516.0,79209
79211,9192.0,28709.0,79210
79212,9192.0,28488.0,79211
79213,9192.0,28457.0,79212
79214,9192.0,28333.0,79213
79215,9192.0,28341.0,79214
79216,9192.0,28339.0,79215
79217,9192.0,27750.0,79216
79218,9192.0,27692.0,79217
79219,9192.0,27785.0,79218
79220,9192.0,27785.0,79219
79221,9192.0,27322.0,79220
79222,9192.0,27428.0,79221
79223,9192.0,27481.0,79222
79224,9192.0,27513.0,79223
79225,9192.0,27486.0,79224
79226,9192.0,27493.0,79225
79227,9192.0,26581.0,79226
79228,9192.0,26748.0,79227
79229,9192.0,27584.0,79228
79230,9192.0,27440.0,79229
79231,9192.0,27822.0,79230
79232,9192.0,28576.0,79231
79233,9192.0,28379.0,79232
79234,9192.0,28288.0,79233
79235,9192.0,28069.0,79234
79236,9192.0,27870.0,79235
79237,9192.0,27389.0,79236
79238,9192.0,27122.0,79237
79239,9192.0,26922.0,79238
79240,9192.0,26828.0,79239
79241,9192.0,27239.0,79240
79242,9192.0,27238.0,79241
79243,9192.0,27881.0,79242
79244,9192.0,28709.0,79243
79245,9192.0,28419.0,79244
79246,9192.0,28389.0,79245
79247,9192.0,28132.0,79246
79248,9192.0,28885.0,79247
79249,9192.0,28718.0,79248
79250,9192.0,28721.0,79249
79251,9192.0,29348.0,79250
79252,9192.0,28442.0,79251
79253,9192.0,27865.0,79252
79254,9192.0,27718.0,79253
79255,9192.0,27836.0,79254
79256,9192.0,27384.0,79255
79257,9192.0,27370.0,79256
79258,9192.0,27380.0,79257
79259,9192.0,27206.0,79258
79260,9192.0,27206.0,79259
79261,9192.0,27489.0,79260
79262,9192.0,27623.0,79261
79263,9192.0,27623.0,79262
79264,9192.0,27987.0,79263
79265,9192.0,29480.0,79264
79266,9192.0,29889.0,79265
79267,9192.0,29901.0,79266
79268,9192.0,29372.0,79267
79269,9192.0,28920.0,79268
79270,9192.0,28610.0,79269
79271,9192.0,28394.0,79270
79272,9192.0,28113.0,79271
79273,9192.0,28212.0,79272
79274,9192.0,28206.0,79273
79275,9192.0,28954.0,79274
79276,9192.0,29038.0,79275
79277,9192.0,29135.0,79276
79278,9192.0,28443.0,79277
79279,9192.0,28673.0,79278
79280,9192.0,28024.0,79279
79281,9192.0,28736.0,79280
79282,9192.0,28169.0,79281
79283,9192.0,26795.0,79282
79284,9192.0,27128.0,79283
79285,9192.0,27142.0,79284
79286,9192.0,26748.0,79285
79287,9192.0,26316.0,79286
79288,9192.0,24824.0,79287
79289,9192.0,26379.0,79288
79290,9192.0,26333.0,79289
79291,9192.0,26418.0,79290
79292,9192.0,26431.0,79291
79293,9192.0,26242.0,79292
79294,9192.0,26221.0,79293
79295,9192.0,26221.0,79294
79296,9192.0,26163.0,79295
79297,9192.0,27544.0,79296
79298,9192.0,28393.0,79297
79299,9192.0,28989.0,79298
79300,9192.0,28705.0,79299
79301,9192.0,29354.0,79300
79302,9192.0,29268.0,79301
79303,9192.0,28961.0,79302
79304,9192.0,28961.0,79303
79305,9192.0,28933.0,79304
79306,9192.0,28142.0,79305
79307,9192.0,28177.0,79306
79308,9192.0,28071.0,79307
79309,9192.0,28076.0,79308
79310,9192.0,28371.0,79309
79311,9192.0,28683.0,79310
79312,9192.0,28541.0,79311
79313,9192.0,28313.0,79312
79314,9192.0,28313.0,79313
79315,9192.0,28319.0,79314
79316,9192.0,28931.0,79315
79317,9192.0,28613.0,79316
79318,9192.0,28572.0,79317
79319,9192.0,27940.0,79318
79320,9192.0,27857.0,79319
79321,9192.0,27669.0,79320
79322,9192.0,27480.0,79321
79323,9192.0,27733.0,79322
79324,9192.0,27632.0,79323
79325,9192.0,27028.0,79324
79326,9192.0,26624.0,79325
79327,9192.0,26801.0,79326
79328,9192.0,26400.0,79327
79329,9192.0,26400.0,79328
79330,9192.0,26178.0,79329
79331,9192.0,26591.0,79330
79332,9192.0,28310.0,79331
79333,9192.0,28532.0,79332
79334,9192.0,29116.0,79333
79335,9192.0,29796.0,79334
79336,9192.0,29796.0,79335
79337,9192.0,28400.0,79336
79338,9192.0,28317.0,79337
79339,9192.0,28264.0,79338
79340,9192.0,28991.0,79339
79341,9192.0,28769.0,79340
79342,9192.0,27830.0,79341
79343,9192.0,27907.0,79342
79344,9192.0,27978.0,79343
79345,9192.0,27929.0,79344
79346,9192.0,28373.0,79345
79347,9192.0,28154.0,79346
79348,9192.0,28167.0,79347
79349,9192.0,28382.0,79348
79350,9192.0,27957.0,79349
79351,9192.0,28013.0,79350
79352,9192.0,28615.0,79351
79353,9192.0,28260.0,79352
79354,9192.0,28454.0,79353
79355,9192.0,27941.0,79354
79356,9192.0,28158.0,79355
79357,9192.0,29789.0,79356
79358,9192.0,29926.0,79357
79359,9192.0,29829.0,79358
79360,9192.0,29400.0,79359
79361,9192.0,29336.0,79360
79362,9192.0,29339.0,79361
79363,9192.0,30347.0,79362
79364,9192.0,30395.0,79363
79365,9192.0,30161.0,79364
79366,9192.0,30140.0,79365
79367,9192.0,30017.0,79366
79368,9192.0,30454.0,79367
79369,9192.0,30730.0,79368
79370,9192.0,30730.0,79369
79371,9192.0,30421.0,79370
79372,9192.0,30379.0,79371
79373,9192.0,31156.0,79372
79374,9192.0,31206.0,79373
79375,9192.0,31375.0,79374
79376,9192.0,32421.0,79375
79377,9192.0,31777.0,79376
79378,9192.0,31771.0,79377
79379,9192.0,31883.0,79378
79380,9192.0,31847.0,79379
79381,9192.0,31315.0,79380
79382,9192.0,30990.0,79381
79383,9192.0,31743.0,79382
79384,9192.0,32002.0,79383
79385,9192.0,31867.0,79384
79386,9192.0,31867.0,79385
79387,9192.0,32262.0,79386
79388,9192.0,32660.0,79387
79389,9192.0,32032.0,79388
79390,9192.0,31552.0,79389
79391,9192.0,30992.0,79390
79392,9192.0,30554.0,79391
79393,9192.0,30554.0,79392
79394,9192.0,30430.0,79393
79395,9192.0,30409.0,79394
79396,9192.0,30728.0,79395
79397,9192.0,30565.0,79396
79398,9192.0,30335.0,79397
79399,9192.0,30386.0,79398
79400,9192.0,30386.0,79399
79401,9192.0,30562.0,79400
79402,9192.0,30610.0,79401
79403,9192.0,30175.0,79402
79404,9192.0,30735.0,79403
79405,9192.0,30847.0,79404
79406,9192.0,30785.0,79405
79407,9192.0,30719.0,79406
79408,9192.0,30635.0,79407
79409,9192.0,30654.0,79408
79410,9192.0,30635.0,79409
79411,9192.0,30300.0,79410
79412,9192.0,30137.0,79411
79413,9192.0,30348.0,79412
79414,9192.0,29931.0,79413
79415,9192.0,30729.0,79414
79416,9192.0,30620.0,79415
79417,9192.0,30602.0,79416
79418,9192.0,30486.0,79417
79419,9192.0,30145.0,79418
79420,9192.0,30142.0,79419
79421,9192.0,30142.0,79420
79422,9192.0,30812.0,79421
79423,9192.0,30775.0,79422
79424,9192.0,30356.0,79423
79425,9192.0,30744.0,79424
79426,9192.0,31067.0,79425
79427,9192.0,31092.0,79426
79428,9192.0,31090.0,79427
79429,9192.0,30603.0,79428
79430,9192.0,30570.0,79429
79431,9192.0,30778.0,79430
79432,9192.0,30732.0,79431
79433,9192.0,28891.0,79432
79434,9192.0,29189.0,79433
79435,9192.0,29059.0,79434
79436,9192.0,30068.0,79435
79437,9192.0,30532.0,79436
79438,9192.0,30534.0,79437
79439,9192.0,31140.0,79438
79440,9192.0,31179.0,79439
79441,9192.0,31232.0,79440
79442,9192.0,30788.0,79441
79443,9192.0,30656.0,79442
79444,9192.0,31201.0,79443
79445,9192.0,31165.0,79444
79446,9192.0,30538.0,79445
79447,9192.0,30772.0,79446
79448,9192.0,30540.0,79447
79449,9192.0,31071.0,79448
79450,9192.0,30871.0,79449
79451,9192.0,30991.0,79450
79452,9192.0,30525.0,79451
79453,9192.0,30658.0,79452
79454,9192.0,30658.0,79453
79455,9192.0,30130.0,79454
79456,9192.0,30300.0,79455
79457,9192.0,31132.0,79456
79458,9192.0,31153.0,79457
79459,9192.0,31125.0,79458
79460,9192.0,31244.0,79459
79461,9192.0,30742.0,79460
79462,9192.0,31216.0,79461
79463,9192.0,30974.0,79462
79464,9192.0,30899.0,79463
79465,9192.0,31007.0,79464
79466,9192.0,31652.0,79465
79467,9192.0,31345.0,79466
79468,9192.0,31345.0,79467
79469,9192.0,31296.0,79468
79470,9192.0,31360.0,79469
79471,9192.0,31850.0,79470
79472,9192.0,30934.0,79471
79473,9192.0,31104.0,79472
79474,9192.0,30318.0,79473
79475,9192.0,30286.0,79474
79476,9192.0,30392.0,79475
79477,9192.0,30466.0,79476
79478,9192.0,30401.0,79477
79479,9192.0,30700.0,79478
79480,9192.0,31096.0,79479
79481,9192.0,30699.0,79480
79482,9192.0,30673.0,79481
79483,9192.0,30681.0,79482
79484,9192.0,30578.0,79483
79485,9192.0,30544.0,79484
79486,9192.0,31476.0,79485
79487,9192.0,31383.0,79486
79488,9192.0,31411.0,79487
79489,9192.0,31655.0,79488
79490,9192.0,31675.0,79489
79491,9192.0,30159.0,79490
79492,9192.0,30159.0,79491
79493,9192.0,29960.0,79492
79494,9192.0,29541.0,79493
79495,9192.0,29511.0,79494
79496,9192.0,29521.0,79495
79497,9192.0,29716.0,79496
79498,9192.0,29646.0,79497
79499,9192.0,29759.0,79498
79500,9192.0,29683.0,79499
79501,9192.0,29911.0,79500
79502,9192.0,29602.0,79501
79503,9192.0,28958.0,79502
79504,9192.0,29042.0,79503
79505,9192.0,30464.0,79504
79506,9192.0,31166.0,79505
79507,9192.0,31081.0,79506
79508,9192.0,32055.0,79507
79509,9192.0,32085.0,79508
79510,9192.0,32179.0,79509
79511,9192.0,31758.0,79510
79512,9192.0,30238.0,79511
79513,9192.0,30071.0,79512
79514,9192.0,29988.0,79513
79515,9192.0,29963.0,79514
79516,9192.0,29963.0,79515
79517,9192.0,29528.0,79516
79518,9192.0,29695.0,79517
79519,9192.0,29726.0,79518
79520,9192.0,29753.0,79519
79521,9192.0,30201.0,79520
79522,9192.0,30055.0,79521
79523,9192.0,30350.0,79522
79524,9192.0,30275.0,79523
79525,9192.0,30402.0,79524
79526,9192.0,30688.0,79525
79527,9192.0,30213.0,79526
79528,9192.0,30335.0,79527
79529,9192.0,30146.0,79528
79530,9192.0,29920.0,79529
79531,9192.0,29565.0,79530
79532,9192.0,29556.0,79531
79533,9192.0,29361.0,79532
79534,9192.0,29326.0,79533
79535,9192.0,29072.0,79534
79536,9192.0,28676.0,79535
79537,9192.0,28765.0,79536
79538,9192.0,28565.0,79537
79539,9192.0,28560.0,79538
79540,9192.0,28957.0,79539
79541,9192.0,28993.0,79540
79542,9192.0,29336.0,79541
79543,9192.0,29175.0,79542
79544,9192.0,28925.0,79543
79545,9192.0,29179.0,79544
79546,9192.0,28920.0,79545
79547,9192.0,30663.0,79546
79548,9192.0,30571.0,79547
79549,9192.0,30647.0,79548
79550,9192.0,30728.0,79549
79551,9192.0,32077.0,79550
79552,9192.0,32368.0,79551
79553,9192.0,32533.0,79552
79554,9192.0,32103.0,79553
79555,9192.0,31386.0,79554
79556,9192.0,31390.0,79555
79557,9192.0,31416.0,79556
79558,9192.0,31493.0,79557
79559,9192.0,31609.0,79558
79560,9192.0,31628.0,79559
79561,9192.0,31675.0,79560
79562,9192.0,31640.0,79561
79563,9192.0,31869.0,79562
79564,9192.0,30632.0,79563
79565,9192.0,30634.0,79564
79566,9192.0,31184.0,79565
79567,9192.0,31167.0,79566
79568,9192.0,30626.0,79567
79569,9192.0,30377.0,79568
79570,9192.0,30183.0,79569
79571,9192.0,30359.0,79570
79572,9192.0,30368.0,79571
79573,9192.0,30637.0,79572
79574,9192.0,30439.0,79573
79575,9192.0,30234.0,79574
79576,9192.0,30337.0,79575
79577,9192.0,30561.0,79576
79578,9192.0,30551.0,79577
79579,9192.0,30275.0,79578
79580,9192.0,30153.0,79579
79581,9192.0,29967.0,79580
79582,9192.0,30136.0,79581
79583,9192.0,30393.0,79582
79584,9192.0,30429.0,79583
79585,9192.0,30532.0,79584
79586,9192.0,30532.0,79585
79587,9192.0,30590.0,79586
79588,9192.0,30590.0,79587
79589,9192.0,30878.0,79588
79590,9192.0,30845.0,79589
79591,9192.0,30912.0,79590
79592,9192.0,30799.0,79591
79593,9192.0,31108.0,79592
79594,9192.0,30998.0,79593
79595,9192.0,30667.0,79594
79596,9192.0,30112.0,79595
79597,9192.0,30112.0,79596
79598,9192.0,30525.0,79597
79599,9192.0,30352.0,79598
79600,9192.0,30266.0,79599
79601,9192.0,30050.0,79600
79602,9192.0,29631.0,79601
79603,9192.0,29596.0,79602
79604,9192.0,29555.0,79603
79605,9192.0,29077.0,79604
79606,9192.0,28518.0,79605
79607,9192.0,28496.0,79606
79608,9192.0,27613.0,79607
79609,9192.0,27776.0,79608
79610,9192.0,27809.0,79609
79611,9192.0,27962.0,79610
79612,9192.0,27605.0,79611
79613,9192.0,27621.0,79612
79614,9192.0,26645.0,79613
79615,9192.0,26687.0,79614
79616,9192.0,26821.0,79615
79617,9192.0,26507.0,79616
79618,9192.0,26966.0,79617
79619,9192.0,27785.0,79618
79620,9192.0,27935.0,79619
79621,9192.0,27981.0,79620
79622,9192.0,27850.0,79621
79623,9192.0,26464.0,79622
79624,9192.0,26580.0,79623
79625,9192.0,26597.0,79624
79626,9192.0,26617.0,79625
79627,9192.0,26719.0,79626
79628,9192.0,26480.0,79627
79629,9192.0,26480.0,79628
79630,9192.0,26726.0,79629
79631,9192.0,28189.0,79630
79632,9192.0,28922.0,79631
79633,9192.0,29043.0,79632
79634,9192.0,29015.0,79633
79635,9192.0,27256.0,79634
79636,9192.0,27650.0,79635
79637,9192.0,27214.0,79636
79638,9192.0,27137.0,79637
79639,9192.0,27300.0,79638
79640,9192.0,27471.0,79639
79641,9192.0,27483.0,79640
79642,9192.0,27065.0,79641
79643,9192.0,26981.0,79642
79644,9192.0,26568.0,79643
79645,9192.0,26510.0,79644
79646,9192.0,26795.0,79645
79647,9192.0,26883.0,79646
79648,9192.0,27590.0,79647
79649,9192.0,27855.0,79648
79650,9192.0,27971.0,79649
79651,9192.0,27921.0,79650
79652,9192.0,29095.0,79651
79653,9192.0,29349.0,79652
79654,9192.0,30207.0,79653
79655,9192.0,29841.0,79654
79656,9192.0,29661.0,79655
79657,9192.0,29251.0,79656
79658,9192.0,29173.0,79657
79659,9192.0,29170.0,79658
79660,9192.0,29329.0,79659
79661,9192.0,29603.0,79660
79662,9192.0,29360.0,79661
79663,9192.0,29446.0,79662
79664,9192.0,29446.0,79663
79665,9192.0,29395.0,79664
79666,9192.0,28926.0,79665
79667,9192.0,29674.0,79666
79668,9192.0,29784.0,79667
79669,9192.0,30303.0,79668
79670,9192.0,30083.0,79669
79671,9192.0,30475.0,79670
79672,9192.0,30494.0,79671
79673,9192.0,30494.0,79672
79674,9192.0,30494.0,79673
79675,9192.0,30265.0,79674
79676,9192.0,30295.0,79675
79677,9192.0,31271.0,79676
79678,9192.0,31447.0,79677
79679,9192.0,31440.0,79678
79680,9192.0,31307.0,79679
79681,9192.0,31547.0,79680
79682,9192.0,31567.0,79681
79683,9192.0,31168.0,79682
79684,9192.0,31144.0,79683
79685,9192.0,31131.0,79684
79686,9192.0,31196.0,79685
79687,9192.0,32179.0,79686
79688,9192.0,32030.0,79687
79689,9192.0,31517.0,79688
79690,9192.0,31624.0,79689
79691,9192.0,31621.0,79690
79692,9192.0,30797.0,79691
79693,9192.0,30783.0,79692
79694,9192.0,30453.0,79693
79695,9192.0,30294.0,79694
79696,9192.0,30534.0,79695
79697,9192.0,30457.0,79696
79698,9192.0,30502.0,79697
79699,9192.0,30461.0,79698
79700,9192.0,30221.0,79699
79701,9192.0,30365.0,79700
79702,9192.0,30402.0,79701
79703,9192.0,30434.0,79702
79704,9192.0,30035.0,79703
79705,9192.0,30613.0,79704
79706,9192.0,30753.0,79705
79707,9192.0,30967.0,79706
79708,9192.0,30967.0,79707
79709,9192.0,31815.0,79708
79710,9192.0,31815.0,79709
79711,9192.0,31646.0,79710
79712,9192.0,31382.0,79711
79713,9192.0,30498.0,79712
79714,9192.0,30929.0,79713
79715,9192.0,29498.0,79714
79716,9192.0,28435.0,79715
79717,9192.0,27580.0,79716
79718,9192.0,27250.0,79717
79719,9192.0,27464.0,79718
79720,9192.0,27464.0,79719
79721,9192.0,27824.0,79720
79722,9192.0,28697.0,79721
79723,9192.0,29630.0,79722
79724,9192.0,29542.0,79723
79725,9192.0,29531.0,79724
79726,9192.0,29531.0,79725
79727,9192.0,29763.0,79726
79728,9192.0,29880.0,79727
79729,9192.0,29244.0,79728
79730,9192.0,29461.0,79729
79731,9192.0,30116.0,79730
79732,9192.0,30137.0,79731
79733,9192.0,28625.0,79732
79734,9192.0,28057.0,79733
79735,9192.0,27639.0,79734
79736,9192.0,28252.0,79735
79737,9192.0,28443.0,79736
79738,9192.0,28742.0,79737
79739,9192.0,29777.0,79738
79740,9192.0,29777.0,79739
79741,9192.0,29476.0,79740
79742,9192.0,29710.0,79741
79743,9192.0,30426.0,79742
79744,9192.0,30384.0,79743
79745,9192.0,30351.0,79744
79746,9192.0,30190.0,79745
79747,9192.0,29570.0,79746
79748,9192.0,29570.0,79747
79749,9192.0,29431.0,79748
79750,9192.0,29939.0,79749
79751,9192.0,29960.0,79750
79752,9192.0,31044.0,79751
79753,9192.0,31044.0,79752
79754,9192.0,30066.0,79753
79755,9192.0,30256.0,79754
79756,9192.0,29737.0,79755
79757,9192.0,30099.0,79756
79758,9192.0,30161.0,79757
79759,9192.0,29769.0,79758
79760,9192.0,30465.0,79759
79761,9192.0,30859.0,79760
79762,9192.0,31071.0,79761
79763,9192.0,31175.0,79762
79764,9192.0,31215.0,79763
79765,9192.0,30634.0,79764
79766,9192.0,30939.0,79765
79767,9192.0,31022.0,79766
79768,9192.0,31022.0,79767
79769,9192.0,31036.0,79768
79770,9192.0,30763.0,79769
79771,9192.0,30170.0,79770
79772,9192.0,31013.0,79771
79773,9192.0,31013.0,79772
79774,9192.0,30756.0,79773
79775,9192.0,30509.0,79774
79776,9192.0,30350.0,79775
79777,9192.0,30253.0,79776
79778,9192.0,29852.0,79777
79779,9192.0,29758.0,79778
79780,9192.0,29872.0,79779
79781,9192.0,29379.0,79780
79782,9192.0,29637.0,79781
79783,9192.0,29575.0,79782
79784,9192.0,29011.0,79783
79785,9192.0,28392.0,79784
79786,9192.0,28320.0,79785
79787,9192.0,28320.0,79786
79788,9192.0,28320.0,79787
79789,9192.0,27804.0,79788
79790,9192.0,28304.0,79789
79791,9192.0,28406.0,79790
79792,9192.0,28980.0,79791
79793,9192.0,29385.0,79792
79794,9192.0,29997.0,79793
79795,9192.0,30189.0,79794
79796,9192.0,29360.0,79795
79797,9192.0,29398.0,79796
79798,9192.0,29481.0,79797
79799,9192.0,29418.0,79798
79800,9192.0,29691.0,79799
79801,9192.0,30437.0,79800
79802,9192.0,30620.0,79801
79803,9192.0,30426.0,79802
79804,9192.0,30426.0,79803
79805,9192.0,30706.0,79804
79806,9192.0,31474.0,79805
79807,9192.0,31824.0,79806
79808,9192.0,31988.0,79807
79809,9192.0,30274.0,79808
79810,9192.0,29724.0,79809
79811,9192.0,29357.0,79810
79812,9192.0,29357.0,79811
79813,9192.0,29394.0,79812
79814,9192.0,29919.0,79813
79815,9192.0,30366.0,79814
79816,9192.0,30362.0,79815
79817,9192.0,30329.0,79816
79818,9192.0,30180.0,79817
79819,9192.0,30611.0,79818
79820,9192.0,30485.0,79819
79821,9192.0,30447.0,79820
79822,9192.0,29977.0,79821
79823,9192.0,30139.0,79822
79824,9192.0,29309.0,79823
79825,9192.0,29309.0,79824
79826,9192.0,29215.0,79825
79827,9192.0,28621.0,79826
79828,9192.0,28807.0,79827
79829,9192.0,28556.0,79828
79830,9192.0,30051.0,79829
79831,9192.0,29914.0,79830
79832,9192.0,29838.0,79831
79833,9192.0,30223.0,79832
79834,9192.0,28449.0,79833
79835,9192.0,27515.0,79834
79836,9192.0,27548.0,79835
79837,9192.0,27576.0,79836
79838,9192.0,27340.0,79837
79839,9192.0,27340.0,79838
79840,9192.0,27340.0,79839
79841,9192.0,27908.0,79840
79842,9192.0,28034.0,79841
79843,9192.0,27387.0,79842
79844,9192.0,27338.0,79843
79845,9192.0,27411.0,79844
79846,9192.0,26975.0,79845
79847,9192.0,26924.0,79846
79848,9192.0,27038.0,79847
79849,9192.0,27038.0,79848
79850,9192.0,27414.0,79849
79851,9192.0,28119.0,79850
79852,9192.0,27913.0,79851
79853,9192.0,28437.0,79852
79854,9192.0,28224.0,79853
79855,9192.0,28394.0,79854
79856,9192.0,28299.0,79855
79857,9192.0,28299.0,79856
79858,9192.0,28329.0,79857
79859,9192.0,28475.0,79858
79860,9192.0,28281.0,79859
79861,9192.0,28199.0,79860
79862,9192.0,27296.0,79861
79863,9192.0,27296.0,79862
79864,9192.0,27483.0,79863
79865,9192.0,27700.0,79864
79866,9192.0,27683.0,79865
79867,9192.0,27140.0,79866
79868,9192.0,27140.0,79867
79869,9192.0,27140.0,79868
79870,9192.0,27265.0,79869
79871,9192.0,27568.0,79870
79872,9192.0,27350.0,79871
79873,9192.0,26505.0,79872
79874,9192.0,26347.0,79873
79875,9192.0,26347.0,79874
79876,9192.0,25607.0,79875
79877,9192.0,25524.0,79876
79878,9192.0,25776.0,79877
79879,9192.0,26318.0,79878
79880,9192.0,26318.0,79879
79881,9192.0,26461.0,79880
79882,9192.0,26130.0,79881
79883,9192.0,26130.0,79882
79884,9192.0,26146.0,79883
79885,9192.0,25771.0,79884
79886,9192.0,26455.0,79885
79887,9192.0,25927.0,79886
79888,9192.0,25973.0,79887
79889,9192.0,25873.0,79888
79890,9192.0,25844.0,79889
79891,9192.0,25944.0,79890
79892,9192.0,26855.0,79891
79893,9192.0,26864.0,79892
79894,9192.0,26641.0,79893
79895,9192.0,26603.0,79894
79896,9192.0,26400.0,79895
79897,9192.0,26578.0,79896
79898,9192.0,26578.0,79897
79899,9192.0,26478.0,79898
79900,9192.0,27387.0,79899
79901,9192.0,27784.0,79900
79902,9192.0,28471.0,79901
79903,9192.0,28876.0,79902
79904,9192.0,29840.0,79903
79905,9192.0,30137.0,79904
79906,9192.0,29307.0,79905
79907,9192.0,30397.0,79906
79908,9192.0,30526.0,79907
79909,9192.0,30462.0,79908
79910,9192.0,30225.0,79909
79911,9192.0,29347.0,79910
79912,9192.0,29347.0,79911
79913,9192.0,29105.0,79912
79914,9192.0,29363.0,79913
79915,9192.0,28748.0,79914
79916,9192.0,28258.0,79915
79917,9192.0,28016.0,79916
79918,9192.0,28083.0,79917
79919,9192.0,26676.0,79918
79920,9192.0,26577.0,79919
79921,9192.0,26733.0,79920
79922,9192.0,26641.0,79921
79923,9192.0,26804.0,79922
79924,9192.0,26778.0,79923
79925,9192.0,26967.0,79924
79926,9192.0,27843.0,79925
79927,9192.0,28244.0,79926
79928,9192.0,28249.0,79927
79929,9192.0,28249.0,79928
79930,9192.0,27941.0,79929
79931,9192.0,27493.0,79930
79932,9192.0,26997.0,79931
79933,9192.0,25858.0,79932
79934,9192.0,26322.0,79933
79935,9192.0,26355.0,79934
79936,9192.0,25773.0,79935
79937,9192.0,25771.0,79936
79938,9192.0,25798.0,79937
79939,9192.0,25324.0,79938
79940,9192.0,25356.0,79939
79941,9192.0,26113.0,79940
79942,9192.0,26210.0,79941
79943,9192.0,26210.0,79942
79944,9192.0,25398.0,79943
79945,9192.0,25390.0,79944
79946,9192.0,26666.0,79945
79947,9192.0,26666.0,79946
79948,9192.0,28245.0,79947
79949,9192.0,27740.0,79948
79950,9192.0,28304.0,79949
79951,9192.0,28368.0,79950
79952,9192.0,28234.0,79951
79953,9192.0,28602.0,79952
79954,9192.0,29292.0,79953
79955,9192.0,28610.0,79954
79956,9192.0,28218.0,79955
79957,9192.0,28119.0,79956
79958,9192.0,27741.0,79957
79959,9192.0,27828.0,79958
79960,9192.0,27811.0,79959
79961,9192.0,27815.0,79960
79962,9192.0,27984.0,79961
79963,9192.0,27984.0,79962
79964,9192.0,28076.0,79963
79965,9192.0,28218.0,79964
79966,9192.0,28051.0,79965
79967,9192.0,27202.0,79966
79968,9192.0,27202.0,79967
79969,9192.0,27113.0,79968
79970,9192.0,27113.0,79969
79971,9192.0,27109.0,79970
79972,9192.0,27109.0,79971
79973,9192.0,27109.0,79972
79974,9192.0,26517.0,79973
79975,9192.0,25886.0,79974
79976,9192.0,25911.0,79975
79977,9192.0,25998.0,79976
79978,9192.0,26616.0,79977
79979,9192.0,27959.0,79978
79980,9192.0,27959.0,79979
79981,9192.0,28269.0,79980
79982,9192.0,27642.0,79981
79983,9192.0,27695.0,79982
79984,9192.0,28041.0,79983
79985,9192.0,28374.0,79984
79986,9192.0,28353.0,79985
79987,9192.0,28361.0,79986
79988,9192.0,28835.0,79987
79989,9192.0,28982.0,79988
79990,9192.0,28868.0,79989
79991,9192.0,28768.0,79990
79992,9192.0,28642.0,79991
79993,9192.0,28627.0,79992
79994,9192.0,28153.0,79993
79995,9192.0,28486.0,79994
79996,9192.0,28031.0,79995
79997,9192.0,28791.0,79996
79998,9192.0,29586.0,79997
79999,9192.0,28694.0,79998
80000,9192.0,30812.0,79999
80001,9192.0,30874.0,80000
80002,9192.0,30838.0,80001
80003,9192.0,31648.0,80002
80004,9192.0,31682.0,80003
80005,9192.0,31681.0,80004
80006,9192.0,31742.0,80005
80007,9192.0,31531.0,80006
80008,9192.0,31531.0,80007
80009,9192.0,31301.0,80008
80010,9192.0,31653.0,80009
80011,9192.0,31592.0,80010
80012,9192.0,31102.0,80011
80013,9192.0,30887.0,80012
80014,9192.0,30995.0,80013
80015,9192.0,30843.0,80014
80016,9192.0,29638.0,80015
80017,9192.0,29411.0,80016
80018,9192.0,29475.0,80017
80019,9192.0,30298.0,80018
80020,9192.0,30358.0,80019
80021,9192.0,30358.0,80020
80022,9192.0,30436.0,80021
80023,9192.0,30200.0,80022
80024,9192.0,29530.0,80023
80025,9192.0,29626.0,80024
80026,9192.0,29095.0,80025
80027,9192.0,28991.0,80026
80028,9192.0,28719.0,80027
80029,9192.0,28717.0,80028
80030,9192.0,28620.0,80029
80031,9192.0,28571.0,80030
80032,9192.0,28632.0,80031
80033,9192.0,29433.0,80032
80034,9192.0,29349.0,80033
80035,9192.0,29055.0,80034
80036,9192.0,29785.0,80035
80037,9192.0,30760.0,80036
80038,9192.0,30646.0,80037
80039,9192.0,30369.0,80038
80040,9192.0,30105.0,80039
80041,9192.0,30038.0,80040
80042,9192.0,27858.0,80041
80043,9192.0,28008.0,80042
80044,9192.0,27664.0,80043
80045,9192.0,27148.0,80044
80046,9192.0,28223.0,80045
80047,9192.0,27426.0,80046
80048,9192.0,27344.0,80047
80049,9192.0,27940.0,80048
80050,9192.0,28172.0,80049
80051,9192.0,28172.0,80050
80052,9192.0,28340.0,80051
80053,9192.0,28322.0,80052
80054,9192.0,29096.0,80053
80055,9192.0,29043.0,80054
80056,9192.0,29375.0,80055
80057,9192.0,29703.0,80056
80058,9192.0,29762.0,80057
80059,9192.0,29087.0,80058
80060,9192.0,28453.0,80059
80061,9192.0,29171.0,80060
80062,9192.0,29813.0,80061
80063,9192.0,29864.0,80062
80064,9192.0,30050.0,80063
80065,9192.0,30050.0,80064
80066,9192.0,30050.0,80065
80067,9192.0,30035.0,80066
80068,9192.0,30074.0,80067
80069,9192.0,30074.0,80068
80070,9192.0,29890.0,80069
80071,9192.0,29756.0,80070
80072,9192.0,29307.0,80071
80073,9192.0,28959.0,80072
80074,9192.0,29312.0,80073
80075,9192.0,29047.0,80074
80076,9192.0,29530.0,80075
80077,9192.0,29847.0,80076
80078,9192.0,30235.0,80077
80079,9192.0,30080.0,80078
80080,9192.0,29965.0,80079
80081,9192.0,29969.0,80080
80082,9192.0,29969.0,80081
80083,9192.0,28526.0,80082
80084,9192.0,27703.0,80083
80085,9192.0,27837.0,80084
80086,9192.0,27807.0,80085
80087,9192.0,27884.0,80086
80088,9192.0,28144.0,80087
80089,9192.0,27995.0,80088
80090,9192.0,27697.0,80089
80091,9192.0,28639.0,80090
80092,9192.0,28333.0,80091
80093,9192.0,28138.0,80092
80094,9192.0,28112.0,80093
80095,9192.0,28351.0,80094
80096,9192.0,28568.0,80095
80097,9192.0,28421.0,80096
80098,9192.0,27692.0,80097
80099,9192.0,28413.0,80098
80100,9192.0,28350.0,80099
80101,9192.0,28348.0,80100
80102,9192.0,27820.0,80101
80103,9192.0,27798.0,80102
80104,9192.0,28232.0,80103
80105,9192.0,28404.0,80104
80106,9192.0,28404.0,80105
80107,9192.0,28445.0,80106
80108,9192.0,29780.0,80107
80109,9192.0,30077.0,80108
80110,9192.0,29009.0,80109
80111,9192.0,29101.0,80110
80112,9192.0,29030.0,80111
80113,9192.0,28889.0,80112
80114,9192.0,28757.0,80113
80115,9192.0,27723.0,80114
80116,9192.0,27723.0,80115
80117,9192.0,28143.0,80116
80118,9192.0,28269.0,80117
80119,9192.0,28269.0,80118
80120,9192.0,28293.0,80119
80121,9192.0,28277.0,80120
80122,9192.0,28252.0,80121
80123,9192.0,28223.0,80122
80124,9192.0,28135.0,80123
80125,9192.0,28870.0,80124
80126,9192.0,28969.0,80125
80127,9192.0,28973.0,80126
80128,9192.0,28973.0,80127
80129,9192.0,28309.0,80128
80130,9192.0,28309.0,80129
80131,9192.0,28336.0,80130
80132,9192.0,28336.0,80131
80133,9192.0,28368.0,80132
80134,9192.0,28321.0,80133
80135,9192.0,28298.0,80134
80136,9192.0,28895.0,80135
80137,9192.0,29295.0,80136
80138,9192.0,28588.0,80137
80139,9192.0,28588.0,80138
80140,9192.0,29619.0,80139
80141,9192.0,29652.0,80140
80142,9192.0,30165.0,80141
80143,9192.0,30118.0,80142
80144,9192.0,30097.0,80143
80145,9192.0,30389.0,80144
80146,9192.0,29869.0,80145
80147,9192.0,28950.0,80146
80148,9192.0,28718.0,80147
80149,9192.0,28764.0,80148
80150,9192.0,28540.0,80149
80151,9192.0,28550.0,80150
80152,9192.0,28608.0,80151
80153,9192.0,28698.0,80152
80154,9192.0,28714.0,80153
80155,9192.0,28412.0,80154
80156,9192.0,28488.0,80155
80157,9192.0,28469.0,80156
80158,9192.0,27473.0,80157
80159,9192.0,27070.0,80158
80160,9192.0,26722.0,80159
80161,9192.0,26680.0,80160
80162,9192.0,27472.0,80161
80163,9192.0,27937.0,80162
80164,9192.0,27836.0,80163
80165,9192.0,27059.0,80164
80166,9192.0,27234.0,80165
80167,9192.0,27777.0,80166
80168,9192.0,28187.0,80167
80169,9192.0,28290.0,80168
80170,9192.0,28284.0,80169
80171,9192.0,27657.0,80170
80172,9192.0,27895.0,80171
80173,9192.0,28780.0,80172
80174,9192.0,28804.0,80173
80175,9192.0,28810.0,80174
80176,9192.0,28762.0,80175
80177,9192.0,28914.0,80176
80178,9192.0,28860.0,80177
80179,9192.0,29138.0,80178
80180,9192.0,29024.0,80179
80181,9192.0,29066.0,80180
80182,9192.0,29066.0,80181
80183,9192.0,28802.0,80182
80184,9192.0,29204.0,80183
80185,9192.0,29205.0,80184
80186,9192.0,29507.0,80185
80187,9192.0,29377.0,80186
80188,9192.0,29229.0,80187
80189,9192.0,29454.0,80188
80190,9192.0,29063.0,80189
80191,9192.0,29282.0,80190
80192,9192.0,29462.0,80191
80193,9192.0,29881.0,80192
80194,9192.0,29179.0,80193
80195,9192.0,29244.0,80194
80196,9192.0,29244.0,80195
80197,9192.0,28745.0,80196
80198,9192.0,28769.0,80197
80199,9192.0,28769.0,80198
80200,9192.0,28855.0,80199
80201,9192.0,27877.0,80200
80202,9192.0,28025.0,80201
80203,9192.0,29264.0,80202
80204,9192.0,29260.0,80203
80205,9192.0,28528.0,80204
80206,9192.0,28225.0,80205
80207,9192.0,28086.0,80206
80208,9192.0,28100.0,80207
80209,9192.0,28034.0,80208
80210,9192.0,28138.0,80209
80211,9192.0,28840.0,80210
80212,9192.0,28396.0,80211
80213,9192.0,28092.0,80212
80214,9192.0,28092.0,80213
80215,9192.0,27757.0,80214
80216,9192.0,27651.0,80215
80217,9192.0,27250.0,80216
80218,9192.0,27765.0,80217
80219,9192.0,27817.0,80218
80220,9192.0,27817.0,80219
80221,9192.0,28390.0,80220
80222,9192.0,27894.0,80221
80223,9192.0,28519.0,80222
80224,9192.0,28519.0,80223
80225,9192.0,28723.0,80224
80226,9192.0,28877.0,80225
80227,9192.0,28677.0,80226
80228,9192.0,28677.0,80227
80229,9192.0,28557.0,80228
80230,9192.0,28538.0,80229
80231,9192.0,28538.0,80230
80232,9192.0,28765.0,80231
80233,9192.0,29205.0,80232
80234,9192.0,29006.0,80233
80235,9192.0,28973.0,80234
80236,9192.0,27659.0,80235
80237,9192.0,27966.0,80236
80238,9192.0,27632.0,80237
80239,9192.0,28050.0,80238
80240,9192.0,27816.0,80239
80241,9192.0,27335.0,80240
80242,9192.0,28117.0,80241
80243,9192.0,28100.0,80242
80244,9192.0,27999.0,80243
80245,9192.0,27988.0,80244
80246,9192.0,28228.0,80245
80247,9192.0,28040.0,80246
80248,9192.0,28040.0,80247
80249,9192.0,27658.0,80248
80250,9192.0,27963.0,80249
80251,9192.0,27838.0,80250
80252,9192.0,27802.0,80251
80253,9192.0,27925.0,80252
80254,9192.0,27952.0,80253
80255,9192.0,28425.0,80254
80256,9192.0,28644.0,80255
80257,9192.0,28232.0,80256
80258,9192.0,28014.0,80257
80259,9192.0,27350.0,80258
80260,9192.0,29019.0,80259
80261,9192.0,28905.0,80260
80262,9192.0,29055.0,80261
80263,9192.0,29241.0,80262
80264,9192.0,28493.0,80263
80265,9192.0,29269.0,80264
80266,9192.0,29269.0,80265
80267,9192.0,29269.0,80266
80268,9192.0,29231.0,80267
80269,9192.0,29817.0,80268
80270,9192.0,29779.0,80269
80271,9192.0,30037.0,80270
80272,9192.0,29435.0,80271
80273,9192.0,28886.0,80272
80274,9192.0,28608.0,80273
80275,9192.0,28658.0,80274
80276,9192.0,28658.0,80275
80277,9192.0,28639.0,80276
80278,9192.0,28863.0,80277
80279,9192.0,29670.0,80278
80280,9192.0,29712.0,80279
80281,9192.0,29643.0,80280
80282,9192.0,29725.0,80281
80283,9192.0,29589.0,80282
80284,9192.0,29620.0,80283
80285,9192.0,30096.0,80284
80286,9192.0,29666.0,80285
80287,9192.0,30429.0,80286
80288,9192.0,30992.0,80287
80289,9192.0,31041.0,80288
80290,9192.0,31011.0,80289
80291,9192.0,30377.0,80290
80292,9192.0,30510.0,80291
80293,9192.0,30689.0,80292
80294,9192.0,30608.0,80293
80295,9192.0,30640.0,80294
80296,9192.0,30146.0,80295
80297,9192.0,30003.0,80296
80298,9192.0,29668.0,80297
80299,9192.0,29313.0,80298
80300,9192.0,29512.0,80299
80301,9192.0,29821.0,80300
80302,9192.0,30100.0,80301
80303,9192.0,29974.0,80302
80304,9192.0,30125.0,80303
80305,9192.0,30084.0,80304
80306,9192.0,29692.0,80305
80307,9192.0,29692.0,80306
80308,9192.0,29049.0,80307
80309,9192.0,29554.0,80308
80310,9192.0,29478.0,80309
80311,9192.0,29296.0,80310
80312,9192.0,29381.0,80311
80313,9192.0,29344.0,80312
80314,9192.0,29384.0,80313
80315,9192.0,29798.0,80314
80316,9192.0,29798.0,80315
80317,9192.0,29495.0,80316
80318,9192.0,29898.0,80317
80319,9192.0,30946.0,80318
80320,9192.0,30715.0,80319
80321,9192.0,30450.0,80320
80322,9192.0,30618.0,80321
80323,9192.0,30305.0,80322
80324,9192.0,31175.0,80323
80325,9192.0,31136.0,80324
80326,9192.0,30342.0,80325
80327,9192.0,29930.0,80326
80328,9192.0,30091.0,80327
80329,9192.0,29858.0,80328
80330,9192.0,29886.0,80329
80331,9192.0,29680.0,80330
80332,9192.0,29924.0,80331
80333,9192.0,29934.0,80332
80334,9192.0,29711.0,80333
80335,9192.0,30186.0,80334
80336,9192.0,30404.0,80335
80337,9192.0,30269.0,80336
80338,9192.0,30727.0,80337
80339,9192.0,31917.0,80338
80340,9192.0,31734.0,80339
80341,9192.0,31741.0,80340
80342,9192.0,31665.0,80341
80343,9192.0,31502.0,80342
80344,9192.0,31867.0,80343
80345,9192.0,32293.0,80344
80346,9192.0,30974.0,80345
80347,9192.0,31068.0,80346
80348,9192.0,30849.0,80347
80349,9192.0,30849.0,80348
80350,9192.0,30872.0,80349
80351,9192.0,30624.0,80350
80352,9192.0,30628.0,80351
80353,9192.0,30618.0,80352
80354,9192.0,30660.0,80353
80355,9192.0,30777.0,80354
80356,9192.0,30777.0,80355
80357,9192.0,30769.0,80356
80358,9192.0,30881.0,80357
80359,9192.0,30911.0,80358
80360,9192.0,31137.0,80359
80361,9192.0,32037.0,80360
80362,9192.0,31625.0,80361
80363,9192.0,31623.0,80362
80364,9192.0,31655.0,80363
80365,9192.0,31531.0,80364
80366,9192.0,31384.0,80365
80367,9192.0,31398.0,80366
80368,9192.0,31767.0,80367
80369,9192.0,31635.0,80368
80370,9192.0,31602.0,80369
80371,9192.0,31362.0,80370
80372,9192.0,30935.0,80371
80373,9192.0,30632.0,80372
80374,9192.0,31136.0,80373
80375,9192.0,30764.0,80374
80376,9192.0,30362.0,80375
80377,9192.0,31104.0,80376
80378,9192.0,30125.0,80377
80379,9192.0,30125.0,80378
80380,9192.0,29995.0,80379
80381,9192.0,29911.0,80380
80382,9192.0,30318.0,80381
80383,9192.0,31307.0,80382
80384,9192.0,31256.0,80383
80385,9192.0,30909.0,80384
80386,9192.0,30536.0,80385
80387,9192.0,30493.0,80386
80388,9192.0,29774.0,80387
80389,9192.0,29784.0,80388
80390,9192.0,30328.0,80389
80391,9192.0,30371.0,80390
80392,9192.0,30994.0,80391
80393,9192.0,30908.0,80392
80394,9192.0,30894.0,80393
80395,9192.0,30720.0,80394
80396,9192.0,31470.0,80395
80397,9192.0,31261.0,80396
80398,9192.0,30627.0,80397
80399,9192.0,30361.0,80398
80400,9192.0,30280.0,80399
80401,9192.0,30328.0,80400
80402,9192.0,29536.0,80401
80403,9192.0,30398.0,80402
80404,9192.0,30531.0,80403
80405,9192.0,30759.0,80404
80406,9192.0,31171.0,80405
80407,9192.0,31255.0,80406
80408,9192.0,30792.0,80407
80409,9192.0,30393.0,80408
80410,9192.0,30157.0,80409
80411,9192.0,30157.0,80410
80412,9192.0,29754.0,80411
80413,9192.0,29791.0,80412
80414,9192.0,29663.0,80413
80415,9192.0,29633.0,80414
80416,9192.0,29543.0,80415
80417,9192.0,29499.0,80416
80418,9192.0,29160.0,80417
80419,9192.0,29352.0,80418
80420,9192.0,29449.0,80419
80421,9192.0,29935.0,80420
80422,9192.0,29781.0,80421
80423,9192.0,30693.0,80422
80424,9192.0,30618.0,80423
80425,9192.0,30832.0,80424
80426,9192.0,30638.0,80425
80427,9192.0,30786.0,80426
80428,9192.0,31558.0,80427
80429,9192.0,30077.0,80428
80430,9192.0,30109.0,80429
80431,9192.0,29942.0,80430
80432,9192.0,29774.0,80431
80433,9192.0,29784.0,80432
80434,9192.0,29784.0,80433
80435,9192.0,29750.0,80434
80436,9192.0,29739.0,80435
80437,9192.0,29774.0,80436
80438,9192.0,29864.0,80437
80439,9192.0,29265.0,80438
80440,9192.0,29265.0,80439
80441,9192.0,29676.0,80440
80442,9192.0,29337.0,80441
80443,9192.0,29337.0,80442
80444,9192.0,30387.0,80443
80445,9192.0,30611.0,80444
80446,9192.0,29880.0,80445
80447,9192.0,29879.0,80446
80448,9192.0,30448.0,80447
80449,9192.0,30870.0,80448
80450,9192.0,31123.0,80449
80451,9192.0,30822.0,80450
80452,9192.0,30957.0,80451
80453,9192.0,30957.0,80452
80454,9192.0,30871.0,80453
80455,9192.0,30871.0,80454
80456,9192.0,30138.0,80455
80457,9192.0,29870.0,80456
80458,9192.0,29600.0,80457
80459,9192.0,29287.0,80458
80460,9192.0,29359.0,80459
80461,9192.0,30085.0,80460
80462,9192.0,29765.0,80461
80463,9192.0,29439.0,80462
80464,9192.0,29450.0,80463
80465,9192.0,29436.0,80464
80466,9192.0,30173.0,80465
80467,9192.0,30196.0,80466
80468,9192.0,30236.0,80467
80469,9192.0,29960.0,80468
80470,9192.0,29438.0,80469
80471,9192.0,29675.0,80470
80472,9192.0,29239.0,80471
80473,9192.0,29400.0,80472
80474,9192.0,29400.0,80473
80475,9192.0,28992.0,80474
80476,9192.0,29000.0,80475
80477,9192.0,29843.0,80476
80478,9192.0,29607.0,80477
80479,9192.0,29192.0,80478
80480,9192.0,28333.0,80479
80481,9192.0,28962.0,80480
80482,9192.0,28903.0,80481
80483,9192.0,28699.0,80482
80484,9192.0,28710.0,80483
80485,9192.0,28738.0,80484
80486,9192.0,28738.0,80485
80487,9192.0,28653.0,80486
80488,9192.0,28430.0,80487
80489,9192.0,29464.0,80488
80490,9192.0,29143.0,80489
80491,9192.0,29141.0,80490
80492,9192.0,29141.0,80491
80493,9192.0,28736.0,80492
80494,9192.0,28516.0,80493
80495,9192.0,28506.0,80494
80496,9192.0,28244.0,80495
80497,9192.0,28681.0,80496
80498,9192.0,28399.0,80497
80499,9192.0,28440.0,80498
80500,9192.0,28115.0,80499
80501,9192.0,28217.0,80500
80502,9192.0,28285.0,80501
80503,9192.0,27662.0,80502
80504,9192.0,28354.0,80503
80505,9192.0,28354.0,80504
80506,9192.0,28385.0,80505
80507,9192.0,27799.0,80506
80508,9192.0,27265.0,80507
80509,9192.0,27976.0,80508
80510,9192.0,28141.0,80509
80511,9192.0,28652.0,80510
80512,9192.0,28249.0,80511
80513,9192.0,28249.0,80512
80514,9192.0,28279.0,80513
80515,9192.0,28347.0,80514
80516,9192.0,28377.0,80515
80517,9192.0,28185.0,80516
80518,9192.0,27351.0,80517
80519,9192.0,27397.0,80518
80520,9192.0,27406.0,80519
80521,9192.0,28123.0,80520
80522,9192.0,28573.0,80521
80523,9192.0,28667.0,80522
80524,9192.0,28668.0,80523
80525,9192.0,28407.0,80524
80526,9192.0,29311.0,80525
80527,9192.0,29555.0,80526
80528,9192.0,29788.0,80527
80529,9192.0,29695.0,80528
80530,9192.0,29546.0,80529
80531,9192.0,29305.0,80530
80532,9192.0,29001.0,80531
80533,9192.0,27775.0,80532
80534,9192.0,27777.0,80533
80535,9192.0,27777.0,80534
80536,9192.0,28291.0,80535
80537,9192.0,27275.0,80536
80538,9192.0,27275.0,80537
80539,9192.0,27254.0,80538
80540,9192.0,27917.0,80539
80541,9192.0,27762.0,80540
80542,9192.0,27202.0,80541
80543,9192.0,27622.0,80542
80544,9192.0,26955.0,80543
80545,9192.0,26955.0,80544
80546,9192.0,27002.0,80545
80547,9192.0,26893.0,80546
80548,9192.0,25809.0,80547
80549,9192.0,25211.0,80548
80550,9192.0,25276.0,80549
80551,9192.0,25337.0,80550
80552,9192.0,25649.0,80551
80553,9192.0,25649.0,80552
80554,9192.0,25564.0,80553
80555,9192.0,25261.0,80554
80556,9192.0,25292.0,80555
80557,9192.0,25275.0,80556
80558,9192.0,25112.0,80557
80559,9192.0,24911.0,80558
80560,9192.0,25008.0,80559
80561,9192.0,24391.0,80560
80562,9192.0,24401.0,80561
80563,9192.0,26985.0,80562
80564,9192.0,27159.0,80563
80565,9192.0,27097.0,80564
80566,9192.0,26801.0,80565
80567,9192.0,27037.0,80566
80568,9192.0,26881.0,80567
80569,9192.0,26881.0,80568
80570,9192.0,26435.0,80569
80571,9192.0,26435.0,80570
80572,9192.0,26435.0,80571
80573,9192.0,26809.0,80572
80574,9192.0,26610.0,80573
80575,9192.0,26158.0,80574
80576,9192.0,26800.0,80575
80577,9192.0,26649.0,80576
80578,9192.0,27224.0,80577
80579,9192.0,26748.0,80578
80580,9192.0,26485.0,80579
80581,9192.0,26497.0,80580
80582,9192.0,27101.0,80581
80583,9192.0,26899.0,80582
80584,9192.0,26742.0,80583
80585,9192.0,26637.0,80584
80586,9192.0,27105.0,80585
80587,9192.0,27061.0,80586
80588,9192.0,27062.0,80587
80589,9192.0,28050.0,80588
80590,9192.0,28117.0,80589
80591,9192.0,28527.0,80590
80592,9192.0,28633.0,80591
80593,9192.0,28842.0,80592
80594,9192.0,28840.0,80593
80595,9192.0,28840.0,80594
80596,9192.0,28620.0,80595
80597,9192.0,29317.0,80596
80598,9192.0,29150.0,80597
80599,9192.0,29244.0,80598
80600,9192.0,29110.0,80599
80601,9192.0,29192.0,80600
80602,9192.0,29028.0,80601
80603,9192.0,29594.0,80602
80604,9192.0,29647.0,80603
80605,9192.0,29651.0,80604
80606,9192.0,29052.0,80605
80607,9192.0,28600.0,80606
80608,9192.0,28414.0,80607
80609,9192.0,29734.0,80608
80610,9192.0,29887.0,80609
80611,9192.0,29886.0,80610
80612,9192.0,29472.0,80611
80613,9192.0,29494.0,80612
80614,9192.0,29941.0,80613
80615,9192.0,29941.0,80614
80616,9192.0,30149.0,80615
80617,9192.0,30149.0,80616
80618,9192.0,30534.0,80617
80619,9192.0,30437.0,80618
80620,9192.0,30458.0,80619
80621,9192.0,31894.0,80620
80622,9192.0,31489.0,80621
80623,9192.0,31144.0,80622
80624,9192.0,31144.0,80623
80625,9192.0,31471.0,80624
80626,9192.0,31482.0,80625
80627,9192.0,31384.0,80626
80628,9192.0,31575.0,80627
80629,9192.0,31832.0,80628
80630,9192.0,31642.0,80629
80631,9192.0,31519.0,80630
80632,9192.0,31519.0,80631
80633,9192.0,31603.0,80632
80634,9192.0,31603.0,80633
80635,9192.0,31601.0,80634
80636,9192.0,30551.0,80635
80637,9192.0,30506.0,80636
80638,9192.0,30520.0,80637
80639,9192.0,30195.0,80638
80640,9192.0,30195.0,80639
80641,9192.0,30195.0,80640
80642,9192.0,30790.0,80641
80643,9192.0,30112.0,80642
80644,9192.0,30546.0,80643
80645,9192.0,29730.0,80644
80646,9192.0,29268.0,80645
80647,9192.0,28826.0,80646
80648,9192.0,28819.0,80647
80649,9192.0,29017.0,80648
80650,9192.0,29017.0,80649
80651,9192.0,28743.0,80650
80652,9192.0,29503.0,80651
80653,9192.0,29041.0,80652
80654,9192.0,28833.0,80653
80655,9192.0,27882.0,80654
80656,9192.0,27882.0,80655
80657,9192.0,28194.0,80656
80658,9192.0,29042.0,80657
80659,9192.0,28744.0,80658
80660,9192.0,28879.0,80659
80661,9192.0,28778.0,80660
80662,9192.0,28970.0,80661
80663,9192.0,29018.0,80662
80664,9192.0,28026.0,80663
80665,9192.0,28056.0,80664
80666,9192.0,28105.0,80665
80667,9192.0,29359.0,80666
80668,9192.0,29610.0,80667
80669,9192.0,29664.0,80668
80670,9192.0,29530.0,80669
80671,9192.0,29720.0,80670
80672,9192.0,30036.0,80671
80673,9192.0,30179.0,80672
80674,9192.0,30217.0,80673
80675,9192.0,29975.0,80674
80676,9192.0,29381.0,80675
80677,9192.0,29735.0,80676
80678,9192.0,29643.0,80677
80679,9192.0,29264.0,80678
80680,9192.0,29019.0,80679
80681,9192.0,29213.0,80680
80682,9192.0,29247.0,80681
80683,9192.0,29319.0,80682
80684,9192.0,29298.0,80683
80685,9192.0,29460.0,80684
80686,9192.0,29707.0,80685
80687,9192.0,29703.0,80686
80688,9192.0,29358.0,80687
80689,9192.0,29325.0,80688
80690,9192.0,29427.0,80689
80691,9192.0,29465.0,80690
80692,9192.0,29050.0,80691
80693,9192.0,29008.0,80692
80694,9192.0,28261.0,80693
80695,9192.0,28561.0,80694
80696,9192.0,29371.0,80695
80697,9192.0,29098.0,80696
80698,9192.0,29804.0,80697
80699,9192.0,29596.0,80698
80700,9192.0,29596.0,80699
80701,9192.0,29596.0,80700
80702,9192.0,29168.0,80701
80703,9192.0,29099.0,80702
80704,9192.0,28950.0,80703
80705,9192.0,28602.0,80704
80706,9192.0,29730.0,80705
80707,9192.0,29735.0,80706
80708,9192.0,29774.0,80707
80709,9192.0,30065.0,80708
80710,9192.0,29454.0,80709
80711,9192.0,29093.0,80710
80712,9192.0,28782.0,80711
80713,9192.0,28587.0,80712
80714,9192.0,28430.0,80713
80715,9192.0,28428.0,80714
80716,9192.0,28037.0,80715
80717,9192.0,28069.0,80716
80718,9192.0,28036.0,80717
80719,9192.0,28458.0,80718
80720,9192.0,28458.0,80719
80721,9192.0,28577.0,80720
80722,9192.0,28684.0,80721
80723,9192.0,29876.0,80722
80724,9192.0,29866.0,80723
80725,9192.0,29425.0,80724
80726,9192.0,29106.0,80725
80727,9192.0,29082.0,80726
80728,9192.0,29175.0,80727
80729,9192.0,28960.0,80728
80730,9192.0,28960.0,80729
80731,9192.0,28868.0,80730
80732,9192.0,28881.0,80731
80733,9192.0,28890.0,80732
80734,9192.0,28232.0,80733
80735,9192.0,28758.0,80734
80736,9192.0,27675.0,80735
80737,9192.0,27864.0,80736
80738,9192.0,27792.0,80737
80739,9192.0,27816.0,80738
80740,9192.0,27373.0,80739
80741,9192.0,27459.0,80740
80742,9192.0,27652.0,80741
80743,9192.0,27652.0,80742
80744,9192.0,27791.0,80743
80745,9192.0,27631.0,80744
80746,9192.0,27631.0,80745
80747,9192.0,27618.0,80746
80748,9192.0,28061.0,80747
80749,9192.0,28122.0,80748
80750,9192.0,27847.0,80749
80751,9192.0,27653.0,80750
80752,9192.0,27976.0,80751
80753,9192.0,28225.0,80752
80754,9192.0,27231.0,80753
80755,9192.0,27439.0,80754
80756,9192.0,27439.0,80755
80757,9192.0,25469.0,80756
80758,9192.0,25469.0,80757
80759,9192.0,26057.0,80758
80760,9192.0,25415.0,80759
80761,9192.0,25703.0,80760
80762,9192.0,25703.0,80761
80763,9192.0,25618.0,80762
80764,9192.0,25833.0,80763
80765,9192.0,26281.0,80764
80766,9192.0,25786.0,80765
80767,9192.0,25805.0,80766
80768,9192.0,25695.0,80767
80769,9192.0,26231.0,80768
80770,9192.0,26612.0,80769
80771,9192.0,26869.0,80770
80772,9192.0,26758.0,80771
80773,9192.0,26450.0,80772
80774,9192.0,26603.0,80773
80775,9192.0,27057.0,80774
80776,9192.0,26776.0,80775
80777,9192.0,26737.0,80776
80778,9192.0,26387.0,80777
80779,9192.0,26444.0,80778
80780,9192.0,26444.0,80779
80781,9192.0,26444.0,80780
80782,9192.0,26444.0,80781
80783,9192.0,26447.0,80782
80784,9192.0,26459.0,80783
80785,9192.0,26642.0,80784
80786,9192.0,26669.0,80785
80787,9192.0,26669.0,80786
80788,9192.0,26841.0,80787
80789,9192.0,26888.0,80788
80790,9192.0,27575.0,80789
80791,9192.0,27333.0,80790
80792,9192.0,27107.0,80791
80793,9192.0,27141.0,80792
80794,9192.0,27304.0,80793
80795,9192.0,27041.0,80794
80796,9192.0,27224.0,80795
80797,9192.0,27610.0,80796
80798,9192.0,27716.0,80797
80799,9192.0,27715.0,80798
80800,9192.0,27639.0,80799
80801,9192.0,28089.0,80800
80802,9192.0,28089.0,80801
80803,9192.0,28078.0,80802
80804,9192.0,27922.0,80803
80805,9192.0,26975.0,80804
80806,9192.0,27223.0,80805
80807,9192.0,27201.0,80806
80808,9192.0,26988.0,80807
80809,9192.0,27159.0,80808
80810,9192.0,27393.0,80809
80811,9192.0,27765.0,80810
80812,9192.0,27176.0,80811
80813,9192.0,27020.0,80812
80814,9192.0,27020.0,80813
80815,9192.0,26518.0,80814
80816,9192.0,26709.0,80815
80817,9192.0,26890.0,80816
80818,9192.0,27601.0,80817
80819,9192.0,27317.0,80818
80820,9192.0,27399.0,80819
80821,9192.0,27399.0,80820
80822,9192.0,27083.0,80821
80823,9192.0,26729.0,80822
80824,9192.0,26787.0,80823
80825,9192.0,26639.0,80824
80826,9192.0,26639.0,80825
80827,9192.0,26871.0,80826
80828,9192.0,28923.0,80827
80829,9192.0,28907.0,80828
80830,9192.0,28534.0,80829
80831,9192.0,29070.0,80830
80832,9192.0,29361.0,80831
80833,9192.0,29040.0,80832
80834,9192.0,28464.0,80833
80835,9192.0,28498.0,80834
80836,9192.0,28888.0,80835
80837,9192.0,28669.0,80836
80838,9192.0,28337.0,80837
80839,9192.0,28161.0,80838
80840,9192.0,28025.0,80839
80841,9192.0,28094.0,80840
80842,9192.0,27506.0,80841
80843,9192.0,27326.0,80842
80844,9192.0,27601.0,80843
80845,9192.0,27629.0,80844
80846,9192.0,26936.0,80845
80847,9192.0,26747.0,80846
80848,9192.0,26683.0,80847
80849,9192.0,26694.0,80848
80850,9192.0,26715.0,80849
80851,9192.0,26715.0,80850
80852,9192.0,26704.0,80851
80853,9192.0,27113.0,80852
80854,9192.0,26831.0,80853
80855,9192.0,27043.0,80854
80856,9192.0,27115.0,80855
80857,9192.0,26343.0,80856
80858,9192.0,26888.0,80857
80859,9192.0,26646.0,80858
80860,9192.0,26588.0,80859
80861,9192.0,26122.0,80860
80862,9192.0,25512.0,80861
80863,9192.0,25590.0,80862
80864,9192.0,26381.0,80863
80865,9192.0,26476.0,80864
80866,9192.0,26404.0,80865
80867,9192.0,26158.0,80866
80868,9192.0,26993.0,80867
80869,9192.0,26488.0,80868
80870,9192.0,26547.0,80869
80871,9192.0,26540.0,80870
80872,9192.0,27783.0,80871
80873,9192.0,27218.0,80872
80874,9192.0,27384.0,80873
80875,9192.0,26618.0,80874
80876,9192.0,27021.0,80875
80877,9192.0,26793.0,80876
80878,9192.0,26793.0,80877
80879,9192.0,26793.0,80878
80880,9192.0,27760.0,80879
80881,9192.0,27782.0,80880
80882,9192.0,27795.0,80881
80883,9192.0,28542.0,80882
80884,9192.0,28367.0,80883
80885,9192.0,28329.0,80884
80886,9192.0,28290.0,80885
80887,9192.0,28516.0,80886
80888,9192.0,28028.0,80887
80889,9192.0,28028.0,80888
80890,9192.0,28447.0,80889
80891,9192.0,28005.0,80890
80892,9192.0,27914.0,80891
80893,9192.0,27003.0,80892
80894,9192.0,27350.0,80893
80895,9192.0,27361.0,80894
80896,9192.0,27260.0,80895
80897,9192.0,27274.0,80896
80898,9192.0,26246.0,80897
80899,9192.0,26454.0,80898
80900,9192.0,26454.0,80899
80901,9192.0,27200.0,80900
80902,9192.0,27114.0,80901
80903,9192.0,26724.0,80902
80904,9192.0,26724.0,80903
80905,9192.0,26711.0,80904
80906,9192.0,28499.0,80905
80907,9192.0,28268.0,80906
80908,9192.0,29130.0,80907
80909,9192.0,28812.0,80908
80910,9192.0,28844.0,80909
80911,9192.0,29513.0,80910
80912,9192.0,29537.0,80911
80913,9192.0,29986.0,80912
80914,9192.0,30145.0,80913
80915,9192.0,30412.0,80914
80916,9192.0,29116.0,80915
80917,9192.0,29136.0,80916
80918,9192.0,28565.0,80917
80919,9192.0,28492.0,80918
80920,9192.0,28119.0,80919
80921,9192.0,28119.0,80920
80922,9192.0,28264.0,80921
80923,9192.0,28923.0,80922
80924,9192.0,29685.0,80923
80925,9192.0,29468.0,80924
80926,9192.0,29475.0,80925
80927,9192.0,29548.0,80926
80928,9192.0,29792.0,80927
80929,9192.0,29783.0,80928
80930,9192.0,29850.0,80929
80931,9192.0,29874.0,80930
80932,9192.0,30038.0,80931
80933,9192.0,30931.0,80932
80934,9192.0,30763.0,80933
80935,9192.0,30534.0,80934
80936,9192.0,29966.0,80935
80937,9192.0,29380.0,80936
80938,9192.0,27907.0,80937
80939,9192.0,27889.0,80938
80940,9192.0,27611.0,80939
80941,9192.0,26850.0,80940
80942,9192.0,26785.0,80941
80943,9192.0,27243.0,80942
80944,9192.0,29082.0,80943
80945,9192.0,28297.0,80944
80946,9192.0,27410.0,80945
80947,9192.0,26929.0,80946
80948,9192.0,28144.0,80947
80949,9192.0,28129.0,80948
80950,9192.0,28400.0,80949
80951,9192.0,28673.0,80950
80952,9192.0,29391.0,80951
80953,9192.0,29391.0,80952
80954,9192.0,29965.0,80953
80955,9192.0,30011.0,80954
80956,9192.0,30108.0,80955
80957,9192.0,30551.0,80956
80958,9192.0,29186.0,80957
80959,9192.0,29212.0,80958
80960,9192.0,29216.0,80959
80961,9192.0,28887.0,80960
80962,9192.0,29186.0,80961
80963,9192.0,29945.0,80962
80964,9192.0,29735.0,80963
80965,9192.0,29794.0,80964
80966,9192.0,30198.0,80965
80967,9192.0,30186.0,80966
80968,9192.0,30022.0,80967
80969,9192.0,30300.0,80968
80970,9192.0,29695.0,80969
80971,9192.0,29300.0,80970
80972,9192.0,29647.0,80971
80973,9192.0,29380.0,80972
80974,9192.0,29613.0,80973
80975,9192.0,29246.0,80974
80976,9192.0,28630.0,80975
80977,9192.0,28155.0,80976
80978,9192.0,27292.0,80977
80979,9192.0,27597.0,80978
80980,9192.0,27948.0,80979
80981,9192.0,29574.0,80980
80982,9192.0,28454.0,80981
80983,9192.0,28436.0,80982
80984,9192.0,28090.0,80983
80985,9192.0,28363.0,80984
80986,9192.0,27817.0,80985
80987,9192.0,27173.0,80986
80988,9192.0,26527.0,80987
80989,9192.0,26553.0,80988
80990,9192.0,26468.0,80989
80991,9192.0,26430.0,80990
80992,9192.0,26430.0,80991
80993,9192.0,26430.0,80992
80994,9192.0,27229.0,80993
80995,9192.0,27229.0,80994
80996,9192.0,27286.0,80995
80997,9192.0,26511.0,80996
80998,9192.0,26513.0,80997
80999,9192.0,26519.0,80998
81000,9192.0,26548.0,80999
81001,9192.0,26550.0,81000
81002,9192.0,27323.0,81001
81003,9192.0,27855.0,81002
81004,9192.0,27807.0,81003
81005,9192.0,27807.0,81004
81006,9192.0,27862.0,81005
81007,9192.0,27815.0,81006
81008,9192.0,27509.0,81007
81009,9192.0,27509.0,81008
81010,9192.0,27443.0,81009
81011,9192.0,26681.0,81010
81012,9192.0,26970.0,81011
81013,9192.0,26954.0,81012
81014,9192.0,26934.0,81013
81015,9192.0,27356.0,81014
81016,9192.0,27570.0,81015
81017,9192.0,27720.0,81016
81018,9192.0,28933.0,81017
81019,9192.0,28933.0,81018
81020,9192.0,29064.0,81019
81021,9192.0,28798.0,81020
81022,9192.0,28717.0,81021
81023,9192.0,28669.0,81022
81024,9192.0,28663.0,81023
81025,9192.0,28599.0,81024
81026,9192.0,28357.0,81025
81027,9192.0,28369.0,81026
81028,9192.0,28243.0,81027
81029,9192.0,28267.0,81028
81030,9192.0,28351.0,81029
81031,9192.0,29345.0,81030
81032,9192.0,29346.0,81031
81033,9192.0,29236.0,81032
81034,9192.0,29400.0,81033
81035,9192.0,29400.0,81034
81036,9192.0,29280.0,81035
81037,9192.0,30455.0,81036
81038,9192.0,30652.0,81037
81039,9192.0,30409.0,81038
81040,9192.0,29857.0,81039
81041,9192.0,29493.0,81040
81042,9192.0,29916.0,81041
81043,9192.0,29783.0,81042
81044,9192.0,29661.0,81043
81045,9192.0,29800.0,81044
81046,9192.0,28881.0,81045
81047,9192.0,28697.0,81046
81048,9192.0,28697.0,81047
81049,9192.0,27894.0,81048
81050,9192.0,27894.0,81049
81051,9192.0,27986.0,81050
81052,9192.0,28811.0,81051
81053,9192.0,29193.0,81052
81054,9192.0,28562.0,81053
81055,9192.0,29521.0,81054
81056,9192.0,29527.0,81055
81057,9192.0,29308.0,81056
81058,9192.0,29217.0,81057
81059,9192.0,29228.0,81058
81060,9192.0,30119.0,81059
81061,9192.0,29372.0,81060
81062,9192.0,29081.0,81061
81063,9192.0,29477.0,81062
81064,9192.0,29582.0,81063
81065,9192.0,29423.0,81064
81066,9192.0,30804.0,81065
81067,9192.0,30831.0,81066
81068,9192.0,29341.0,81067
81069,9192.0,29355.0,81068
81070,9192.0,29463.0,81069
81071,9192.0,29451.0,81070
81072,9192.0,29535.0,81071
81073,9192.0,29999.0,81072
81074,9192.0,29990.0,81073
81075,9192.0,30102.0,81074
81076,9192.0,29330.0,81075
81077,9192.0,28719.0,81076
81078,9192.0,28668.0,81077
81079,9192.0,28787.0,81078
81080,9192.0,28832.0,81079
81081,9192.0,30156.0,81080
81082,9192.0,30156.0,81081
81083,9192.0,29791.0,81082
81084,9192.0,29941.0,81083
81085,9192.0,29868.0,81084
81086,9192.0,29872.0,81085
81087,9192.0,29951.0,81086
81088,9192.0,29824.0,81087
81089,9192.0,29824.0,81088
81090,9192.0,29822.0,81089
81091,9192.0,29813.0,81090
81092,9192.0,29635.0,81091
81093,9192.0,29672.0,81092
81094,9192.0,30005.0,81093
81095,9192.0,30008.0,81094
81096,9192.0,29880.0,81095
81097,9192.0,29518.0,81096
81098,9192.0,29451.0,81097
81099,9192.0,29536.0,81098
81100,9192.0,29621.0,81099
81101,9192.0,27924.0,81100
81102,9192.0,26865.0,81101
81103,9192.0,26671.0,81102
81104,9192.0,27089.0,81103
81105,9192.0,27214.0,81104
81106,9192.0,26237.0,81105
81107,9192.0,26796.0,81106
81108,9192.0,27007.0,81107
81109,9192.0,26549.0,81108
81110,9192.0,26380.0,81109
81111,9192.0,26765.0,81110
81112,9192.0,27756.0,81111
81113,9192.0,27618.0,81112
81114,9192.0,28132.0,81113
81115,9192.0,28151.0,81114
81116,9192.0,28558.0,81115
81117,9192.0,28407.0,81116
81118,9192.0,28604.0,81117
81119,9192.0,28734.0,81118
81120,9192.0,28785.0,81119
81121,9192.0,28411.0,81120
81122,9192.0,28290.0,81121
81123,9192.0,27850.0,81122
81124,9192.0,28277.0,81123
81125,9192.0,28467.0,81124
81126,9192.0,29639.0,81125
81127,9192.0,30778.0,81126
81128,9192.0,30772.0,81127
81129,9192.0,30953.0,81128
81130,9192.0,31267.0,81129
81131,9192.0,31175.0,81130
81132,9192.0,30760.0,81131
81133,9192.0,30766.0,81132
81134,9192.0,30969.0,81133
81135,9192.0,30065.0,81134
81136,9192.0,29978.0,81135
81137,9192.0,29705.0,81136
81138,9192.0,29604.0,81137
81139,9192.0,29347.0,81138
81140,9192.0,29415.0,81139
81141,9192.0,29365.0,81140
81142,9192.0,29113.0,81141
81143,9192.0,29366.0,81142
81144,9192.0,27805.0,81143
81145,9192.0,27491.0,81144
81146,9192.0,27491.0,81145
81147,9192.0,27621.0,81146
81148,9192.0,28211.0,81147
81149,9192.0,28852.0,81148
81150,9192.0,28371.0,81149
81151,9192.0,28119.0,81150
81152,9192.0,25945.0,81151
81153,9192.0,26243.0,81152
81154,9192.0,26240.0,81153
81155,9192.0,26435.0,81154
81156,9192.0,27099.0,81155
81157,9192.0,26974.0,81156
81158,9192.0,27229.0,81157
81159,9192.0,27522.0,81158
81160,9192.0,27449.0,81159
81161,9192.0,27178.0,81160
81162,9192.0,27193.0,81161
81163,9192.0,27298.0,81162
81164,9192.0,26931.0,81163
81165,9192.0,26235.0,81164
81166,9192.0,26310.0,81165
81167,9192.0,26792.0,81166
81168,9192.0,26558.0,81167
81169,9192.0,26506.0,81168
81170,9192.0,26886.0,81169
81171,9192.0,26886.0,81170
81172,9192.0,27065.0,81171
81173,9192.0,27228.0,81172
81174,9192.0,27228.0,81173
81175,9192.0,27228.0,81174
81176,9192.0,27347.0,81175
81177,9192.0,27346.0,81176
81178,9192.0,27225.0,81177
81179,9192.0,27226.0,81178
81180,9192.0,27232.0,81179
81181,9192.0,26891.0,81180
81182,9192.0,26886.0,81181
81183,9192.0,27127.0,81182
81184,9192.0,28288.0,81183
81185,9192.0,29043.0,81184
81186,9192.0,28345.0,81185
81187,9192.0,28302.0,81186
81188,9192.0,28383.0,81187
81189,9192.0,28214.0,81188
81190,9192.0,28386.0,81189
81191,9192.0,28407.0,81190
81192,9192.0,27931.0,81191
81193,9192.0,28667.0,81192
81194,9192.0,27278.0,81193
81195,9192.0,27864.0,81194
81196,9192.0,27760.0,81195
81197,9192.0,27760.0,81196
81198,9192.0,27631.0,81197
81199,9192.0,27336.0,81198
81200,9192.0,27271.0,81199
81201,9192.0,26965.0,81200
81202,9192.0,26460.0,81201
81203,9192.0,26432.0,81202
81204,9192.0,27857.0,81203
81205,9192.0,27860.0,81204
81206,9192.0,28011.0,81205
81207,9192.0,28380.0,81206
81208,9192.0,27399.0,81207
81209,9192.0,27399.0,81208
81210,9192.0,27405.0,81209
81211,9192.0,28050.0,81210
81212,9192.0,27911.0,81211
81213,9192.0,27899.0,81212
81214,9192.0,27961.0,81213
81215,9192.0,28155.0,81214
81216,9192.0,28445.0,81215
81217,9192.0,28207.0,81216
81218,9192.0,27702.0,81217
81219,9192.0,27725.0,81218
81220,9192.0,28077.0,81219
81221,9192.0,27693.0,81220
81222,9192.0,27619.0,81221
81223,9192.0,27323.0,81222
81224,9192.0,27707.0,81223
81225,9192.0,27278.0,81224
81226,9192.0,27343.0,81225
81227,9192.0,26987.0,81226
81228,9192.0,28336.0,81227
81229,9192.0,29334.0,81228
81230,9192.0,29474.0,81229
81231,9192.0,30406.0,81230
81232,9192.0,30693.0,81231
81233,9192.0,30693.0,81232
81234,9192.0,29992.0,81233
81235,9192.0,30075.0,81234
81236,9192.0,29861.0,81235
81237,9192.0,29538.0,81236
81238,9192.0,29538.0,81237
81239,9192.0,29121.0,81238
81240,9192.0,29049.0,81239
81241,9192.0,28670.0,81240
81242,9192.0,28670.0,81241
81243,9192.0,28916.0,81242
81244,9192.0,29053.0,81243
81245,9192.0,28911.0,81244
81246,9192.0,29326.0,81245
81247,9192.0,29264.0,81246
81248,9192.0,28816.0,81247
81249,9192.0,29037.0,81248
81250,9192.0,28933.0,81249
81251,9192.0,28775.0,81250
81252,9192.0,28770.0,81251
81253,9192.0,28815.0,81252
81254,9192.0,28815.0,81253
81255,9192.0,31125.0,81254
81256,9192.0,31023.0,81255
81257,9192.0,31142.0,81256
81258,9192.0,31142.0,81257
81259,9192.0,30739.0,81258
81260,9192.0,31314.0,81259
81261,9192.0,30952.0,81260
81262,9192.0,30930.0,81261
81263,9192.0,31272.0,81262
81264,9192.0,30710.0,81263
81265,9192.0,30546.0,81264
81266,9192.0,29958.0,81265
81267,9192.0,29779.0,81266
81268,9192.0,30012.0,81267
81269,9192.0,29895.0,81268
81270,9192.0,28540.0,81269
81271,9192.0,28483.0,81270
81272,9192.0,28511.0,81271
81273,9192.0,29109.0,81272
81274,9192.0,28910.0,81273
81275,9192.0,28910.0,81274
81276,9192.0,28926.0,81275
81277,9192.0,29206.0,81276
81278,9192.0,28572.0,81277
81279,9192.0,28744.0,81278
81280,9192.0,29073.0,81279
81281,9192.0,28314.0,81280
81282,9192.0,28305.0,81281
81283,9192.0,29643.0,81282
81284,9192.0,29859.0,81283
81285,9192.0,29637.0,81284
81286,9192.0,29443.0,81285
81287,9192.0,29304.0,81286
81288,9192.0,29281.0,81287
81289,9192.0,29281.0,81288
81290,9192.0,29177.0,81289
81291,9192.0,28592.0,81290
81292,9192.0,28592.0,81291
81293,9192.0,29324.0,81292
81294,9192.0,28889.0,81293
81295,9192.0,28828.0,81294
81296,9192.0,28702.0,81295
81297,9192.0,28449.0,81296
81298,9192.0,28495.0,81297
81299,9192.0,27135.0,81298
81300,9192.0,26422.0,81299
81301,9192.0,26423.0,81300
81302,9192.0,26488.0,81301
81303,9192.0,25918.0,81302
81304,9192.0,25918.0,81303
81305,9192.0,25681.0,81304
81306,9192.0,25227.0,81305
81307,9192.0,24958.0,81306
81308,9192.0,25040.0,81307
81309,9192.0,25734.0,81308
81310,9192.0,25805.0,81309
81311,9192.0,25780.0,81310
81312,9192.0,25762.0,81311
81313,9192.0,25816.0,81312
81314,9192.0,24466.0,81313
81315,9192.0,26812.0,81314
81316,9192.0,26815.0,81315
81317,9192.0,27322.0,81316
81318,9192.0,27401.0,81317
81319,9192.0,28082.0,81318
81320,9192.0,28001.0,81319
81321,9192.0,28013.0,81320
81322,9192.0,28256.0,81321
81323,9192.0,28256.0,81322
81324,9192.0,28256.0,81323
81325,9192.0,28689.0,81324
81326,9192.0,29103.0,81325
81327,9192.0,29100.0,81326
81328,9192.0,29147.0,81327
81329,9192.0,29123.0,81328
81330,9192.0,29021.0,81329
81331,9192.0,29021.0,81330
81332,9192.0,28341.0,81331
81333,9192.0,28341.0,81332
81334,9192.0,27861.0,81333
81335,9192.0,27865.0,81334
81336,9192.0,27549.0,81335
81337,9192.0,27583.0,81336
81338,9192.0,26386.0,81337
81339,9192.0,26969.0,81338
81340,9192.0,26959.0,81339
81341,9192.0,27704.0,81340
81342,9192.0,26858.0,81341
81343,9192.0,26891.0,81342
81344,9192.0,26770.0,81343
81345,9192.0,26889.0,81344
81346,9192.0,26848.0,81345
81347,9192.0,27355.0,81346
81348,9192.0,27052.0,81347
81349,9192.0,27207.0,81348
81350,9192.0,27559.0,81349
81351,9192.0,27879.0,81350
81352,9192.0,26979.0,81351
81353,9192.0,26548.0,81352
81354,9192.0,26599.0,81353
81355,9192.0,26385.0,81354
81356,9192.0,26756.0,81355
81357,9192.0,26856.0,81356
81358,9192.0,26738.0,81357
81359,9192.0,26732.0,81358
81360,9192.0,27054.0,81359
81361,9192.0,26923.0,81360
81362,9192.0,27103.0,81361
81363,9192.0,26429.0,81362
81364,9192.0,26429.0,81363
81365,9192.0,26880.0,81364
81366,9192.0,26338.0,81365
81367,9192.0,26660.0,81366
81368,9192.0,25433.0,81367
81369,9192.0,25231.0,81368
81370,9192.0,25216.0,81369
81371,9192.0,25730.0,81370
81372,9192.0,25730.0,81371
81373,9192.0,25396.0,81372
81374,9192.0,26281.0,81373
81375,9192.0,27360.0,81374
81376,9192.0,27428.0,81375
81377,9192.0,27553.0,81376
81378,9192.0,27529.0,81377
81379,9192.0,27529.0,81378
81380,9192.0,27529.0,81379
81381,9192.0,27407.0,81380
81382,9192.0,26435.0,81381
81383,9192.0,26435.0,81382
81384,9192.0,26381.0,81383
81385,9192.0,26515.0,81384
81386,9192.0,26581.0,81385
81387,9192.0,26937.0,81386
81388,9192.0,26709.0,81387
81389,9192.0,26906.0,81388
81390,9192.0,27048.0,81389
81391,9192.0,26786.0,81390
81392,9192.0,26539.0,81391
81393,9192.0,26318.0,81392
81394,9192.0,26367.0,81393
81395,9192.0,26183.0,81394
81396,9192.0,26183.0,81395
81397,9192.0,26567.0,81396
81398,9192.0,26741.0,81397
81399,9192.0,26709.0,81398
81400,9192.0,27455.0,81399
81401,9192.0,27735.0,81400
81402,9192.0,27764.0,81401
81403,9192.0,27693.0,81402
81404,9192.0,28042.0,81403
81405,9192.0,28401.0,81404
81406,9192.0,28361.0,81405
81407,9192.0,28361.0,81406
81408,9192.0,28085.0,81407
81409,9192.0,28085.0,81408
81410,9192.0,28071.0,81409
81411,9192.0,28401.0,81410
81412,9192.0,27880.0,81411
81413,9192.0,27329.0,81412
81414,9192.0,27306.0,81413
81415,9192.0,26384.0,81414
81416,9192.0,25723.0,81415
81417,9192.0,25545.0,81416
81418,9192.0,25785.0,81417
81419,9192.0,24519.0,81418
81420,9192.0,24944.0,81419
81421,9192.0,25580.0,81420
81422,9192.0,25785.0,81421
81423,9192.0,25394.0,81422
81424,9192.0,25336.0,81423
81425,9192.0,25813.0,81424
81426,9192.0,25793.0,81425
81427,9192.0,25714.0,81426
81428,9192.0,25726.0,81427
81429,9192.0,25726.0,81428
81430,9192.0,25726.0,81429
81431,9192.0,25726.0,81430
81432,9192.0,25983.0,81431
81433,9192.0,26633.0,81432
81434,9192.0,26788.0,81433
81435,9192.0,26335.0,81434
81436,9192.0,24994.0,81435
81437,9192.0,24982.0,81436
81438,9192.0,24804.0,81437
81439,9192.0,24974.0,81438
81440,9192.0,26116.0,81439
81441,9192.0,26354.0,81440
81442,9192.0,26475.0,81441
81443,9192.0,25726.0,81442
81444,9192.0,25747.0,81443
81445,9192.0,26240.0,81444
81446,9192.0,26252.0,81445
81447,9192.0,26719.0,81446
81448,9192.0,26635.0,81447
81449,9192.0,26158.0,81448
81450,9192.0,25949.0,81449
81451,9192.0,26781.0,81450
81452,9192.0,27783.0,81451
81453,9192.0,29035.0,81452
81454,9192.0,29531.0,81453
81455,9192.0,30853.0,81454
81456,9192.0,30474.0,81455
81457,9192.0,30544.0,81456
81458,9192.0,30619.0,81457
81459,9192.0,30943.0,81458
81460,9192.0,30738.0,81459
81461,9192.0,29792.0,81460
81462,9192.0,29792.0,81461
81463,9192.0,30042.0,81462
81464,9192.0,29165.0,81463
81465,9192.0,29105.0,81464
81466,9192.0,30356.0,81465
81467,9192.0,30367.0,81466
81468,9192.0,30489.0,81467
81469,9192.0,30033.0,81468
81470,9192.0,30241.0,81469
81471,9192.0,30309.0,81470
81472,9192.0,29747.0,81471
81473,9192.0,29452.0,81472
81474,9192.0,29360.0,81473
81475,9192.0,29427.0,81474
81476,9192.0,29393.0,81475
81477,9192.0,30602.0,81476
81478,9192.0,30910.0,81477
81479,9192.0,31219.0,81478
81480,9192.0,31038.0,81479
81481,9192.0,30682.0,81480
81482,9192.0,30639.0,81481
81483,9192.0,30836.0,81482
81484,9192.0,30492.0,81483
81485,9192.0,30549.0,81484
81486,9192.0,30549.0,81485
81487,9192.0,30530.0,81486
81488,9192.0,30730.0,81487
81489,9192.0,30599.0,81488
81490,9192.0,30888.0,81489
81491,9192.0,30528.0,81490
81492,9192.0,30575.0,81491
81493,9192.0,30712.0,81492
81494,9192.0,30712.0,81493
81495,9192.0,31218.0,81494
81496,9192.0,30995.0,81495
81497,9192.0,31002.0,81496
81498,9192.0,30726.0,81497
81499,9192.0,30977.0,81498
81500,9192.0,30977.0,81499
81501,9192.0,30099.0,81500
81502,9192.0,30119.0,81501
81503,9192.0,29725.0,81502
81504,9192.0,29654.0,81503
81505,9192.0,28960.0,81504
81506,9192.0,29028.0,81505
81507,9192.0,28157.0,81506
81508,9192.0,27549.0,81507
81509,9192.0,26892.0,81508
81510,9192.0,26892.0,81509
81511,9192.0,27193.0,81510
81512,9192.0,27393.0,81511
81513,9192.0,27620.0,81512
81514,9192.0,27857.0,81513
81515,9192.0,27636.0,81514
81516,9192.0,29169.0,81515
81517,9192.0,29289.0,81516
81518,9192.0,29250.0,81517
81519,9192.0,29463.0,81518
81520,9192.0,29287.0,81519
81521,9192.0,29089.0,81520
81522,9192.0,29556.0,81521
81523,9192.0,29414.0,81522
81524,9192.0,29443.0,81523
81525,9192.0,29441.0,81524
81526,9192.0,29226.0,81525
81527,9192.0,30324.0,81526
81528,9192.0,30494.0,81527
81529,9192.0,30594.0,81528
81530,9192.0,30833.0,81529
81531,9192.0,31275.0,81530
81532,9192.0,31563.0,81531
81533,9192.0,31191.0,81532
81534,9192.0,31332.0,81533
81535,9192.0,31505.0,81534
81536,9192.0,31662.0,81535
81537,9192.0,31651.0,81536
81538,9192.0,31742.0,81537
81539,9192.0,31110.0,81538
81540,9192.0,31480.0,81539
81541,9192.0,31441.0,81540
81542,9192.0,31771.0,81541
81543,9192.0,31312.0,81542
81544,9192.0,31310.0,81543
81545,9192.0,31412.0,81544
81546,9192.0,31412.0,81545
81547,9192.0,30716.0,81546
81548,9192.0,30655.0,81547
81549,9192.0,30621.0,81548
81550,9192.0,30816.0,81549
81551,9192.0,31127.0,81550
81552,9192.0,30832.0,81551
81553,9192.0,30954.0,81552
81554,9192.0,31242.0,81553
81555,9192.0,31242.0,81554
81556,9192.0,31171.0,81555
81557,9192.0,31307.0,81556
81558,9192.0,31467.0,81557
81559,9192.0,31790.0,81558
81560,9192.0,32173.0,81559
81561,9192.0,32158.0,81560
81562,9192.0,32709.0,81561
81563,9192.0,32863.0,81562
81564,9192.0,33707.0,81563
81565,9192.0,34034.0,81564
81566,9192.0,33456.0,81565
81567,9192.0,32756.0,81566
81568,9192.0,32683.0,81567
81569,9192.0,32683.0,81568
81570,9192.0,32482.0,81569
81571,9192.0,32482.0,81570
81572,9192.0,32978.0,81571
81573,9192.0,32988.0,81572
81574,9192.0,32033.0,81573
81575,9192.0,31766.0,81574
81576,9192.0,31921.0,81575
81577,9192.0,31146.0,81576
81578,9192.0,31140.0,81577
81579,9192.0,30969.0,81578
81580,9192.0,31059.0,81579
81581,9192.0,31082.0,81580
81582,9192.0,30686.0,81581
81583,9192.0,30425.0,81582
81584,9192.0,30117.0,81583
81585,9192.0,30130.0,81584
81586,9192.0,29726.0,81585
81587,9192.0,29488.0,81586
81588,9192.0,29889.0,81587
81589,9192.0,29646.0,81588
81590,9192.0,29443.0,81589
81591,9192.0,29553.0,81590
81592,9192.0,29629.0,81591
81593,9192.0,29988.0,81592
81594,9192.0,29725.0,81593
81595,9192.0,29789.0,81594
81596,9192.0,29789.0,81595
81597,9192.0,30149.0,81596
81598,9192.0,30550.0,81597
81599,9192.0,29942.0,81598
81600,9192.0,29761.0,81599
81601,9192.0,29761.0,81600
81602,9192.0,29549.0,81601
81603,9192.0,28893.0,81602
81604,9192.0,28878.0,81603
81605,9192.0,28414.0,81604
81606,9192.0,28482.0,81605
81607,9192.0,28494.0,81606
81608,9192.0,28411.0,81607
81609,9192.0,28462.0,81608
81610,9192.0,28996.0,81609
81611,9192.0,28025.0,81610
81612,9192.0,27893.0,81611
81613,9192.0,27555.0,81612
81614,9192.0,27564.0,81613
81615,9192.0,27425.0,81614
81616,9192.0,27275.0,81615
81617,9192.0,27263.0,81616
81618,9192.0,27100.0,81617
81619,9192.0,27100.0,81618
81620,9192.0,26968.0,81619
81621,9192.0,28115.0,81620
81622,9192.0,28473.0,81621
81623,9192.0,28174.0,81622
81624,9192.0,27989.0,81623
81625,9192.0,27989.0,81624
81626,9192.0,28151.0,81625
81627,9192.0,28142.0,81626
81628,9192.0,28142.0,81627
81629,9192.0,29097.0,81628
81630,9192.0,29470.0,81629
81631,9192.0,29649.0,81630
81632,9192.0,28304.0,81631
81633,9192.0,28472.0,81632
81634,9192.0,28562.0,81633
81635,9192.0,29232.0,81634
81636,9192.0,29439.0,81635
81637,9192.0,29439.0,81636
81638,9192.0,28165.0,81637
81639,9192.0,28384.0,81638
81640,9192.0,28537.0,81639
81641,9192.0,28649.0,81640
81642,9192.0,29595.0,81641
81643,9192.0,29293.0,81642
81644,9192.0,28163.0,81643
81645,9192.0,27143.0,81644
81646,9192.0,27241.0,81645
81647,9192.0,27521.0,81646
81648,9192.0,27521.0,81647
81649,9192.0,26731.0,81648
81650,9192.0,26125.0,81649
81651,9192.0,26121.0,81650
81652,9192.0,26898.0,81651
81653,9192.0,29173.0,81652
81654,9192.0,29181.0,81653
81655,9192.0,28249.0,81654
81656,9192.0,28003.0,81655
81657,9192.0,27725.0,81656
81658,9192.0,27881.0,81657
81659,9192.0,28163.0,81658
81660,9192.0,29172.0,81659
81661,9192.0,29043.0,81660
81662,9192.0,28988.0,81661
81663,9192.0,29597.0,81662
81664,9192.0,29450.0,81663
81665,9192.0,29450.0,81664
81666,9192.0,29543.0,81665
81667,9192.0,29525.0,81666
81668,9192.0,29627.0,81667
81669,9192.0,29365.0,81668
81670,9192.0,29332.0,81669
81671,9192.0,29225.0,81670
81672,9192.0,29233.0,81671
81673,9192.0,28677.0,81672
81674,9192.0,28964.0,81673
81675,9192.0,28768.0,81674
81676,9192.0,30131.0,81675
81677,9192.0,30131.0,81676
81678,9192.0,30230.0,81677
81679,9192.0,30198.0,81678
81680,9192.0,30442.0,81679
81681,9192.0,30467.0,81680
81682,9192.0,30800.0,81681
81683,9192.0,30424.0,81682
81684,9192.0,30861.0,81683
81685,9192.0,31097.0,81684
81686,9192.0,31993.0,81685
81687,9192.0,31844.0,81686
81688,9192.0,32166.0,81687
81689,9192.0,32539.0,81688
81690,9192.0,32491.0,81689
81691,9192.0,32207.0,81690
81692,9192.0,31426.0,81691
81693,9192.0,31930.0,81692
81694,9192.0,31564.0,81693
81695,9192.0,31885.0,81694
81696,9192.0,31774.0,81695
81697,9192.0,32086.0,81696
81698,9192.0,32075.0,81697
81699,9192.0,31503.0,81698
81700,9192.0,31475.0,81699
81701,9192.0,30770.0,81700
81702,9192.0,30770.0,81701
81703,9192.0,31050.0,81702
81704,9192.0,31183.0,81703
81705,9192.0,30941.0,81704
81706,9192.0,30941.0,81705
81707,9192.0,30941.0,81706
81708,9192.0,31067.0,81707
81709,9192.0,31095.0,81708
81710,9192.0,31865.0,81709
81711,9192.0,31271.0,81710
81712,9192.0,30209.0,81711
81713,9192.0,30001.0,81712
81714,9192.0,29983.0,81713
81715,9192.0,29834.0,81714
81716,9192.0,29643.0,81715
81717,9192.0,29643.0,81716
81718,9192.0,29464.0,81717
81719,9192.0,28634.0,81718
81720,9192.0,29315.0,81719
81721,9192.0,28915.0,81720
81722,9192.0,28734.0,81721
81723,9192.0,29660.0,81722
81724,9192.0,29166.0,81723
81725,9192.0,29110.0,81724
81726,9192.0,29110.0,81725
81727,9192.0,29110.0,81726
81728,9192.0,27905.0,81727
81729,9192.0,27572.0,81728
81730,9192.0,26700.0,81729
81731,9192.0,26469.0,81730
81732,9192.0,27005.0,81731
81733,9192.0,26635.0,81732
81734,9192.0,26765.0,81733
81735,9192.0,26722.0,81734
81736,9192.0,26056.0,81735
81737,9192.0,26019.0,81736
81738,9192.0,26000.0,81737
81739,9192.0,25908.0,81738
81740,9192.0,25937.0,81739
81741,9192.0,25595.0,81740
81742,9192.0,25465.0,81741
81743,9192.0,25570.0,81742
81744,9192.0,25684.0,81743
81745,9192.0,25646.0,81744
81746,9192.0,25703.0,81745
81747,9192.0,25645.0,81746
81748,9192.0,25165.0,81747
81749,9192.0,24965.0,81748
81750,9192.0,25404.0,81749
81751,9192.0,25795.0,81750
81752,9192.0,26177.0,81751
81753,9192.0,25811.0,81752
81754,9192.0,25768.0,81753
81755,9192.0,25665.0,81754
81756,9192.0,25262.0,81755
81757,9192.0,24883.0,81756
81758,9192.0,25267.0,81757
81759,9192.0,25307.0,81758
81760,9192.0,27058.0,81759
81761,9192.0,27083.0,81760
81762,9192.0,28048.0,81761
81763,9192.0,28545.0,81762
81764,9192.0,29006.0,81763
81765,9192.0,29006.0,81764
81766,9192.0,29426.0,81765
81767,9192.0,29276.0,81766
81768,9192.0,28984.0,81767
81769,9192.0,28728.0,81768
81770,9192.0,28075.0,81769
81771,9192.0,27991.0,81770
81772,9192.0,27917.0,81771
81773,9192.0,27946.0,81772
81774,9192.0,27831.0,81773
81775,9192.0,27831.0,81774
81776,9192.0,27834.0,81775
81777,9192.0,27913.0,81776
81778,9192.0,27898.0,81777
81779,9192.0,28406.0,81778
81780,9192.0,28356.0,81779
81781,9192.0,28523.0,81780
81782,9192.0,28389.0,81781
81783,9192.0,28387.0,81782
81784,9192.0,28294.0,81783
81785,9192.0,27827.0,81784
81786,9192.0,27827.0,81785
81787,9192.0,27718.0,81786
81788,9192.0,27872.0,81787
81789,9192.0,27631.0,81788
81790,9192.0,27869.0,81789
81791,9192.0,28339.0,81790
81792,9192.0,27701.0,81791
81793,9192.0,28313.0,81792
81794,9192.0,29051.0,81793
81795,9192.0,29125.0,81794
81796,9192.0,29181.0,81795
81797,9192.0,29117.0,81796
81798,9192.0,29497.0,81797
81799,9192.0,29883.0,81798
81800,9192.0,29257.0,81799
81801,9192.0,28747.0,81800
81802,9192.0,28747.0,81801
81803,9192.0,28678.0,81802
81804,9192.0,28242.0,81803
81805,9192.0,28675.0,81804
81806,9192.0,29086.0,81805
81807,9192.0,29732.0,81806
81808,9192.0,29630.0,81807
81809,9192.0,29630.0,81808
81810,9192.0,29630.0,81809
81811,9192.0,29703.0,81810
81812,9192.0,29767.0,81811
81813,9192.0,29579.0,81812
81814,9192.0,29187.0,81813
81815,9192.0,29072.0,81814
81816,9192.0,29326.0,81815
81817,9192.0,29270.0,81816
81818,9192.0,29593.0,81817
81819,9192.0,29384.0,81818
81820,9192.0,29361.0,81819
81821,9192.0,29234.0,81820
81822,9192.0,29249.0,81821
81823,9192.0,29248.0,81822
81824,9192.0,29167.0,81823
81825,9192.0,28422.0,81824
81826,9192.0,27923.0,81825
81827,9192.0,27668.0,81826
81828,9192.0,27638.0,81827
81829,9192.0,27189.0,81828
81830,9192.0,27544.0,81829
81831,9192.0,27685.0,81830
81832,9192.0,27674.0,81831
81833,9192.0,27653.0,81832
81834,9192.0,26732.0,81833
81835,9192.0,27308.0,81834
81836,9192.0,27276.0,81835
81837,9192.0,27762.0,81836
81838,9192.0,27843.0,81837
81839,9192.0,27678.0,81838
81840,9192.0,27701.0,81839
81841,9192.0,28764.0,81840
81842,9192.0,28664.0,81841
81843,9192.0,28732.0,81842
81844,9192.0,28680.0,81843
81845,9192.0,28781.0,81844
81846,9192.0,28775.0,81845
81847,9192.0,28492.0,81846
81848,9192.0,28289.0,81847
81849,9192.0,28296.0,81848
81850,9192.0,28246.0,81849
81851,9192.0,28044.0,81850
81852,9192.0,27856.0,81851
81853,9192.0,27856.0,81852
81854,9192.0,26909.0,81853
81855,9192.0,27081.0,81854
81856,9192.0,27081.0,81855
81857,9192.0,26913.0,81856
81858,9192.0,26023.0,81857
81859,9192.0,26023.0,81858
81860,9192.0,25339.0,81859
81861,9192.0,26157.0,81860
81862,9192.0,26126.0,81861
81863,9192.0,26554.0,81862
81864,9192.0,27284.0,81863
81865,9192.0,26547.0,81864
81866,9192.0,26430.0,81865
81867,9192.0,26417.0,81866
81868,9192.0,26417.0,81867
81869,9192.0,26500.0,81868
81870,9192.0,26529.0,81869
81871,9192.0,26777.0,81870
81872,9192.0,26855.0,81871
81873,9192.0,27662.0,81872
81874,9192.0,27919.0,81873
81875,9192.0,28533.0,81874
81876,9192.0,28301.0,81875
81877,9192.0,28737.0,81876
81878,9192.0,28737.0,81877
81879,9192.0,28840.0,81878
81880,9192.0,28839.0,81879
81881,9192.0,28317.0,81880
81882,9192.0,28471.0,81881
81883,9192.0,28468.0,81882
81884,9192.0,28417.0,81883
81885,9192.0,28793.0,81884
81886,9192.0,28610.0,81885
81887,9192.0,28825.0,81886
81888,9192.0,28825.0,81887
81889,9192.0,28837.0,81888
81890,9192.0,28926.0,81889
81891,9192.0,29083.0,81890
81892,9192.0,29366.0,81891
81893,9192.0,29172.0,81892
81894,9192.0,29357.0,81893
81895,9192.0,28708.0,81894
81896,9192.0,28572.0,81895
81897,9192.0,28977.0,81896
81898,9192.0,29279.0,81897
81899,9192.0,28193.0,81898
81900,9192.0,27835.0,81899
81901,9192.0,27835.0,81900
81902,9192.0,28319.0,81901
81903,9192.0,26351.0,81902
81904,9192.0,24795.0,81903
81905,9192.0,25745.0,81904
81906,9192.0,25745.0,81905
81907,9192.0,25705.0,81906
81908,9192.0,25771.0,81907
81909,9192.0,25838.0,81908
81910,9192.0,25571.0,81909
81911,9192.0,25543.0,81910
81912,9192.0,25152.0,81911
81913,9192.0,25481.0,81912
81914,9192.0,26465.0,81913
81915,9192.0,26578.0,81914
81916,9192.0,26578.0,81915
81917,9192.0,26939.0,81916
81918,9192.0,26967.0,81917
81919,9192.0,27131.0,81918
81920,9192.0,27781.0,81919
81921,9192.0,27640.0,81920
81922,9192.0,27263.0,81921
81923,9192.0,28090.0,81922
81924,9192.0,27730.0,81923
81925,9192.0,27186.0,81924
81926,9192.0,27276.0,81925
81927,9192.0,27276.0,81926
81928,9192.0,28393.0,81927
81929,9192.0,28422.0,81928
81930,9192.0,28552.0,81929
81931,9192.0,28459.0,81930
81932,9192.0,28082.0,81931
81933,9192.0,30031.0,81932
81934,9192.0,30134.0,81933
81935,9192.0,28783.0,81934
81936,9192.0,28783.0,81935
81937,9192.0,28801.0,81936
81938,9192.0,28960.0,81937
81939,9192.0,29301.0,81938
81940,9192.0,30062.0,81939
81941,9192.0,30247.0,81940
81942,9192.0,29545.0,81941
81943,9192.0,29584.0,81942
81944,9192.0,29455.0,81943
81945,9192.0,28820.0,81944
81946,9192.0,29089.0,81945
81947,9192.0,28651.0,81946
81948,9192.0,28428.0,81947
81949,9192.0,27205.0,81948
81950,9192.0,26495.0,81949
81951,9192.0,26831.0,81950
81952,9192.0,26782.0,81951
81953,9192.0,27058.0,81952
81954,9192.0,27715.0,81953
81955,9192.0,27715.0,81954
81956,9192.0,28148.0,81955
81957,9192.0,27956.0,81956
81958,9192.0,27942.0,81957
81959,9192.0,27979.0,81958
81960,9192.0,27991.0,81959
81961,9192.0,28111.0,81960
81962,9192.0,28111.0,81961
81963,9192.0,28537.0,81962
81964,9192.0,28658.0,81963
81965,9192.0,28432.0,81964
81966,9192.0,27194.0,81965
81967,9192.0,26578.0,81966
81968,9192.0,27332.0,81967
81969,9192.0,28075.0,81968
81970,9192.0,28320.0,81969
81971,9192.0,28348.0,81970
81972,9192.0,28171.0,81971
81973,9192.0,28057.0,81972
81974,9192.0,28286.0,81973
81975,9192.0,28301.0,81974
81976,9192.0,28363.0,81975
81977,9192.0,28363.0,81976
81978,9192.0,28016.0,81977
81979,9192.0,27935.0,81978
81980,9192.0,28994.0,81979
81981,9192.0,29773.0,81980
81982,9192.0,29423.0,81981
81983,9192.0,29393.0,81982
81984,9192.0,29197.0,81983
81985,9192.0,30675.0,81984
81986,9192.0,30549.0,81985
81987,9192.0,30971.0,81986
81988,9192.0,31277.0,81987
81989,9192.0,31517.0,81988
81990,9192.0,31199.0,81989
81991,9192.0,31282.0,81990
81992,9192.0,31328.0,81991
81993,9192.0,31163.0,81992
81994,9192.0,30780.0,81993
81995,9192.0,31100.0,81994
81996,9192.0,31259.0,81995
81997,9192.0,31861.0,81996
81998,9192.0,31987.0,81997
81999,9192.0,32505.0,81998
82000,9192.0,32498.0,81999
82001,9192.0,30816.0,82000
82002,9192.0,30413.0,82001
82003,9192.0,30282.0,82002
82004,9192.0,30564.0,82003
82005,9192.0,30683.0,82004
82006,9192.0,32505.0,82005
82007,9192.0,32870.0,82006
82008,9192.0,32037.0,82007
82009,9192.0,33168.0,82008
82010,9192.0,33117.0,82009
82011,9192.0,32065.0,82010
82012,9192.0,32008.0,82011
82013,9192.0,31798.0,82012
82014,9192.0,31078.0,82013
82015,9192.0,31055.0,82014
82016,9192.0,31085.0,82015
82017,9192.0,31314.0,82016
82018,9192.0,30998.0,82017
82019,9192.0,30949.0,82018
82020,9192.0,31183.0,82019
82021,9192.0,31612.0,82020
82022,9192.0,31438.0,82021
82023,9192.0,31328.0,82022
82024,9192.0,31632.0,82023
82025,9192.0,31869.0,82024
82026,9192.0,32417.0,82025
82027,9192.0,32417.0,82026
82028,9192.0,32440.0,82027
82029,9192.0,32521.0,82028
82030,9192.0,31557.0,82029
82031,9192.0,31566.0,82030
82032,9192.0,31126.0,82031
82033,9192.0,30800.0,82032
82034,9192.0,30563.0,82033
82035,9192.0,30712.0,82034
82036,9192.0,31250.0,82035
82037,9192.0,32537.0,82036
82038,9192.0,32539.0,82037
82039,9192.0,32397.0,82038
82040,9192.0,31677.0,82039
82041,9192.0,31586.0,82040
82042,9192.0,31638.0,82041
82043,9192.0,31358.0,82042
82044,9192.0,31349.0,82043
82045,9192.0,31349.0,82044
82046,9192.0,30763.0,82045
82047,9192.0,31078.0,82046
82048,9192.0,30954.0,82047
82049,9192.0,31020.0,82048
82050,9192.0,31059.0,82049
82051,9192.0,30959.0,82050
82052,9192.0,29884.0,82051
82053,9192.0,29642.0,82052
82054,9192.0,29642.0,82053
82055,9192.0,29592.0,82054
82056,9192.0,29625.0,82055
82057,9192.0,29943.0,82056
82058,9192.0,29570.0,82057
82059,9192.0,29384.0,82058
82060,9192.0,28382.0,82059
82061,9192.0,28944.0,82060
82062,9192.0,29021.0,82061
82063,9192.0,29025.0,82062
82064,9192.0,29158.0,82063
82065,9192.0,29080.0,82064
82066,9192.0,29377.0,82065
82067,9192.0,29123.0,82066
82068,9192.0,29025.0,82067
82069,9192.0,28725.0,82068
82070,9192.0,28678.0,82069
82071,9192.0,28635.0,82070
82072,9192.0,28094.0,82071
82073,9192.0,27974.0,82072
82074,9192.0,28095.0,82073
82075,9192.0,28060.0,82074
82076,9192.0,27955.0,82075
82077,9192.0,28285.0,82076
82078,9192.0,28285.0,82077
82079,9192.0,27688.0,82078
82080,9192.0,27688.0,82079
82081,9192.0,28430.0,82080
82082,9192.0,28451.0,82081
82083,9192.0,28758.0,82082
82084,9192.0,28459.0,82083
82085,9192.0,27693.0,82084
82086,9192.0,27883.0,82085
82087,9192.0,28192.0,82086
82088,9192.0,28357.0,82087
82089,9192.0,28337.0,82088
82090,9192.0,28325.0,82089
82091,9192.0,27904.0,82090
82092,9192.0,28207.0,82091
82093,9192.0,28316.0,82092
82094,9192.0,27936.0,82093
82095,9192.0,27807.0,82094
82096,9192.0,27693.0,82095
82097,9192.0,28340.0,82096
82098,9192.0,29005.0,82097
82099,9192.0,28974.0,82098
82100,9192.0,28883.0,82099
82101,9192.0,29436.0,82100
82102,9192.0,29410.0,82101
82103,9192.0,29424.0,82102
82104,9192.0,28832.0,82103
82105,9192.0,28380.0,82104
82106,9192.0,28090.0,82105
82107,9192.0,27762.0,82106
82108,9192.0,27347.0,82107
82109,9192.0,27721.0,82108
82110,9192.0,27721.0,82109
82111,9192.0,27990.0,82110
82112,9192.0,25948.0,82111
82113,9192.0,27211.0,82112
82114,9192.0,26702.0,82113
82115,9192.0,27286.0,82114
82116,9192.0,27752.0,82115
82117,9192.0,28404.0,82116
82118,9192.0,28152.0,82117
82119,9192.0,28358.0,82118
82120,9192.0,28580.0,82119
82121,9192.0,28580.0,82120
82122,9192.0,28719.0,82121
82123,9192.0,28607.0,82122
82124,9192.0,28573.0,82123
82125,9192.0,28420.0,82124
82126,9192.0,28730.0,82125
82127,9192.0,28974.0,82126
82128,9192.0,28790.0,82127
82129,9192.0,28421.0,82128
82130,9192.0,28836.0,82129
82131,9192.0,28675.0,82130
82132,9192.0,28832.0,82131
82133,9192.0,27907.0,82132
82134,9192.0,27202.0,82133
82135,9192.0,27202.0,82134
82136,9192.0,27216.0,82135
82137,9192.0,27226.0,82136
82138,9192.0,27226.0,82137
82139,9192.0,27143.0,82138
82140,9192.0,27497.0,82139
82141,9192.0,27480.0,82140
82142,9192.0,27198.0,82141
82143,9192.0,26964.0,82142
82144,9192.0,26585.0,82143
82145,9192.0,26461.0,82144
82146,9192.0,26432.0,82145
82147,9192.0,26293.0,82146
82148,9192.0,26293.0,82147
82149,9192.0,27092.0,82148
82150,9192.0,27400.0,82149
82151,9192.0,27446.0,82150
82152,9192.0,28052.0,82151
82153,9192.0,28074.0,82152
82154,9192.0,27795.0,82153
82155,9192.0,27522.0,82154
82156,9192.0,27941.0,82155
82157,9192.0,28121.0,82156
82158,9192.0,28171.0,82157
82159,9192.0,28716.0,82158
82160,9192.0,28744.0,82159
82161,9192.0,28934.0,82160
82162,9192.0,28791.0,82161
82163,9192.0,29957.0,82162
82164,9192.0,29707.0,82163
82165,9192.0,29700.0,82164
82166,9192.0,29774.0,82165
82167,9192.0,29818.0,82166
82168,9192.0,30932.0,82167
82169,9192.0,30808.0,82168
82170,9192.0,31146.0,82169
82171,9192.0,31000.0,82170
82172,9192.0,30895.0,82171
82173,9192.0,30545.0,82172
82174,9192.0,30478.0,82173
82175,9192.0,30697.0,82174
82176,9192.0,30066.0,82175
82177,9192.0,29982.0,82176
82178,9192.0,29574.0,82177
82179,9192.0,30668.0,82178
82180,9192.0,30740.0,82179
82181,9192.0,31067.0,82180
82182,9192.0,31137.0,82181
82183,9192.0,30968.0,82182
82184,9192.0,30744.0,82183
82185,9192.0,30937.0,82184
82186,9192.0,30150.0,82185
82187,9192.0,30160.0,82186
82188,9192.0,30110.0,82187
82189,9192.0,30180.0,82188
82190,9192.0,30795.0,82189
82191,9192.0,30569.0,82190
82192,9192.0,30069.0,82191
82193,9192.0,29950.0,82192
82194,9192.0,29830.0,82193
82195,9192.0,29672.0,82194
82196,9192.0,29717.0,82195
82197,9192.0,28501.0,82196
82198,9192.0,27538.0,82197
82199,9192.0,27274.0,82198
82200,9192.0,26953.0,82199
82201,9192.0,27176.0,82200
82202,9192.0,27424.0,82201
82203,9192.0,26515.0,82202
82204,9192.0,26495.0,82203
82205,9192.0,26773.0,82204
82206,9192.0,28376.0,82205
82207,9192.0,28499.0,82206
82208,9192.0,27645.0,82207
82209,9192.0,27814.0,82208
82210,9192.0,28472.0,82209
82211,9192.0,28452.0,82210
82212,9192.0,28057.0,82211
82213,9192.0,27792.0,82212
82214,9192.0,27792.0,82213
82215,9192.0,27950.0,82214
82216,9192.0,27811.0,82215
82217,9192.0,28106.0,82216
82218,9192.0,27912.0,82217
82219,9192.0,27977.0,82218
82220,9192.0,28034.0,82219
82221,9192.0,27496.0,82220
82222,9192.0,28224.0,82221
82223,9192.0,28618.0,82222
82224,9192.0,28964.0,82223
82225,9192.0,28755.0,82224
82226,9192.0,28526.0,82225
82227,9192.0,28595.0,82226
82228,9192.0,29620.0,82227
82229,9192.0,29429.0,82228
82230,9192.0,29429.0,82229
82231,9192.0,29690.0,82230
82232,9192.0,29374.0,82231
82233,9192.0,29129.0,82232
82234,9192.0,28934.0,82233
82235,9192.0,28809.0,82234
82236,9192.0,28460.0,82235
82237,9192.0,28366.0,82236
82238,9192.0,28366.0,82237
82239,9192.0,28260.0,82238
82240,9192.0,28555.0,82239
82241,9192.0,28658.0,82240
82242,9192.0,27930.0,82241
82243,9192.0,27896.0,82242
82244,9192.0,28344.0,82243
82245,9192.0,28305.0,82244
82246,9192.0,28372.0,82245
82247,9192.0,28774.0,82246
82248,9192.0,28564.0,82247
82249,9192.0,28340.0,82248
82250,9192.0,28539.0,82249
82251,9192.0,28707.0,82250
82252,9192.0,28560.0,82251
82253,9192.0,28113.0,82252
82254,9192.0,28113.0,82253
82255,9192.0,27898.0,82254
82256,9192.0,27898.0,82255
82257,9192.0,27796.0,82256
82258,9192.0,28664.0,82257
82259,9192.0,28348.0,82258
82260,9192.0,27917.0,82259
82261,9192.0,27525.0,82260
82262,9192.0,28070.0,82261
82263,9192.0,28412.0,82262
82264,9192.0,28669.0,82263
82265,9192.0,29016.0,82264
82266,9192.0,29238.0,82265
82267,9192.0,29799.0,82266
82268,9192.0,29557.0,82267
82269,9192.0,29257.0,82268
82270,9192.0,29902.0,82269
82271,9192.0,29902.0,82270
82272,9192.0,29902.0,82271
82273,9192.0,29338.0,82272
82274,9192.0,27448.0,82273
82275,9192.0,27551.0,82274
82276,9192.0,27281.0,82275
82277,9192.0,27733.0,82276
82278,9192.0,26851.0,82277
82279,9192.0,26602.0,82278
82280,9192.0,26602.0,82279
82281,9192.0,26554.0,82280
82282,9192.0,26664.0,82281
82283,9192.0,26595.0,82282
82284,9192.0,26595.0,82283
82285,9192.0,26595.0,82284
82286,9192.0,26595.0,82285
82287,9192.0,27564.0,82286
82288,9192.0,27005.0,82287
82289,9192.0,28088.0,82288
82290,9192.0,27913.0,82289
82291,9192.0,27913.0,82290
82292,9192.0,28056.0,82291
82293,9192.0,28054.0,82292
82294,9192.0,28477.0,82293
82295,9192.0,28451.0,82294
82296,9192.0,28451.0,82295
82297,9192.0,28125.0,82296
82298,9192.0,28509.0,82297
82299,9192.0,28509.0,82298
82300,9192.0,28509.0,82299
82301,9192.0,29879.0,82300
82302,9192.0,29795.0,82301
82303,9192.0,29298.0,82302
82304,9192.0,29151.0,82303
82305,9192.0,29460.0,82304
82306,9192.0,29394.0,82305
82307,9192.0,29412.0,82306
82308,9192.0,29713.0,82307
82309,9192.0,29236.0,82308
82310,9192.0,29414.0,82309
82311,9192.0,29984.0,82310
82312,9192.0,29890.0,82311
82313,9192.0,29627.0,82312
82314,9192.0,29606.0,82313
82315,9192.0,29220.0,82314
82316,9192.0,28633.0,82315
82317,9192.0,29272.0,82316
82318,9192.0,29863.0,82317
82319,9192.0,30237.0,82318
82320,9192.0,30603.0,82319
82321,9192.0,30907.0,82320
82322,9192.0,30705.0,82321
82323,9192.0,30848.0,82322
82324,9192.0,30291.0,82323
82325,9192.0,30291.0,82324
82326,9192.0,30442.0,82325
82327,9192.0,30569.0,82326
82328,9192.0,30557.0,82327
82329,9192.0,30759.0,82328
82330,9192.0,30754.0,82329
82331,9192.0,30827.0,82330
82332,9192.0,30531.0,82331
82333,9192.0,30531.0,82332
82334,9192.0,30528.0,82333
82335,9192.0,31343.0,82334
82336,9192.0,30933.0,82335
82337,9192.0,31090.0,82336
82338,9192.0,31204.0,82337
82339,9192.0,31231.0,82338
82340,9192.0,30694.0,82339
82341,9192.0,30481.0,82340
82342,9192.0,30952.0,82341
82343,9192.0,30770.0,82342
82344,9192.0,30759.0,82343
82345,9192.0,30850.0,82344
82346,9192.0,30249.0,82345
82347,9192.0,30241.0,82346
82348,9192.0,30186.0,82347
82349,9192.0,30528.0,82348
82350,9192.0,30523.0,82349
82351,9192.0,30398.0,82350
82352,9192.0,30398.0,82351
82353,9192.0,30114.0,82352
82354,9192.0,31597.0,82353
82355,9192.0,31727.0,82354
82356,9192.0,32291.0,82355
82357,9192.0,32501.0,82356
82358,9192.0,32566.0,82357
82359,9192.0,32617.0,82358
82360,9192.0,32538.0,82359
82361,9192.0,32556.0,82360
82362,9192.0,32034.0,82361
82363,9192.0,32727.0,82362
82364,9192.0,32851.0,82363
82365,9192.0,32768.0,82364
82366,9192.0,32763.0,82365
82367,9192.0,32517.0,82366
82368,9192.0,32517.0,82367
82369,9192.0,32418.0,82368
82370,9192.0,31855.0,82369
82371,9192.0,31861.0,82370
82372,9192.0,31833.0,82371
82373,9192.0,31767.0,82372
82374,9192.0,31302.0,82373
82375,9192.0,31396.0,82374
82376,9192.0,31373.0,82375
82377,9192.0,31741.0,82376
82378,9192.0,31754.0,82377
82379,9192.0,31802.0,82378
82380,9192.0,30413.0,82379
82381,9192.0,31619.0,82380
82382,9192.0,31623.0,82381
82383,9192.0,31765.0,82382
82384,9192.0,31765.0,82383
82385,9192.0,31726.0,82384
82386,9192.0,31310.0,82385
82387,9192.0,30336.0,82386
82388,9192.0,29895.0,82387
82389,9192.0,29783.0,82388
82390,9192.0,29731.0,82389
82391,9192.0,29488.0,82390
82392,9192.0,29488.0,82391
82393,9192.0,29110.0,82392
82394,9192.0,29099.0,82393
82395,9192.0,27908.0,82394
82396,9192.0,28011.0,82395
82397,9192.0,27299.0,82396
82398,9192.0,27618.0,82397
82399,9192.0,27688.0,82398
82400,9192.0,27688.0,82399
82401,9192.0,27754.0,82400
82402,9192.0,27900.0,82401
82403,9192.0,27903.0,82402
82404,9192.0,27900.0,82403
82405,9192.0,28122.0,82404
82406,9192.0,28015.0,82405
82407,9192.0,28189.0,82406
82408,9192.0,27950.0,82407
82409,9192.0,28914.0,82408
82410,9192.0,28885.0,82409
82411,9192.0,28879.0,82410
82412,9192.0,28037.0,82411
82413,9192.0,28037.0,82412
82414,9192.0,28037.0,82413
82415,9192.0,28047.0,82414
82416,9192.0,28047.0,82415
82417,9192.0,28630.0,82416
82418,9192.0,28688.0,82417
82419,9192.0,28688.0,82418
82420,9192.0,28443.0,82419
82421,9192.0,27732.0,82420
82422,9192.0,27410.0,82421
82423,9192.0,27437.0,82422
82424,9192.0,27405.0,82423
82425,9192.0,27660.0,82424
82426,9192.0,27956.0,82425
82427,9192.0,28083.0,82426
82428,9192.0,27879.0,82427
82429,9192.0,27132.0,82428
82430,9192.0,27189.0,82429
82431,9192.0,27549.0,82430
82432,9192.0,27277.0,82431
82433,9192.0,27798.0,82432
82434,9192.0,27579.0,82433
82435,9192.0,28148.0,82434
82436,9192.0,27903.0,82435
82437,9192.0,27991.0,82436
82438,9192.0,27577.0,82437
82439,9192.0,27577.0,82438
82440,9192.0,27425.0,82439
82441,9192.0,27425.0,82440
82442,9192.0,27314.0,82441
82443,9192.0,27248.0,82442
82444,9192.0,27869.0,82443
82445,9192.0,27948.0,82444
82446,9192.0,26956.0,82445
82447,9192.0,26991.0,82446
82448,9192.0,27110.0,82447
82449,9192.0,27434.0,82448
82450,9192.0,27298.0,82449
82451,9192.0,27254.0,82450
82452,9192.0,27248.0,82451
82453,9192.0,27269.0,82452
82454,9192.0,27402.0,82453
82455,9192.0,27446.0,82454
82456,9192.0,27492.0,82455
82457,9192.0,28833.0,82456
82458,9192.0,30069.0,82457
82459,9192.0,29917.0,82458
82460,9192.0,30210.0,82459
82461,9192.0,30318.0,82460
82462,9192.0,29584.0,82461
82463,9192.0,29575.0,82462
82464,9192.0,29186.0,82463
82465,9192.0,29477.0,82464
82466,9192.0,29940.0,82465
82467,9192.0,29645.0,82466
82468,9192.0,29601.0,82467
82469,9192.0,29567.0,82468
82470,9192.0,29769.0,82469
82471,9192.0,29176.0,82470
82472,9192.0,29133.0,82471
82473,9192.0,29021.0,82472
82474,9192.0,29464.0,82473
82475,9192.0,29219.0,82474
82476,9192.0,29292.0,82475
82477,9192.0,29176.0,82476
82478,9192.0,29126.0,82477
82479,9192.0,28992.0,82478
82480,9192.0,29149.0,82479
82481,9192.0,29112.0,82480
82482,9192.0,29369.0,82481
82483,9192.0,29903.0,82482
82484,9192.0,30739.0,82483
82485,9192.0,31450.0,82484
82486,9192.0,31683.0,82485
82487,9192.0,31650.0,82486
82488,9192.0,30995.0,82487
82489,9192.0,30997.0,82488
82490,9192.0,31383.0,82489
82491,9192.0,31283.0,82490
82492,9192.0,30958.0,82491
82493,9192.0,30593.0,82492
82494,9192.0,30707.0,82493
82495,9192.0,32163.0,82494
82496,9192.0,32254.0,82495
82497,9192.0,32320.0,82496
82498,9192.0,32264.0,82497
82499,9192.0,32281.0,82498
82500,9192.0,31605.0,82499
82501,9192.0,31588.0,82500
82502,9192.0,31697.0,82501
82503,9192.0,31628.0,82502
82504,9192.0,31579.0,82503
82505,9192.0,31768.0,82504
82506,9192.0,32278.0,82505
82507,9192.0,31971.0,82506
82508,9192.0,31977.0,82507
82509,9192.0,31805.0,82508
82510,9192.0,31603.0,82509
82511,9192.0,31158.0,82510
82512,9192.0,30613.0,82511
82513,9192.0,30392.0,82512
82514,9192.0,30906.0,82513
82515,9192.0,30830.0,82514
82516,9192.0,30766.0,82515
82517,9192.0,31018.0,82516
82518,9192.0,31435.0,82517
82519,9192.0,32082.0,82518
82520,9192.0,31519.0,82519
82521,9192.0,31706.0,82520
82522,9192.0,31377.0,82521
82523,9192.0,31377.0,82522
82524,9192.0,31358.0,82523
82525,9192.0,31081.0,82524
82526,9192.0,31277.0,82525
82527,9192.0,31252.0,82526
82528,9192.0,31459.0,82527
82529,9192.0,31099.0,82528
82530,9192.0,31085.0,82529
82531,9192.0,31603.0,82530
82532,9192.0,30665.0,82531
82533,9192.0,30561.0,82532
82534,9192.0,30348.0,82533
82535,9192.0,30131.0,82534
82536,9192.0,30127.0,82535
82537,9192.0,30073.0,82536
82538,9192.0,29448.0,82537
82539,9192.0,29448.0,82538
82540,9192.0,30204.0,82539
82541,9192.0,31046.0,82540
82542,9192.0,30719.0,82541
82543,9192.0,31031.0,82542
82544,9192.0,31036.0,82543
82545,9192.0,31029.0,82544
82546,9192.0,32571.0,82545
82547,9192.0,32262.0,82546
82548,9192.0,32261.0,82547
82549,9192.0,32322.0,82548
82550,9192.0,32669.0,82549
82551,9192.0,32376.0,82550
82552,9192.0,31930.0,82551
82553,9192.0,32380.0,82552
82554,9192.0,32505.0,82553
82555,9192.0,30838.0,82554
82556,9192.0,29860.0,82555
82557,9192.0,29869.0,82556
82558,9192.0,30119.0,82557
82559,9192.0,30119.0,82558
82560,9192.0,30119.0,82559
82561,9192.0,30126.0,82560
82562,9192.0,29966.0,82561
82563,9192.0,29966.0,82562
82564,9192.0,30286.0,82563
82565,9192.0,29746.0,82564
82566,9192.0,28266.0,82565
82567,9192.0,27973.0,82566
82568,9192.0,28267.0,82567
82569,9192.0,28089.0,82568
82570,9192.0,28282.0,82569
82571,9192.0,28270.0,82570
82572,9192.0,27512.0,82571
82573,9192.0,27538.0,82572
82574,9192.0,27813.0,82573
82575,9192.0,27888.0,82574
82576,9192.0,28158.0,82575
82577,9192.0,27945.0,82576
82578,9192.0,28113.0,82577
82579,9192.0,28113.0,82578
82580,9192.0,27645.0,82579
82581,9192.0,27919.0,82580
82582,9192.0,27919.0,82581
82583,9192.0,27698.0,82582
82584,9192.0,27698.0,82583
82585,9192.0,27298.0,82584
82586,9192.0,27300.0,82585
82587,9192.0,26478.0,82586
82588,9192.0,26303.0,82587
82589,9192.0,26224.0,82588
82590,9192.0,26866.0,82589
82591,9192.0,28340.0,82590
82592,9192.0,28459.0,82591
82593,9192.0,28167.0,82592
82594,9192.0,28368.0,82593
82595,9192.0,29583.0,82594
82596,9192.0,29360.0,82595
82597,9192.0,29294.0,82596
82598,9192.0,29640.0,82597
82599,9192.0,29708.0,82598
82600,9192.0,29691.0,82599
82601,9192.0,29020.0,82600
82602,9192.0,28298.0,82601
82603,9192.0,27282.0,82602
82604,9192.0,27657.0,82603
82605,9192.0,28163.0,82604
82606,9192.0,28198.0,82605
82607,9192.0,27724.0,82606
82608,9192.0,27726.0,82607
82609,9192.0,27296.0,82608
82610,9192.0,27165.0,82609
82611,9192.0,26976.0,82610
82612,9192.0,26976.0,82611
82613,9192.0,27065.0,82612
82614,9192.0,27353.0,82613
82615,9192.0,27353.0,82614
82616,9192.0,27504.0,82615
82617,9192.0,27856.0,82616
82618,9192.0,28024.0,82617
82619,9192.0,28024.0,82618
82620,9192.0,27844.0,82619
82621,9192.0,28247.0,82620
82622,9192.0,28193.0,82621
82623,9192.0,28562.0,82622
82624,9192.0,28559.0,82623
82625,9192.0,28266.0,82624
82626,9192.0,28528.0,82625
82627,9192.0,28528.0,82626
82628,9192.0,29683.0,82627
82629,9192.0,30343.0,82628
82630,9192.0,30288.0,82629
82631,9192.0,29541.0,82630
82632,9192.0,29008.0,82631
82633,9192.0,27944.0,82632
82634,9192.0,27135.0,82633
82635,9192.0,26903.0,82634
82636,9192.0,26635.0,82635
82637,9192.0,26570.0,82636
82638,9192.0,26553.0,82637
82639,9192.0,26553.0,82638
82640,9192.0,26575.0,82639
82641,9192.0,26667.0,82640
82642,9192.0,26771.0,82641
82643,9192.0,26255.0,82642
82644,9192.0,27919.0,82643
82645,9192.0,27995.0,82644
82646,9192.0,27756.0,82645
82647,9192.0,27365.0,82646
82648,9192.0,27638.0,82647
82649,9192.0,27534.0,82648
82650,9192.0,27528.0,82649
82651,9192.0,27655.0,82650
82652,9192.0,27526.0,82651
82653,9192.0,28180.0,82652
82654,9192.0,27478.0,82653
82655,9192.0,27487.0,82654
82656,9192.0,27505.0,82655
82657,9192.0,27578.0,82656
82658,9192.0,28454.0,82657
82659,9192.0,28689.0,82658
82660,9192.0,28689.0,82659
82661,9192.0,28689.0,82660
82662,9192.0,28883.0,82661
82663,9192.0,29366.0,82662
82664,9192.0,29365.0,82663
82665,9192.0,29666.0,82664
82666,9192.0,28785.0,82665
82667,9192.0,29051.0,82666
82668,9192.0,28749.0,82667
82669,9192.0,29184.0,82668
82670,9192.0,28057.0,82669
82671,9192.0,28265.0,82670
82672,9192.0,28902.0,82671
82673,9192.0,29184.0,82672
82674,9192.0,29077.0,82673
82675,9192.0,29078.0,82674
82676,9192.0,29329.0,82675
82677,9192.0,30204.0,82676
82678,9192.0,30204.0,82677
82679,9192.0,29821.0,82678
82680,9192.0,29972.0,82679
82681,9192.0,30258.0,82680
82682,9192.0,30185.0,82681
82683,9192.0,30067.0,82682
82684,9192.0,30028.0,82683
82685,9192.0,30419.0,82684
82686,9192.0,30313.0,82685
82687,9192.0,30215.0,82686
82688,9192.0,30427.0,82687
82689,9192.0,29734.0,82688
82690,9192.0,29461.0,82689
82691,9192.0,29638.0,82690
82692,9192.0,29595.0,82691
82693,9192.0,29931.0,82692
82694,9192.0,30071.0,82693
82695,9192.0,29849.0,82694
82696,9192.0,29985.0,82695
82697,9192.0,30385.0,82696
82698,9192.0,30128.0,82697
82699,9192.0,29818.0,82698
82700,9192.0,29651.0,82699
82701,9192.0,29327.0,82700
82702,9192.0,29459.0,82701
82703,9192.0,29486.0,82702
82704,9192.0,29507.0,82703
82705,9192.0,29018.0,82704
82706,9192.0,29036.0,82705
82707,9192.0,28494.0,82706
82708,9192.0,28106.0,82707
82709,9192.0,29075.0,82708
82710,9192.0,29712.0,82709
82711,9192.0,29717.0,82710
82712,9192.0,29276.0,82711
82713,9192.0,27834.0,82712
82714,9192.0,27783.0,82713
82715,9192.0,27515.0,82714
82716,9192.0,27820.0,82715
82717,9192.0,27985.0,82716
82718,9192.0,28074.0,82717
82719,9192.0,28096.0,82718
82720,9192.0,28421.0,82719
82721,9192.0,28399.0,82720
82722,9192.0,28399.0,82721
82723,9192.0,28452.0,82722
82724,9192.0,28410.0,82723
82725,9192.0,28410.0,82724
82726,9192.0,28266.0,82725
82727,9192.0,28534.0,82726
82728,9192.0,28526.0,82727
82729,9192.0,28346.0,82728
82730,9192.0,29556.0,82729
82731,9192.0,29570.0,82730
82732,9192.0,29002.0,82731
82733,9192.0,29163.0,82732
82734,9192.0,28874.0,82733
82735,9192.0,28163.0,82734
82736,9192.0,28170.0,82735
82737,9192.0,28038.0,82736
82738,9192.0,28038.0,82737
82739,9192.0,28067.0,82738
82740,9192.0,28350.0,82739
82741,9192.0,28963.0,82740
82742,9192.0,29356.0,82741
82743,9192.0,29242.0,82742
82744,9192.0,29081.0,82743
82745,9192.0,29351.0,82744
82746,9192.0,28915.0,82745
82747,9192.0,29294.0,82746
82748,9192.0,29378.0,82747
82749,9192.0,29228.0,82748
82750,9192.0,28296.0,82749
82751,9192.0,28511.0,82750
82752,9192.0,28482.0,82751
82753,9192.0,28928.0,82752
82754,9192.0,28972.0,82753
82755,9192.0,29115.0,82754
82756,9192.0,28643.0,82755
82757,9192.0,28938.0,82756
82758,9192.0,28801.0,82757
82759,9192.0,28683.0,82758
82760,9192.0,28690.0,82759
82761,9192.0,28690.0,82760
82762,9192.0,28899.0,82761
82763,9192.0,28517.0,82762
82764,9192.0,28202.0,82763
82765,9192.0,28195.0,82764
82766,9192.0,28661.0,82765
82767,9192.0,28435.0,82766
82768,9192.0,28865.0,82767
82769,9192.0,30081.0,82768
82770,9192.0,30452.0,82769
82771,9192.0,30452.0,82770
82772,9192.0,30451.0,82771
82773,9192.0,30679.0,82772
82774,9192.0,30132.0,82773
82775,9192.0,30191.0,82774
82776,9192.0,30205.0,82775
82777,9192.0,30139.0,82776
82778,9192.0,30139.0,82777
82779,9192.0,30311.0,82778
82780,9192.0,30542.0,82779
82781,9192.0,30185.0,82780
82782,9192.0,30185.0,82781
82783,9192.0,29525.0,82782
82784,9192.0,28956.0,82783
82785,9192.0,29744.0,82784
82786,9192.0,30113.0,82785
82787,9192.0,30350.0,82786
82788,9192.0,28442.0,82787
82789,9192.0,28455.0,82788
82790,9192.0,28455.0,82789
82791,9192.0,28467.0,82790
82792,9192.0,28039.0,82791
82793,9192.0,27628.0,82792
82794,9192.0,27518.0,82793
82795,9192.0,27617.0,82794
82796,9192.0,26577.0,82795
82797,9192.0,26376.0,82796
82798,9192.0,27256.0,82797
82799,9192.0,27448.0,82798
82800,9192.0,27346.0,82799
82801,9192.0,27332.0,82800
82802,9192.0,28321.0,82801
82803,9192.0,29141.0,82802
82804,9192.0,29003.0,82803
82805,9192.0,29175.0,82804
82806,9192.0,29489.0,82805
82807,9192.0,29366.0,82806
82808,9192.0,29525.0,82807
82809,9192.0,29593.0,82808
82810,9192.0,29320.0,82809
82811,9192.0,29535.0,82810
82812,9192.0,29729.0,82811
82813,9192.0,30833.0,82812
82814,9192.0,31732.0,82813
82815,9192.0,31958.0,82814
82816,9192.0,32503.0,82815
82817,9192.0,31401.0,82816
82818,9192.0,31052.0,82817
82819,9192.0,30701.0,82818
82820,9192.0,30386.0,82819
82821,9192.0,30572.0,82820
82822,9192.0,30279.0,82821
82823,9192.0,30212.0,82822
82824,9192.0,30212.0,82823
82825,9192.0,30542.0,82824
82826,9192.0,31466.0,82825
82827,9192.0,31688.0,82826
82828,9192.0,31526.0,82827
82829,9192.0,30877.0,82828
82830,9192.0,30904.0,82829
82831,9192.0,30102.0,82830
82832,9192.0,30239.0,82831
82833,9192.0,30557.0,82832
82834,9192.0,30220.0,82833
82835,9192.0,30462.0,82834
82836,9192.0,30226.0,82835
82837,9192.0,29925.0,82836
82838,9192.0,30468.0,82837
82839,9192.0,30297.0,82838
82840,9192.0,29868.0,82839
82841,9192.0,29236.0,82840
82842,9192.0,29190.0,82841
82843,9192.0,29338.0,82842
82844,9192.0,29395.0,82843
82845,9192.0,29417.0,82844
82846,9192.0,29441.0,82845
82847,9192.0,29753.0,82846
82848,9192.0,29865.0,82847
82849,9192.0,29096.0,82848
82850,9192.0,28688.0,82849
82851,9192.0,28632.0,82850
82852,9192.0,28632.0,82851
82853,9192.0,28963.0,82852
82854,9192.0,28505.0,82853
82855,9192.0,28615.0,82854
82856,9192.0,28879.0,82855
82857,9192.0,28900.0,82856
82858,9192.0,28144.0,82857
82859,9192.0,27980.0,82858
82860,9192.0,28230.0,82859
82861,9192.0,28716.0,82860
82862,9192.0,29247.0,82861
82863,9192.0,29101.0,82862
82864,9192.0,29051.0,82863
82865,9192.0,29304.0,82864
82866,9192.0,29163.0,82865
82867,9192.0,29613.0,82866
82868,9192.0,28887.0,82867
82869,9192.0,29167.0,82868
82870,9192.0,29351.0,82869
82871,9192.0,29717.0,82870
82872,9192.0,29786.0,82871
82873,9192.0,29518.0,82872
82874,9192.0,29551.0,82873
82875,9192.0,29021.0,82874
82876,9192.0,29021.0,82875
82877,9192.0,29116.0,82876
82878,9192.0,28933.0,82877
82879,9192.0,28911.0,82878
82880,9192.0,28941.0,82879
82881,9192.0,28684.0,82880
82882,9192.0,29261.0,82881
82883,9192.0,29654.0,82882
82884,9192.0,29113.0,82883
82885,9192.0,29753.0,82884
82886,9192.0,30165.0,82885
82887,9192.0,29022.0,82886
82888,9192.0,29975.0,82887
82889,9192.0,30328.0,82888
82890,9192.0,30900.0,82889
82891,9192.0,32372.0,82890
82892,9192.0,32072.0,82891
82893,9192.0,32021.0,82892
82894,9192.0,32027.0,82893
82895,9192.0,32010.0,82894
82896,9192.0,31710.0,82895
82897,9192.0,32079.0,82896
82898,9192.0,31759.0,82897
82899,9192.0,31915.0,82898
82900,9192.0,31915.0,82899
82901,9192.0,32078.0,82900
82902,9192.0,31907.0,82901
82903,9192.0,31851.0,82902
82904,9192.0,32121.0,82903
82905,9192.0,31605.0,82904
82906,9192.0,31532.0,82905
82907,9192.0,31314.0,82906
82908,9192.0,30007.0,82907
82909,9192.0,30455.0,82908
82910,9192.0,30533.0,82909
82911,9192.0,30114.0,82910
82912,9192.0,30093.0,82911
82913,9192.0,29292.0,82912
82914,9192.0,29335.0,82913
82915,9192.0,29329.0,82914
82916,9192.0,29329.0,82915
82917,9192.0,29453.0,82916
82918,9192.0,29654.0,82917
82919,9192.0,30286.0,82918
82920,9192.0,30481.0,82919
82921,9192.0,30331.0,82920
82922,9192.0,30284.0,82921
82923,9192.0,29773.0,82922
82924,9192.0,29487.0,82923
82925,9192.0,29138.0,82924
82926,9192.0,28823.0,82925
82927,9192.0,29907.0,82926
82928,9192.0,29880.0,82927
82929,9192.0,30051.0,82928
82930,9192.0,30015.0,82929
82931,9192.0,29962.0,82930
82932,9192.0,30430.0,82931
82933,9192.0,30359.0,82932
82934,9192.0,30449.0,82933
82935,9192.0,30666.0,82934
82936,9192.0,30980.0,82935
82937,9192.0,31225.0,82936
82938,9192.0,31332.0,82937
82939,9192.0,31397.0,82938
82940,9192.0,31444.0,82939
82941,9192.0,31263.0,82940
82942,9192.0,31305.0,82941
82943,9192.0,31524.0,82942
82944,9192.0,31565.0,82943
82945,9192.0,31511.0,82944
82946,9192.0,31151.0,82945
82947,9192.0,31368.0,82946
82948,9192.0,32052.0,82947
82949,9192.0,31991.0,82948
82950,9192.0,32041.0,82949
82951,9192.0,32267.0,82950
82952,9192.0,32320.0,82951
82953,9192.0,32207.0,82952
82954,9192.0,32450.0,82953
82955,9192.0,32307.0,82954
82956,9192.0,32136.0,82955
82957,9192.0,31944.0,82956
82958,9192.0,31056.0,82957
82959,9192.0,30815.0,82958
82960,9192.0,30830.0,82959
82961,9192.0,30916.0,82960
82962,9192.0,31875.0,82961
82963,9192.0,31873.0,82962
82964,9192.0,31864.0,82963
82965,9192.0,31837.0,82964
82966,9192.0,30968.0,82965
82967,9192.0,31458.0,82966
82968,9192.0,31440.0,82967
82969,9192.0,31590.0,82968
82970,9192.0,31610.0,82969
82971,9192.0,31627.0,82970
82972,9192.0,31484.0,82971
82973,9192.0,31401.0,82972
82974,9192.0,31443.0,82973
82975,9192.0,31814.0,82974
82976,9192.0,32077.0,82975
82977,9192.0,31608.0,82976
82978,9192.0,31085.0,82977
82979,9192.0,31141.0,82978
82980,9192.0,31361.0,82979
82981,9192.0,30613.0,82980
82982,9192.0,30474.0,82981
82983,9192.0,30720.0,82982
82984,9192.0,30033.0,82983
82985,9192.0,30038.0,82984
82986,9192.0,30133.0,82985
82987,9192.0,30006.0,82986
82988,9192.0,30061.0,82987
82989,9192.0,30352.0,82988
82990,9192.0,30411.0,82989
82991,9192.0,30240.0,82990
82992,9192.0,29921.0,82991
82993,9192.0,29782.0,82992
82994,9192.0,29970.0,82993
82995,9192.0,30370.0,82994
82996,9192.0,27559.0,82995
82997,9192.0,26831.0,82996
82998,9192.0,26902.0,82997
82999,9192.0,27197.0,82998
83000,9192.0,26452.0,82999
83001,9192.0,26543.0,83000
83002,9192.0,26136.0,83001
83003,9192.0,26394.0,83002
83004,9192.0,26394.0,83003
83005,9192.0,26262.0,83004
83006,9192.0,26262.0,83005
83007,9192.0,26154.0,83006
83008,9192.0,26268.0,83007
83009,9192.0,26137.0,83008
83010,9192.0,26213.0,83009
83011,9192.0,25522.0,83010
83012,9192.0,25793.0,83011
83013,9192.0,25746.0,83012
83014,9192.0,25746.0,83013
83015,9192.0,25746.0,83014
83016,9192.0,25467.0,83015
83017,9192.0,26755.0,83016
83018,9192.0,26837.0,83017
83019,9192.0,26837.0,83018
83020,9192.0,26799.0,83019
83021,9192.0,26799.0,83020
83022,9192.0,26171.0,83021
83023,9192.0,27047.0,83022
83024,9192.0,27253.0,83023
83025,9192.0,27221.0,83024
83026,9192.0,27221.0,83025
83027,9192.0,27605.0,83026
83028,9192.0,27926.0,83027
83029,9192.0,27944.0,83028
83030,9192.0,28151.0,83029
83031,9192.0,28151.0,83030
83032,9192.0,29036.0,83031
83033,9192.0,28290.0,83032
83034,9192.0,26884.0,83033
83035,9192.0,26884.0,83034
83036,9192.0,26487.0,83035
83037,9192.0,26765.0,83036
83038,9192.0,26765.0,83037
83039,9192.0,26433.0,83038
83040,9192.0,27024.0,83039
83041,9192.0,27463.0,83040
83042,9192.0,28283.0,83041
83043,9192.0,28195.0,83042
83044,9192.0,27943.0,83043
83045,9192.0,27375.0,83044
83046,9192.0,28395.0,83045
83047,9192.0,27861.0,83046
83048,9192.0,28132.0,83047
83049,9192.0,28610.0,83048
83050,9192.0,29188.0,83049
83051,9192.0,29210.0,83050
83052,9192.0,28199.0,83051
83053,9192.0,28163.0,83052
83054,9192.0,28004.0,83053
83055,9192.0,28222.0,83054
83056,9192.0,28047.0,83055
83057,9192.0,28159.0,83056
83058,9192.0,28298.0,83057
83059,9192.0,28298.0,83058
83060,9192.0,27863.0,83059
83061,9192.0,27846.0,83060
83062,9192.0,27983.0,83061
83063,9192.0,27831.0,83062
83064,9192.0,28281.0,83063
83065,9192.0,28283.0,83064
83066,9192.0,28283.0,83065
83067,9192.0,27255.0,83066
83068,9192.0,27570.0,83067
83069,9192.0,27574.0,83068
83070,9192.0,27514.0,83069
83071,9192.0,27285.0,83070
83072,9192.0,27357.0,83071
83073,9192.0,26818.0,83072
83074,9192.0,27016.0,83073
83075,9192.0,27482.0,83074
83076,9192.0,28116.0,83075
83077,9192.0,28533.0,83076
83078,9192.0,28718.0,83077
83079,9192.0,28245.0,83078
83080,9192.0,28690.0,83079
83081,9192.0,28116.0,83080
83082,9192.0,27925.0,83081
83083,9192.0,27784.0,83082
83084,9192.0,27689.0,83083
83085,9192.0,27686.0,83084
83086,9192.0,27632.0,83085
83087,9192.0,27594.0,83086
83088,9192.0,27642.0,83087
83089,9192.0,27642.0,83088
83090,9192.0,27668.0,83089
83091,9192.0,27668.0,83090
83092,9192.0,27616.0,83091
83093,9192.0,27771.0,83092
83094,9192.0,27653.0,83093
83095,9192.0,27665.0,83094
83096,9192.0,27938.0,83095
83097,9192.0,27828.0,83096
83098,9192.0,28624.0,83097
83099,9192.0,28372.0,83098
83100,9192.0,28372.0,83099
83101,9192.0,28304.0,83100
83102,9192.0,28470.0,83101
83103,9192.0,28308.0,83102
83104,9192.0,29819.0,83103
83105,9192.0,29936.0,83104
83106,9192.0,29310.0,83105
83107,9192.0,29001.0,83106
83108,9192.0,29180.0,83107
83109,9192.0,29455.0,83108
83110,9192.0,29053.0,83109
83111,9192.0,29268.0,83110
83112,9192.0,29213.0,83111
83113,9192.0,29141.0,83112
83114,9192.0,29305.0,83113
83115,9192.0,29645.0,83114
83116,9192.0,29489.0,83115
83117,9192.0,29581.0,83116
83118,9192.0,29585.0,83117
83119,9192.0,29469.0,83118
83120,9192.0,29531.0,83119
83121,9192.0,29596.0,83120
83122,9192.0,29867.0,83121
83123,9192.0,29777.0,83122
83124,9192.0,28616.0,83123
83125,9192.0,28858.0,83124
83126,9192.0,28742.0,83125
83127,9192.0,29277.0,83126
83128,9192.0,29119.0,83127
83129,9192.0,29048.0,83128
83130,9192.0,29057.0,83129
83131,9192.0,28850.0,83130
83132,9192.0,28540.0,83131
83133,9192.0,28606.0,83132
83134,9192.0,28567.0,83133
83135,9192.0,28748.0,83134
83136,9192.0,28748.0,83135
83137,9192.0,28776.0,83136
83138,9192.0,28629.0,83137
83139,9192.0,28970.0,83138
83140,9192.0,29483.0,83139
83141,9192.0,29197.0,83140
83142,9192.0,28278.0,83141
83143,9192.0,28814.0,83142
83144,9192.0,29330.0,83143
83145,9192.0,30427.0,83144
83146,9192.0,30283.0,83145
83147,9192.0,30348.0,83146
83148,9192.0,31726.0,83147
83149,9192.0,31351.0,83148
83150,9192.0,31369.0,83149
83151,9192.0,31725.0,83150
83152,9192.0,30387.0,83151
83153,9192.0,30163.0,83152
83154,9192.0,29876.0,83153
83155,9192.0,28806.0,83154
83156,9192.0,29113.0,83155
83157,9192.0,30230.0,83156
83158,9192.0,30608.0,83157
83159,9192.0,31072.0,83158
83160,9192.0,30985.0,83159
83161,9192.0,31063.0,83160
83162,9192.0,31957.0,83161
83163,9192.0,32217.0,83162
83164,9192.0,32208.0,83163
83165,9192.0,32259.0,83164
83166,9192.0,32596.0,83165
83167,9192.0,32535.0,83166
83168,9192.0,32535.0,83167
83169,9192.0,32617.0,83168
83170,9192.0,32582.0,83169
83171,9192.0,32625.0,83170
83172,9192.0,31268.0,83171
83173,9192.0,31390.0,83172
83174,9192.0,31388.0,83173
83175,9192.0,31336.0,83174
83176,9192.0,31470.0,83175
83177,9192.0,32265.0,83176
83178,9192.0,31851.0,83177
83179,9192.0,32309.0,83178
83180,9192.0,31918.0,83179
83181,9192.0,31894.0,83180
83182,9192.0,30987.0,83181
83183,9192.0,30903.0,83182
83184,9192.0,30101.0,83183
83185,9192.0,29673.0,83184
83186,9192.0,29435.0,83185
83187,9192.0,30015.0,83186
83188,9192.0,30005.0,83187
83189,9192.0,29815.0,83188
83190,9192.0,29798.0,83189
83191,9192.0,29646.0,83190
83192,9192.0,29791.0,83191
83193,9192.0,28118.0,83192
83194,9192.0,27958.0,83193
83195,9192.0,27347.0,83194
83196,9192.0,27536.0,83195
83197,9192.0,26780.0,83196
83198,9192.0,27997.0,83197
83199,9192.0,28439.0,83198
83200,9192.0,28518.0,83199
83201,9192.0,28703.0,83200
83202,9192.0,29358.0,83201
83203,9192.0,28821.0,83202
83204,9192.0,28381.0,83203
83205,9192.0,28254.0,83204
83206,9192.0,28623.0,83205
83207,9192.0,28800.0,83206
83208,9192.0,28970.0,83207
83209,9192.0,29647.0,83208
83210,9192.0,28355.0,83209
83211,9192.0,28350.0,83210
83212,9192.0,28857.0,83211
83213,9192.0,28812.0,83212
83214,9192.0,29076.0,83213
83215,9192.0,29405.0,83214
83216,9192.0,28605.0,83215
83217,9192.0,28815.0,83216
83218,9192.0,29471.0,83217
83219,9192.0,29480.0,83218
83220,9192.0,29489.0,83219
83221,9192.0,29543.0,83220
83222,9192.0,29131.0,83221
83223,9192.0,29082.0,83222
83224,9192.0,29147.0,83223
83225,9192.0,28616.0,83224
83226,9192.0,28647.0,83225
83227,9192.0,28647.0,83226
83228,9192.0,27794.0,83227
83229,9192.0,28079.0,83228
83230,9192.0,28090.0,83229
83231,9192.0,27040.0,83230
83232,9192.0,27025.0,83231
83233,9192.0,26523.0,83232
83234,9192.0,26531.0,83233
83235,9192.0,26341.0,83234
83236,9192.0,26020.0,83235
83237,9192.0,25843.0,83236
83238,9192.0,25920.0,83237
83239,9192.0,26047.0,83238
83240,9192.0,27171.0,83239
83241,9192.0,27235.0,83240
83242,9192.0,26795.0,83241
83243,9192.0,26795.0,83242
83244,9192.0,26769.0,83243
83245,9192.0,26497.0,83244
83246,9192.0,26952.0,83245
83247,9192.0,26954.0,83246
83248,9192.0,27119.0,83247
83249,9192.0,27374.0,83248
83250,9192.0,26730.0,83249
83251,9192.0,26730.0,83250
83252,9192.0,27037.0,83251
83253,9192.0,27836.0,83252
83254,9192.0,27849.0,83253
83255,9192.0,28004.0,83254
83256,9192.0,27423.0,83255
83257,9192.0,27575.0,83256
83258,9192.0,27439.0,83257
83259,9192.0,26861.0,83258
83260,9192.0,26597.0,83259
83261,9192.0,26572.0,83260
83262,9192.0,26521.0,83261
83263,9192.0,26226.0,83262
83264,9192.0,26476.0,83263
83265,9192.0,26440.0,83264
83266,9192.0,26324.0,83265
83267,9192.0,26429.0,83266
83268,9192.0,26429.0,83267
83269,9192.0,26384.0,83268
83270,9192.0,25664.0,83269
83271,9192.0,25573.0,83270
83272,9192.0,25491.0,83271
83273,9192.0,25491.0,83272
83274,9192.0,25343.0,83273
83275,9192.0,25538.0,83274
83276,9192.0,25381.0,83275
83277,9192.0,26013.0,83276
83278,9192.0,26665.0,83277
83279,9192.0,26322.0,83278
83280,9192.0,26511.0,83279
83281,9192.0,26391.0,83280
83282,9192.0,25012.0,83281
83283,9192.0,25078.0,83282
83284,9192.0,24535.0,83283
83285,9192.0,24015.0,83284
83286,9192.0,23975.0,83285
83287,9192.0,23923.0,83286
83288,9192.0,23181.0,83287
83289,9192.0,23563.0,83288
83290,9192.0,23501.0,83289
83291,9192.0,22208.0,83290
83292,9192.0,22786.0,83291
83293,9192.0,22786.0,83292
83294,9192.0,22923.0,83293
83295,9192.0,22924.0,83294
83296,9192.0,23142.0,83295
83297,9192.0,23946.0,83296
83298,9192.0,23871.0,83297
83299,9192.0,23682.0,83298
83300,9192.0,23821.0,83299
83301,9192.0,24069.0,83300
83302,9192.0,23671.0,83301
83303,9192.0,23974.0,83302
83304,9192.0,23974.0,83303
83305,9192.0,23974.0,83304
83306,9192.0,24318.0,83305
83307,9192.0,24278.0,83306
83308,9192.0,24285.0,83307
83309,9192.0,24255.0,83308
83310,9192.0,24654.0,83309
83311,9192.0,25408.0,83310
83312,9192.0,25711.0,83311
83313,9192.0,26871.0,83312
83314,9192.0,26791.0,83313
83315,9192.0,26632.0,83314
83316,9192.0,26480.0,83315
83317,9192.0,26393.0,83316
83318,9192.0,26600.0,83317
83319,9192.0,28177.0,83318
83320,9192.0,28828.0,83319
83321,9192.0,28809.0,83320
83322,9192.0,29734.0,83321
83323,9192.0,29214.0,83322
83324,9192.0,30053.0,83323
83325,9192.0,30058.0,83324
83326,9192.0,29811.0,83325
83327,9192.0,29809.0,83326
83328,9192.0,29560.0,83327
83329,9192.0,29583.0,83328
83330,9192.0,30190.0,83329
83331,9192.0,30749.0,83330
83332,9192.0,30957.0,83331
83333,9192.0,30915.0,83332
83334,9192.0,30794.0,83333
83335,9192.0,31032.0,83334
83336,9192.0,31046.0,83335
83337,9192.0,30166.0,83336
83338,9192.0,30064.0,83337
83339,9192.0,30056.0,83338
83340,9192.0,30076.0,83339
83341,9192.0,30321.0,83340
83342,9192.0,30993.0,83341
83343,9192.0,31151.0,83342
83344,9192.0,31300.0,83343
83345,9192.0,31130.0,83344
83346,9192.0,30276.0,83345
83347,9192.0,30276.0,83346
83348,9192.0,30367.0,83347
83349,9192.0,30248.0,83348
83350,9192.0,30104.0,83349
83351,9192.0,29952.0,83350
83352,9192.0,29922.0,83351
83353,9192.0,29731.0,83352
83354,9192.0,27605.0,83353
83355,9192.0,27647.0,83354
83356,9192.0,27668.0,83355
83357,9192.0,28107.0,83356
83358,9192.0,27895.0,83357
83359,9192.0,27644.0,83358
83360,9192.0,27575.0,83359
83361,9192.0,28163.0,83360
83362,9192.0,28503.0,83361
83363,9192.0,28704.0,83362
83364,9192.0,28758.0,83363
83365,9192.0,29453.0,83364
83366,9192.0,29133.0,83365
83367,9192.0,28477.0,83366
83368,9192.0,28651.0,83367
83369,9192.0,28763.0,83368
83370,9192.0,28461.0,83369
83371,9192.0,28230.0,83370
83372,9192.0,27967.0,83371
83373,9192.0,27967.0,83372
83374,9192.0,27850.0,83373
83375,9192.0,27791.0,83374
83376,9192.0,27921.0,83375
83377,9192.0,27980.0,83376
83378,9192.0,27620.0,83377
83379,9192.0,27620.0,83378
83380,9192.0,27936.0,83379
83381,9192.0,26964.0,83380
83382,9192.0,26747.0,83381
83383,9192.0,26094.0,83382
83384,9192.0,26118.0,83383
83385,9192.0,26827.0,83384
83386,9192.0,26337.0,83385
83387,9192.0,26372.0,83386
83388,9192.0,26668.0,83387
83389,9192.0,26598.0,83388
83390,9192.0,26932.0,83389
83391,9192.0,26932.0,83390
83392,9192.0,27168.0,83391
83393,9192.0,27796.0,83392
83394,9192.0,27958.0,83393
83395,9192.0,27932.0,83394
83396,9192.0,27959.0,83395
83397,9192.0,27811.0,83396
83398,9192.0,27963.0,83397
83399,9192.0,28110.0,83398
83400,9192.0,28114.0,83399
83401,9192.0,28052.0,83400
83402,9192.0,29098.0,83401
83403,9192.0,29045.0,83402
83404,9192.0,28517.0,83403
83405,9192.0,27502.0,83404
83406,9192.0,27086.0,83405
83407,9192.0,26784.0,83406
83408,9192.0,26632.0,83407
83409,9192.0,26667.0,83408
83410,9192.0,26557.0,83409
83411,9192.0,26411.0,83410
83412,9192.0,24900.0,83411
83413,9192.0,25286.0,83412
83414,9192.0,25949.0,83413
83415,9192.0,25949.0,83414
83416,9192.0,25440.0,83415
83417,9192.0,24872.0,83416
83418,9192.0,24421.0,83417
83419,9192.0,24445.0,83418
83420,9192.0,24960.0,83419
83421,9192.0,25394.0,83420
83422,9192.0,25577.0,83421
83423,9192.0,25279.0,83422
83424,9192.0,25356.0,83423
83425,9192.0,25074.0,83424
83426,9192.0,24989.0,83425
83427,9192.0,24906.0,83426
83428,9192.0,24930.0,83427
83429,9192.0,25122.0,83428
83430,9192.0,25816.0,83429
83431,9192.0,25985.0,83430
83432,9192.0,25985.0,83431
83433,9192.0,25172.0,83432
83434,9192.0,25799.0,83433
83435,9192.0,25615.0,83434
83436,9192.0,25405.0,83435
83437,9192.0,25811.0,83436
83438,9192.0,26155.0,83437
83439,9192.0,26155.0,83438
83440,9192.0,26181.0,83439
83441,9192.0,26142.0,83440
83442,9192.0,26289.0,83441
83443,9192.0,26153.0,83442
83444,9192.0,25547.0,83443
83445,9192.0,25547.0,83444
83446,9192.0,25870.0,83445
83447,9192.0,26122.0,83446
83448,9192.0,25853.0,83447
83449,9192.0,25765.0,83448
83450,9192.0,25790.0,83449
83451,9192.0,27199.0,83450
83452,9192.0,27178.0,83451
83453,9192.0,26786.0,83452
83454,9192.0,26358.0,83453
83455,9192.0,26898.0,83454
83456,9192.0,25963.0,83455
83457,9192.0,25382.0,83456
83458,9192.0,25510.0,83457
83459,9192.0,25971.0,83458
83460,9192.0,25948.0,83459
83461,9192.0,25650.0,83460
83462,9192.0,25650.0,83461
83463,9192.0,26674.0,83462
83464,9192.0,26412.0,83463
83465,9192.0,26483.0,83464
83466,9192.0,26393.0,83465
83467,9192.0,26117.0,83466
83468,9192.0,25333.0,83467
83469,9192.0,25333.0,83468
83470,9192.0,25540.0,83469
83471,9192.0,25540.0,83470
83472,9192.0,26536.0,83471
83473,9192.0,26525.0,83472
83474,9192.0,26007.0,83473
83475,9192.0,26007.0,83474
83476,9192.0,25993.0,83475
83477,9192.0,26235.0,83476
83478,9192.0,26466.0,83477
83479,9192.0,26299.0,83478
83480,9192.0,26222.0,83479
83481,9192.0,25833.0,83480
83482,9192.0,25894.0,83481
83483,9192.0,26403.0,83482
83484,9192.0,26985.0,83483
83485,9192.0,27345.0,83484
83486,9192.0,27821.0,83485
83487,9192.0,27725.0,83486
83488,9192.0,27419.0,83487
83489,9192.0,27419.0,83488
83490,9192.0,27319.0,83489
83491,9192.0,27586.0,83490
83492,9192.0,27910.0,83491
83493,9192.0,27869.0,83492
83494,9192.0,28359.0,83493
83495,9192.0,28872.0,83494
83496,9192.0,28815.0,83495
83497,9192.0,29080.0,83496
83498,9192.0,28834.0,83497
83499,9192.0,28916.0,83498
83500,9192.0,29773.0,83499
83501,9192.0,30276.0,83500
83502,9192.0,31154.0,83501
83503,9192.0,31267.0,83502
83504,9192.0,31065.0,83503
83505,9192.0,31080.0,83504
83506,9192.0,31392.0,83505
83507,9192.0,31366.0,83506
83508,9192.0,30280.0,83507
83509,9192.0,31251.0,83508
83510,9192.0,31258.0,83509
83511,9192.0,31258.0,83510
83512,9192.0,31131.0,83511
83513,9192.0,30273.0,83512
83514,9192.0,30213.0,83513
83515,9192.0,30158.0,83514
83516,9192.0,30926.0,83515
83517,9192.0,30926.0,83516
83518,9192.0,30759.0,83517
83519,9192.0,30620.0,83518
83520,9192.0,30771.0,83519
83521,9192.0,30885.0,83520
83522,9192.0,30748.0,83521
83523,9192.0,30698.0,83522
83524,9192.0,31280.0,83523
83525,9192.0,30853.0,83524
83526,9192.0,30849.0,83525
83527,9192.0,31243.0,83526
83528,9192.0,31057.0,83527
83529,9192.0,30824.0,83528
83530,9192.0,31075.0,83529
83531,9192.0,31216.0,83530
83532,9192.0,31181.0,83531
83533,9192.0,30205.0,83532
83534,9192.0,30119.0,83533
83535,9192.0,30027.0,83534
83536,9192.0,30573.0,83535
83537,9192.0,30214.0,83536
83538,9192.0,30438.0,83537
83539,9192.0,30438.0,83538
83540,9192.0,30380.0,83539
83541,9192.0,30393.0,83540
83542,9192.0,30412.0,83541
83543,9192.0,29877.0,83542
83544,9192.0,29984.0,83543
83545,9192.0,29859.0,83544
83546,9192.0,29729.0,83545
83547,9192.0,29888.0,83546
83548,9192.0,29783.0,83547
83549,9192.0,29159.0,83548
83550,9192.0,28800.0,83549
83551,9192.0,28721.0,83550
83552,9192.0,27889.0,83551
83553,9192.0,27917.0,83552
83554,9192.0,27465.0,83553
83555,9192.0,27459.0,83554
83556,9192.0,27459.0,83555
83557,9192.0,27806.0,83556
83558,9192.0,27845.0,83557
83559,9192.0,27897.0,83558
83560,9192.0,27345.0,83559
83561,9192.0,27345.0,83560
83562,9192.0,27345.0,83561
83563,9192.0,28326.0,83562
83564,9192.0,29229.0,83563
83565,9192.0,29265.0,83564
83566,9192.0,28255.0,83565
83567,9192.0,28993.0,83566
83568,9192.0,29447.0,83567
83569,9192.0,29578.0,83568
83570,9192.0,29534.0,83569
83571,9192.0,30061.0,83570
83572,9192.0,29985.0,83571
83573,9192.0,29935.0,83572
83574,9192.0,30433.0,83573
83575,9192.0,29741.0,83574
83576,9192.0,29719.0,83575
83577,9192.0,29767.0,83576
83578,9192.0,29711.0,83577
83579,9192.0,29753.0,83578
83580,9192.0,29731.0,83579
83581,9192.0,28886.0,83580
83582,9192.0,28930.0,83581
83583,9192.0,29030.0,83582
83584,9192.0,28871.0,83583
83585,9192.0,28895.0,83584
83586,9192.0,28921.0,83585
83587,9192.0,28722.0,83586
83588,9192.0,27900.0,83587
83589,9192.0,28825.0,83588
83590,9192.0,28628.0,83589
83591,9192.0,28628.0,83590
83592,9192.0,28295.0,83591
83593,9192.0,28327.0,83592
83594,9192.0,28606.0,83593
83595,9192.0,29297.0,83594
83596,9192.0,29297.0,83595
83597,9192.0,29101.0,83596
83598,9192.0,28283.0,83597
83599,9192.0,28283.0,83598
83600,9192.0,28296.0,83599
83601,9192.0,27312.0,83600
83602,9192.0,27299.0,83601
83603,9192.0,27324.0,83602
83604,9192.0,27411.0,83603
83605,9192.0,27552.0,83604
83606,9192.0,27689.0,83605
83607,9192.0,27715.0,83606
83608,9192.0,27404.0,83607
83609,9192.0,27223.0,83608
83610,9192.0,27319.0,83609
83611,9192.0,27132.0,83610
83612,9192.0,27040.0,83611
83613,9192.0,27004.0,83612
83614,9192.0,26770.0,83613
83615,9192.0,26339.0,83614
83616,9192.0,27715.0,83615
83617,9192.0,28006.0,83616
83618,9192.0,27612.0,83617
83619,9192.0,28171.0,83618
83620,9192.0,28370.0,83619
83621,9192.0,28429.0,83620
83622,9192.0,28030.0,83621
83623,9192.0,28159.0,83622
83624,9192.0,28444.0,83623
83625,9192.0,28727.0,83624
83626,9192.0,28404.0,83625
83627,9192.0,28404.0,83626
83628,9192.0,27731.0,83627
83629,9192.0,28042.0,83628
83630,9192.0,27852.0,83629
83631,9192.0,27813.0,83630
83632,9192.0,27813.0,83631
83633,9192.0,27295.0,83632
83634,9192.0,27762.0,83633
83635,9192.0,27898.0,83634
83636,9192.0,27907.0,83635
83637,9192.0,27911.0,83636
83638,9192.0,28287.0,83637
83639,9192.0,29197.0,83638
83640,9192.0,29139.0,83639
83641,9192.0,29903.0,83640
83642,9192.0,29903.0,83641
83643,9192.0,29511.0,83642
83644,9192.0,30409.0,83643
83645,9192.0,29240.0,83644
83646,9192.0,28053.0,83645
83647,9192.0,27927.0,83646
83648,9192.0,27994.0,83647
83649,9192.0,27905.0,83648
83650,9192.0,27620.0,83649
83651,9192.0,27370.0,83650
83652,9192.0,27375.0,83651
83653,9192.0,27729.0,83652
83654,9192.0,27729.0,83653
83655,9192.0,28118.0,83654
83656,9192.0,27567.0,83655
83657,9192.0,27567.0,83656
83658,9192.0,27812.0,83657
83659,9192.0,27812.0,83658
83660,9192.0,28381.0,83659
83661,9192.0,28458.0,83660
83662,9192.0,28458.0,83661
83663,9192.0,28518.0,83662
83664,9192.0,28099.0,83663
83665,9192.0,28172.0,83664
83666,9192.0,28954.0,83665
83667,9192.0,29192.0,83666
83668,9192.0,29019.0,83667
83669,9192.0,28479.0,83668
83670,9192.0,28036.0,83669
83671,9192.0,27954.0,83670
83672,9192.0,27667.0,83671
83673,9192.0,27945.0,83672
83674,9192.0,27355.0,83673
83675,9192.0,27681.0,83674
83676,9192.0,28368.0,83675
83677,9192.0,27866.0,83676
83678,9192.0,27554.0,83677
83679,9192.0,27615.0,83678
83680,9192.0,28233.0,83679
83681,9192.0,28078.0,83680
83682,9192.0,28110.0,83681
83683,9192.0,28051.0,83682
83684,9192.0,28051.0,83683
83685,9192.0,27613.0,83684
83686,9192.0,27600.0,83685
83687,9192.0,27724.0,83686
83688,9192.0,27721.0,83687
83689,9192.0,28559.0,83688
83690,9192.0,28076.0,83689
83691,9192.0,28049.0,83690
83692,9192.0,29141.0,83691
83693,9192.0,28738.0,83692
83694,9192.0,29988.0,83693
83695,9192.0,29791.0,83694
83696,9192.0,30833.0,83695
83697,9192.0,31402.0,83696
83698,9192.0,31635.0,83697
83699,9192.0,31672.0,83698
83700,9192.0,31426.0,83699
83701,9192.0,30195.0,83700
83702,9192.0,29808.0,83701
83703,9192.0,29833.0,83702
83704,9192.0,29601.0,83703
83705,9192.0,30064.0,83704
83706,9192.0,29685.0,83705
83707,9192.0,29560.0,83706
83708,9192.0,28628.0,83707
83709,9192.0,28733.0,83708
83710,9192.0,28662.0,83709
83711,9192.0,28722.0,83710
83712,9192.0,28430.0,83711
83713,9192.0,29037.0,83712
83714,9192.0,29150.0,83713
83715,9192.0,28958.0,83714
83716,9192.0,28410.0,83715
83717,9192.0,28559.0,83716
83718,9192.0,28652.0,83717
83719,9192.0,28827.0,83718
83720,9192.0,28827.0,83719
83721,9192.0,29044.0,83720
83722,9192.0,29368.0,83721
83723,9192.0,29576.0,83722
83724,9192.0,29326.0,83723
83725,9192.0,28775.0,83724
83726,9192.0,28729.0,83725
83727,9192.0,28696.0,83726
83728,9192.0,28418.0,83727
83729,9192.0,28148.0,83728
83730,9192.0,27956.0,83729
83731,9192.0,26438.0,83730
83732,9192.0,26411.0,83731
83733,9192.0,25553.0,83732
83734,9192.0,25553.0,83733
83735,9192.0,25140.0,83734
83736,9192.0,25306.0,83735
83737,9192.0,25445.0,83736
83738,9192.0,25723.0,83737
83739,9192.0,25809.0,83738
83740,9192.0,25860.0,83739
83741,9192.0,25644.0,83740
83742,9192.0,24491.0,83741
83743,9192.0,24833.0,83742
83744,9192.0,24838.0,83743
83745,9192.0,24971.0,83744
83746,9192.0,25108.0,83745
83747,9192.0,24920.0,83746
83748,9192.0,24920.0,83747
83749,9192.0,25815.0,83748
83750,9192.0,25815.0,83749
83751,9192.0,25299.0,83750
83752,9192.0,25596.0,83751
83753,9192.0,25814.0,83752
83754,9192.0,25261.0,83753
83755,9192.0,24281.0,83754
83756,9192.0,24736.0,83755
83757,9192.0,24832.0,83756
83758,9192.0,25147.0,83757
83759,9192.0,24757.0,83758
83760,9192.0,24816.0,83759
83761,9192.0,24732.0,83760
83762,9192.0,25219.0,83761
83763,9192.0,25219.0,83762
83764,9192.0,25974.0,83763
83765,9192.0,25650.0,83764
83766,9192.0,26999.0,83765
83767,9192.0,24878.0,83766
83768,9192.0,24878.0,83767
83769,9192.0,24943.0,83768
83770,9192.0,25134.0,83769
83771,9192.0,25165.0,83770
83772,9192.0,25683.0,83771
83773,9192.0,25578.0,83772
83774,9192.0,25422.0,83773
83775,9192.0,25263.0,83774
83776,9192.0,25691.0,83775
83777,9192.0,25771.0,83776
83778,9192.0,25818.0,83777
83779,9192.0,25758.0,83778
83780,9192.0,25658.0,83779
83781,9192.0,25126.0,83780
83782,9192.0,25069.0,83781
83783,9192.0,24800.0,83782
83784,9192.0,24846.0,83783
83785,9192.0,24846.0,83784
83786,9192.0,25165.0,83785
83787,9192.0,25414.0,83786
83788,9192.0,25407.0,83787
83789,9192.0,25303.0,83788
83790,9192.0,25746.0,83789
83791,9192.0,25142.0,83790
83792,9192.0,27812.0,83791
83793,9192.0,27823.0,83792
83794,9192.0,28097.0,83793
83795,9192.0,28856.0,83794
83796,9192.0,28708.0,83795
83797,9192.0,28673.0,83796
83798,9192.0,28846.0,83797
83799,9192.0,28587.0,83798
83800,9192.0,28582.0,83799
83801,9192.0,28582.0,83800
83802,9192.0,28582.0,83801
83803,9192.0,28582.0,83802
83804,9192.0,28211.0,83803
83805,9192.0,28093.0,83804
83806,9192.0,27959.0,83805
83807,9192.0,27896.0,83806
83808,9192.0,28355.0,83807
83809,9192.0,29196.0,83808
83810,9192.0,29276.0,83809
83811,9192.0,29165.0,83810
83812,9192.0,28797.0,83811
83813,9192.0,28777.0,83812
83814,9192.0,28641.0,83813
83815,9192.0,26551.0,83814
83816,9192.0,26169.0,83815
83817,9192.0,26540.0,83816
83818,9192.0,26540.0,83817
83819,9192.0,26929.0,83818
83820,9192.0,26918.0,83819
83821,9192.0,27072.0,83820
83822,9192.0,26858.0,83821
83823,9192.0,27465.0,83822
83824,9192.0,27721.0,83823
83825,9192.0,27703.0,83824
83826,9192.0,27692.0,83825
83827,9192.0,28482.0,83826
83828,9192.0,27639.0,83827
83829,9192.0,28092.0,83828
83830,9192.0,28064.0,83829
83831,9192.0,28225.0,83830
83832,9192.0,28603.0,83831
83833,9192.0,28009.0,83832
83834,9192.0,29001.0,83833
83835,9192.0,28572.0,83834
83836,9192.0,28581.0,83835
83837,9192.0,28588.0,83836
83838,9192.0,28364.0,83837
83839,9192.0,28436.0,83838
83840,9192.0,28540.0,83839
83841,9192.0,29582.0,83840
83842,9192.0,29142.0,83841
83843,9192.0,28568.0,83842
83844,9192.0,29137.0,83843
83845,9192.0,28740.0,83844
83846,9192.0,28744.0,83845
83847,9192.0,28483.0,83846
83848,9192.0,28744.0,83847
83849,9192.0,28890.0,83848
83850,9192.0,28890.0,83849
83851,9192.0,28671.0,83850
83852,9192.0,29082.0,83851
83853,9192.0,28840.0,83852
83854,9192.0,28944.0,83853
83855,9192.0,28956.0,83854
83856,9192.0,29395.0,83855
83857,9192.0,28555.0,83856
83858,9192.0,28527.0,83857
83859,9192.0,28856.0,83858
83860,9192.0,29590.0,83859
83861,9192.0,30585.0,83860
83862,9192.0,28814.0,83861
83863,9192.0,28801.0,83862
83864,9192.0,29058.0,83863
83865,9192.0,29306.0,83864
83866,9192.0,28874.0,83865
83867,9192.0,29347.0,83866
83868,9192.0,29347.0,83867
83869,9192.0,29062.0,83868
83870,9192.0,28433.0,83869
83871,9192.0,28428.0,83870
83872,9192.0,28428.0,83871
83873,9192.0,28141.0,83872
83874,9192.0,27988.0,83873
83875,9192.0,27764.0,83874
83876,9192.0,27791.0,83875
83877,9192.0,27791.0,83876
83878,9192.0,27382.0,83877
83879,9192.0,27382.0,83878
83880,9192.0,27142.0,83879
83881,9192.0,27016.0,83880
83882,9192.0,27180.0,83881
83883,9192.0,27048.0,83882
83884,9192.0,26996.0,83883
83885,9192.0,26686.0,83884
83886,9192.0,27104.0,83885
83887,9192.0,27104.0,83886
83888,9192.0,27254.0,83887
83889,9192.0,27643.0,83888
83890,9192.0,27547.0,83889
83891,9192.0,28027.0,83890
83892,9192.0,27727.0,83891
83893,9192.0,27722.0,83892
83894,9192.0,27361.0,83893
83895,9192.0,27350.0,83894
83896,9192.0,27512.0,83895
83897,9192.0,27448.0,83896
83898,9192.0,26990.0,83897
83899,9192.0,26341.0,83898
83900,9192.0,26194.0,83899
83901,9192.0,26678.0,83900
83902,9192.0,27216.0,83901
83903,9192.0,27383.0,83902
83904,9192.0,27383.0,83903
83905,9192.0,27663.0,83904
83906,9192.0,27663.0,83905
83907,9192.0,28374.0,83906
83908,9192.0,28813.0,83907
83909,9192.0,29084.0,83908
83910,9192.0,29077.0,83909
83911,9192.0,29218.0,83910
83912,9192.0,29218.0,83911
83913,9192.0,29095.0,83912
83914,9192.0,28493.0,83913
83915,9192.0,28506.0,83914
83916,9192.0,28677.0,83915
83917,9192.0,28947.0,83916
83918,9192.0,28531.0,83917
83919,9192.0,28378.0,83918
83920,9192.0,28339.0,83919
83921,9192.0,28494.0,83920
83922,9192.0,28545.0,83921
83923,9192.0,28599.0,83922
83924,9192.0,28117.0,83923
83925,9192.0,27560.0,83924
83926,9192.0,28064.0,83925
83927,9192.0,27703.0,83926
83928,9192.0,27733.0,83927
83929,9192.0,28038.0,83928
83930,9192.0,28259.0,83929
83931,9192.0,28546.0,83930
83932,9192.0,28704.0,83931
83933,9192.0,26119.0,83932
83934,9192.0,26120.0,83933
83935,9192.0,26126.0,83934
83936,9192.0,25502.0,83935
83937,9192.0,25530.0,83936
83938,9192.0,25555.0,83937
83939,9192.0,25460.0,83938
83940,9192.0,25175.0,83939
83941,9192.0,25973.0,83940
83942,9192.0,26738.0,83941
83943,9192.0,25388.0,83942
83944,9192.0,25625.0,83943
83945,9192.0,25634.0,83944
83946,9192.0,25474.0,83945
83947,9192.0,25621.0,83946
83948,9192.0,25518.0,83947
83949,9192.0,25426.0,83948
83950,9192.0,25426.0,83949
83951,9192.0,26171.0,83950
83952,9192.0,26047.0,83951
83953,9192.0,26224.0,83952
83954,9192.0,27077.0,83953
83955,9192.0,27147.0,83954
83956,9192.0,27138.0,83955
83957,9192.0,26816.0,83956
83958,9192.0,26724.0,83957
83959,9192.0,25940.0,83958
83960,9192.0,26096.0,83959
83961,9192.0,26096.0,83960
83962,9192.0,26034.0,83961
83963,9192.0,25585.0,83962
83964,9192.0,25394.0,83963
83965,9192.0,25240.0,83964
83966,9192.0,25088.0,83965
83967,9192.0,25938.0,83966
83968,9192.0,25752.0,83967
83969,9192.0,25752.0,83968
83970,9192.0,26302.0,83969
83971,9192.0,25416.0,83970
83972,9192.0,26384.0,83971
83973,9192.0,26295.0,83972
83974,9192.0,26109.0,83973
83975,9192.0,26308.0,83974
83976,9192.0,26465.0,83975
83977,9192.0,27007.0,83976
83978,9192.0,27193.0,83977
83979,9192.0,26715.0,83978
83980,9192.0,26668.0,83979
83981,9192.0,26668.0,83980
83982,9192.0,26668.0,83981
83983,9192.0,26791.0,83982
83984,9192.0,27261.0,83983
83985,9192.0,27273.0,83984
83986,9192.0,26906.0,83985
83987,9192.0,27101.0,83986
83988,9192.0,27120.0,83987
83989,9192.0,27092.0,83988
83990,9192.0,27440.0,83989
83991,9192.0,27564.0,83990
83992,9192.0,27579.0,83991
83993,9192.0,27579.0,83992
83994,9192.0,27553.0,83993
83995,9192.0,27590.0,83994
83996,9192.0,28171.0,83995
83997,9192.0,28028.0,83996
83998,9192.0,28066.0,83997
83999,9192.0,27480.0,83998
84000,9192.0,27467.0,83999
84001,9192.0,27547.0,84000
84002,9192.0,28390.0,84001
84003,9192.0,28445.0,84002
84004,9192.0,29977.0,84003
84005,9192.0,29812.0,84004
84006,9192.0,29756.0,84005
84007,9192.0,29756.0,84006
84008,9192.0,29615.0,84007
84009,9192.0,29507.0,84008
84010,9192.0,29371.0,84009
84011,9192.0,28595.0,84010
84012,9192.0,28323.0,84011
84013,9192.0,28270.0,84012
84014,9192.0,28315.0,84013
84015,9192.0,28315.0,84014
84016,9192.0,28321.0,84015
84017,9192.0,28332.0,84016
84018,9192.0,28605.0,84017
84019,9192.0,28517.0,84018
84020,9192.0,27049.0,84019
84021,9192.0,26388.0,84020
84022,9192.0,26855.0,84021
84023,9192.0,27653.0,84022
84024,9192.0,27284.0,84023
84025,9192.0,27495.0,84024
84026,9192.0,27495.0,84025
84027,9192.0,27433.0,84026
84028,9192.0,28350.0,84027
84029,9192.0,28376.0,84028
84030,9192.0,28501.0,84029
84031,9192.0,28546.0,84030
84032,9192.0,27866.0,84031
84033,9192.0,29011.0,84032
84034,9192.0,28957.0,84033
84035,9192.0,28960.0,84034
84036,9192.0,28525.0,84035
84037,9192.0,27983.0,84036
84038,9192.0,27983.0,84037
84039,9192.0,28061.0,84038
84040,9192.0,27852.0,84039
84041,9192.0,27291.0,84040
84042,9192.0,27309.0,84041
84043,9192.0,27204.0,84042
84044,9192.0,27751.0,84043
84045,9192.0,26950.0,84044
84046,9192.0,26830.0,84045
84047,9192.0,26646.0,84046
84048,9192.0,26573.0,84047
84049,9192.0,26653.0,84048
84050,9192.0,26775.0,84049
84051,9192.0,26750.0,84050
84052,9192.0,26995.0,84051
84053,9192.0,27041.0,84052
84054,9192.0,27354.0,84053
84055,9192.0,27715.0,84054
84056,9192.0,27375.0,84055
84057,9192.0,27519.0,84056
84058,9192.0,28889.0,84057
84059,9192.0,28872.0,84058
84060,9192.0,29067.0,84059
84061,9192.0,28148.0,84060
84062,9192.0,28616.0,84061
84063,9192.0,28392.0,84062
84064,9192.0,28454.0,84063
84065,9192.0,27382.0,84064
84066,9192.0,27914.0,84065
84067,9192.0,28309.0,84066
84068,9192.0,28313.0,84067
84069,9192.0,28303.0,84068
84070,9192.0,28296.0,84069
84071,9192.0,28289.0,84070
84072,9192.0,28520.0,84071
84073,9192.0,30161.0,84072
84074,9192.0,30078.0,84073
84075,9192.0,30078.0,84074
84076,9192.0,30495.0,84075
84077,9192.0,30347.0,84076
84078,9192.0,30332.0,84077
84079,9192.0,30600.0,84078
84080,9192.0,30112.0,84079
84081,9192.0,30240.0,84080
84082,9192.0,30468.0,84081
84083,9192.0,29176.0,84082
84084,9192.0,29190.0,84083
84085,9192.0,29745.0,84084
84086,9192.0,29461.0,84085
84087,9192.0,28841.0,84086
84088,9192.0,28824.0,84087
84089,9192.0,28372.0,84088
84090,9192.0,28460.0,84089
84091,9192.0,28246.0,84090
84092,9192.0,28328.0,84091
84093,9192.0,28328.0,84092
84094,9192.0,28356.0,84093
84095,9192.0,28245.0,84094
84096,9192.0,28387.0,84095
84097,9192.0,28387.0,84096
84098,9192.0,28228.0,84097
84099,9192.0,28228.0,84098
84100,9192.0,28277.0,84099
84101,9192.0,29222.0,84100
84102,9192.0,29114.0,84101
84103,9192.0,29088.0,84102
84104,9192.0,29033.0,84103
84105,9192.0,29118.0,84104
84106,9192.0,28629.0,84105
84107,9192.0,28891.0,84106
84108,9192.0,28917.0,84107
84109,9192.0,29079.0,84108
84110,9192.0,28858.0,84109
84111,9192.0,28903.0,84110
84112,9192.0,28504.0,84111
84113,9192.0,28934.0,84112
84114,9192.0,29524.0,84113
84115,9192.0,30392.0,84114
84116,9192.0,30464.0,84115
84117,9192.0,30267.0,84116
84118,9192.0,29908.0,84117
84119,9192.0,29329.0,84118
84120,9192.0,29236.0,84119
84121,9192.0,29238.0,84120
84122,9192.0,29286.0,84121
84123,9192.0,29542.0,84122
84124,9192.0,29541.0,84123
84125,9192.0,29818.0,84124
84126,9192.0,29818.0,84125
84127,9192.0,29778.0,84126
84128,9192.0,29868.0,84127
84129,9192.0,30468.0,84128
84130,9192.0,31853.0,84129
84131,9192.0,31805.0,84130
84132,9192.0,30832.0,84131
84133,9192.0,29579.0,84132
84134,9192.0,29579.0,84133
84135,9192.0,28976.0,84134
84136,9192.0,28976.0,84135
84137,9192.0,29251.0,84136
84138,9192.0,28932.0,84137
84139,9192.0,29976.0,84138
84140,9192.0,29890.0,84139
84141,9192.0,29760.0,84140
84142,9192.0,30147.0,84141
84143,9192.0,30163.0,84142
84144,9192.0,30289.0,84143
84145,9192.0,30244.0,84144
84146,9192.0,30089.0,84145
84147,9192.0,29699.0,84146
84148,9192.0,29653.0,84147
84149,9192.0,30097.0,84148
84150,9192.0,29903.0,84149
84151,9192.0,29903.0,84150
84152,9192.0,30127.0,84151
84153,9192.0,30247.0,84152
84154,9192.0,29862.0,84153
84155,9192.0,29624.0,84154
84156,9192.0,29714.0,84155
84157,9192.0,30326.0,84156
84158,9192.0,30422.0,84157
84159,9192.0,30728.0,84158
84160,9192.0,30783.0,84159
84161,9192.0,29685.0,84160
84162,9192.0,30313.0,84161
84163,9192.0,30600.0,84162
84164,9192.0,29950.0,84163
84165,9192.0,29608.0,84164
84166,9192.0,29035.0,84165
84167,9192.0,28755.0,84166
84168,9192.0,28727.0,84167
84169,9192.0,28639.0,84168
84170,9192.0,28639.0,84169
84171,9192.0,28617.0,84170
84172,9192.0,28756.0,84171
84173,9192.0,29433.0,84172
84174,9192.0,29433.0,84173
84175,9192.0,29433.0,84174
84176,9192.0,29382.0,84175
84177,9192.0,28569.0,84176
84178,9192.0,29240.0,84177
84179,9192.0,29412.0,84178
84180,9192.0,29441.0,84179
84181,9192.0,29033.0,84180
84182,9192.0,29062.0,84181
84183,9192.0,28820.0,84182
84184,9192.0,28937.0,84183
84185,9192.0,28933.0,84184
84186,9192.0,28933.0,84185
84187,9192.0,29010.0,84186
84188,9192.0,29122.0,84187
84189,9192.0,28976.0,84188
84190,9192.0,28910.0,84189
84191,9192.0,28692.0,84190
84192,9192.0,28951.0,84191
84193,9192.0,28963.0,84192
84194,9192.0,28845.0,84193
84195,9192.0,28844.0,84194
84196,9192.0,28055.0,84195
84197,9192.0,28366.0,84196
84198,9192.0,28408.0,84197
84199,9192.0,28098.0,84198
84200,9192.0,27865.0,84199
84201,9192.0,27865.0,84200
84202,9192.0,27995.0,84201
84203,9192.0,28004.0,84202
84204,9192.0,28064.0,84203
84205,9192.0,28340.0,84204
84206,9192.0,28605.0,84205
84207,9192.0,29211.0,84206
84208,9192.0,29231.0,84207
84209,9192.0,29117.0,84208
84210,9192.0,28907.0,84209
84211,9192.0,29176.0,84210
84212,9192.0,28146.0,84211
84213,9192.0,28104.0,84212
84214,9192.0,29834.0,84213
84215,9192.0,29745.0,84214
84216,9192.0,29237.0,84215
84217,9192.0,29237.0,84216
84218,9192.0,28755.0,84217
84219,9192.0,29073.0,84218
84220,9192.0,29429.0,84219
84221,9192.0,30418.0,84220
84222,9192.0,30051.0,84221
84223,9192.0,29612.0,84222
84224,9192.0,29672.0,84223
84225,9192.0,29596.0,84224
84226,9192.0,29367.0,84225
84227,9192.0,29367.0,84226
84228,9192.0,29850.0,84227
84229,9192.0,30553.0,84228
84230,9192.0,30579.0,84229
84231,9192.0,30321.0,84230
84232,9192.0,29722.0,84231
84233,9192.0,30174.0,84232
84234,9192.0,30179.0,84233
84235,9192.0,30967.0,84234
84236,9192.0,31253.0,84235
84237,9192.0,31085.0,84236
84238,9192.0,31532.0,84237
84239,9192.0,31342.0,84238
84240,9192.0,30633.0,84239
84241,9192.0,30282.0,84240
84242,9192.0,30002.0,84241
84243,9192.0,30002.0,84242
84244,9192.0,28396.0,84243
84245,9192.0,28124.0,84244
84246,9192.0,28157.0,84245
84247,9192.0,28655.0,84246
84248,9192.0,28655.0,84247
84249,9192.0,28342.0,84248
84250,9192.0,28356.0,84249
84251,9192.0,30052.0,84250
84252,9192.0,29041.0,84251
84253,9192.0,29041.0,84252
84254,9192.0,29186.0,84253
84255,9192.0,29162.0,84254
84256,9192.0,29191.0,84255
84257,9192.0,29082.0,84256
84258,9192.0,29474.0,84257
84259,9192.0,28358.0,84258
84260,9192.0,28901.0,84259
84261,9192.0,29638.0,84260
84262,9192.0,29433.0,84261
84263,9192.0,29801.0,84262
84264,9192.0,29336.0,84263
84265,9192.0,29701.0,84264
84266,9192.0,28224.0,84265
84267,9192.0,27979.0,84266
84268,9192.0,28102.0,84267
84269,9192.0,28102.0,84268
84270,9192.0,27693.0,84269
84271,9192.0,27294.0,84270
84272,9192.0,27810.0,84271
84273,9192.0,27722.0,84272
84274,9192.0,26530.0,84273
84275,9192.0,26881.0,84274
84276,9192.0,26716.0,84275
84277,9192.0,26156.0,84276
84278,9192.0,26156.0,84277
84279,9192.0,26650.0,84278
84280,9192.0,26689.0,84279
84281,9192.0,27750.0,84280
84282,9192.0,28444.0,84281
84283,9192.0,28715.0,84282
84284,9192.0,29012.0,84283
84285,9192.0,28773.0,84284
84286,9192.0,28879.0,84285
84287,9192.0,28743.0,84286
84288,9192.0,29291.0,84287
84289,9192.0,30606.0,84288
84290,9192.0,30687.0,84289
84291,9192.0,30646.0,84290
84292,9192.0,29829.0,84291
84293,9192.0,29732.0,84292
84294,9192.0,29736.0,84293
84295,9192.0,29736.0,84294
84296,9192.0,29907.0,84295
84297,9192.0,30058.0,84296
84298,9192.0,30811.0,84297
84299,9192.0,29752.0,84298
84300,9192.0,29752.0,84299
84301,9192.0,28502.0,84300
84302,9192.0,28452.0,84301
84303,9192.0,28398.0,84302
84304,9192.0,28330.0,84303
84305,9192.0,28626.0,84304
84306,9192.0,28648.0,84305
84307,9192.0,29700.0,84306
84308,9192.0,29861.0,84307
84309,9192.0,29945.0,84308
84310,9192.0,30016.0,84309
84311,9192.0,30426.0,84310
84312,9192.0,30329.0,84311
84313,9192.0,30291.0,84312
84314,9192.0,29624.0,84313
84315,9192.0,29624.0,84314
84316,9192.0,29860.0,84315
84317,9192.0,29494.0,84316
84318,9192.0,30510.0,84317
84319,9192.0,30845.0,84318
84320,9192.0,29659.0,84319
84321,9192.0,29939.0,84320
84322,9192.0,30543.0,84321
84323,9192.0,30531.0,84322
84324,9192.0,30804.0,84323
84325,9192.0,30672.0,84324
84326,9192.0,30648.0,84325
84327,9192.0,31143.0,84326
84328,9192.0,31016.0,84327
84329,9192.0,30853.0,84328
84330,9192.0,30921.0,84329
84331,9192.0,30882.0,84330
84332,9192.0,30760.0,84331
84333,9192.0,30760.0,84332
84334,9192.0,30366.0,84333
84335,9192.0,29856.0,84334
84336,9192.0,28891.0,84335
84337,9192.0,28975.0,84336
84338,9192.0,28871.0,84337
84339,9192.0,28741.0,84338
84340,9192.0,28224.0,84339
84341,9192.0,25862.0,84340
84342,9192.0,25267.0,84341
84343,9192.0,25422.0,84342
84344,9192.0,25837.0,84343
84345,9192.0,26039.0,84344
84346,9192.0,26543.0,84345
84347,9192.0,26440.0,84346
84348,9192.0,26637.0,84347
84349,9192.0,26859.0,84348
84350,9192.0,26731.0,84349
84351,9192.0,26283.0,84350
84352,9192.0,26447.0,84351
84353,9192.0,26993.0,84352
84354,9192.0,27733.0,84353
84355,9192.0,27733.0,84354
84356,9192.0,27325.0,84355
84357,9192.0,27325.0,84356
84358,9192.0,27373.0,84357
84359,9192.0,26803.0,84358
84360,9192.0,26887.0,84359
84361,9192.0,26887.0,84360
84362,9192.0,24923.0,84361
84363,9192.0,26077.0,84362
84364,9192.0,25120.0,84363
84365,9192.0,24959.0,84364
84366,9192.0,24674.0,84365
84367,9192.0,24551.0,84366
84368,9192.0,24222.0,84367
84369,9192.0,24189.0,84368
84370,9192.0,24459.0,84369
84371,9192.0,24494.0,84370
84372,9192.0,24264.0,84371
84373,9192.0,23970.0,84372
84374,9192.0,23716.0,84373
84375,9192.0,23555.0,84374
84376,9192.0,23555.0,84375
84377,9192.0,23782.0,84376
84378,9192.0,23647.0,84377
84379,9192.0,24725.0,84378
84380,9192.0,25017.0,84379
84381,9192.0,25017.0,84380
84382,9192.0,25073.0,84381
84383,9192.0,24941.0,84382
84384,9192.0,26260.0,84383
84385,9192.0,25957.0,84384
84386,9192.0,25957.0,84385
84387,9192.0,26300.0,84386
84388,9192.0,26074.0,84387
84389,9192.0,25803.0,84388
84390,9192.0,28516.0,84389
84391,9192.0,29673.0,84390
84392,9192.0,29880.0,84391
84393,9192.0,30021.0,84392
84394,9192.0,30467.0,84393
84395,9192.0,30695.0,84394
84396,9192.0,30796.0,84395
84397,9192.0,30819.0,84396
84398,9192.0,30693.0,84397
84399,9192.0,30574.0,84398
84400,9192.0,30560.0,84399
84401,9192.0,30482.0,84400
84402,9192.0,30249.0,84401
84403,9192.0,29859.0,84402
84404,9192.0,28813.0,84403
84405,9192.0,29450.0,84404
84406,9192.0,29722.0,84405
84407,9192.0,29848.0,84406
84408,9192.0,30059.0,84407
84409,9192.0,29987.0,84408
84410,9192.0,30351.0,84409
84411,9192.0,30101.0,84410
84412,9192.0,30239.0,84411
84413,9192.0,30326.0,84412
84414,9192.0,30678.0,84413
84415,9192.0,29582.0,84414
84416,9192.0,29582.0,84415
84417,9192.0,29166.0,84416
84418,9192.0,28689.0,84417
84419,9192.0,28389.0,84418
84420,9192.0,28065.0,84419
84421,9192.0,28322.0,84420
84422,9192.0,28913.0,84421
84423,9192.0,28689.0,84422
84424,9192.0,28367.0,84423
84425,9192.0,28702.0,84424
84426,9192.0,28682.0,84425
84427,9192.0,29116.0,84426
84428,9192.0,30100.0,84427
84429,9192.0,30050.0,84428
84430,9192.0,29901.0,84429
84431,9192.0,30067.0,84430
84432,9192.0,29759.0,84431
84433,9192.0,29781.0,84432
84434,9192.0,30114.0,84433
84435,9192.0,30354.0,84434
84436,9192.0,30713.0,84435
84437,9192.0,30285.0,84436
84438,9192.0,30164.0,84437
84439,9192.0,29891.0,84438
84440,9192.0,29877.0,84439
84441,9192.0,29507.0,84440
84442,9192.0,30656.0,84441
84443,9192.0,31729.0,84442
84444,9192.0,30891.0,84443
84445,9192.0,31114.0,84444
84446,9192.0,31578.0,84445
84447,9192.0,31617.0,84446
84448,9192.0,31625.0,84447
84449,9192.0,31466.0,84448
84450,9192.0,31432.0,84449
84451,9192.0,31056.0,84450
84452,9192.0,30954.0,84451
84453,9192.0,31438.0,84452
84454,9192.0,31129.0,84453
84455,9192.0,30695.0,84454
84456,9192.0,30386.0,84455
84457,9192.0,30386.0,84456
84458,9192.0,30483.0,84457
84459,9192.0,30465.0,84458
84460,9192.0,30644.0,84459
84461,9192.0,30836.0,84460
84462,9192.0,31048.0,84461
84463,9192.0,30980.0,84462
84464,9192.0,31708.0,84463
84465,9192.0,31860.0,84464
84466,9192.0,31803.0,84465
84467,9192.0,31680.0,84466
84468,9192.0,31208.0,84467
84469,9192.0,30921.0,84468
84470,9192.0,30673.0,84469
84471,9192.0,31654.0,84470
84472,9192.0,31827.0,84471
84473,9192.0,31538.0,84472
84474,9192.0,30469.0,84473
84475,9192.0,30927.0,84474
84476,9192.0,30820.0,84475
84477,9192.0,30729.0,84476
84478,9192.0,30679.0,84477
84479,9192.0,30770.0,84478
84480,9192.0,30759.0,84479
84481,9192.0,30757.0,84480
84482,9192.0,30083.0,84481
84483,9192.0,30143.0,84482
84484,9192.0,29647.0,84483
84485,9192.0,28997.0,84484
84486,9192.0,28997.0,84485
84487,9192.0,28437.0,84486
84488,9192.0,28074.0,84487
84489,9192.0,28062.0,84488
84490,9192.0,28767.0,84489
84491,9192.0,30175.0,84490
84492,9192.0,29793.0,84491
84493,9192.0,29793.0,84492
84494,9192.0,29570.0,84493
84495,9192.0,29781.0,84494
84496,9192.0,30018.0,84495
84497,9192.0,29833.0,84496
84498,9192.0,30012.0,84497
84499,9192.0,29599.0,84498
84500,9192.0,29877.0,84499
84501,9192.0,30295.0,84500
84502,9192.0,30160.0,84501
84503,9192.0,30058.0,84502
84504,9192.0,29307.0,84503
84505,9192.0,29930.0,84504
84506,9192.0,29519.0,84505
84507,9192.0,28141.0,84506
84508,9192.0,28377.0,84507
84509,9192.0,28294.0,84508
84510,9192.0,28147.0,84509
84511,9192.0,28158.0,84510
84512,9192.0,28066.0,84511
84513,9192.0,28031.0,84512
84514,9192.0,27638.0,84513
84515,9192.0,27562.0,84514
84516,9192.0,27628.0,84515
84517,9192.0,27624.0,84516
84518,9192.0,27624.0,84517
84519,9192.0,27673.0,84518
84520,9192.0,28525.0,84519
84521,9192.0,28424.0,84520
84522,9192.0,28236.0,84521
84523,9192.0,28236.0,84522
84524,9192.0,26710.0,84523
84525,9192.0,26339.0,84524
84526,9192.0,26308.0,84525
84527,9192.0,26263.0,84526
84528,9192.0,25716.0,84527
84529,9192.0,26879.0,84528
84530,9192.0,26640.0,84529
84531,9192.0,26399.0,84530
84532,9192.0,26558.0,84531
84533,9192.0,26409.0,84532
84534,9192.0,26192.0,84533
84535,9192.0,26667.0,84534
84536,9192.0,27800.0,84535
84537,9192.0,27869.0,84536
84538,9192.0,27823.0,84537
84539,9192.0,27419.0,84538
84540,9192.0,27356.0,84539
84541,9192.0,26829.0,84540
84542,9192.0,26809.0,84541
84543,9192.0,27578.0,84542
84544,9192.0,27578.0,84543
84545,9192.0,28201.0,84544
84546,9192.0,28201.0,84545
84547,9192.0,28529.0,84546
84548,9192.0,28472.0,84547
84549,9192.0,28472.0,84548
84550,9192.0,28472.0,84549
84551,9192.0,28392.0,84550
84552,9192.0,28216.0,84551
84553,9192.0,28274.0,84552
84554,9192.0,28081.0,84553
84555,9192.0,28725.0,84554
84556,9192.0,28558.0,84555
84557,9192.0,28281.0,84556
84558,9192.0,28380.0,84557
84559,9192.0,28662.0,84558
84560,9192.0,28635.0,84559
84561,9192.0,28635.0,84560
84562,9192.0,28843.0,84561
84563,9192.0,28812.0,84562
84564,9192.0,28917.0,84563
84565,9192.0,28917.0,84564
84566,9192.0,29478.0,84565
84567,9192.0,29373.0,84566
84568,9192.0,29360.0,84567
84569,9192.0,29385.0,84568
84570,9192.0,29354.0,84569
84571,9192.0,29141.0,84570
84572,9192.0,29036.0,84571
84573,9192.0,29022.0,84572
84574,9192.0,29218.0,84573
84575,9192.0,28951.0,84574
84576,9192.0,28979.0,84575
84577,9192.0,28736.0,84576
84578,9192.0,28472.0,84577
84579,9192.0,29034.0,84578
84580,9192.0,29727.0,84579
84581,9192.0,29081.0,84580
84582,9192.0,29421.0,84581
84583,9192.0,29370.0,84582
84584,9192.0,29456.0,84583
84585,9192.0,29040.0,84584
84586,9192.0,29040.0,84585
84587,9192.0,28483.0,84586
84588,9192.0,28404.0,84587
84589,9192.0,28164.0,84588
84590,9192.0,28150.0,84589
84591,9192.0,28150.0,84590
84592,9192.0,28264.0,84591
84593,9192.0,29271.0,84592
84594,9192.0,29192.0,84593
84595,9192.0,29260.0,84594
84596,9192.0,29175.0,84595
84597,9192.0,30487.0,84596
84598,9192.0,31307.0,84597
84599,9192.0,31425.0,84598
84600,9192.0,31685.0,84599
84601,9192.0,31817.0,84600
84602,9192.0,31449.0,84601
84603,9192.0,31615.0,84602
84604,9192.0,31400.0,84603
84605,9192.0,31194.0,84604
84606,9192.0,30571.0,84605
84607,9192.0,30594.0,84606
84608,9192.0,30522.0,84607
84609,9192.0,30522.0,84608
84610,9192.0,30364.0,84609
84611,9192.0,29963.0,84610
84612,9192.0,29883.0,84611
84613,9192.0,29658.0,84612
84614,9192.0,29852.0,84613
84615,9192.0,29501.0,84614
84616,9192.0,29249.0,84615
84617,9192.0,29331.0,84616
84618,9192.0,29823.0,84617
84619,9192.0,29802.0,84618
84620,9192.0,29897.0,84619
84621,9192.0,28583.0,84620
84622,9192.0,28580.0,84621
84623,9192.0,28784.0,84622
84624,9192.0,29275.0,84623
84625,9192.0,29910.0,84624
84626,9192.0,29991.0,84625
84627,9192.0,31053.0,84626
84628,9192.0,30130.0,84627
84629,9192.0,30087.0,84628
84630,9192.0,30055.0,84629
84631,9192.0,30055.0,84630
84632,9192.0,31033.0,84631
84633,9192.0,31435.0,84632
84634,9192.0,30905.0,84633
84635,9192.0,30924.0,84634
84636,9192.0,31110.0,84635
84637,9192.0,31056.0,84636
84638,9192.0,31298.0,84637
84639,9192.0,32172.0,84638
84640,9192.0,31373.0,84639
84641,9192.0,30217.0,84640
84642,9192.0,31307.0,84641
84643,9192.0,31680.0,84642
84644,9192.0,31788.0,84643
84645,9192.0,31631.0,84644
84646,9192.0,31610.0,84645
84647,9192.0,31117.0,84646
84648,9192.0,31181.0,84647
84649,9192.0,31925.0,84648
84650,9192.0,31714.0,84649
84651,9192.0,32208.0,84650
84652,9192.0,32208.0,84651
84653,9192.0,31966.0,84652
84654,9192.0,31975.0,84653
84655,9192.0,31554.0,84654
84656,9192.0,31400.0,84655
84657,9192.0,31400.0,84656
84658,9192.0,31224.0,84657
84659,9192.0,31089.0,84658
84660,9192.0,31325.0,84659
84661,9192.0,31685.0,84660
84662,9192.0,30598.0,84661
84663,9192.0,30423.0,84662
84664,9192.0,30100.0,84663
84665,9192.0,30110.0,84664
84666,9192.0,29895.0,84665
84667,9192.0,30453.0,84666
84668,9192.0,30525.0,84667
84669,9192.0,30454.0,84668
84670,9192.0,30454.0,84669
84671,9192.0,30508.0,84670
84672,9192.0,30522.0,84671
84673,9192.0,30656.0,84672
84674,9192.0,30395.0,84673
84675,9192.0,30164.0,84674
84676,9192.0,29750.0,84675
84677,9192.0,29682.0,84676
84678,9192.0,29682.0,84677
84679,9192.0,30775.0,84678
84680,9192.0,30623.0,84679
84681,9192.0,31503.0,84680
84682,9192.0,31603.0,84681
84683,9192.0,31011.0,84682
84684,9192.0,31006.0,84683
84685,9192.0,30871.0,84684
84686,9192.0,30038.0,84685
84687,9192.0,30082.0,84686
84688,9192.0,29926.0,84687
84689,9192.0,30000.0,84688
84690,9192.0,30388.0,84689
84691,9192.0,29149.0,84690
84692,9192.0,28906.0,84691
84693,9192.0,29256.0,84692
84694,9192.0,28761.0,84693
84695,9192.0,28761.0,84694
84696,9192.0,28761.0,84695
84697,9192.0,27973.0,84696
84698,9192.0,28596.0,84697
84699,9192.0,30634.0,84698
84700,9192.0,30625.0,84699
84701,9192.0,30625.0,84700
84702,9192.0,30620.0,84701
84703,9192.0,29204.0,84702
84704,9192.0,29017.0,84703
84705,9192.0,28746.0,84704
84706,9192.0,30098.0,84705
84707,9192.0,30625.0,84706
84708,9192.0,30580.0,84707
84709,9192.0,30860.0,84708
84710,9192.0,30621.0,84709
84711,9192.0,29865.0,84710
84712,9192.0,28869.0,84711
84713,9192.0,28349.0,84712
84714,9192.0,28349.0,84713
84715,9192.0,28452.0,84714
84716,9192.0,28437.0,84715
84717,9192.0,28497.0,84716
84718,9192.0,28481.0,84717
84719,9192.0,28517.0,84718
84720,9192.0,28368.0,84719
84721,9192.0,28953.0,84720
84722,9192.0,29080.0,84721
84723,9192.0,29175.0,84722
84724,9192.0,29092.0,84723
84725,9192.0,29791.0,84724
84726,9192.0,29653.0,84725
84727,9192.0,30579.0,84726
84728,9192.0,30777.0,84727
84729,9192.0,31072.0,84728
84730,9192.0,31408.0,84729
84731,9192.0,31338.0,84730
84732,9192.0,31406.0,84731
84733,9192.0,31127.0,84732
84734,9192.0,31127.0,84733
84735,9192.0,31112.0,84734
84736,9192.0,31249.0,84735
84737,9192.0,31434.0,84736
84738,9192.0,31479.0,84737
84739,9192.0,31305.0,84738
84740,9192.0,31775.0,84739
84741,9192.0,31483.0,84740
84742,9192.0,30683.0,84741
84743,9192.0,30358.0,84742
84744,9192.0,31184.0,84743
84745,9192.0,30382.0,84744
84746,9192.0,29363.0,84745
84747,9192.0,29363.0,84746
84748,9192.0,28730.0,84747
84749,9192.0,30116.0,84748
84750,9192.0,29496.0,84749
84751,9192.0,29259.0,84750
84752,9192.0,29409.0,84751
84753,9192.0,29276.0,84752
84754,9192.0,29050.0,84753
84755,9192.0,28852.0,84754
84756,9192.0,29155.0,84755
84757,9192.0,30115.0,84756
84758,9192.0,30117.0,84757
84759,9192.0,29688.0,84758
84760,9192.0,29165.0,84759
84761,9192.0,29069.0,84760
84762,9192.0,29011.0,84761
84763,9192.0,29144.0,84762
84764,9192.0,29292.0,84763
84765,9192.0,29065.0,84764
84766,9192.0,29060.0,84765
84767,9192.0,28944.0,84766
84768,9192.0,29247.0,84767
84769,9192.0,29440.0,84768
84770,9192.0,29721.0,84769
84771,9192.0,30022.0,84770
84772,9192.0,30071.0,84771
84773,9192.0,29953.0,84772
84774,9192.0,28932.0,84773
84775,9192.0,29108.0,84774
84776,9192.0,29053.0,84775
84777,9192.0,28810.0,84776
84778,9192.0,29191.0,84777
84779,9192.0,29029.0,84778
84780,9192.0,29072.0,84779
84781,9192.0,29485.0,84780
84782,9192.0,29475.0,84781
84783,9192.0,28389.0,84782
84784,9192.0,28778.0,84783
84785,9192.0,28778.0,84784
84786,9192.0,28765.0,84785
84787,9192.0,28364.0,84786
84788,9192.0,27853.0,84787
84789,9192.0,28037.0,84788
84790,9192.0,28335.0,84789
84791,9192.0,28420.0,84790
84792,9192.0,28575.0,84791
84793,9192.0,27776.0,84792
84794,9192.0,27735.0,84793
84795,9192.0,26949.0,84794
84796,9192.0,26746.0,84795
84797,9192.0,26706.0,84796
84798,9192.0,26072.0,84797
84799,9192.0,25833.0,84798
84800,9192.0,25763.0,84799
84801,9192.0,25763.0,84800
84802,9192.0,25734.0,84801
84803,9192.0,25614.0,84802
84804,9192.0,26417.0,84803
84805,9192.0,26245.0,84804
84806,9192.0,26214.0,84805
84807,9192.0,26264.0,84806
84808,9192.0,26264.0,84807
84809,9192.0,26264.0,84808
84810,9192.0,26264.0,84809
84811,9192.0,26264.0,84810
84812,9192.0,26483.0,84811
84813,9192.0,26483.0,84812
84814,9192.0,25583.0,84813
84815,9192.0,26384.0,84814
84816,9192.0,26486.0,84815
84817,9192.0,26632.0,84816
84818,9192.0,27286.0,84817
84819,9192.0,27886.0,84818
84820,9192.0,28147.0,84819
84821,9192.0,27938.0,84820
84822,9192.0,28312.0,84821
84823,9192.0,28304.0,84822
84824,9192.0,27384.0,84823
84825,9192.0,27384.0,84824
84826,9192.0,27415.0,84825
84827,9192.0,27455.0,84826
84828,9192.0,27996.0,84827
84829,9192.0,29443.0,84828
84830,9192.0,29491.0,84829
84831,9192.0,29288.0,84830
84832,9192.0,29322.0,84831
84833,9192.0,28644.0,84832
84834,9192.0,28249.0,84833
84835,9192.0,28036.0,84834
84836,9192.0,27973.0,84835
84837,9192.0,27887.0,84836
84838,9192.0,27853.0,84837
84839,9192.0,27892.0,84838
84840,9192.0,27536.0,84839
84841,9192.0,27536.0,84840
84842,9192.0,28579.0,84841
84843,9192.0,27506.0,84842
84844,9192.0,27565.0,84843
84845,9192.0,27565.0,84844
84846,9192.0,27523.0,84845
84847,9192.0,27883.0,84846
84848,9192.0,27617.0,84847
84849,9192.0,27617.0,84848
84850,9192.0,27609.0,84849
84851,9192.0,27615.0,84850
84852,9192.0,27053.0,84851
84853,9192.0,26266.0,84852
84854,9192.0,26546.0,84853
84855,9192.0,26921.0,84854
84856,9192.0,25736.0,84855
84857,9192.0,25658.0,84856
84858,9192.0,26536.0,84857
84859,9192.0,26304.0,84858
84860,9192.0,27243.0,84859
84861,9192.0,28067.0,84860
84862,9192.0,28110.0,84861
84863,9192.0,27934.0,84862
84864,9192.0,27193.0,84863
84865,9192.0,27445.0,84864
84866,9192.0,27257.0,84865
84867,9192.0,27072.0,84866
84868,9192.0,27072.0,84867
84869,9192.0,27006.0,84868
84870,9192.0,27036.0,84869
84871,9192.0,27283.0,84870
84872,9192.0,27488.0,84871
84873,9192.0,27603.0,84872
84874,9192.0,28427.0,84873
84875,9192.0,28333.0,84874
84876,9192.0,28585.0,84875
84877,9192.0,28606.0,84876
84878,9192.0,28944.0,84877
84879,9192.0,28862.0,84878
84880,9192.0,28718.0,84879
84881,9192.0,28820.0,84880
84882,9192.0,29562.0,84881
84883,9192.0,29810.0,84882
84884,9192.0,29724.0,84883
84885,9192.0,29779.0,84884
84886,9192.0,32726.0,84885
84887,9192.0,31225.0,84886
84888,9192.0,30798.0,84887
84889,9192.0,30264.0,84888
84890,9192.0,30740.0,84889
84891,9192.0,30740.0,84890
84892,9192.0,30779.0,84891
84893,9192.0,30812.0,84892
84894,9192.0,30631.0,84893
84895,9192.0,29890.0,84894
84896,9192.0,30250.0,84895
84897,9192.0,30258.0,84896
84898,9192.0,30365.0,84897
84899,9192.0,29483.0,84898
84900,9192.0,28802.0,84899
84901,9192.0,29076.0,84900
84902,9192.0,29502.0,84901
84903,9192.0,29590.0,84902
84904,9192.0,29603.0,84903
84905,9192.0,29705.0,84904
84906,9192.0,29776.0,84905
84907,9192.0,29618.0,84906
84908,9192.0,29281.0,84907
84909,9192.0,28780.0,84908
84910,9192.0,28751.0,84909
84911,9192.0,28633.0,84910
84912,9192.0,28617.0,84911
84913,9192.0,28411.0,84912
84914,9192.0,28509.0,84913
84915,9192.0,28474.0,84914
84916,9192.0,28440.0,84915
84917,9192.0,29003.0,84916
84918,9192.0,28822.0,84917
84919,9192.0,29138.0,84918
84920,9192.0,30817.0,84919
84921,9192.0,29472.0,84920
84922,9192.0,29472.0,84921
84923,9192.0,29487.0,84922
84924,9192.0,29285.0,84923
84925,9192.0,30142.0,84924
84926,9192.0,29419.0,84925
84927,9192.0,29877.0,84926
84928,9192.0,29918.0,84927
84929,9192.0,29810.0,84928
84930,9192.0,29668.0,84929
84931,9192.0,29668.0,84930
84932,9192.0,29777.0,84931
84933,9192.0,29089.0,84932
84934,9192.0,29116.0,84933
84935,9192.0,29273.0,84934
84936,9192.0,29232.0,84935
84937,9192.0,29149.0,84936
84938,9192.0,29238.0,84937
84939,9192.0,29225.0,84938
84940,9192.0,30141.0,84939
84941,9192.0,30137.0,84940
84942,9192.0,30307.0,84941
84943,9192.0,30725.0,84942
84944,9192.0,30741.0,84943
84945,9192.0,30392.0,84944
84946,9192.0,30262.0,84945
84947,9192.0,29885.0,84946
84948,9192.0,29436.0,84947
84949,9192.0,29568.0,84948
84950,9192.0,30152.0,84949
84951,9192.0,30622.0,84950
84952,9192.0,30650.0,84951
84953,9192.0,30617.0,84952
84954,9192.0,29983.0,84953
84955,9192.0,29918.0,84954
84956,9192.0,29924.0,84955
84957,9192.0,28874.0,84956
84958,9192.0,29032.0,84957
84959,9192.0,29891.0,84958
84960,9192.0,29905.0,84959
84961,9192.0,29617.0,84960
84962,9192.0,29448.0,84961
84963,9192.0,29631.0,84962
84964,9192.0,29595.0,84963
84965,9192.0,29834.0,84964
84966,9192.0,29700.0,84965
84967,9192.0,30164.0,84966
84968,9192.0,30164.0,84967
84969,9192.0,30196.0,84968
84970,9192.0,30147.0,84969
84971,9192.0,30436.0,84970
84972,9192.0,29668.0,84971
84973,9192.0,29751.0,84972
84974,9192.0,29875.0,84973
84975,9192.0,29875.0,84974
84976,9192.0,29876.0,84975
84977,9192.0,30337.0,84976
84978,9192.0,30740.0,84977
84979,9192.0,30764.0,84978
84980,9192.0,30656.0,84979
84981,9192.0,30583.0,84980
84982,9192.0,30526.0,84981
84983,9192.0,30544.0,84982
84984,9192.0,30654.0,84983
84985,9192.0,30654.0,84984
84986,9192.0,30768.0,84985
84987,9192.0,30852.0,84986
84988,9192.0,30848.0,84987
84989,9192.0,30772.0,84988
84990,9192.0,32454.0,84989
84991,9192.0,32198.0,84990
84992,9192.0,31632.0,84991
84993,9192.0,31460.0,84992
84994,9192.0,31182.0,84993
84995,9192.0,31256.0,84994
84996,9192.0,31283.0,84995
84997,9192.0,32003.0,84996
84998,9192.0,31967.0,84997
84999,9192.0,32155.0,84998
85000,9192.0,31726.0,84999
85001,9192.0,31279.0,85000
85002,9192.0,31325.0,85001
85003,9192.0,31325.0,85002
85004,9192.0,31247.0,85003
85005,9192.0,31023.0,85004
85006,9192.0,31005.0,85005
85007,9192.0,30739.0,85006
85008,9192.0,30775.0,85007
85009,9192.0,31039.0,85008
85010,9192.0,30787.0,85009
85011,9192.0,30736.0,85010
85012,9192.0,30590.0,85011
85013,9192.0,31005.0,85012
85014,9192.0,31144.0,85013
85015,9192.0,31202.0,85014
85016,9192.0,31231.0,85015
85017,9192.0,31344.0,85016
85018,9192.0,31172.0,85017
85019,9192.0,31120.0,85018
85020,9192.0,30036.0,85019
85021,9192.0,29854.0,85020
85022,9192.0,29351.0,85021
85023,9192.0,29267.0,85022
85024,9192.0,29176.0,85023
85025,9192.0,29633.0,85024
85026,9192.0,29777.0,85025
85027,9192.0,28898.0,85026
85028,9192.0,28773.0,85027
85029,9192.0,27916.0,85028
85030,9192.0,28677.0,85029
85031,9192.0,28482.0,85030
85032,9192.0,28407.0,85031
85033,9192.0,28407.0,85032
85034,9192.0,28748.0,85033
85035,9192.0,28422.0,85034
85036,9192.0,26822.0,85035
85037,9192.0,26616.0,85036
85038,9192.0,26579.0,85037
85039,9192.0,26680.0,85038
85040,9192.0,26702.0,85039
85041,9192.0,26443.0,85040
85042,9192.0,26527.0,85041
85043,9192.0,26527.0,85042
85044,9192.0,27070.0,85043
85045,9192.0,27070.0,85044
85046,9192.0,26493.0,85045
85047,9192.0,26315.0,85046
85048,9192.0,26025.0,85047
85049,9192.0,27307.0,85048
85050,9192.0,28577.0,85049
85051,9192.0,28406.0,85050
85052,9192.0,28304.0,85051
85053,9192.0,26769.0,85052
85054,9192.0,26715.0,85053
85055,9192.0,27209.0,85054
85056,9192.0,27630.0,85055
85057,9192.0,27410.0,85056
85058,9192.0,27832.0,85057
85059,9192.0,26553.0,85058
85060,9192.0,26463.0,85059
85061,9192.0,26537.0,85060
85062,9192.0,26481.0,85061
85063,9192.0,26651.0,85062
85064,9192.0,26661.0,85063
85065,9192.0,26389.0,85064
85066,9192.0,27173.0,85065
85067,9192.0,27272.0,85066
85068,9192.0,26442.0,85067
85069,9192.0,26022.0,85068
85070,9192.0,26130.0,85069
85071,9192.0,26549.0,85070
85072,9192.0,27724.0,85071
85073,9192.0,27882.0,85072
85074,9192.0,26792.0,85073
85075,9192.0,26129.0,85074
85076,9192.0,25588.0,85075
85077,9192.0,24570.0,85076
85078,9192.0,24570.0,85077
85079,9192.0,24896.0,85078
85080,9192.0,26470.0,85079
85081,9192.0,25972.0,85080
85082,9192.0,26972.0,85081
85083,9192.0,27283.0,85082
85084,9192.0,27142.0,85083
85085,9192.0,27293.0,85084
85086,9192.0,27307.0,85085
85087,9192.0,27365.0,85086
85088,9192.0,27549.0,85087
85089,9192.0,27549.0,85088
85090,9192.0,27599.0,85089
85091,9192.0,27041.0,85090
85092,9192.0,28251.0,85091
85093,9192.0,28161.0,85092
85094,9192.0,28540.0,85093
85095,9192.0,28483.0,85094
85096,9192.0,28217.0,85095
85097,9192.0,28254.0,85096
85098,9192.0,28241.0,85097
85099,9192.0,28180.0,85098
85100,9192.0,28157.0,85099
85101,9192.0,28056.0,85100
85102,9192.0,28512.0,85101
85103,9192.0,29530.0,85102
85104,9192.0,28483.0,85103
85105,9192.0,28744.0,85104
85106,9192.0,29840.0,85105
85107,9192.0,29385.0,85106
85108,9192.0,29417.0,85107
85109,9192.0,29263.0,85108
85110,9192.0,29128.0,85109
85111,9192.0,29104.0,85110
85112,9192.0,29104.0,85111
85113,9192.0,29146.0,85112
85114,9192.0,28992.0,85113
85115,9192.0,28603.0,85114
85116,9192.0,28512.0,85115
85117,9192.0,28997.0,85116
85118,9192.0,29615.0,85117
85119,9192.0,29422.0,85118
85120,9192.0,30927.0,85119
85121,9192.0,30900.0,85120
85122,9192.0,30776.0,85121
85123,9192.0,31256.0,85122
85124,9192.0,30538.0,85123
85125,9192.0,30919.0,85124
85126,9192.0,31647.0,85125
85127,9192.0,32050.0,85126
85128,9192.0,31251.0,85127
85129,9192.0,30929.0,85128
85130,9192.0,30448.0,85129
85131,9192.0,30436.0,85130
85132,9192.0,29996.0,85131
85133,9192.0,29704.0,85132
85134,9192.0,29716.0,85133
85135,9192.0,29702.0,85134
85136,9192.0,29433.0,85135
85137,9192.0,29433.0,85136
85138,9192.0,29389.0,85137
85139,9192.0,29488.0,85138
85140,9192.0,29627.0,85139
85141,9192.0,29722.0,85140
85142,9192.0,29722.0,85141
85143,9192.0,29888.0,85142
85144,9192.0,29383.0,85143
85145,9192.0,29386.0,85144
85146,9192.0,29377.0,85145
85147,9192.0,29375.0,85146
85148,9192.0,30334.0,85147
85149,9192.0,30397.0,85148
85150,9192.0,30759.0,85149
85151,9192.0,29818.0,85150
85152,9192.0,29826.0,85151
85153,9192.0,29994.0,85152
85154,9192.0,29936.0,85153
85155,9192.0,28318.0,85154
85156,9192.0,27808.0,85155
85157,9192.0,27127.0,85156
85158,9192.0,26988.0,85157
85159,9192.0,27318.0,85158
85160,9192.0,27364.0,85159
85161,9192.0,26542.0,85160
85162,9192.0,27350.0,85161
85163,9192.0,27127.0,85162
85164,9192.0,26433.0,85163
85165,9192.0,26118.0,85164
85166,9192.0,24979.0,85165
85167,9192.0,25825.0,85166
85168,9192.0,26369.0,85167
85169,9192.0,26333.0,85168
85170,9192.0,28470.0,85169
85171,9192.0,28470.0,85170
85172,9192.0,28443.0,85171
85173,9192.0,28443.0,85172
85174,9192.0,28889.0,85173
85175,9192.0,28658.0,85174
85176,9192.0,29185.0,85175
85177,9192.0,28571.0,85176
85178,9192.0,28591.0,85177
85179,9192.0,28516.0,85178
85180,9192.0,28448.0,85179
85181,9192.0,28348.0,85180
85182,9192.0,28556.0,85181
85183,9192.0,28514.0,85182
85184,9192.0,28821.0,85183
85185,9192.0,28782.0,85184
85186,9192.0,28838.0,85185
85187,9192.0,28736.0,85186
85188,9192.0,29584.0,85187
85189,9192.0,29864.0,85188
85190,9192.0,29668.0,85189
85191,9192.0,29376.0,85190
85192,9192.0,29418.0,85191
85193,9192.0,29418.0,85192
85194,9192.0,29426.0,85193
85195,9192.0,29461.0,85194
85196,9192.0,29461.0,85195
85197,9192.0,29663.0,85196
85198,9192.0,28463.0,85197
85199,9192.0,28638.0,85198
85200,9192.0,28525.0,85199
85201,9192.0,27792.0,85200
85202,9192.0,27892.0,85201
85203,9192.0,27471.0,85202
85204,9192.0,27471.0,85203
85205,9192.0,27766.0,85204
85206,9192.0,27766.0,85205
85207,9192.0,27882.0,85206
85208,9192.0,28263.0,85207
85209,9192.0,28263.0,85208
85210,9192.0,28743.0,85209
85211,9192.0,28815.0,85210
85212,9192.0,28455.0,85211
85213,9192.0,28761.0,85212
85214,9192.0,28821.0,85213
85215,9192.0,28720.0,85214
85216,9192.0,28892.0,85215
85217,9192.0,28993.0,85216
85218,9192.0,29691.0,85217
85219,9192.0,29622.0,85218
85220,9192.0,29839.0,85219
85221,9192.0,28674.0,85220
85222,9192.0,28645.0,85221
85223,9192.0,28581.0,85222
85224,9192.0,28501.0,85223
85225,9192.0,28634.0,85224
85226,9192.0,28567.0,85225
85227,9192.0,28484.0,85226
85228,9192.0,27611.0,85227
85229,9192.0,27790.0,85228
85230,9192.0,26809.0,85229
85231,9192.0,27219.0,85230
85232,9192.0,27277.0,85231
85233,9192.0,27679.0,85232
85234,9192.0,28591.0,85233
85235,9192.0,28885.0,85234
85236,9192.0,28624.0,85235
85237,9192.0,29057.0,85236
85238,9192.0,28140.0,85237
85239,9192.0,26708.0,85238
85240,9192.0,26731.0,85239
85241,9192.0,26731.0,85240
85242,9192.0,26905.0,85241
85243,9192.0,26849.0,85242
85244,9192.0,26656.0,85243
85245,9192.0,26656.0,85244
85246,9192.0,25239.0,85245
85247,9192.0,25488.0,85246
85248,9192.0,25507.0,85247
85249,9192.0,25474.0,85248
85250,9192.0,25476.0,85249
85251,9192.0,26588.0,85250
85252,9192.0,26581.0,85251
85253,9192.0,26581.0,85252
85254,9192.0,26741.0,85253
85255,9192.0,27030.0,85254
85256,9192.0,27254.0,85255
85257,9192.0,27238.0,85256
85258,9192.0,27238.0,85257
85259,9192.0,27496.0,85258
85260,9192.0,27533.0,85259
85261,9192.0,27250.0,85260
85262,9192.0,27270.0,85261
85263,9192.0,28670.0,85262
85264,9192.0,29538.0,85263
85265,9192.0,29238.0,85264
85266,9192.0,28734.0,85265
85267,9192.0,29523.0,85266
85268,9192.0,29609.0,85267
85269,9192.0,29713.0,85268
85270,9192.0,29839.0,85269
85271,9192.0,29821.0,85270
85272,9192.0,29850.0,85271
85273,9192.0,30595.0,85272
85274,9192.0,30576.0,85273
85275,9192.0,30630.0,85274
85276,9192.0,30639.0,85275
85277,9192.0,30555.0,85276
85278,9192.0,30710.0,85277
85279,9192.0,30742.0,85278
85280,9192.0,30486.0,85279
85281,9192.0,30454.0,85280
85282,9192.0,30454.0,85281
85283,9192.0,30470.0,85282
85284,9192.0,31711.0,85283
85285,9192.0,31762.0,85284
85286,9192.0,31293.0,85285
85287,9192.0,31733.0,85286
85288,9192.0,31638.0,85287
85289,9192.0,31733.0,85288
85290,9192.0,31335.0,85289
85291,9192.0,31542.0,85290
85292,9192.0,31533.0,85291
85293,9192.0,31088.0,85292
85294,9192.0,31148.0,85293
85295,9192.0,31148.0,85294
85296,9192.0,30030.0,85295
85297,9192.0,30210.0,85296
85298,9192.0,30381.0,85297
85299,9192.0,30357.0,85298
85300,9192.0,31362.0,85299
85301,9192.0,30572.0,85300
85302,9192.0,30469.0,85301
85303,9192.0,30569.0,85302
85304,9192.0,30506.0,85303
85305,9192.0,30425.0,85304
85306,9192.0,30732.0,85305
85307,9192.0,30774.0,85306
85308,9192.0,30860.0,85307
85309,9192.0,30820.0,85308
85310,9192.0,29926.0,85309
85311,9192.0,29926.0,85310
85312,9192.0,29786.0,85311
85313,9192.0,30068.0,85312
85314,9192.0,29970.0,85313
85315,9192.0,30061.0,85314
85316,9192.0,30310.0,85315
85317,9192.0,30286.0,85316
85318,9192.0,30286.0,85317
85319,9192.0,30206.0,85318
85320,9192.0,29784.0,85319
85321,9192.0,29982.0,85320
85322,9192.0,29895.0,85321
85323,9192.0,29725.0,85322
85324,9192.0,29294.0,85323
85325,9192.0,29073.0,85324
85326,9192.0,29142.0,85325
85327,9192.0,29684.0,85326
85328,9192.0,29524.0,85327
85329,9192.0,29372.0,85328
85330,9192.0,29575.0,85329
85331,9192.0,28491.0,85330
85332,9192.0,28381.0,85331
85333,9192.0,28472.0,85332
85334,9192.0,28829.0,85333
85335,9192.0,29385.0,85334
85336,9192.0,29042.0,85335
85337,9192.0,29042.0,85336
85338,9192.0,29043.0,85337
85339,9192.0,28968.0,85338
85340,9192.0,29243.0,85339
85341,9192.0,29110.0,85340
85342,9192.0,29088.0,85341
85343,9192.0,28661.0,85342
85344,9192.0,28873.0,85343
85345,9192.0,28583.0,85344
85346,9192.0,28590.0,85345
85347,9192.0,28682.0,85346
85348,9192.0,29386.0,85347
85349,9192.0,29512.0,85348
85350,9192.0,29460.0,85349
85351,9192.0,29468.0,85350
85352,9192.0,29467.0,85351
85353,9192.0,29893.0,85352
85354,9192.0,29982.0,85353
85355,9192.0,30319.0,85354
85356,9192.0,30097.0,85355
85357,9192.0,30251.0,85356
85358,9192.0,30219.0,85357
85359,9192.0,30097.0,85358
85360,9192.0,29744.0,85359
85361,9192.0,31172.0,85360
85362,9192.0,31206.0,85361
85363,9192.0,30790.0,85362
85364,9192.0,30746.0,85363
85365,9192.0,30433.0,85364
85366,9192.0,30932.0,85365
85367,9192.0,30778.0,85366
85368,9192.0,30956.0,85367
85369,9192.0,31176.0,85368
85370,9192.0,30693.0,85369
85371,9192.0,30693.0,85370
85372,9192.0,29881.0,85371
85373,9192.0,29635.0,85372
85374,9192.0,29626.0,85373
85375,9192.0,28181.0,85374
85376,9192.0,27724.0,85375
85377,9192.0,27520.0,85376
85378,9192.0,27530.0,85377
85379,9192.0,27526.0,85378
85380,9192.0,26695.0,85379
85381,9192.0,26695.0,85380
85382,9192.0,26687.0,85381
85383,9192.0,27678.0,85382
85384,9192.0,26554.0,85383
85385,9192.0,26745.0,85384
85386,9192.0,26999.0,85385
85387,9192.0,27164.0,85386
85388,9192.0,27200.0,85387
85389,9192.0,26800.0,85388
85390,9192.0,27055.0,85389
85391,9192.0,27544.0,85390
85392,9192.0,27799.0,85391
85393,9192.0,27843.0,85392
85394,9192.0,27914.0,85393
85395,9192.0,28043.0,85394
85396,9192.0,27939.0,85395
85397,9192.0,27993.0,85396
85398,9192.0,28002.0,85397
85399,9192.0,27950.0,85398
85400,9192.0,27950.0,85399
85401,9192.0,28789.0,85400
85402,9192.0,28353.0,85401
85403,9192.0,28833.0,85402
85404,9192.0,28748.0,85403
85405,9192.0,28992.0,85404
85406,9192.0,28997.0,85405
85407,9192.0,29598.0,85406
85408,9192.0,29783.0,85407
85409,9192.0,29198.0,85408
85410,9192.0,29455.0,85409
85411,9192.0,29586.0,85410
85412,9192.0,29083.0,85411
85413,9192.0,29051.0,85412
85414,9192.0,28016.0,85413
85415,9192.0,27989.0,85414
85416,9192.0,27818.0,85415
85417,9192.0,27818.0,85416
85418,9192.0,28146.0,85417
85419,9192.0,28208.0,85418
85420,9192.0,28011.0,85419
85421,9192.0,28788.0,85420
85422,9192.0,28705.0,85421
85423,9192.0,28683.0,85422
85424,9192.0,28700.0,85423
85425,9192.0,28251.0,85424
85426,9192.0,27466.0,85425
85427,9192.0,27560.0,85426
85428,9192.0,27849.0,85427
85429,9192.0,27200.0,85428
85430,9192.0,27288.0,85429
85431,9192.0,27873.0,85430
85432,9192.0,27538.0,85431
85433,9192.0,28307.0,85432
85434,9192.0,28114.0,85433
85435,9192.0,27894.0,85434
85436,9192.0,27680.0,85435
85437,9192.0,28433.0,85436
85438,9192.0,27303.0,85437
85439,9192.0,27731.0,85438
85440,9192.0,27819.0,85439
85441,9192.0,27485.0,85440
85442,9192.0,27574.0,85441
85443,9192.0,27717.0,85442
85444,9192.0,28384.0,85443
85445,9192.0,28146.0,85444
85446,9192.0,28232.0,85445
85447,9192.0,27534.0,85446
85448,9192.0,27123.0,85447
85449,9192.0,26785.0,85448
85450,9192.0,27919.0,85449
85451,9192.0,28227.0,85450
85452,9192.0,27696.0,85451
85453,9192.0,27674.0,85452
85454,9192.0,27674.0,85453
85455,9192.0,27737.0,85454
85456,9192.0,27737.0,85455
85457,9192.0,27626.0,85456
85458,9192.0,27362.0,85457
85459,9192.0,27684.0,85458
85460,9192.0,27684.0,85459
85461,9192.0,27307.0,85460
85462,9192.0,27679.0,85461
85463,9192.0,28068.0,85462
85464,9192.0,28193.0,85463
85465,9192.0,28084.0,85464
85466,9192.0,28072.0,85465
85467,9192.0,28171.0,85466
85468,9192.0,27811.0,85467
85469,9192.0,27781.0,85468
85470,9192.0,28251.0,85469
85471,9192.0,28349.0,85470
85472,9192.0,28711.0,85471
85473,9192.0,28623.0,85472
85474,9192.0,27959.0,85473
85475,9192.0,27556.0,85474
85476,9192.0,27556.0,85475
85477,9192.0,26377.0,85476
85478,9192.0,26812.0,85477
85479,9192.0,25899.0,85478
85480,9192.0,26329.0,85479
85481,9192.0,26690.0,85480
85482,9192.0,26690.0,85481
85483,9192.0,26690.0,85482
85484,9192.0,26791.0,85483
85485,9192.0,26793.0,85484
85486,9192.0,26793.0,85485
85487,9192.0,26793.0,85486
85488,9192.0,26660.0,85487
85489,9192.0,26660.0,85488
85490,9192.0,26798.0,85489
85491,9192.0,27795.0,85490
85492,9192.0,27876.0,85491
85493,9192.0,28219.0,85492
85494,9192.0,28219.0,85493
85495,9192.0,27026.0,85494
85496,9192.0,26657.0,85495
85497,9192.0,26422.0,85496
85498,9192.0,27735.0,85497
85499,9192.0,27626.0,85498
85500,9192.0,27374.0,85499
85501,9192.0,27416.0,85500
85502,9192.0,27413.0,85501
85503,9192.0,27413.0,85502
85504,9192.0,28130.0,85503
85505,9192.0,27912.0,85504
85506,9192.0,27989.0,85505
85507,9192.0,28684.0,85506
85508,9192.0,28833.0,85507
85509,9192.0,28662.0,85508
85510,9192.0,28138.0,85509
85511,9192.0,27852.0,85510
85512,9192.0,27786.0,85511
85513,9192.0,28024.0,85512
85514,9192.0,28018.0,85513
85515,9192.0,28031.0,85514
85516,9192.0,27994.0,85515
85517,9192.0,28069.0,85516
85518,9192.0,28221.0,85517
85519,9192.0,27926.0,85518
85520,9192.0,27699.0,85519
85521,9192.0,27629.0,85520
85522,9192.0,27462.0,85521
85523,9192.0,27324.0,85522
85524,9192.0,27539.0,85523
85525,9192.0,28149.0,85524
85526,9192.0,28149.0,85525
85527,9192.0,27455.0,85526
85528,9192.0,27504.0,85527
85529,9192.0,27704.0,85528
85530,9192.0,27728.0,85529
85531,9192.0,28916.0,85530
85532,9192.0,28916.0,85531
85533,9192.0,29532.0,85532
85534,9192.0,29326.0,85533
85535,9192.0,29425.0,85534
85536,9192.0,29355.0,85535
85537,9192.0,29883.0,85536
85538,9192.0,29883.0,85537
85539,9192.0,28906.0,85538
85540,9192.0,28993.0,85539
85541,9192.0,28720.0,85540
85542,9192.0,28848.0,85541
85543,9192.0,28998.0,85542
85544,9192.0,29043.0,85543
85545,9192.0,29292.0,85544
85546,9192.0,29212.0,85545
85547,9192.0,29332.0,85546
85548,9192.0,29055.0,85547
85549,9192.0,28893.0,85548
85550,9192.0,29033.0,85549
85551,9192.0,28527.0,85550
85552,9192.0,28368.0,85551
85553,9192.0,28261.0,85552
85554,9192.0,29104.0,85553
85555,9192.0,29312.0,85554
85556,9192.0,29568.0,85555
85557,9192.0,30676.0,85556
85558,9192.0,30621.0,85557
85559,9192.0,31421.0,85558
85560,9192.0,31405.0,85559
85561,9192.0,31644.0,85560
85562,9192.0,31238.0,85561
85563,9192.0,30459.0,85562
85564,9192.0,29928.0,85563
85565,9192.0,30247.0,85564
85566,9192.0,30378.0,85565
85567,9192.0,30157.0,85566
85568,9192.0,30456.0,85567
85569,9192.0,29743.0,85568
85570,9192.0,29565.0,85569
85571,9192.0,29518.0,85570
85572,9192.0,29345.0,85571
85573,9192.0,28878.0,85572
85574,9192.0,28531.0,85573
85575,9192.0,28330.0,85574
85576,9192.0,28609.0,85575
85577,9192.0,28465.0,85576
85578,9192.0,28506.0,85577
85579,9192.0,28678.0,85578
85580,9192.0,28372.0,85579
85581,9192.0,28783.0,85580
85582,9192.0,28721.0,85581
85583,9192.0,29418.0,85582
85584,9192.0,28711.0,85583
85585,9192.0,28711.0,85584
85586,9192.0,29147.0,85585
85587,9192.0,30391.0,85586
85588,9192.0,30391.0,85587
85589,9192.0,30484.0,85588
85590,9192.0,30582.0,85589
85591,9192.0,29851.0,85590
85592,9192.0,29513.0,85591
85593,9192.0,30021.0,85592
85594,9192.0,29617.0,85593
85595,9192.0,29762.0,85594
85596,9192.0,29648.0,85595
85597,9192.0,29332.0,85596
85598,9192.0,29381.0,85597
85599,9192.0,30229.0,85598
85600,9192.0,30202.0,85599
85601,9192.0,29799.0,85600
85602,9192.0,29619.0,85601
85603,9192.0,29587.0,85602
85604,9192.0,28983.0,85603
85605,9192.0,28991.0,85604
85606,9192.0,29771.0,85605
85607,9192.0,30425.0,85606
85608,9192.0,30566.0,85607
85609,9192.0,30973.0,85608
85610,9192.0,31097.0,85609
85611,9192.0,30933.0,85610
85612,9192.0,31048.0,85611
85613,9192.0,30908.0,85612
85614,9192.0,30772.0,85613
85615,9192.0,30385.0,85614
85616,9192.0,29805.0,85615
85617,9192.0,29945.0,85616
85618,9192.0,29069.0,85617
85619,9192.0,29069.0,85618
85620,9192.0,29295.0,85619
85621,9192.0,29443.0,85620
85622,9192.0,30113.0,85621
85623,9192.0,29063.0,85622
85624,9192.0,28739.0,85623
85625,9192.0,28454.0,85624
85626,9192.0,28084.0,85625
85627,9192.0,27210.0,85626
85628,9192.0,27389.0,85627
85629,9192.0,28246.0,85628
85630,9192.0,27817.0,85629
85631,9192.0,27513.0,85630
85632,9192.0,26502.0,85631
85633,9192.0,26367.0,85632
85634,9192.0,26297.0,85633
85635,9192.0,26352.0,85634
85636,9192.0,26776.0,85635
85637,9192.0,26526.0,85636
85638,9192.0,26178.0,85637
85639,9192.0,26178.0,85638
85640,9192.0,26234.0,85639
85641,9192.0,26530.0,85640
85642,9192.0,26807.0,85641
85643,9192.0,26600.0,85642
85644,9192.0,26161.0,85643
85645,9192.0,25987.0,85644
85646,9192.0,27880.0,85645
85647,9192.0,28043.0,85646
85648,9192.0,28040.0,85647
85649,9192.0,28836.0,85648
85650,9192.0,29634.0,85649
85651,9192.0,28751.0,85650
85652,9192.0,29213.0,85651
85653,9192.0,29048.0,85652
85654,9192.0,29131.0,85653
85655,9192.0,30201.0,85654
85656,9192.0,30171.0,85655
85657,9192.0,30394.0,85656
85658,9192.0,30394.0,85657
85659,9192.0,30326.0,85658
85660,9192.0,31252.0,85659
85661,9192.0,31296.0,85660
85662,9192.0,31390.0,85661
85663,9192.0,30846.0,85662
85664,9192.0,31070.0,85663
85665,9192.0,31119.0,85664
85666,9192.0,31252.0,85665
85667,9192.0,32492.0,85666
85668,9192.0,32284.0,85667
85669,9192.0,31914.0,85668
85670,9192.0,31939.0,85669
85671,9192.0,32338.0,85670
85672,9192.0,32546.0,85671
85673,9192.0,32261.0,85672
85674,9192.0,31644.0,85673
85675,9192.0,31542.0,85674
85676,9192.0,31148.0,85675
85677,9192.0,30755.0,85676
85678,9192.0,30657.0,85677
85679,9192.0,28885.0,85678
85680,9192.0,29615.0,85679
85681,9192.0,29899.0,85680
85682,9192.0,30225.0,85681
85683,9192.0,30225.0,85682
85684,9192.0,30306.0,85683
85685,9192.0,30265.0,85684
85686,9192.0,30284.0,85685
85687,9192.0,30182.0,85686
85688,9192.0,30166.0,85687
85689,9192.0,30055.0,85688
85690,9192.0,29029.0,85689
85691,9192.0,29085.0,85690
85692,9192.0,28090.0,85691
85693,9192.0,28360.0,85692
85694,9192.0,28184.0,85693
85695,9192.0,29402.0,85694
85696,9192.0,28570.0,85695
85697,9192.0,28569.0,85696
85698,9192.0,28569.0,85697
85699,9192.0,27552.0,85698
85700,9192.0,27848.0,85699
85701,9192.0,27613.0,85700
85702,9192.0,28079.0,85701
85703,9192.0,28079.0,85702
85704,9192.0,28055.0,85703
85705,9192.0,28055.0,85704
85706,9192.0,28869.0,85705
85707,9192.0,29157.0,85706
85708,9192.0,29040.0,85707
85709,9192.0,29530.0,85708
85710,9192.0,29642.0,85709
85711,9192.0,29500.0,85710
85712,9192.0,29204.0,85711
85713,9192.0,29573.0,85712
85714,9192.0,29520.0,85713
85715,9192.0,29514.0,85714
85716,9192.0,29373.0,85715
85717,9192.0,29587.0,85716
85718,9192.0,29458.0,85717
85719,9192.0,29400.0,85718
85720,9192.0,29515.0,85719
85721,9192.0,29516.0,85720
85722,9192.0,29148.0,85721
85723,9192.0,29007.0,85722
85724,9192.0,28862.0,85723
85725,9192.0,28857.0,85724
85726,9192.0,29064.0,85725
85727,9192.0,28743.0,85726
85728,9192.0,28621.0,85727
85729,9192.0,28909.0,85728
85730,9192.0,28892.0,85729
85731,9192.0,28852.0,85730
85732,9192.0,29119.0,85731
85733,9192.0,28415.0,85732
85734,9192.0,28380.0,85733
85735,9192.0,28642.0,85734
85736,9192.0,28686.0,85735
85737,9192.0,28910.0,85736
85738,9192.0,28924.0,85737
85739,9192.0,27691.0,85738
85740,9192.0,27219.0,85739
85741,9192.0,27209.0,85740
85742,9192.0,27099.0,85741
85743,9192.0,27928.0,85742
85744,9192.0,27585.0,85743
85745,9192.0,27970.0,85744
85746,9192.0,27553.0,85745
85747,9192.0,27576.0,85746
85748,9192.0,27643.0,85747
85749,9192.0,27919.0,85748
85750,9192.0,27867.0,85749
85751,9192.0,27348.0,85750
85752,9192.0,27409.0,85751
85753,9192.0,28048.0,85752
85754,9192.0,27885.0,85753
85755,9192.0,28210.0,85754
85756,9192.0,28018.0,85755
85757,9192.0,28017.0,85756
85758,9192.0,27832.0,85757
85759,9192.0,27855.0,85758
85760,9192.0,28501.0,85759
85761,9192.0,28602.0,85760
85762,9192.0,29516.0,85761
85763,9192.0,28680.0,85762
85764,9192.0,28788.0,85763
85765,9192.0,28384.0,85764
85766,9192.0,28231.0,85765
85767,9192.0,28820.0,85766
85768,9192.0,28587.0,85767
85769,9192.0,28447.0,85768
85770,9192.0,29031.0,85769
85771,9192.0,29148.0,85770
85772,9192.0,29073.0,85771
85773,9192.0,28214.0,85772
85774,9192.0,28265.0,85773
85775,9192.0,28265.0,85774
85776,9192.0,28531.0,85775
85777,9192.0,28784.0,85776
85778,9192.0,28784.0,85777
85779,9192.0,28419.0,85778
85780,9192.0,27855.0,85779
85781,9192.0,27969.0,85780
85782,9192.0,28100.0,85781
85783,9192.0,27399.0,85782
85784,9192.0,27399.0,85783
85785,9192.0,28296.0,85784
85786,9192.0,27915.0,85785
85787,9192.0,28168.0,85786
85788,9192.0,28624.0,85787
85789,9192.0,28624.0,85788
85790,9192.0,27425.0,85789
85791,9192.0,27638.0,85790
85792,9192.0,27727.0,85791
85793,9192.0,27889.0,85792
85794,9192.0,28135.0,85793
85795,9192.0,28135.0,85794
85796,9192.0,28566.0,85795
85797,9192.0,28887.0,85796
85798,9192.0,28040.0,85797
85799,9192.0,28483.0,85798
85800,9192.0,28546.0,85799
85801,9192.0,28029.0,85800
85802,9192.0,28029.0,85801
85803,9192.0,27781.0,85802
85804,9192.0,27930.0,85803
85805,9192.0,28235.0,85804
85806,9192.0,28255.0,85805
85807,9192.0,28217.0,85806
85808,9192.0,28192.0,85807
85809,9192.0,27772.0,85808
85810,9192.0,28708.0,85809
85811,9192.0,28708.0,85810
85812,9192.0,29280.0,85811
85813,9192.0,28925.0,85812
85814,9192.0,29250.0,85813
85815,9192.0,29388.0,85814
85816,9192.0,29543.0,85815
85817,9192.0,29973.0,85816
85818,9192.0,29611.0,85817
85819,9192.0,29499.0,85818
85820,9192.0,29469.0,85819
85821,9192.0,29465.0,85820
85822,9192.0,29448.0,85821
85823,9192.0,29340.0,85822
85824,9192.0,28472.0,85823
85825,9192.0,28536.0,85824
85826,9192.0,27912.0,85825
85827,9192.0,27933.0,85826
85828,9192.0,27748.0,85827
85829,9192.0,27748.0,85828
85830,9192.0,27063.0,85829
85831,9192.0,27063.0,85830
85832,9192.0,28682.0,85831
85833,9192.0,28756.0,85832
85834,9192.0,29236.0,85833
85835,9192.0,29087.0,85834
85836,9192.0,29167.0,85835
85837,9192.0,29723.0,85836
85838,9192.0,29683.0,85837
85839,9192.0,29732.0,85838
85840,9192.0,29594.0,85839
85841,9192.0,28091.0,85840
85842,9192.0,27910.0,85841
85843,9192.0,28486.0,85842
85844,9192.0,27503.0,85843
85845,9192.0,27490.0,85844
85846,9192.0,27221.0,85845
85847,9192.0,27238.0,85846
85848,9192.0,27048.0,85847
85849,9192.0,27532.0,85848
85850,9192.0,27374.0,85849
85851,9192.0,27236.0,85850
85852,9192.0,27234.0,85851
85853,9192.0,26013.0,85852
85854,9192.0,26171.0,85853
85855,9192.0,25857.0,85854
85856,9192.0,26914.0,85855
85857,9192.0,27585.0,85856
85858,9192.0,27625.0,85857
85859,9192.0,27625.0,85858
85860,9192.0,27741.0,85859
85861,9192.0,27851.0,85860
85862,9192.0,27861.0,85861
85863,9192.0,27927.0,85862
85864,9192.0,27110.0,85863
85865,9192.0,27116.0,85864
85866,9192.0,26880.0,85865
85867,9192.0,26936.0,85866
85868,9192.0,27653.0,85867
85869,9192.0,27653.0,85868
85870,9192.0,27653.0,85869
85871,9192.0,27653.0,85870
85872,9192.0,27637.0,85871
85873,9192.0,26845.0,85872
85874,9192.0,27153.0,85873
85875,9192.0,26902.0,85874
85876,9192.0,27166.0,85875
85877,9192.0,27044.0,85876
85878,9192.0,27355.0,85877
85879,9192.0,27355.0,85878
85880,9192.0,27608.0,85879
85881,9192.0,27443.0,85880
85882,9192.0,27257.0,85881
85883,9192.0,27282.0,85882
85884,9192.0,27542.0,85883
85885,9192.0,28128.0,85884
85886,9192.0,28368.0,85885
85887,9192.0,28294.0,85886
85888,9192.0,28374.0,85887
85889,9192.0,28048.0,85888
85890,9192.0,28638.0,85889
85891,9192.0,27668.0,85890
85892,9192.0,27281.0,85891
85893,9192.0,27281.0,85892
85894,9192.0,27234.0,85893
85895,9192.0,27040.0,85894
85896,9192.0,26709.0,85895
85897,9192.0,26621.0,85896
85898,9192.0,26986.0,85897
85899,9192.0,27001.0,85898
85900,9192.0,27006.0,85899
85901,9192.0,27202.0,85900
85902,9192.0,27468.0,85901
85903,9192.0,27545.0,85902
85904,9192.0,27559.0,85903
85905,9192.0,27808.0,85904
85906,9192.0,27792.0,85905
85907,9192.0,28332.0,85906
85908,9192.0,29416.0,85907
85909,9192.0,29414.0,85908
85910,9192.0,29195.0,85909
85911,9192.0,29195.0,85910
85912,9192.0,29525.0,85911
85913,9192.0,29598.0,85912
85914,9192.0,29593.0,85913
85915,9192.0,29624.0,85914
85916,9192.0,28324.0,85915
85917,9192.0,27378.0,85916
85918,9192.0,27760.0,85917
85919,9192.0,27760.0,85918
85920,9192.0,27414.0,85919
85921,9192.0,27535.0,85920
85922,9192.0,27870.0,85921
85923,9192.0,27648.0,85922
85924,9192.0,27966.0,85923
85925,9192.0,27998.0,85924
85926,9192.0,27604.0,85925
85927,9192.0,26734.0,85926
85928,9192.0,27300.0,85927
85929,9192.0,27400.0,85928
85930,9192.0,27414.0,85929
85931,9192.0,27262.0,85930
85932,9192.0,27473.0,85931
85933,9192.0,27435.0,85932
85934,9192.0,27409.0,85933
85935,9192.0,27365.0,85934
85936,9192.0,27507.0,85935
85937,9192.0,28251.0,85936
85938,9192.0,28325.0,85937
85939,9192.0,28962.0,85938
85940,9192.0,29213.0,85939
85941,9192.0,29213.0,85940
85942,9192.0,28995.0,85941
85943,9192.0,28930.0,85942
85944,9192.0,28988.0,85943
85945,9192.0,29663.0,85944
85946,9192.0,29714.0,85945
85947,9192.0,29852.0,85946
85948,9192.0,28758.0,85947
85949,9192.0,28755.0,85948
85950,9192.0,29842.0,85949
85951,9192.0,29695.0,85950
85952,9192.0,29537.0,85951
85953,9192.0,28392.0,85952
85954,9192.0,28418.0,85953
85955,9192.0,28350.0,85954
85956,9192.0,28523.0,85955
85957,9192.0,27924.0,85956
85958,9192.0,27681.0,85957
85959,9192.0,27716.0,85958
85960,9192.0,27728.0,85959
85961,9192.0,28682.0,85960
85962,9192.0,28682.0,85961
85963,9192.0,28743.0,85962
85964,9192.0,28782.0,85963
85965,9192.0,28910.0,85964
85966,9192.0,28592.0,85965
85967,9192.0,28833.0,85966
85968,9192.0,29195.0,85967
85969,9192.0,31028.0,85968
85970,9192.0,30803.0,85969
85971,9192.0,30812.0,85970
85972,9192.0,31015.0,85971
85973,9192.0,30979.0,85972
85974,9192.0,31024.0,85973
85975,9192.0,30645.0,85974
85976,9192.0,30645.0,85975
85977,9192.0,30875.0,85976
85978,9192.0,30875.0,85977
85979,9192.0,30810.0,85978
85980,9192.0,30666.0,85979
85981,9192.0,30067.0,85980
85982,9192.0,29668.0,85981
85983,9192.0,29645.0,85982
85984,9192.0,29873.0,85983
85985,9192.0,30276.0,85984
85986,9192.0,30722.0,85985
85987,9192.0,30851.0,85986
85988,9192.0,30297.0,85987
85989,9192.0,29563.0,85988
85990,9192.0,30657.0,85989
85991,9192.0,30204.0,85990
85992,9192.0,30181.0,85991
85993,9192.0,29476.0,85992
85994,9192.0,29476.0,85993
85995,9192.0,30421.0,85994
85996,9192.0,30463.0,85995
85997,9192.0,30436.0,85996
85998,9192.0,29962.0,85997
85999,9192.0,29931.0,85998
86000,9192.0,29809.0,85999
86001,9192.0,29992.0,86000
86002,9192.0,29762.0,86001
86003,9192.0,29768.0,86002
86004,9192.0,29912.0,86003
86005,9192.0,30105.0,86004
86006,9192.0,29053.0,86005
86007,9192.0,29061.0,86006
86008,9192.0,30234.0,86007
86009,9192.0,30472.0,86008
86010,9192.0,30415.0,86009
86011,9192.0,30005.0,86010
86012,9192.0,29686.0,86011
86013,9192.0,29012.0,86012
86014,9192.0,28976.0,86013
86015,9192.0,27862.0,86014
86016,9192.0,28816.0,86015
86017,9192.0,29047.0,86016
86018,9192.0,31106.0,86017
86019,9192.0,31280.0,86018
86020,9192.0,31280.0,86019
86021,9192.0,31357.0,86020
86022,9192.0,31340.0,86021
86023,9192.0,31894.0,86022
86024,9192.0,31246.0,86023
86025,9192.0,31053.0,86024
86026,9192.0,30932.0,86025
86027,9192.0,30789.0,86026
86028,9192.0,30935.0,86027
86029,9192.0,30910.0,86028
86030,9192.0,30677.0,86029
86031,9192.0,31124.0,86030
86032,9192.0,31140.0,86031
86033,9192.0,30771.0,86032
86034,9192.0,30720.0,86033
86035,9192.0,30758.0,86034
86036,9192.0,30668.0,86035
86037,9192.0,30724.0,86036
86038,9192.0,30659.0,86037
86039,9192.0,30541.0,86038
86040,9192.0,31442.0,86039
86041,9192.0,30814.0,86040
86042,9192.0,30878.0,86041
86043,9192.0,30053.0,86042
86044,9192.0,29541.0,86043
86045,9192.0,29483.0,86044
86046,9192.0,29489.0,86045
86047,9192.0,29489.0,86046
86048,9192.0,29462.0,86047
86049,9192.0,30115.0,86048
86050,9192.0,30701.0,86049
86051,9192.0,30701.0,86050
86052,9192.0,30888.0,86051
86053,9192.0,30552.0,86052
86054,9192.0,30826.0,86053
86055,9192.0,30116.0,86054
86056,9192.0,29851.0,86055
86057,9192.0,29763.0,86056
86058,9192.0,29647.0,86057
86059,9192.0,28749.0,86058
86060,9192.0,28846.0,86059
86061,9192.0,29868.0,86060
86062,9192.0,29993.0,86061
86063,9192.0,30136.0,86062
86064,9192.0,29681.0,86063
86065,9192.0,29152.0,86064
86066,9192.0,29188.0,86065
86067,9192.0,29774.0,86066
86068,9192.0,28340.0,86067
86069,9192.0,28356.0,86068
86070,9192.0,28689.0,86069
86071,9192.0,28269.0,86070
86072,9192.0,28326.0,86071
86073,9192.0,28365.0,86072
86074,9192.0,28365.0,86073
86075,9192.0,28810.0,86074
86076,9192.0,29560.0,86075
86077,9192.0,29548.0,86076
86078,9192.0,30048.0,86077
86079,9192.0,30086.0,86078
86080,9192.0,30348.0,86079
86081,9192.0,30349.0,86080
86082,9192.0,30401.0,86081
86083,9192.0,30599.0,86082
86084,9192.0,30409.0,86083
86085,9192.0,30346.0,86084
86086,9192.0,29916.0,86085
86087,9192.0,29916.0,86086
86088,9192.0,29394.0,86087
86089,9192.0,29832.0,86088
86090,9192.0,29744.0,86089
86091,9192.0,29748.0,86090
86092,9192.0,27947.0,86091
86093,9192.0,27589.0,86092
86094,9192.0,27305.0,86093
86095,9192.0,27500.0,86094
86096,9192.0,27500.0,86095
86097,9192.0,27500.0,86096
86098,9192.0,27500.0,86097
86099,9192.0,27344.0,86098
86100,9192.0,27824.0,86099
86101,9192.0,27895.0,86100
86102,9192.0,27501.0,86101
86103,9192.0,27890.0,86102
86104,9192.0,27982.0,86103
86105,9192.0,28272.0,86104
86106,9192.0,27199.0,86105
86107,9192.0,26939.0,86106
86108,9192.0,27093.0,86107
86109,9192.0,26852.0,86108
86110,9192.0,26379.0,86109
86111,9192.0,26500.0,86110
86112,9192.0,26524.0,86111
86113,9192.0,26605.0,86112
86114,9192.0,26605.0,86113
86115,9192.0,27519.0,86114
86116,9192.0,27639.0,86115
86117,9192.0,27658.0,86116
86118,9192.0,28192.0,86117
86119,9192.0,28733.0,86118
86120,9192.0,28727.0,86119
86121,9192.0,28675.0,86120
86122,9192.0,28462.0,86121
86123,9192.0,28373.0,86122
86124,9192.0,29277.0,86123
86125,9192.0,29298.0,86124
86126,9192.0,29145.0,86125
86127,9192.0,29296.0,86126
86128,9192.0,29595.0,86127
86129,9192.0,30215.0,86128
86130,9192.0,30449.0,86129
86131,9192.0,30196.0,86130
86132,9192.0,30173.0,86131
86133,9192.0,29010.0,86132
86134,9192.0,29152.0,86133
86135,9192.0,29298.0,86134
86136,9192.0,28992.0,86135
86137,9192.0,30362.0,86136
86138,9192.0,29740.0,86137
86139,9192.0,29409.0,86138
86140,9192.0,29412.0,86139
86141,9192.0,29540.0,86140
86142,9192.0,29471.0,86141
86143,9192.0,29596.0,86142
86144,9192.0,29633.0,86143
86145,9192.0,28781.0,86144
86146,9192.0,28771.0,86145
86147,9192.0,28554.0,86146
86148,9192.0,28950.0,86147
86149,9192.0,29062.0,86148
86150,9192.0,28270.0,86149
86151,9192.0,28991.0,86150
86152,9192.0,28935.0,86151
86153,9192.0,28691.0,86152
86154,9192.0,28499.0,86153
86155,9192.0,29273.0,86154
86156,9192.0,29322.0,86155
86157,9192.0,29233.0,86156
86158,9192.0,29526.0,86157
86159,9192.0,29530.0,86158
86160,9192.0,29416.0,86159
86161,9192.0,29695.0,86160
86162,9192.0,30321.0,86161
86163,9192.0,30419.0,86162
86164,9192.0,29860.0,86163
86165,9192.0,29976.0,86164
86166,9192.0,30056.0,86165
86167,9192.0,29973.0,86166
86168,9192.0,29633.0,86167
86169,9192.0,28788.0,86168
86170,9192.0,28903.0,86169
86171,9192.0,28484.0,86170
86172,9192.0,28484.0,86171
86173,9192.0,28844.0,86172
86174,9192.0,29849.0,86173
86175,9192.0,29741.0,86174
86176,9192.0,29608.0,86175
86177,9192.0,29612.0,86176
86178,9192.0,29564.0,86177
86179,9192.0,29705.0,86178
86180,9192.0,29705.0,86179
86181,9192.0,29267.0,86180
86182,9192.0,29316.0,86181
86183,9192.0,29321.0,86182
86184,9192.0,28929.0,86183
86185,9192.0,28929.0,86184
86186,9192.0,28778.0,86185
86187,9192.0,29272.0,86186
86188,9192.0,29204.0,86187
86189,9192.0,30910.0,86188
86190,9192.0,30244.0,86189
86191,9192.0,29734.0,86190
86192,9192.0,29775.0,86191
86193,9192.0,29453.0,86192
86194,9192.0,30705.0,86193
86195,9192.0,31173.0,86194
86196,9192.0,30880.0,86195
86197,9192.0,31457.0,86196
86198,9192.0,31429.0,86197
86199,9192.0,30142.0,86198
86200,9192.0,30110.0,86199
86201,9192.0,29076.0,86200
86202,9192.0,29445.0,86201
86203,9192.0,29344.0,86202
86204,9192.0,29415.0,86203
86205,9192.0,29371.0,86204
86206,9192.0,29336.0,86205
86207,9192.0,29503.0,86206
86208,9192.0,29027.0,86207
86209,9192.0,29027.0,86208
86210,9192.0,29966.0,86209
86211,9192.0,29747.0,86210
86212,9192.0,30054.0,86211
86213,9192.0,29222.0,86212
86214,9192.0,29187.0,86213
86215,9192.0,28895.0,86214
86216,9192.0,28838.0,86215
86217,9192.0,28613.0,86216
86218,9192.0,29949.0,86217
86219,9192.0,29436.0,86218
86220,9192.0,27828.0,86219
86221,9192.0,27828.0,86220
86222,9192.0,27894.0,86221
86223,9192.0,27877.0,86222
86224,9192.0,27916.0,86223
86225,9192.0,27966.0,86224
86226,9192.0,27917.0,86225
86227,9192.0,28125.0,86226
86228,9192.0,28382.0,86227
86229,9192.0,28585.0,86228
86230,9192.0,28448.0,86229
86231,9192.0,28793.0,86230
86232,9192.0,27098.0,86231
86233,9192.0,27051.0,86232
86234,9192.0,26787.0,86233
86235,9192.0,26786.0,86234
86236,9192.0,27673.0,86235
86237,9192.0,28127.0,86236
86238,9192.0,28076.0,86237
86239,9192.0,28915.0,86238
86240,9192.0,28822.0,86239
86241,9192.0,28907.0,86240
86242,9192.0,30168.0,86241
86243,9192.0,30206.0,86242
86244,9192.0,30245.0,86243
86245,9192.0,30041.0,86244
86246,9192.0,30092.0,86245
86247,9192.0,29737.0,86246
86248,9192.0,29737.0,86247
86249,9192.0,29737.0,86248
86250,9192.0,29688.0,86249
86251,9192.0,30124.0,86250
86252,9192.0,30100.0,86251
86253,9192.0,29684.0,86252
86254,9192.0,29780.0,86253
86255,9192.0,29725.0,86254
86256,9192.0,29091.0,86255
86257,9192.0,29008.0,86256
86258,9192.0,30327.0,86257
86259,9192.0,30182.0,86258
86260,9192.0,30467.0,86259
86261,9192.0,30467.0,86260
86262,9192.0,30265.0,86261
86263,9192.0,29327.0,86262
86264,9192.0,29039.0,86263
86265,9192.0,28520.0,86264
86266,9192.0,28520.0,86265
86267,9192.0,28328.0,86266
86268,9192.0,28217.0,86267
86269,9192.0,28146.0,86268
86270,9192.0,28166.0,86269
86271,9192.0,27942.0,86270
86272,9192.0,28561.0,86271
86273,9192.0,28814.0,86272
86274,9192.0,27989.0,86273
86275,9192.0,27716.0,86274
86276,9192.0,27716.0,86275
86277,9192.0,27954.0,86276
86278,9192.0,27676.0,86277
86279,9192.0,27693.0,86278
86280,9192.0,28116.0,86279
86281,9192.0,28116.0,86280
86282,9192.0,28116.0,86281
86283,9192.0,28198.0,86282
86284,9192.0,27828.0,86283
86285,9192.0,28321.0,86284
86286,9192.0,28843.0,86285
86287,9192.0,29145.0,86286
86288,9192.0,28679.0,86287
86289,9192.0,28511.0,86288
86290,9192.0,28099.0,86289
86291,9192.0,28501.0,86290
86292,9192.0,28464.0,86291
86293,9192.0,28550.0,86292
86294,9192.0,28671.0,86293
86295,9192.0,28962.0,86294
86296,9192.0,29101.0,86295
86297,9192.0,29895.0,86296
86298,9192.0,29395.0,86297
86299,9192.0,29624.0,86298
86300,9192.0,29787.0,86299
86301,9192.0,30333.0,86300
86302,9192.0,30376.0,86301
86303,9192.0,30124.0,86302
86304,9192.0,30641.0,86303
86305,9192.0,30058.0,86304
86306,9192.0,30062.0,86305
86307,9192.0,30548.0,86306
86308,9192.0,30283.0,86307
86309,9192.0,30247.0,86308
86310,9192.0,29956.0,86309
86311,9192.0,30080.0,86310
86312,9192.0,30170.0,86311
86313,9192.0,30201.0,86312
86314,9192.0,30719.0,86313
86315,9192.0,30239.0,86314
86316,9192.0,30534.0,86315
86317,9192.0,30563.0,86316
86318,9192.0,30163.0,86317
86319,9192.0,30278.0,86318
86320,9192.0,29484.0,86319
86321,9192.0,29958.0,86320
86322,9192.0,29337.0,86321
86323,9192.0,29676.0,86322
86324,9192.0,30275.0,86323
86325,9192.0,29197.0,86324
86326,9192.0,29151.0,86325
86327,9192.0,29095.0,86326
86328,9192.0,29095.0,86327
86329,9192.0,29238.0,86328
86330,9192.0,29045.0,86329
86331,9192.0,28584.0,86330
86332,9192.0,28584.0,86331
86333,9192.0,28762.0,86332
86334,9192.0,29489.0,86333
86335,9192.0,29089.0,86334
86336,9192.0,29067.0,86335
86337,9192.0,29121.0,86336
86338,9192.0,29169.0,86337
86339,9192.0,28688.0,86338
86340,9192.0,28876.0,86339
86341,9192.0,28710.0,86340
86342,9192.0,28667.0,86341
86343,9192.0,28943.0,86342
86344,9192.0,28921.0,86343
86345,9192.0,28422.0,86344
86346,9192.0,28442.0,86345
86347,9192.0,26191.0,86346
86348,9192.0,26410.0,86347
86349,9192.0,26410.0,86348
86350,9192.0,26413.0,86349
86351,9192.0,26413.0,86350
86352,9192.0,25754.0,86351
86353,9192.0,26938.0,86352
86354,9192.0,26950.0,86353
86355,9192.0,26816.0,86354
86356,9192.0,26858.0,86355
86357,9192.0,26721.0,86356
86358,9192.0,26722.0,86357
86359,9192.0,26888.0,86358
86360,9192.0,27520.0,86359
86361,9192.0,27230.0,86360
86362,9192.0,27099.0,86361
86363,9192.0,27076.0,86362
86364,9192.0,27897.0,86363
86365,9192.0,27918.0,86364
86366,9192.0,28187.0,86365
86367,9192.0,28099.0,86366
86368,9192.0,28113.0,86367
86369,9192.0,28005.0,86368
86370,9192.0,28005.0,86369
86371,9192.0,27876.0,86370
86372,9192.0,28143.0,86371
86373,9192.0,28076.0,86372
86374,9192.0,28354.0,86373
86375,9192.0,29482.0,86374
86376,9192.0,29442.0,86375
86377,9192.0,29448.0,86376
86378,9192.0,29411.0,86377
86379,9192.0,29488.0,86378
86380,9192.0,29371.0,86379
86381,9192.0,29297.0,86380
86382,9192.0,28788.0,86381
86383,9192.0,28957.0,86382
86384,9192.0,28783.0,86383
86385,9192.0,28723.0,86384
86386,9192.0,28462.0,86385
86387,9192.0,28628.0,86386
86388,9192.0,29210.0,86387
86389,9192.0,30356.0,86388
86390,9192.0,30298.0,86389
86391,9192.0,31470.0,86390
86392,9192.0,30802.0,86391
86393,9192.0,30836.0,86392
86394,9192.0,30382.0,86393
86395,9192.0,29778.0,86394
86396,9192.0,29752.0,86395
86397,9192.0,30384.0,86396
86398,9192.0,30407.0,86397
86399,9192.0,30370.0,86398
86400,9192.0,29975.0,86399
86401,9192.0,30250.0,86400
86402,9192.0,29669.0,86401
86403,9192.0,29767.0,86402
86404,9192.0,29742.0,86403
86405,9192.0,29734.0,86404
86406,9192.0,29770.0,86405
86407,9192.0,29903.0,86406
86408,9192.0,30269.0,86407
86409,9192.0,31301.0,86408
86410,9192.0,31283.0,86409
86411,9192.0,31237.0,86410
86412,9192.0,31316.0,86411
86413,9192.0,31716.0,86412
86414,9192.0,31575.0,86413
86415,9192.0,31382.0,86414
86416,9192.0,31397.0,86415
86417,9192.0,31590.0,86416
86418,9192.0,30953.0,86417
86419,9192.0,30290.0,86418
86420,9192.0,30429.0,86419
86421,9192.0,30675.0,86420
86422,9192.0,30853.0,86421
86423,9192.0,30853.0,86422
86424,9192.0,30862.0,86423
86425,9192.0,31171.0,86424
86426,9192.0,30673.0,86425
86427,9192.0,31313.0,86426
86428,9192.0,31688.0,86427
86429,9192.0,31922.0,86428
86430,9192.0,31313.0,86429
86431,9192.0,31334.0,86430
86432,9192.0,31632.0,86431
86433,9192.0,32046.0,86432
86434,9192.0,32018.0,86433
86435,9192.0,32809.0,86434
86436,9192.0,32804.0,86435
86437,9192.0,32488.0,86436
86438,9192.0,32301.0,86437
86439,9192.0,32400.0,86438
86440,9192.0,32427.0,86439
86441,9192.0,32759.0,86440
86442,9192.0,32765.0,86441
86443,9192.0,32746.0,86442
86444,9192.0,32989.0,86443
86445,9192.0,32304.0,86444
86446,9192.0,31069.0,86445
86447,9192.0,31069.0,86446
86448,9192.0,31173.0,86447
86449,9192.0,30693.0,86448
86450,9192.0,30693.0,86449
86451,9192.0,30750.0,86450
86452,9192.0,30778.0,86451
86453,9192.0,30778.0,86452
86454,9192.0,30660.0,86453
86455,9192.0,30655.0,86454
86456,9192.0,30741.0,86455
86457,9192.0,30662.0,86456
86458,9192.0,30662.0,86457
86459,9192.0,30795.0,86458
86460,9192.0,30543.0,86459
86461,9192.0,30365.0,86460
86462,9192.0,30505.0,86461
86463,9192.0,30505.0,86462
86464,9192.0,30939.0,86463
86465,9192.0,30340.0,86464
86466,9192.0,30340.0,86465
86467,9192.0,30072.0,86466
86468,9192.0,30027.0,86467
86469,9192.0,29949.0,86468
86470,9192.0,30509.0,86469
86471,9192.0,30277.0,86470
86472,9192.0,29725.0,86471
86473,9192.0,29545.0,86472
86474,9192.0,29544.0,86473
86475,9192.0,29544.0,86474
86476,9192.0,29444.0,86475
86477,9192.0,30379.0,86476
86478,9192.0,30012.0,86477
86479,9192.0,29985.0,86478
86480,9192.0,30315.0,86479
86481,9192.0,30334.0,86480
86482,9192.0,28667.0,86481
86483,9192.0,29123.0,86482
86484,9192.0,30348.0,86483
86485,9192.0,30309.0,86484
86486,9192.0,30405.0,86485
86487,9192.0,29052.0,86486
86488,9192.0,28678.0,86487
86489,9192.0,27940.0,86488
86490,9192.0,28231.0,86489
86491,9192.0,28520.0,86490
86492,9192.0,29005.0,86491
86493,9192.0,28180.0,86492
86494,9192.0,28645.0,86493
86495,9192.0,28567.0,86494
86496,9192.0,28724.0,86495
86497,9192.0,28202.0,86496
86498,9192.0,28038.0,86497
86499,9192.0,28038.0,86498
86500,9192.0,27965.0,86499
86501,9192.0,27999.0,86500
86502,9192.0,28021.0,86501
86503,9192.0,28021.0,86502
86504,9192.0,27915.0,86503
86505,9192.0,28399.0,86504
86506,9192.0,28408.0,86505
86507,9192.0,28495.0,86506
86508,9192.0,28712.0,86507
86509,9192.0,28509.0,86508
86510,9192.0,28495.0,86509
86511,9192.0,28522.0,86510
86512,9192.0,28522.0,86511
86513,9192.0,28652.0,86512
86514,9192.0,28560.0,86513
86515,9192.0,28029.0,86514
86516,9192.0,27590.0,86515
86517,9192.0,27905.0,86516
86518,9192.0,28111.0,86517
86519,9192.0,28213.0,86518
86520,9192.0,28315.0,86519
86521,9192.0,28145.0,86520
86522,9192.0,28079.0,86521
86523,9192.0,28022.0,86522
86524,9192.0,27901.0,86523
86525,9192.0,27817.0,86524
86526,9192.0,27827.0,86525
86527,9192.0,27299.0,86526
86528,9192.0,27327.0,86527
86529,9192.0,27335.0,86528
86530,9192.0,27079.0,86529
86531,9192.0,27240.0,86530
86532,9192.0,26822.0,86531
86533,9192.0,26666.0,86532
86534,9192.0,26630.0,86533
86535,9192.0,27366.0,86534
86536,9192.0,27450.0,86535
86537,9192.0,27439.0,86536
86538,9192.0,27786.0,86537
86539,9192.0,27726.0,86538
86540,9192.0,27792.0,86539
86541,9192.0,27582.0,86540
86542,9192.0,27540.0,86541
86543,9192.0,27310.0,86542
86544,9192.0,28223.0,86543
86545,9192.0,28532.0,86544
86546,9192.0,28878.0,86545
86547,9192.0,28773.0,86546
86548,9192.0,28649.0,86547
86549,9192.0,28311.0,86548
86550,9192.0,28081.0,86549
86551,9192.0,28070.0,86550
86552,9192.0,28197.0,86551
86553,9192.0,28322.0,86552
86554,9192.0,28322.0,86553
86555,9192.0,28278.0,86554
86556,9192.0,28771.0,86555
86557,9192.0,28890.0,86556
86558,9192.0,28998.0,86557
86559,9192.0,29001.0,86558
86560,9192.0,30120.0,86559
86561,9192.0,29834.0,86560
86562,9192.0,30234.0,86561
86563,9192.0,28881.0,86562
86564,9192.0,28683.0,86563
86565,9192.0,28525.0,86564
86566,9192.0,29193.0,86565
86567,9192.0,29177.0,86566
86568,9192.0,28683.0,86567
86569,9192.0,28815.0,86568
86570,9192.0,28724.0,86569
86571,9192.0,29049.0,86570
86572,9192.0,28951.0,86571
86573,9192.0,28950.0,86572
86574,9192.0,27993.0,86573
86575,9192.0,28182.0,86574
86576,9192.0,28270.0,86575
86577,9192.0,28270.0,86576
86578,9192.0,28877.0,86577
86579,9192.0,28966.0,86578
86580,9192.0,29077.0,86579
86581,9192.0,27287.0,86580
86582,9192.0,27549.0,86581
86583,9192.0,27745.0,86582
86584,9192.0,27782.0,86583
86585,9192.0,27467.0,86584
86586,9192.0,27195.0,86585
86587,9192.0,27551.0,86586
86588,9192.0,27548.0,86587
86589,9192.0,27236.0,86588
86590,9192.0,27236.0,86589
86591,9192.0,29248.0,86590
86592,9192.0,29087.0,86591
86593,9192.0,29005.0,86592
86594,9192.0,28946.0,86593
86595,9192.0,28811.0,86594
86596,9192.0,28893.0,86595
86597,9192.0,28270.0,86596
86598,9192.0,28270.0,86597
86599,9192.0,27277.0,86598
86600,9192.0,27330.0,86599
86601,9192.0,28206.0,86600
86602,9192.0,28360.0,86601
86603,9192.0,28360.0,86602
86604,9192.0,28427.0,86603
86605,9192.0,28119.0,86604
86606,9192.0,28559.0,86605
86607,9192.0,28431.0,86606
86608,9192.0,28489.0,86607
86609,9192.0,27888.0,86608
86610,9192.0,27418.0,86609
86611,9192.0,27308.0,86610
86612,9192.0,27308.0,86611
86613,9192.0,27010.0,86612
86614,9192.0,27033.0,86613
86615,9192.0,27025.0,86614
86616,9192.0,26947.0,86615
86617,9192.0,26852.0,86616
86618,9192.0,26707.0,86617
86619,9192.0,27146.0,86618
86620,9192.0,27674.0,86619
86621,9192.0,27244.0,86620
86622,9192.0,26272.0,86621
86623,9192.0,26144.0,86622
86624,9192.0,25758.0,86623
86625,9192.0,25692.0,86624
86626,9192.0,25591.0,86625
86627,9192.0,25177.0,86626
86628,9192.0,25177.0,86627
86629,9192.0,25389.0,86628
86630,9192.0,24998.0,86629
86631,9192.0,25508.0,86630
86632,9192.0,25508.0,86631
86633,9192.0,25433.0,86632
86634,9192.0,25466.0,86633
86635,9192.0,25055.0,86634
86636,9192.0,25806.0,86635
86637,9192.0,25888.0,86636
86638,9192.0,25981.0,86637
86639,9192.0,25739.0,86638
86640,9192.0,25865.0,86639
86641,9192.0,25937.0,86640
86642,9192.0,26027.0,86641
86643,9192.0,26027.0,86642
86644,9192.0,26493.0,86643
86645,9192.0,26588.0,86644
86646,9192.0,26727.0,86645
86647,9192.0,26474.0,86646
86648,9192.0,26409.0,86647
86649,9192.0,27104.0,86648
86650,9192.0,28230.0,86649
86651,9192.0,28665.0,86650
86652,9192.0,28409.0,86651
86653,9192.0,28513.0,86652
86654,9192.0,28520.0,86653
86655,9192.0,28010.0,86654
86656,9192.0,28085.0,86655
86657,9192.0,27980.0,86656
86658,9192.0,28036.0,86657
86659,9192.0,29127.0,86658
86660,9192.0,28890.0,86659
86661,9192.0,28362.0,86660
86662,9192.0,28642.0,86661
86663,9192.0,28639.0,86662
86664,9192.0,29100.0,86663
86665,9192.0,29217.0,86664
86666,9192.0,29103.0,86665
86667,9192.0,29587.0,86666
86668,9192.0,29242.0,86667
86669,9192.0,27665.0,86668
86670,9192.0,27754.0,86669
86671,9192.0,28174.0,86670
86672,9192.0,27435.0,86671
86673,9192.0,27433.0,86672
86674,9192.0,27665.0,86673
86675,9192.0,27645.0,86674
86676,9192.0,27645.0,86675
86677,9192.0,27658.0,86676
86678,9192.0,27653.0,86677
86679,9192.0,26965.0,86678
86680,9192.0,26882.0,86679
86681,9192.0,27371.0,86680
86682,9192.0,27988.0,86681
86683,9192.0,28228.0,86682
86684,9192.0,28219.0,86683
86685,9192.0,27860.0,86684
86686,9192.0,27739.0,86685
86687,9192.0,27860.0,86686
86688,9192.0,28068.0,86687
86689,9192.0,26777.0,86688
86690,9192.0,27162.0,86689
86691,9192.0,26973.0,86690
86692,9192.0,28054.0,86691
86693,9192.0,27865.0,86692
86694,9192.0,27932.0,86693
86695,9192.0,28221.0,86694
86696,9192.0,28356.0,86695
86697,9192.0,28249.0,86696
86698,9192.0,28328.0,86697
86699,9192.0,28374.0,86698
86700,9192.0,27461.0,86699
86701,9192.0,27474.0,86700
86702,9192.0,27440.0,86701
86703,9192.0,27206.0,86702
86704,9192.0,27206.0,86703
86705,9192.0,27202.0,86704
86706,9192.0,27202.0,86705
86707,9192.0,27659.0,86706
86708,9192.0,27667.0,86707
86709,9192.0,26824.0,86708
86710,9192.0,27011.0,86709
86711,9192.0,27305.0,86710
86712,9192.0,27278.0,86711
86713,9192.0,27354.0,86712
86714,9192.0,26962.0,86713
86715,9192.0,28194.0,86714
86716,9192.0,28432.0,86715
86717,9192.0,29726.0,86716
86718,9192.0,29762.0,86717
86719,9192.0,29830.0,86718
86720,9192.0,30310.0,86719
86721,9192.0,30000.0,86720
86722,9192.0,29716.0,86721
86723,9192.0,29893.0,86722
86724,9192.0,29207.0,86723
86725,9192.0,28227.0,86724
86726,9192.0,28017.0,86725
86727,9192.0,27994.0,86726
86728,9192.0,28190.0,86727
86729,9192.0,27890.0,86728
86730,9192.0,26847.0,86729
86731,9192.0,26590.0,86730
86732,9192.0,26146.0,86731
86733,9192.0,26034.0,86732
86734,9192.0,26019.0,86733
86735,9192.0,26125.0,86734
86736,9192.0,26125.0,86735
86737,9192.0,26594.0,86736
86738,9192.0,26679.0,86737
86739,9192.0,26554.0,86738
86740,9192.0,26423.0,86739
86741,9192.0,26423.0,86740
86742,9192.0,26460.0,86741
86743,9192.0,26097.0,86742
86744,9192.0,26097.0,86743
86745,9192.0,26048.0,86744
86746,9192.0,24612.0,86745
86747,9192.0,24612.0,86746
86748,9192.0,23682.0,86747
86749,9192.0,23644.0,86748
86750,9192.0,23633.0,86749
86751,9192.0,24543.0,86750
86752,9192.0,25382.0,86751
86753,9192.0,24783.0,86752
86754,9192.0,24869.0,86753
86755,9192.0,25264.0,86754
86756,9192.0,25316.0,86755
86757,9192.0,26794.0,86756
86758,9192.0,26777.0,86757
86759,9192.0,26921.0,86758
86760,9192.0,27560.0,86759
86761,9192.0,27732.0,86760
86762,9192.0,27592.0,86761
86763,9192.0,27882.0,86762
86764,9192.0,29085.0,86763
86765,9192.0,28736.0,86764
86766,9192.0,29851.0,86765
86767,9192.0,29405.0,86766
86768,9192.0,29721.0,86767
86769,9192.0,29556.0,86768
86770,9192.0,30030.0,86769
86771,9192.0,29287.0,86770
86772,9192.0,29285.0,86771
86773,9192.0,29400.0,86772
86774,9192.0,29369.0,86773
86775,9192.0,29376.0,86774
86776,9192.0,29376.0,86775
86777,9192.0,29118.0,86776
86778,9192.0,28859.0,86777
86779,9192.0,29644.0,86778
86780,9192.0,29267.0,86779
86781,9192.0,29097.0,86780
86782,9192.0,29037.0,86781
86783,9192.0,29155.0,86782
86784,9192.0,29224.0,86783
86785,9192.0,28853.0,86784
86786,9192.0,29009.0,86785
86787,9192.0,29009.0,86786
86788,9192.0,29064.0,86787
86789,9192.0,29061.0,86788
86790,9192.0,27791.0,86789
86791,9192.0,27603.0,86790
86792,9192.0,27592.0,86791
86793,9192.0,26958.0,86792
86794,9192.0,27219.0,86793
86795,9192.0,27315.0,86794
86796,9192.0,26942.0,86795
86797,9192.0,26827.0,86796
86798,9192.0,27004.0,86797
86799,9192.0,27035.0,86798
86800,9192.0,26668.0,86799
86801,9192.0,27346.0,86800
86802,9192.0,28031.0,86801
86803,9192.0,28070.0,86802
86804,9192.0,28020.0,86803
86805,9192.0,29686.0,86804
86806,9192.0,29468.0,86805
86807,9192.0,29304.0,86806
86808,9192.0,29515.0,86807
86809,9192.0,28521.0,86808
86810,9192.0,28734.0,86809
86811,9192.0,28734.0,86810
86812,9192.0,28687.0,86811
86813,9192.0,28519.0,86812
86814,9192.0,28594.0,86813
86815,9192.0,28547.0,86814
86816,9192.0,28382.0,86815
86817,9192.0,28736.0,86816
86818,9192.0,28804.0,86817
86819,9192.0,28780.0,86818
86820,9192.0,28951.0,86819
86821,9192.0,27660.0,86820
86822,9192.0,27660.0,86821
86823,9192.0,26383.0,86822
86824,9192.0,26383.0,86823
86825,9192.0,26215.0,86824
86826,9192.0,26838.0,86825
86827,9192.0,27466.0,86826
86828,9192.0,27370.0,86827
86829,9192.0,27712.0,86828
86830,9192.0,28218.0,86829
86831,9192.0,29425.0,86830
86832,9192.0,28832.0,86831
86833,9192.0,28960.0,86832
86834,9192.0,28515.0,86833
86835,9192.0,28453.0,86834
86836,9192.0,29625.0,86835
86837,9192.0,27842.0,86836
86838,9192.0,27676.0,86837
86839,9192.0,27370.0,86838
86840,9192.0,27901.0,86839
86841,9192.0,27812.0,86840
86842,9192.0,26080.0,86841
86843,9192.0,26066.0,86842
86844,9192.0,26109.0,86843
86845,9192.0,25969.0,86844
86846,9192.0,26091.0,86845
86847,9192.0,26241.0,86846
86848,9192.0,27627.0,86847
86849,9192.0,27525.0,86848
86850,9192.0,28675.0,86849
86851,9192.0,28756.0,86850
86852,9192.0,28741.0,86851
86853,9192.0,28827.0,86852
86854,9192.0,28816.0,86853
86855,9192.0,28856.0,86854
86856,9192.0,29883.0,86855
86857,9192.0,29883.0,86856
86858,9192.0,30137.0,86857
86859,9192.0,30485.0,86858
86860,9192.0,30196.0,86859
86861,9192.0,29866.0,86860
86862,9192.0,29848.0,86861
86863,9192.0,29248.0,86862
86864,9192.0,29474.0,86863
86865,9192.0,29683.0,86864
86866,9192.0,30163.0,86865
86867,9192.0,29681.0,86866
86868,9192.0,29170.0,86867
86869,9192.0,29170.0,86868
86870,9192.0,29178.0,86869
86871,9192.0,29615.0,86870
86872,9192.0,29607.0,86871
86873,9192.0,29735.0,86872
86874,9192.0,30335.0,86873
86875,9192.0,30271.0,86874
86876,9192.0,30641.0,86875
86877,9192.0,30710.0,86876
86878,9192.0,30771.0,86877
86879,9192.0,30386.0,86878
86880,9192.0,30335.0,86879
86881,9192.0,30748.0,86880
86882,9192.0,30614.0,86881
86883,9192.0,30540.0,86882
86884,9192.0,30757.0,86883
86885,9192.0,31269.0,86884
86886,9192.0,31272.0,86885
86887,9192.0,31329.0,86886
86888,9192.0,31312.0,86887
86889,9192.0,30941.0,86888
86890,9192.0,30718.0,86889
86891,9192.0,30718.0,86890
86892,9192.0,30688.0,86891
86893,9192.0,30688.0,86892
86894,9192.0,30545.0,86893
86895,9192.0,30300.0,86894
86896,9192.0,30294.0,86895
86897,9192.0,30727.0,86896
86898,9192.0,30079.0,86897
86899,9192.0,30097.0,86898
86900,9192.0,30148.0,86899
86901,9192.0,30211.0,86900
86902,9192.0,30362.0,86901
86903,9192.0,29788.0,86902
86904,9192.0,30011.0,86903
86905,9192.0,30088.0,86904
86906,9192.0,29779.0,86905
86907,9192.0,29114.0,86906
86908,9192.0,29123.0,86907
86909,9192.0,28983.0,86908
86910,9192.0,28976.0,86909
86911,9192.0,29367.0,86910
86912,9192.0,29048.0,86911
86913,9192.0,29163.0,86912
86914,9192.0,29311.0,86913
86915,9192.0,29640.0,86914
86916,9192.0,29005.0,86915
86917,9192.0,30213.0,86916
86918,9192.0,29356.0,86917
86919,9192.0,29010.0,86918
86920,9192.0,28976.0,86919
86921,9192.0,28854.0,86920
86922,9192.0,28623.0,86921
86923,9192.0,28592.0,86922
86924,9192.0,28592.0,86923
86925,9192.0,28582.0,86924
86926,9192.0,28557.0,86925
86927,9192.0,28218.0,86926
86928,9192.0,28136.0,86927
86929,9192.0,27945.0,86928
86930,9192.0,27945.0,86929
86931,9192.0,28101.0,86930
86932,9192.0,28104.0,86931
86933,9192.0,28096.0,86932
86934,9192.0,28148.0,86933
86935,9192.0,28410.0,86934
86936,9192.0,28721.0,86935
86937,9192.0,28791.0,86936
86938,9192.0,29042.0,86937
86939,9192.0,29044.0,86938
86940,9192.0,29025.0,86939
86941,9192.0,29047.0,86940
86942,9192.0,29047.0,86941
86943,9192.0,29232.0,86942
86944,9192.0,29389.0,86943
86945,9192.0,29176.0,86944
86946,9192.0,28455.0,86945
86947,9192.0,28114.0,86946
86948,9192.0,27884.0,86947
86949,9192.0,27206.0,86948
86950,9192.0,27925.0,86949
86951,9192.0,27244.0,86950
86952,9192.0,27244.0,86951
86953,9192.0,26910.0,86952
86954,9192.0,26888.0,86953
86955,9192.0,26785.0,86954
86956,9192.0,26829.0,86955
86957,9192.0,27587.0,86956
86958,9192.0,28042.0,86957
86959,9192.0,28074.0,86958
86960,9192.0,26821.0,86959
86961,9192.0,28031.0,86960
86962,9192.0,28049.0,86961
86963,9192.0,27894.0,86962
86964,9192.0,27944.0,86963
86965,9192.0,28509.0,86964
86966,9192.0,28706.0,86965
86967,9192.0,28338.0,86966
86968,9192.0,28341.0,86967
86969,9192.0,28645.0,86968
86970,9192.0,29542.0,86969
86971,9192.0,29542.0,86970
86972,9192.0,29525.0,86971
86973,9192.0,29292.0,86972
86974,9192.0,29292.0,86973
86975,9192.0,28187.0,86974
86976,9192.0,28187.0,86975
86977,9192.0,28478.0,86976
86978,9192.0,28510.0,86977
86979,9192.0,27462.0,86978
86980,9192.0,27932.0,86979
86981,9192.0,29329.0,86980
86982,9192.0,29291.0,86981
86983,9192.0,29058.0,86982
86984,9192.0,28873.0,86983
86985,9192.0,28931.0,86984
86986,9192.0,29257.0,86985
86987,9192.0,29244.0,86986
86988,9192.0,29428.0,86987
86989,9192.0,29139.0,86988
86990,9192.0,29267.0,86989
86991,9192.0,29590.0,86990
86992,9192.0,29328.0,86991
86993,9192.0,29419.0,86992
86994,9192.0,29188.0,86993
86995,9192.0,29188.0,86994
86996,9192.0,29242.0,86995
86997,9192.0,29755.0,86996
86998,9192.0,29768.0,86997
86999,9192.0,29858.0,86998
87000,9192.0,29584.0,86999
87001,9192.0,29584.0,87000
87002,9192.0,29728.0,87001
87003,9192.0,29728.0,87002
87004,9192.0,29526.0,87003
87005,9192.0,29559.0,87004
87006,9192.0,29663.0,87005
87007,9192.0,29870.0,87006
87008,9192.0,29744.0,87007
87009,9192.0,29700.0,87008
87010,9192.0,29276.0,87009
87011,9192.0,29295.0,87010
87012,9192.0,29157.0,87011
87013,9192.0,29078.0,87012
87014,9192.0,29173.0,87013
87015,9192.0,28166.0,87014
87016,9192.0,27790.0,87015
87017,9192.0,27280.0,87016
87018,9192.0,28897.0,87017
87019,9192.0,28827.0,87018
87020,9192.0,28588.0,87019
87021,9192.0,28547.0,87020
87022,9192.0,28858.0,87021
87023,9192.0,29146.0,87022
87024,9192.0,29076.0,87023
87025,9192.0,28940.0,87024
87026,9192.0,28950.0,87025
87027,9192.0,28950.0,87026
87028,9192.0,29091.0,87027
87029,9192.0,29037.0,87028
87030,9192.0,28922.0,87029
87031,9192.0,29716.0,87030
87032,9192.0,29640.0,87031
87033,9192.0,29566.0,87032
87034,9192.0,29493.0,87033
87035,9192.0,29576.0,87034
87036,9192.0,29609.0,87035
87037,9192.0,30300.0,87036
87038,9192.0,30269.0,87037
87039,9192.0,30613.0,87038
87040,9192.0,29606.0,87039
87041,9192.0,29531.0,87040
87042,9192.0,29333.0,87041
87043,9192.0,29862.0,87042
87044,9192.0,30035.0,87043
87045,9192.0,30338.0,87044
87046,9192.0,30430.0,87045
87047,9192.0,31341.0,87046
87048,9192.0,31343.0,87047
87049,9192.0,31704.0,87048
87050,9192.0,31112.0,87049
87051,9192.0,30482.0,87050
87052,9192.0,30179.0,87051
87053,9192.0,30545.0,87052
87054,9192.0,30301.0,87053
87055,9192.0,29687.0,87054
87056,9192.0,29759.0,87055
87057,9192.0,29759.0,87056
87058,9192.0,29327.0,87057
87059,9192.0,29266.0,87058
87060,9192.0,29608.0,87059
87061,9192.0,29034.0,87060
87062,9192.0,28903.0,87061
87063,9192.0,27821.0,87062
87064,9192.0,27846.0,87063
87065,9192.0,28224.0,87064
87066,9192.0,28276.0,87065
87067,9192.0,28276.0,87066
87068,9192.0,27508.0,87067
87069,9192.0,27485.0,87068
87070,9192.0,28479.0,87069
87071,9192.0,28361.0,87070
87072,9192.0,28875.0,87071
87073,9192.0,28305.0,87072
87074,9192.0,28342.0,87073
87075,9192.0,27781.0,87074
87076,9192.0,27781.0,87075
87077,9192.0,27781.0,87076
87078,9192.0,27803.0,87077
87079,9192.0,27709.0,87078
87080,9192.0,28277.0,87079
87081,9192.0,28277.0,87080
87082,9192.0,29464.0,87081
87083,9192.0,28872.0,87082
87084,9192.0,27939.0,87083
87085,9192.0,28570.0,87084
87086,9192.0,28449.0,87085
87087,9192.0,29160.0,87086
87088,9192.0,29769.0,87087
87089,9192.0,29772.0,87088
87090,9192.0,29397.0,87089
87091,9192.0,29415.0,87090
87092,9192.0,29390.0,87091
87093,9192.0,29400.0,87092
87094,9192.0,29896.0,87093
87095,9192.0,29912.0,87094
87096,9192.0,29512.0,87095
87097,9192.0,30775.0,87096
87098,9192.0,30595.0,87097
87099,9192.0,30024.0,87098
87100,9192.0,29813.0,87099
87101,9192.0,29801.0,87100
87102,9192.0,29646.0,87101
87103,9192.0,30973.0,87102
87104,9192.0,30718.0,87103
87105,9192.0,30718.0,87104
87106,9192.0,30779.0,87105
87107,9192.0,30781.0,87106
87108,9192.0,30781.0,87107
87109,9192.0,30927.0,87108
87110,9192.0,30980.0,87109
87111,9192.0,30574.0,87110
87112,9192.0,30803.0,87111
87113,9192.0,30803.0,87112
87114,9192.0,30930.0,87113
87115,9192.0,30945.0,87114
87116,9192.0,31101.0,87115
87117,9192.0,31194.0,87116
87118,9192.0,30882.0,87117
87119,9192.0,29469.0,87118
87120,9192.0,29780.0,87119
87121,9192.0,28864.0,87120
87122,9192.0,28756.0,87121
87123,9192.0,28710.0,87122
87124,9192.0,28655.0,87123
87125,9192.0,28739.0,87124
87126,9192.0,28739.0,87125
87127,9192.0,28613.0,87126
87128,9192.0,28114.0,87127
87129,9192.0,28114.0,87128
87130,9192.0,28228.0,87129
87131,9192.0,28228.0,87130
87132,9192.0,28766.0,87131
87133,9192.0,28766.0,87132
87134,9192.0,28640.0,87133
87135,9192.0,28815.0,87134
87136,9192.0,28900.0,87135
87137,9192.0,29170.0,87136
87138,9192.0,27771.0,87137
87139,9192.0,27490.0,87138
87140,9192.0,27474.0,87139
87141,9192.0,28636.0,87140
87142,9192.0,28632.0,87141
87143,9192.0,28546.0,87142
87144,9192.0,28659.0,87143
87145,9192.0,29398.0,87144
87146,9192.0,29415.0,87145
87147,9192.0,30152.0,87146
87148,9192.0,31634.0,87147
87149,9192.0,30470.0,87148
87150,9192.0,30501.0,87149
87151,9192.0,30624.0,87150
87152,9192.0,30433.0,87151
87153,9192.0,30488.0,87152
87154,9192.0,30521.0,87153
87155,9192.0,30291.0,87154
87156,9192.0,30258.0,87155
87157,9192.0,29375.0,87156
87158,9192.0,29373.0,87157
87159,9192.0,28926.0,87158
87160,9192.0,29000.0,87159
87161,9192.0,29161.0,87160
87162,9192.0,29282.0,87161
87163,9192.0,29347.0,87162
87164,9192.0,28861.0,87163
87165,9192.0,29081.0,87164
87166,9192.0,29067.0,87165
87167,9192.0,29325.0,87166
87168,9192.0,29325.0,87167
87169,9192.0,29390.0,87168
87170,9192.0,28989.0,87169
87171,9192.0,30457.0,87170
87172,9192.0,30344.0,87171
87173,9192.0,30222.0,87172
87174,9192.0,30487.0,87173
87175,9192.0,30106.0,87174
87176,9192.0,30160.0,87175
87177,9192.0,30271.0,87176
87178,9192.0,29899.0,87177
87179,9192.0,30186.0,87178
87180,9192.0,29969.0,87179
87181,9192.0,30030.0,87180
87182,9192.0,29864.0,87181
87183,9192.0,30761.0,87182
87184,9192.0,30893.0,87183
87185,9192.0,29996.0,87184
87186,9192.0,29979.0,87185
87187,9192.0,29198.0,87186
87188,9192.0,29198.0,87187
87189,9192.0,29357.0,87188
87190,9192.0,29234.0,87189
87191,9192.0,29293.0,87190
87192,9192.0,29136.0,87191
87193,9192.0,27781.0,87192
87194,9192.0,27802.0,87193
87195,9192.0,28404.0,87194
87196,9192.0,28268.0,87195
87197,9192.0,29595.0,87196
87198,9192.0,29623.0,87197
87199,9192.0,29834.0,87198
87200,9192.0,30135.0,87199
87201,9192.0,30274.0,87200
87202,9192.0,29679.0,87201
87203,9192.0,29832.0,87202
87204,9192.0,29843.0,87203
87205,9192.0,30089.0,87204
87206,9192.0,30139.0,87205
87207,9192.0,30023.0,87206
87208,9192.0,29336.0,87207
87209,9192.0,30076.0,87208
87210,9192.0,30073.0,87209
87211,9192.0,29995.0,87210
87212,9192.0,30037.0,87211
87213,9192.0,30042.0,87212
87214,9192.0,30478.0,87213
87215,9192.0,30544.0,87214
87216,9192.0,30684.0,87215
87217,9192.0,30968.0,87216
87218,9192.0,31103.0,87217
87219,9192.0,30930.0,87218
87220,9192.0,30784.0,87219
87221,9192.0,30226.0,87220
87222,9192.0,30223.0,87221
87223,9192.0,29795.0,87222
87224,9192.0,29281.0,87223
87225,9192.0,29676.0,87224
87226,9192.0,29942.0,87225
87227,9192.0,30807.0,87226
87228,9192.0,30830.0,87227
87229,9192.0,30994.0,87228
87230,9192.0,30863.0,87229
87231,9192.0,31077.0,87230
87232,9192.0,29619.0,87231
87233,9192.0,29505.0,87232
87234,9192.0,29782.0,87233
87235,9192.0,30004.0,87234
87236,9192.0,30290.0,87235
87237,9192.0,30270.0,87236
87238,9192.0,29987.0,87237
87239,9192.0,30368.0,87238
87240,9192.0,30144.0,87239
87241,9192.0,30103.0,87240
87242,9192.0,29843.0,87241
87243,9192.0,29930.0,87242
87244,9192.0,29512.0,87243
87245,9192.0,29637.0,87244
87246,9192.0,29839.0,87245
87247,9192.0,30112.0,87246
87248,9192.0,30820.0,87247
87249,9192.0,30501.0,87248
87250,9192.0,29962.0,87249
87251,9192.0,29160.0,87250
87252,9192.0,29030.0,87251
87253,9192.0,29182.0,87252
87254,9192.0,29234.0,87253
87255,9192.0,29234.0,87254
87256,9192.0,29055.0,87255
87257,9192.0,28890.0,87256
87258,9192.0,29016.0,87257
87259,9192.0,29016.0,87258
87260,9192.0,29096.0,87259
87261,9192.0,29393.0,87260
87262,9192.0,29156.0,87261
87263,9192.0,29076.0,87262
87264,9192.0,28799.0,87263
87265,9192.0,29611.0,87264
87266,9192.0,29450.0,87265
87267,9192.0,29139.0,87266
87268,9192.0,28609.0,87267
87269,9192.0,28245.0,87268
87270,9192.0,27140.0,87269
87271,9192.0,27151.0,87270
87272,9192.0,27414.0,87271
87273,9192.0,27674.0,87272
87274,9192.0,27445.0,87273
87275,9192.0,27670.0,87274
87276,9192.0,27573.0,87275
87277,9192.0,28973.0,87276
87278,9192.0,29034.0,87277
87279,9192.0,29010.0,87278
87280,9192.0,29137.0,87279
87281,9192.0,29761.0,87280
87282,9192.0,31252.0,87281
87283,9192.0,31252.0,87282
87284,9192.0,30933.0,87283
87285,9192.0,30960.0,87284
87286,9192.0,30951.0,87285
87287,9192.0,30792.0,87286
87288,9192.0,30784.0,87287
87289,9192.0,30252.0,87288
87290,9192.0,30339.0,87289
87291,9192.0,30403.0,87290
87292,9192.0,30405.0,87291
87293,9192.0,31198.0,87292
87294,9192.0,30874.0,87293
87295,9192.0,30874.0,87294
87296,9192.0,30650.0,87295
87297,9192.0,30566.0,87296
87298,9192.0,30617.0,87297
87299,9192.0,30496.0,87298
87300,9192.0,30709.0,87299
87301,9192.0,30710.0,87300
87302,9192.0,30714.0,87301
87303,9192.0,31193.0,87302
87304,9192.0,31193.0,87303
87305,9192.0,31602.0,87304
87306,9192.0,31602.0,87305
87307,9192.0,31041.0,87306
87308,9192.0,31287.0,87307
87309,9192.0,30785.0,87308
87310,9192.0,29910.0,87309
87311,9192.0,30105.0,87310
87312,9192.0,30500.0,87311
87313,9192.0,30599.0,87312
87314,9192.0,30426.0,87313
87315,9192.0,30449.0,87314
87316,9192.0,29492.0,87315
87317,9192.0,29203.0,87316
87318,9192.0,29203.0,87317
87319,9192.0,29303.0,87318
87320,9192.0,30636.0,87319
87321,9192.0,30409.0,87320
87322,9192.0,30455.0,87321
87323,9192.0,30428.0,87322
87324,9192.0,30346.0,87323
87325,9192.0,30346.0,87324
87326,9192.0,30131.0,87325
87327,9192.0,30217.0,87326
87328,9192.0,28630.0,87327
87329,9192.0,28771.0,87328
87330,9192.0,26927.0,87329
87331,9192.0,27048.0,87330
87332,9192.0,27377.0,87331
87333,9192.0,28322.0,87332
87334,9192.0,28373.0,87333
87335,9192.0,28373.0,87334
87336,9192.0,28129.0,87335
87337,9192.0,28986.0,87336
87338,9192.0,28920.0,87337
87339,9192.0,28920.0,87338
87340,9192.0,29144.0,87339
87341,9192.0,29318.0,87340
87342,9192.0,29383.0,87341
87343,9192.0,29968.0,87342
87344,9192.0,30188.0,87343
87345,9192.0,30255.0,87344
87346,9192.0,30855.0,87345
87347,9192.0,30898.0,87346
87348,9192.0,30901.0,87347
87349,9192.0,30522.0,87348
87350,9192.0,30890.0,87349
87351,9192.0,30447.0,87350
87352,9192.0,30447.0,87351
87353,9192.0,30206.0,87352
87354,9192.0,30816.0,87353
87355,9192.0,30717.0,87354
87356,9192.0,30569.0,87355
87357,9192.0,30878.0,87356
87358,9192.0,30608.0,87357
87359,9192.0,31192.0,87358
87360,9192.0,31264.0,87359
87361,9192.0,30453.0,87360
87362,9192.0,29462.0,87361
87363,9192.0,29597.0,87362
87364,9192.0,30104.0,87363
87365,9192.0,29838.0,87364
87366,9192.0,29819.0,87365
87367,9192.0,30114.0,87366
87368,9192.0,30518.0,87367
87369,9192.0,29594.0,87368
87370,9192.0,29166.0,87369
87371,9192.0,29170.0,87370
87372,9192.0,28696.0,87371
87373,9192.0,28331.0,87372
87374,9192.0,28328.0,87373
87375,9192.0,28180.0,87374
87376,9192.0,27651.0,87375
87377,9192.0,27439.0,87376
87378,9192.0,28058.0,87377
87379,9192.0,28058.0,87378
87380,9192.0,28249.0,87379
87381,9192.0,29194.0,87380
87382,9192.0,29194.0,87381
87383,9192.0,29012.0,87382
87384,9192.0,29796.0,87383
87385,9192.0,29464.0,87384
87386,9192.0,28914.0,87385
87387,9192.0,29247.0,87386
87388,9192.0,29105.0,87387
87389,9192.0,29349.0,87388
87390,9192.0,29345.0,87389
87391,9192.0,29590.0,87390
87392,9192.0,29726.0,87391
87393,9192.0,29260.0,87392
87394,9192.0,29260.0,87393
87395,9192.0,29260.0,87394
87396,9192.0,29237.0,87395
87397,9192.0,29270.0,87396
87398,9192.0,29240.0,87397
87399,9192.0,27766.0,87398
87400,9192.0,27685.0,87399
87401,9192.0,27607.0,87400
87402,9192.0,27596.0,87401
87403,9192.0,27688.0,87402
87404,9192.0,27857.0,87403
87405,9192.0,27064.0,87404
87406,9192.0,27360.0,87405
87407,9192.0,27307.0,87406
87408,9192.0,25473.0,87407
87409,9192.0,25473.0,87408
87410,9192.0,25473.0,87409
87411,9192.0,25250.0,87410
87412,9192.0,25603.0,87411
87413,9192.0,25603.0,87412
87414,9192.0,26434.0,87413
87415,9192.0,27153.0,87414
87416,9192.0,26889.0,87415
87417,9192.0,26915.0,87416
87418,9192.0,26336.0,87417
87419,9192.0,27168.0,87418
87420,9192.0,27168.0,87419
87421,9192.0,27231.0,87420
87422,9192.0,27243.0,87421
87423,9192.0,27641.0,87422
87424,9192.0,26354.0,87423
87425,9192.0,26354.0,87424
87426,9192.0,26354.0,87425
87427,9192.0,25975.0,87426
87428,9192.0,26344.0,87427
87429,9192.0,26734.0,87428
87430,9192.0,26819.0,87429
87431,9192.0,27226.0,87430
87432,9192.0,26836.0,87431
87433,9192.0,27332.0,87432
87434,9192.0,26883.0,87433
87435,9192.0,26996.0,87434
87436,9192.0,27061.0,87435
87437,9192.0,27033.0,87436
87438,9192.0,27197.0,87437
87439,9192.0,27301.0,87438
87440,9192.0,27472.0,87439
87441,9192.0,28414.0,87440
87442,9192.0,28198.0,87441
87443,9192.0,28198.0,87442
87444,9192.0,28198.0,87443
87445,9192.0,28314.0,87444
87446,9192.0,28330.0,87445
87447,9192.0,28327.0,87446
87448,9192.0,28324.0,87447
87449,9192.0,28363.0,87448
87450,9192.0,28298.0,87449
87451,9192.0,28718.0,87450
87452,9192.0,29077.0,87451
87453,9192.0,28452.0,87452
87454,9192.0,28713.0,87453
87455,9192.0,28885.0,87454
87456,9192.0,28777.0,87455
87457,9192.0,28784.0,87456
87458,9192.0,27785.0,87457
87459,9192.0,28052.0,87458
87460,9192.0,26719.0,87459
87461,9192.0,26354.0,87460
87462,9192.0,26437.0,87461
87463,9192.0,26509.0,87462
87464,9192.0,25745.0,87463
87465,9192.0,25576.0,87464
87466,9192.0,25853.0,87465
87467,9192.0,25799.0,87466
87468,9192.0,25830.0,87467
87469,9192.0,25420.0,87468
87470,9192.0,25420.0,87469
87471,9192.0,25378.0,87470
87472,9192.0,25285.0,87471
87473,9192.0,25424.0,87472
87474,9192.0,25882.0,87473
87475,9192.0,26251.0,87474
87476,9192.0,26013.0,87475
87477,9192.0,25433.0,87476
87478,9192.0,25648.0,87477
87479,9192.0,25804.0,87478
87480,9192.0,26147.0,87479
87481,9192.0,27441.0,87480
87482,9192.0,27755.0,87481
87483,9192.0,26948.0,87482
87484,9192.0,27072.0,87483
87485,9192.0,25788.0,87484
87486,9192.0,25782.0,87485
87487,9192.0,26027.0,87486
87488,9192.0,26066.0,87487
87489,9192.0,26772.0,87488
87490,9192.0,26769.0,87489
87491,9192.0,26676.0,87490
87492,9192.0,27320.0,87491
87493,9192.0,27334.0,87492
87494,9192.0,27110.0,87493
87495,9192.0,26727.0,87494
87496,9192.0,26955.0,87495
87497,9192.0,27548.0,87496
87498,9192.0,27650.0,87497
87499,9192.0,27861.0,87498
87500,9192.0,27867.0,87499
87501,9192.0,27975.0,87500
87502,9192.0,28123.0,87501
87503,9192.0,27754.0,87502
87504,9192.0,29094.0,87503
87505,9192.0,28942.0,87504
87506,9192.0,28832.0,87505
87507,9192.0,28487.0,87506
87508,9192.0,28403.0,87507
87509,9192.0,28356.0,87508
87510,9192.0,28472.0,87509
87511,9192.0,28258.0,87510
87512,9192.0,28134.0,87511
87513,9192.0,28134.0,87512
87514,9192.0,29016.0,87513
87515,9192.0,28436.0,87514
87516,9192.0,28521.0,87515
87517,9192.0,28408.0,87516
87518,9192.0,28182.0,87517
87519,9192.0,28739.0,87518
87520,9192.0,28739.0,87519
87521,9192.0,28383.0,87520
87522,9192.0,28606.0,87521
87523,9192.0,28476.0,87522
87524,9192.0,28883.0,87523
87525,9192.0,29067.0,87524
87526,9192.0,29067.0,87525
87527,9192.0,28919.0,87526
87528,9192.0,29259.0,87527
87529,9192.0,29555.0,87528
87530,9192.0,29172.0,87529
87531,9192.0,29267.0,87530
87532,9192.0,29220.0,87531
87533,9192.0,30117.0,87532
87534,9192.0,29761.0,87533
87535,9192.0,29761.0,87534
87536,9192.0,29748.0,87535
87537,9192.0,29558.0,87536
87538,9192.0,29543.0,87537
87539,9192.0,29606.0,87538
87540,9192.0,29476.0,87539
87541,9192.0,29448.0,87540
87542,9192.0,29413.0,87541
87543,9192.0,29656.0,87542
87544,9192.0,29474.0,87543
87545,9192.0,29098.0,87544
87546,9192.0,29236.0,87545
87547,9192.0,29769.0,87546
87548,9192.0,29651.0,87547
87549,9192.0,30130.0,87548
87550,9192.0,30055.0,87549
87551,9192.0,29697.0,87550
87552,9192.0,30028.0,87551
87553,9192.0,29970.0,87552
87554,9192.0,29819.0,87553
87555,9192.0,29789.0,87554
87556,9192.0,30096.0,87555
87557,9192.0,30405.0,87556
87558,9192.0,31347.0,87557
87559,9192.0,31709.0,87558
87560,9192.0,31709.0,87559
87561,9192.0,31993.0,87560
87562,9192.0,32156.0,87561
87563,9192.0,31975.0,87562
87564,9192.0,31975.0,87563
87565,9192.0,31975.0,87564
87566,9192.0,31939.0,87565
87567,9192.0,32075.0,87566
87568,9192.0,30264.0,87567
87569,9192.0,30938.0,87568
87570,9192.0,30503.0,87569
87571,9192.0,30176.0,87570
87572,9192.0,29688.0,87571
87573,9192.0,29550.0,87572
87574,9192.0,29442.0,87573
87575,9192.0,29478.0,87574
87576,9192.0,29409.0,87575
87577,9192.0,29632.0,87576
87578,9192.0,28808.0,87577
87579,9192.0,28843.0,87578
87580,9192.0,28442.0,87579
87581,9192.0,28088.0,87580
87582,9192.0,27642.0,87581
87583,9192.0,27642.0,87582
87584,9192.0,27642.0,87583
87585,9192.0,27645.0,87584
87586,9192.0,27357.0,87585
87587,9192.0,27357.0,87586
87588,9192.0,27903.0,87587
87589,9192.0,27854.0,87588
87590,9192.0,28184.0,87589
87591,9192.0,28137.0,87590
87592,9192.0,28303.0,87591
87593,9192.0,28355.0,87592
87594,9192.0,27628.0,87593
87595,9192.0,27605.0,87594
87596,9192.0,27594.0,87595
87597,9192.0,27091.0,87596
87598,9192.0,27197.0,87597
87599,9192.0,27583.0,87598
87600,9192.0,28062.0,87599
87601,9192.0,28019.0,87600
87602,9192.0,28180.0,87601
87603,9192.0,28099.0,87602
87604,9192.0,27929.0,87603
87605,9192.0,27940.0,87604
87606,9192.0,27998.0,87605
87607,9192.0,27983.0,87606
87608,9192.0,28159.0,87607
87609,9192.0,28378.0,87608
87610,9192.0,28482.0,87609
87611,9192.0,27896.0,87610
87612,9192.0,27782.0,87611
87613,9192.0,27197.0,87612
87614,9192.0,27083.0,87613
87615,9192.0,27083.0,87614
87616,9192.0,27197.0,87615
87617,9192.0,27222.0,87616
87618,9192.0,27222.0,87617
87619,9192.0,26729.0,87618
87620,9192.0,26635.0,87619
87621,9192.0,26615.0,87620
87622,9192.0,27304.0,87621
87623,9192.0,26097.0,87622
87624,9192.0,26097.0,87623
87625,9192.0,25560.0,87624
87626,9192.0,25338.0,87625
87627,9192.0,25335.0,87626
87628,9192.0,25521.0,87627
87629,9192.0,25161.0,87628
87630,9192.0,25161.0,87629
87631,9192.0,25521.0,87630
87632,9192.0,25619.0,87631
87633,9192.0,26056.0,87632
87634,9192.0,26056.0,87633
87635,9192.0,25817.0,87634
87636,9192.0,25817.0,87635
87637,9192.0,26011.0,87636
87638,9192.0,26009.0,87637
87639,9192.0,26009.0,87638
87640,9192.0,26084.0,87639
87641,9192.0,26090.0,87640
87642,9192.0,26417.0,87641
87643,9192.0,26283.0,87642
87644,9192.0,26381.0,87643
87645,9192.0,26275.0,87644
87646,9192.0,26275.0,87645
87647,9192.0,26430.0,87646
87648,9192.0,26436.0,87647
87649,9192.0,26059.0,87648
87650,9192.0,26059.0,87649
87651,9192.0,25985.0,87650
87652,9192.0,25988.0,87651
87653,9192.0,25813.0,87652
87654,9192.0,25465.0,87653
87655,9192.0,25748.0,87654
87656,9192.0,26692.0,87655
87657,9192.0,27569.0,87656
87658,9192.0,27569.0,87657
87659,9192.0,27603.0,87658
87660,9192.0,27593.0,87659
87661,9192.0,27477.0,87660
87662,9192.0,27517.0,87661
87663,9192.0,27516.0,87662
87664,9192.0,27042.0,87663
87665,9192.0,29823.0,87664
87666,9192.0,29722.0,87665
87667,9192.0,29034.0,87666
87668,9192.0,29500.0,87667
87669,9192.0,29550.0,87668
87670,9192.0,29599.0,87669
87671,9192.0,29553.0,87670
87672,9192.0,28853.0,87671
87673,9192.0,27492.0,87672
87674,9192.0,28710.0,87673
87675,9192.0,28803.0,87674
87676,9192.0,28931.0,87675
87677,9192.0,28535.0,87676
87678,9192.0,29044.0,87677
87679,9192.0,29482.0,87678
87680,9192.0,29686.0,87679
87681,9192.0,29498.0,87680
87682,9192.0,29458.0,87681
87683,9192.0,29722.0,87682
87684,9192.0,29649.0,87683
87685,9192.0,29649.0,87684
87686,9192.0,30207.0,87685
87687,9192.0,30013.0,87686
87688,9192.0,30343.0,87687
87689,9192.0,29825.0,87688
87690,9192.0,29825.0,87689
87691,9192.0,28452.0,87690
87692,9192.0,28419.0,87691
87693,9192.0,28685.0,87692
87694,9192.0,28670.0,87693
87695,9192.0,29043.0,87694
87696,9192.0,29102.0,87695
87697,9192.0,28776.0,87696
87698,9192.0,28704.0,87697
87699,9192.0,28816.0,87698
87700,9192.0,29688.0,87699
87701,9192.0,29460.0,87700
87702,9192.0,29452.0,87701
87703,9192.0,28636.0,87702
87704,9192.0,28577.0,87703
87705,9192.0,28124.0,87704
87706,9192.0,28083.0,87705
87707,9192.0,28124.0,87706
87708,9192.0,28685.0,87707
87709,9192.0,28685.0,87708
87710,9192.0,28334.0,87709
87711,9192.0,27836.0,87710
87712,9192.0,28058.0,87711
87713,9192.0,27903.0,87712
87714,9192.0,28920.0,87713
87715,9192.0,28650.0,87714
87716,9192.0,28589.0,87715
87717,9192.0,28780.0,87716
87718,9192.0,28777.0,87717
87719,9192.0,29147.0,87718
87720,9192.0,29029.0,87719
87721,9192.0,28877.0,87720
87722,9192.0,28877.0,87721
87723,9192.0,29353.0,87722
87724,9192.0,29159.0,87723
87725,9192.0,29362.0,87724
87726,9192.0,28368.0,87725
87727,9192.0,28610.0,87726
87728,9192.0,28165.0,87727
87729,9192.0,28129.0,87728
87730,9192.0,28129.0,87729
87731,9192.0,28129.0,87730
87732,9192.0,27411.0,87731
87733,9192.0,27471.0,87732
87734,9192.0,28103.0,87733
87735,9192.0,27869.0,87734
87736,9192.0,27025.0,87735
87737,9192.0,27073.0,87736
87738,9192.0,27173.0,87737
87739,9192.0,28494.0,87738
87740,9192.0,29218.0,87739
87741,9192.0,29414.0,87740
87742,9192.0,29322.0,87741
87743,9192.0,29105.0,87742
87744,9192.0,29138.0,87743
87745,9192.0,28882.0,87744
87746,9192.0,28899.0,87745
87747,9192.0,28899.0,87746
87748,9192.0,29156.0,87747
87749,9192.0,29156.0,87748
87750,9192.0,29495.0,87749
87751,9192.0,29704.0,87750
87752,9192.0,29484.0,87751
87753,9192.0,29569.0,87752
87754,9192.0,28861.0,87753
87755,9192.0,28533.0,87754
87756,9192.0,28533.0,87755
87757,9192.0,28564.0,87756
87758,9192.0,28727.0,87757
87759,9192.0,28999.0,87758
87760,9192.0,29081.0,87759
87761,9192.0,29081.0,87760
87762,9192.0,29988.0,87761
87763,9192.0,30017.0,87762
87764,9192.0,30519.0,87763
87765,9192.0,30218.0,87764
87766,9192.0,28702.0,87765
87767,9192.0,28908.0,87766
87768,9192.0,29523.0,87767
87769,9192.0,29434.0,87768
87770,9192.0,29817.0,87769
87771,9192.0,29580.0,87770
87772,9192.0,29703.0,87771
87773,9192.0,29000.0,87772
87774,9192.0,29109.0,87773
87775,9192.0,28856.0,87774
87776,9192.0,29298.0,87775
87777,9192.0,29453.0,87776
87778,9192.0,29476.0,87777
87779,9192.0,28426.0,87778
87780,9192.0,28662.0,87779
87781,9192.0,28633.0,87780
87782,9192.0,28414.0,87781
87783,9192.0,28519.0,87782
87784,9192.0,28041.0,87783
87785,9192.0,28041.0,87784
87786,9192.0,28207.0,87785
87787,9192.0,27935.0,87786
87788,9192.0,27935.0,87787
87789,9192.0,28009.0,87788
87790,9192.0,27746.0,87789
87791,9192.0,27506.0,87790
87792,9192.0,27744.0,87791
87793,9192.0,27269.0,87792
87794,9192.0,27357.0,87793
87795,9192.0,27122.0,87794
87796,9192.0,27122.0,87795
87797,9192.0,27508.0,87796
87798,9192.0,27066.0,87797
87799,9192.0,26697.0,87798
87800,9192.0,26699.0,87799
87801,9192.0,26416.0,87800
87802,9192.0,26406.0,87801
87803,9192.0,26286.0,87802
87804,9192.0,26949.0,87803
87805,9192.0,27133.0,87804
87806,9192.0,27240.0,87805
87807,9192.0,27183.0,87806
87808,9192.0,26925.0,87807
87809,9192.0,26925.0,87808
87810,9192.0,27673.0,87809
87811,9192.0,27673.0,87810
87812,9192.0,27629.0,87811
87813,9192.0,28024.0,87812
87814,9192.0,28260.0,87813
87815,9192.0,27351.0,87814
87816,9192.0,27199.0,87815
87817,9192.0,28999.0,87816
87818,9192.0,28619.0,87817
87819,9192.0,28908.0,87818
87820,9192.0,29119.0,87819
87821,9192.0,28865.0,87820
87822,9192.0,28924.0,87821
87823,9192.0,29822.0,87822
87824,9192.0,29803.0,87823
87825,9192.0,29809.0,87824
87826,9192.0,30491.0,87825
87827,9192.0,29969.0,87826
87828,9192.0,30317.0,87827
87829,9192.0,30454.0,87828
87830,9192.0,30463.0,87829
87831,9192.0,30463.0,87830
87832,9192.0,30772.0,87831
87833,9192.0,31140.0,87832
87834,9192.0,30975.0,87833
87835,9192.0,30641.0,87834
87836,9192.0,30568.0,87835
87837,9192.0,30561.0,87836
87838,9192.0,30610.0,87837
87839,9192.0,30617.0,87838
87840,9192.0,30617.0,87839
87841,9192.0,30579.0,87840
87842,9192.0,30666.0,87841
87843,9192.0,30634.0,87842
87844,9192.0,30864.0,87843
87845,9192.0,30790.0,87844
87846,9192.0,30811.0,87845
87847,9192.0,30789.0,87846
87848,9192.0,30790.0,87847
87849,9192.0,31029.0,87848
87850,9192.0,31029.0,87849
87851,9192.0,31152.0,87850
87852,9192.0,31027.0,87851
87853,9192.0,31248.0,87852
87854,9192.0,31129.0,87853
87855,9192.0,31289.0,87854
87856,9192.0,32239.0,87855
87857,9192.0,31725.0,87856
87858,9192.0,31550.0,87857
87859,9192.0,31659.0,87858
87860,9192.0,31184.0,87859
87861,9192.0,30744.0,87860
87862,9192.0,30947.0,87861
87863,9192.0,31218.0,87862
87864,9192.0,31253.0,87863
87865,9192.0,30898.0,87864
87866,9192.0,33018.0,87865
87867,9192.0,33107.0,87866
87868,9192.0,32271.0,87867
87869,9192.0,32283.0,87868
87870,9192.0,32237.0,87869
87871,9192.0,31970.0,87870
87872,9192.0,31457.0,87871
87873,9192.0,31508.0,87872
87874,9192.0,31784.0,87873
87875,9192.0,31576.0,87874
87876,9192.0,31589.0,87875
87877,9192.0,31935.0,87876
87878,9192.0,31002.0,87877
87879,9192.0,31031.0,87878
87880,9192.0,30633.0,87879
87881,9192.0,30750.0,87880
87882,9192.0,31084.0,87881
87883,9192.0,31100.0,87882
87884,9192.0,31310.0,87883
87885,9192.0,31322.0,87884
87886,9192.0,30975.0,87885
87887,9192.0,29370.0,87886
87888,9192.0,29807.0,87887
87889,9192.0,30337.0,87888
87890,9192.0,30891.0,87889
87891,9192.0,30068.0,87890
87892,9192.0,30492.0,87891
87893,9192.0,30214.0,87892
87894,9192.0,30355.0,87893
87895,9192.0,30119.0,87894
87896,9192.0,30061.0,87895
87897,9192.0,30111.0,87896
87898,9192.0,30006.0,87897
87899,9192.0,30689.0,87898
87900,9192.0,30573.0,87899
87901,9192.0,30533.0,87900
87902,9192.0,29126.0,87901
87903,9192.0,28672.0,87902
87904,9192.0,28885.0,87903
87905,9192.0,28064.0,87904
87906,9192.0,28348.0,87905
87907,9192.0,28405.0,87906
87908,9192.0,28168.0,87907
87909,9192.0,27155.0,87908
87910,9192.0,27444.0,87909
87911,9192.0,27444.0,87910
87912,9192.0,29017.0,87911
87913,9192.0,28688.0,87912
87914,9192.0,29223.0,87913
87915,9192.0,28920.0,87914
87916,9192.0,28678.0,87915
87917,9192.0,28971.0,87916
87918,9192.0,28478.0,87917
87919,9192.0,28458.0,87918
87920,9192.0,28846.0,87919
87921,9192.0,29130.0,87920
87922,9192.0,29743.0,87921
87923,9192.0,29250.0,87922
87924,9192.0,29096.0,87923
87925,9192.0,28833.0,87924
87926,9192.0,28418.0,87925
87927,9192.0,28489.0,87926
87928,9192.0,28937.0,87927
87929,9192.0,28577.0,87928
87930,9192.0,27956.0,87929
87931,9192.0,28028.0,87930
87932,9192.0,29352.0,87931
87933,9192.0,29326.0,87932
87934,9192.0,29148.0,87933
87935,9192.0,29147.0,87934
87936,9192.0,29062.0,87935
87937,9192.0,28976.0,87936
87938,9192.0,28547.0,87937
87939,9192.0,28547.0,87938
87940,9192.0,28547.0,87939
87941,9192.0,28528.0,87940
87942,9192.0,28889.0,87941
87943,9192.0,28734.0,87942
87944,9192.0,28851.0,87943
87945,9192.0,28845.0,87944
87946,9192.0,28778.0,87945
87947,9192.0,28810.0,87946
87948,9192.0,28571.0,87947
87949,9192.0,28716.0,87948
87950,9192.0,29172.0,87949
87951,9192.0,29123.0,87950
87952,9192.0,28846.0,87951
87953,9192.0,28486.0,87952
87954,9192.0,28688.0,87953
87955,9192.0,28999.0,87954
87956,9192.0,28837.0,87955
87957,9192.0,28706.0,87956
87958,9192.0,29168.0,87957
87959,9192.0,29205.0,87958
87960,9192.0,29145.0,87959
87961,9192.0,29145.0,87960
87962,9192.0,29805.0,87961
87963,9192.0,29838.0,87962
87964,9192.0,29785.0,87963
87965,9192.0,29218.0,87964
87966,9192.0,29117.0,87965
87967,9192.0,29542.0,87966
87968,9192.0,29581.0,87967
87969,9192.0,28319.0,87968
87970,9192.0,28621.0,87969
87971,9192.0,28420.0,87970
87972,9192.0,28694.0,87971
87973,9192.0,28686.0,87972
87974,9192.0,29607.0,87973
87975,9192.0,29643.0,87974
87976,9192.0,29368.0,87975
87977,9192.0,29389.0,87976
87978,9192.0,29367.0,87977
87979,9192.0,28996.0,87978
87980,9192.0,28350.0,87979
87981,9192.0,27997.0,87980
87982,9192.0,27885.0,87981
87983,9192.0,27885.0,87982
87984,9192.0,28159.0,87983
87985,9192.0,28159.0,87984
87986,9192.0,27898.0,87985
87987,9192.0,27751.0,87986
87988,9192.0,27751.0,87987
87989,9192.0,28514.0,87988
87990,9192.0,27894.0,87989
87991,9192.0,27892.0,87990
87992,9192.0,28155.0,87991
87993,9192.0,28234.0,87992
87994,9192.0,28234.0,87993
87995,9192.0,28252.0,87994
87996,9192.0,28300.0,87995
87997,9192.0,28300.0,87996
87998,9192.0,28092.0,87997
87999,9192.0,27501.0,87998
88000,9192.0,26494.0,87999
88001,9192.0,26494.0,88000
88002,9192.0,26457.0,88001
88003,9192.0,26020.0,88002
88004,9192.0,24955.0,88003
88005,9192.0,25200.0,88004
88006,9192.0,25200.0,88005
88007,9192.0,25315.0,88006
88008,9192.0,24811.0,88007
88009,9192.0,24700.0,88008
88010,9192.0,27354.0,88009
88011,9192.0,27191.0,88010
88012,9192.0,27267.0,88011
88013,9192.0,26788.0,88012
88014,9192.0,26373.0,88013
88015,9192.0,26396.0,88014
88016,9192.0,26401.0,88015
88017,9192.0,26700.0,88016
88018,9192.0,26742.0,88017
88019,9192.0,26759.0,88018
88020,9192.0,26759.0,88019
88021,9192.0,26870.0,88020
88022,9192.0,27518.0,88021
88023,9192.0,26557.0,88022
88024,9192.0,27530.0,88023
88025,9192.0,27289.0,88024
88026,9192.0,27271.0,88025
88027,9192.0,27038.0,88026
88028,9192.0,27941.0,88027
88029,9192.0,27372.0,88028
88030,9192.0,27484.0,88029
88031,9192.0,27120.0,88030
88032,9192.0,27715.0,88031
88033,9192.0,27768.0,88032
88034,9192.0,27731.0,88033
88035,9192.0,27662.0,88034
88036,9192.0,27687.0,88035
88037,9192.0,27722.0,88036
88038,9192.0,27725.0,88037
88039,9192.0,27664.0,88038
88040,9192.0,27664.0,88039
88041,9192.0,28574.0,88040
88042,9192.0,28585.0,88041
88043,9192.0,28359.0,88042
88044,9192.0,28224.0,88043
88045,9192.0,27922.0,88044
88046,9192.0,27727.0,88045
88047,9192.0,27899.0,88046
88048,9192.0,27973.0,88047
88049,9192.0,27899.0,88048
88050,9192.0,27901.0,88049
88051,9192.0,27901.0,88050
88052,9192.0,28029.0,88051
88053,9192.0,29213.0,88052
88054,9192.0,29215.0,88053
88055,9192.0,28330.0,88054
88056,9192.0,28498.0,88055
88057,9192.0,27445.0,88056
88058,9192.0,28162.0,88057
88059,9192.0,28124.0,88058
88060,9192.0,28453.0,88059
88061,9192.0,29092.0,88060
88062,9192.0,27673.0,88061
88063,9192.0,27824.0,88062
88064,9192.0,28362.0,88063
88065,9192.0,27916.0,88064
88066,9192.0,27970.0,88065
88067,9192.0,28012.0,88066
88068,9192.0,28007.0,88067
88069,9192.0,27957.0,88068
88070,9192.0,27818.0,88069
88071,9192.0,28012.0,88070
88072,9192.0,28291.0,88071
88073,9192.0,28036.0,88072
88074,9192.0,28530.0,88073
88075,9192.0,28521.0,88074
88076,9192.0,28042.0,88075
88077,9192.0,26976.0,88076
88078,9192.0,26902.0,88077
88079,9192.0,26770.0,88078
88080,9192.0,26989.0,88079
88081,9192.0,26540.0,88080
88082,9192.0,26787.0,88081
88083,9192.0,26637.0,88082
88084,9192.0,26955.0,88083
88085,9192.0,26925.0,88084
88086,9192.0,28013.0,88085
88087,9192.0,27948.0,88086
88088,9192.0,29100.0,88087
88089,9192.0,29036.0,88088
88090,9192.0,29370.0,88089
88091,9192.0,29014.0,88090
88092,9192.0,28728.0,88091
88093,9192.0,28785.0,88092
88094,9192.0,27719.0,88093
88095,9192.0,27563.0,88094
88096,9192.0,27563.0,88095
88097,9192.0,27563.0,88096
88098,9192.0,26410.0,88097
88099,9192.0,26791.0,88098
88100,9192.0,26240.0,88099
88101,9192.0,26466.0,88100
88102,9192.0,26466.0,88101
88103,9192.0,27185.0,88102
88104,9192.0,26673.0,88103
88105,9192.0,26676.0,88104
88106,9192.0,26392.0,88105
88107,9192.0,26424.0,88106
88108,9192.0,26498.0,88107
88109,9192.0,26464.0,88108
88110,9192.0,26117.0,88109
88111,9192.0,26796.0,88110
88112,9192.0,26636.0,88111
88113,9192.0,27849.0,88112
88114,9192.0,27821.0,88113
88115,9192.0,28163.0,88114
88116,9192.0,27615.0,88115
88117,9192.0,27415.0,88116
88118,9192.0,27247.0,88117
88119,9192.0,27704.0,88118
88120,9192.0,27704.0,88119
88121,9192.0,27669.0,88120
88122,9192.0,28274.0,88121
88123,9192.0,28276.0,88122
88124,9192.0,28085.0,88123
88125,9192.0,27945.0,88124
88126,9192.0,27882.0,88125
88127,9192.0,27947.0,88126
88128,9192.0,28350.0,88127
88129,9192.0,28173.0,88128
88130,9192.0,28495.0,88129
88131,9192.0,29176.0,88130
88132,9192.0,29288.0,88131
88133,9192.0,29263.0,88132
88134,9192.0,29437.0,88133
88135,9192.0,29565.0,88134
88136,9192.0,29387.0,88135
88137,9192.0,29540.0,88136
88138,9192.0,29751.0,88137
88139,9192.0,29278.0,88138
88140,9192.0,28700.0,88139
88141,9192.0,28438.0,88140
88142,9192.0,28949.0,88141
88143,9192.0,28573.0,88142
88144,9192.0,28627.0,88143
88145,9192.0,28142.0,88144
88146,9192.0,28142.0,88145
88147,9192.0,27642.0,88146
88148,9192.0,26660.0,88147
88149,9192.0,27085.0,88148
88150,9192.0,27131.0,88149
88151,9192.0,27338.0,88150
88152,9192.0,27358.0,88151
88153,9192.0,27500.0,88152
88154,9192.0,26839.0,88153
88155,9192.0,26839.0,88154
88156,9192.0,26734.0,88155
88157,9192.0,26579.0,88156
88158,9192.0,26580.0,88157
88159,9192.0,26641.0,88158
88160,9192.0,26799.0,88159
88161,9192.0,27017.0,88160
88162,9192.0,27031.0,88161
88163,9192.0,27015.0,88162
88164,9192.0,27521.0,88163
88165,9192.0,28158.0,88164
88166,9192.0,28340.0,88165
88167,9192.0,28000.0,88166
88168,9192.0,28013.0,88167
88169,9192.0,28374.0,88168
88170,9192.0,28767.0,88169
88171,9192.0,28509.0,88170
88172,9192.0,28321.0,88171
88173,9192.0,28281.0,88172
88174,9192.0,28797.0,88173
88175,9192.0,28797.0,88174
88176,9192.0,27744.0,88175
88177,9192.0,27655.0,88176
88178,9192.0,27710.0,88177
88179,9192.0,27822.0,88178
88180,9192.0,27772.0,88179
88181,9192.0,27286.0,88180
88182,9192.0,27497.0,88181
88183,9192.0,27054.0,88182
88184,9192.0,27028.0,88183
88185,9192.0,27028.0,88184
88186,9192.0,27061.0,88185
88187,9192.0,26902.0,88186
88188,9192.0,25755.0,88187
88189,9192.0,25962.0,88188
88190,9192.0,25945.0,88189
88191,9192.0,26272.0,88190
88192,9192.0,25587.0,88191
88193,9192.0,25660.0,88192
88194,9192.0,26475.0,88193
88195,9192.0,26440.0,88194
88196,9192.0,26440.0,88195
88197,9192.0,27380.0,88196
88198,9192.0,27380.0,88197
88199,9192.0,27407.0,88198
88200,9192.0,27763.0,88199
88201,9192.0,27729.0,88200
88202,9192.0,28106.0,88201
88203,9192.0,28190.0,88202
88204,9192.0,28103.0,88203
88205,9192.0,28117.0,88204
88206,9192.0,28117.0,88205
88207,9192.0,27722.0,88206
88208,9192.0,27722.0,88207
88209,9192.0,27697.0,88208
88210,9192.0,28008.0,88209
88211,9192.0,28008.0,88210
88212,9192.0,27541.0,88211
88213,9192.0,27549.0,88212
88214,9192.0,27335.0,88213
88215,9192.0,27832.0,88214
88216,9192.0,28103.0,88215
88217,9192.0,28009.0,88216
88218,9192.0,28009.0,88217
88219,9192.0,28009.0,88218
88220,9192.0,28009.0,88219
88221,9192.0,28161.0,88220
88222,9192.0,27563.0,88221
88223,9192.0,27563.0,88222
88224,9192.0,27628.0,88223
88225,9192.0,27119.0,88224
88226,9192.0,27397.0,88225
88227,9192.0,28239.0,88226
88228,9192.0,27949.0,88227
88229,9192.0,28392.0,88228
88230,9192.0,28263.0,88229
88231,9192.0,27834.0,88230
88232,9192.0,27834.0,88231
88233,9192.0,27079.0,88232
88234,9192.0,26646.0,88233
88235,9192.0,26678.0,88234
88236,9192.0,26447.0,88235
88237,9192.0,26209.0,88236
88238,9192.0,26405.0,88237
88239,9192.0,25625.0,88238
88240,9192.0,25378.0,88239
88241,9192.0,24892.0,88240
88242,9192.0,24608.0,88241
88243,9192.0,24643.0,88242
88244,9192.0,24352.0,88243
88245,9192.0,24428.0,88244
88246,9192.0,24910.0,88245
88247,9192.0,24826.0,88246
88248,9192.0,25367.0,88247
88249,9192.0,25367.0,88248
88250,9192.0,25169.0,88249
88251,9192.0,25169.0,88250
88252,9192.0,25046.0,88251
88253,9192.0,25548.0,88252
88254,9192.0,25504.0,88253
88255,9192.0,26135.0,88254
88256,9192.0,26135.0,88255
88257,9192.0,26132.0,88256
88258,9192.0,26099.0,88257
88259,9192.0,25199.0,88258
88260,9192.0,25004.0,88259
88261,9192.0,25004.0,88260
88262,9192.0,25004.0,88261
88263,9192.0,25216.0,88262
88264,9192.0,26244.0,88263
88265,9192.0,26428.0,88264
88266,9192.0,26240.0,88265
88267,9192.0,28026.0,88266
88268,9192.0,27732.0,88267
88269,9192.0,27910.0,88268
88270,9192.0,27814.0,88269
88271,9192.0,27786.0,88270
88272,9192.0,26448.0,88271
88273,9192.0,26995.0,88272
88274,9192.0,27091.0,88273
88275,9192.0,27017.0,88274
88276,9192.0,26723.0,88275
88277,9192.0,25825.0,88276
88278,9192.0,26144.0,88277
88279,9192.0,26054.0,88278
88280,9192.0,26054.0,88279
88281,9192.0,26190.0,88280
88282,9192.0,26228.0,88281
88283,9192.0,25990.0,88282
88284,9192.0,26075.0,88283
88285,9192.0,25825.0,88284
88286,9192.0,25750.0,88285
88287,9192.0,25750.0,88286
88288,9192.0,26051.0,88287
88289,9192.0,25269.0,88288
88290,9192.0,25272.0,88289
88291,9192.0,25686.0,88290
88292,9192.0,25649.0,88291
88293,9192.0,25740.0,88292
88294,9192.0,25905.0,88293
88295,9192.0,25850.0,88294
88296,9192.0,25850.0,88295
88297,9192.0,24287.0,88296
88298,9192.0,24666.0,88297
88299,9192.0,26047.0,88298
88300,9192.0,26046.0,88299
88301,9192.0,26965.0,88300
88302,9192.0,26881.0,88301
88303,9192.0,27381.0,88302
88304,9192.0,27593.0,88303
88305,9192.0,27442.0,88304
88306,9192.0,26877.0,88305
88307,9192.0,26764.0,88306
88308,9192.0,27564.0,88307
88309,9192.0,27255.0,88308
88310,9192.0,28224.0,88309
88311,9192.0,28224.0,88310
88312,9192.0,28164.0,88311
88313,9192.0,27697.0,88312
88314,9192.0,28031.0,88313
88315,9192.0,28009.0,88314
88316,9192.0,27847.0,88315
88317,9192.0,27814.0,88316
88318,9192.0,27137.0,88317
88319,9192.0,27310.0,88318
88320,9192.0,27237.0,88319
88321,9192.0,27253.0,88320
88322,9192.0,27605.0,88321
88323,9192.0,27678.0,88322
88324,9192.0,27354.0,88323
88325,9192.0,26958.0,88324
88326,9192.0,26791.0,88325
88327,9192.0,27729.0,88326
88328,9192.0,27729.0,88327
88329,9192.0,27932.0,88328
88330,9192.0,28957.0,88329
88331,9192.0,30189.0,88330
88332,9192.0,30235.0,88331
88333,9192.0,30181.0,88332
88334,9192.0,30179.0,88333
88335,9192.0,29719.0,88334
88336,9192.0,29651.0,88335
88337,9192.0,29759.0,88336
88338,9192.0,30138.0,88337
88339,9192.0,30130.0,88338
88340,9192.0,30073.0,88339
88341,9192.0,29896.0,88340
88342,9192.0,29669.0,88341
88343,9192.0,29865.0,88342
88344,9192.0,29416.0,88343
88345,9192.0,29057.0,88344
88346,9192.0,29057.0,88345
88347,9192.0,29057.0,88346
88348,9192.0,29362.0,88347
88349,9192.0,29443.0,88348
88350,9192.0,29764.0,88349
88351,9192.0,29807.0,88350
88352,9192.0,29807.0,88351
88353,9192.0,29849.0,88352
88354,9192.0,29950.0,88353
88355,9192.0,29345.0,88354
88356,9192.0,29232.0,88355
88357,9192.0,29483.0,88356
88358,9192.0,30667.0,88357
88359,9192.0,28621.0,88358
88360,9192.0,28621.0,88359
88361,9192.0,28324.0,88360
88362,9192.0,28602.0,88361
88363,9192.0,28602.0,88362
88364,9192.0,28959.0,88363
88365,9192.0,28959.0,88364
88366,9192.0,29235.0,88365
88367,9192.0,29186.0,88366
88368,9192.0,29161.0,88367
88369,9192.0,29536.0,88368
88370,9192.0,29594.0,88369
88371,9192.0,29653.0,88370
88372,9192.0,29304.0,88371
88373,9192.0,29547.0,88372
88374,9192.0,29509.0,88373
88375,9192.0,29363.0,88374
88376,9192.0,28716.0,88375
88377,9192.0,28515.0,88376
88378,9192.0,28763.0,88377
88379,9192.0,28777.0,88378
88380,9192.0,28483.0,88379
88381,9192.0,28270.0,88380
88382,9192.0,28311.0,88381
88383,9192.0,28359.0,88382
88384,9192.0,29074.0,88383
88385,9192.0,29550.0,88384
88386,9192.0,29588.0,88385
88387,9192.0,29826.0,88386
88388,9192.0,29722.0,88387
88389,9192.0,30336.0,88388
88390,9192.0,29987.0,88389
88391,9192.0,29785.0,88390
88392,9192.0,29648.0,88391
88393,9192.0,29648.0,88392
88394,9192.0,29557.0,88393
88395,9192.0,29545.0,88394
88396,9192.0,29973.0,88395
88397,9192.0,29995.0,88396
88398,9192.0,29468.0,88397
88399,9192.0,29134.0,88398
88400,9192.0,29250.0,88399
88401,9192.0,29007.0,88400
88402,9192.0,28783.0,88401
88403,9192.0,29500.0,88402
88404,9192.0,29580.0,88403
88405,9192.0,29545.0,88404
88406,9192.0,29304.0,88405
88407,9192.0,29150.0,88406
88408,9192.0,29705.0,88407
88409,9192.0,29689.0,88408
88410,9192.0,28771.0,88409
88411,9192.0,28803.0,88410
88412,9192.0,28863.0,88411
88413,9192.0,29080.0,88412
88414,9192.0,29244.0,88413
88415,9192.0,29115.0,88414
88416,9192.0,29021.0,88415
88417,9192.0,29252.0,88416
88418,9192.0,29252.0,88417
88419,9192.0,29185.0,88418
88420,9192.0,29163.0,88419
88421,9192.0,29158.0,88420
88422,9192.0,28372.0,88421
88423,9192.0,28351.0,88422
88424,9192.0,28415.0,88423
88425,9192.0,28349.0,88424
88426,9192.0,28233.0,88425
88427,9192.0,28473.0,88426
88428,9192.0,28430.0,88427
88429,9192.0,28199.0,88428
88430,9192.0,28207.0,88429
88431,9192.0,27791.0,88430
88432,9192.0,29504.0,88431
88433,9192.0,29677.0,88432
88434,9192.0,29589.0,88433
88435,9192.0,29784.0,88434
88436,9192.0,29562.0,88435
88437,9192.0,29401.0,88436
88438,9192.0,29161.0,88437
88439,9192.0,28632.0,88438
88440,9192.0,28639.0,88439
88441,9192.0,28756.0,88440
88442,9192.0,28756.0,88441
88443,9192.0,28762.0,88442
88444,9192.0,29538.0,88443
88445,9192.0,29765.0,88444
88446,9192.0,29663.0,88445
88447,9192.0,29911.0,88446
88448,9192.0,29675.0,88447
88449,9192.0,30038.0,88448
88450,9192.0,30343.0,88449
88451,9192.0,29774.0,88450
88452,9192.0,29936.0,88451
88453,9192.0,29675.0,88452
88454,9192.0,28781.0,88453
88455,9192.0,28806.0,88454
88456,9192.0,28750.0,88455
88457,9192.0,28806.0,88456
88458,9192.0,28806.0,88457
88459,9192.0,28921.0,88458
88460,9192.0,29063.0,88459
88461,9192.0,29071.0,88460
88462,9192.0,29134.0,88461
88463,9192.0,28230.0,88462
88464,9192.0,29253.0,88463
88465,9192.0,29211.0,88464
88466,9192.0,29044.0,88465
88467,9192.0,28640.0,88466
88468,9192.0,28640.0,88467
88469,9192.0,29208.0,88468
88470,9192.0,29316.0,88469
88471,9192.0,28775.0,88470
88472,9192.0,28627.0,88471
88473,9192.0,28993.0,88472
88474,9192.0,29403.0,88473
88475,9192.0,30462.0,88474
88476,9192.0,30459.0,88475
88477,9192.0,30635.0,88476
88478,9192.0,30635.0,88477
88479,9192.0,30222.0,88478
88480,9192.0,30488.0,88479
88481,9192.0,29359.0,88480
88482,9192.0,28516.0,88481
88483,9192.0,27807.0,88482
88484,9192.0,27597.0,88483
88485,9192.0,26963.0,88484
88486,9192.0,26915.0,88485
88487,9192.0,26915.0,88486
88488,9192.0,27315.0,88487
88489,9192.0,27315.0,88488
88490,9192.0,27315.0,88489
88491,9192.0,28180.0,88490
88492,9192.0,28025.0,88491
88493,9192.0,28216.0,88492
88494,9192.0,28152.0,88493
88495,9192.0,28599.0,88494
88496,9192.0,28095.0,88495
88497,9192.0,28981.0,88496
88498,9192.0,29445.0,88497
88499,9192.0,29931.0,88498
88500,9192.0,29487.0,88499
88501,9192.0,29509.0,88500
88502,9192.0,29194.0,88501
88503,9192.0,29292.0,88502
88504,9192.0,29316.0,88503
88505,9192.0,29316.0,88504
88506,9192.0,29510.0,88505
88507,9192.0,29351.0,88506
88508,9192.0,29496.0,88507
88509,9192.0,29844.0,88508
88510,9192.0,29650.0,88509
88511,9192.0,29650.0,88510
88512,9192.0,29898.0,88511
88513,9192.0,29449.0,88512
88514,9192.0,28938.0,88513
88515,9192.0,27759.0,88514
88516,9192.0,27637.0,88515
88517,9192.0,27423.0,88516
88518,9192.0,28081.0,88517
88519,9192.0,27593.0,88518
88520,9192.0,27021.0,88519
88521,9192.0,28036.0,88520
88522,9192.0,27911.0,88521
88523,9192.0,27720.0,88522
88524,9192.0,27440.0,88523
88525,9192.0,27838.0,88524
88526,9192.0,28753.0,88525
88527,9192.0,27730.0,88526
88528,9192.0,27729.0,88527
88529,9192.0,27729.0,88528
88530,9192.0,27757.0,88529
88531,9192.0,27761.0,88530
88532,9192.0,27584.0,88531
88533,9192.0,27584.0,88532
88534,9192.0,27479.0,88533
88535,9192.0,27854.0,88534
88536,9192.0,27996.0,88535
88537,9192.0,27290.0,88536
88538,9192.0,26422.0,88537
88539,9192.0,26080.0,88538
88540,9192.0,26280.0,88539
88541,9192.0,26247.0,88540
88542,9192.0,26247.0,88541
88543,9192.0,26130.0,88542
88544,9192.0,26474.0,88543
88545,9192.0,26421.0,88544
88546,9192.0,27518.0,88545
88547,9192.0,27359.0,88546
88548,9192.0,27256.0,88547
88549,9192.0,26361.0,88548
88550,9192.0,26715.0,88549
88551,9192.0,26581.0,88550
88552,9192.0,26011.0,88551
88553,9192.0,26011.0,88552
88554,9192.0,26168.0,88553
88555,9192.0,26694.0,88554
88556,9192.0,26752.0,88555
88557,9192.0,27208.0,88556
88558,9192.0,27206.0,88557
88559,9192.0,27361.0,88558
88560,9192.0,27228.0,88559
88561,9192.0,27293.0,88560
88562,9192.0,27255.0,88561
88563,9192.0,26945.0,88562
88564,9192.0,26945.0,88563
88565,9192.0,27324.0,88564
88566,9192.0,27725.0,88565
88567,9192.0,27725.0,88566
88568,9192.0,28000.0,88567
88569,9192.0,26314.0,88568
88570,9192.0,26235.0,88569
88571,9192.0,26413.0,88570
88572,9192.0,25955.0,88571
88573,9192.0,25595.0,88572
88574,9192.0,25933.0,88573
88575,9192.0,25852.0,88574
88576,9192.0,26137.0,88575
88577,9192.0,26458.0,88576
88578,9192.0,25971.0,88577
88579,9192.0,26051.0,88578
88580,9192.0,26404.0,88579
88581,9192.0,28055.0,88580
88582,9192.0,28092.0,88581
88583,9192.0,27816.0,88582
88584,9192.0,27824.0,88583
88585,9192.0,28190.0,88584
88586,9192.0,27315.0,88585
88587,9192.0,27872.0,88586
88588,9192.0,27262.0,88587
88589,9192.0,26662.0,88588
88590,9192.0,26840.0,88589
88591,9192.0,25929.0,88590
88592,9192.0,25910.0,88591
88593,9192.0,25866.0,88592
88594,9192.0,25923.0,88593
88595,9192.0,25190.0,88594
88596,9192.0,25247.0,88595
88597,9192.0,26490.0,88596
88598,9192.0,26256.0,88597
88599,9192.0,26256.0,88598
88600,9192.0,26125.0,88599
88601,9192.0,26204.0,88600
88602,9192.0,26586.0,88601
88603,9192.0,26593.0,88602
88604,9192.0,26744.0,88603
88605,9192.0,27027.0,88604
88606,9192.0,27209.0,88605
88607,9192.0,26882.0,88606
88608,9192.0,26687.0,88607
88609,9192.0,26282.0,88608
88610,9192.0,25167.0,88609
88611,9192.0,25551.0,88610
88612,9192.0,25407.0,88611
88613,9192.0,25502.0,88612
88614,9192.0,26495.0,88613
88615,9192.0,26763.0,88614
88616,9192.0,26679.0,88615
88617,9192.0,27002.0,88616
88618,9192.0,27159.0,88617
88619,9192.0,27936.0,88618
88620,9192.0,28189.0,88619
88621,9192.0,28145.0,88620
88622,9192.0,28083.0,88621
88623,9192.0,29565.0,88622
88624,9192.0,29764.0,88623
88625,9192.0,30479.0,88624
88626,9192.0,30354.0,88625
88627,9192.0,30391.0,88626
88628,9192.0,30020.0,88627
88629,9192.0,30097.0,88628
88630,9192.0,30354.0,88629
88631,9192.0,30655.0,88630
88632,9192.0,31090.0,88631
88633,9192.0,30969.0,88632
88634,9192.0,31022.0,88633
88635,9192.0,30953.0,88634
88636,9192.0,29791.0,88635
88637,9192.0,29602.0,88636
88638,9192.0,28334.0,88637
88639,9192.0,28028.0,88638
88640,9192.0,27181.0,88639
88641,9192.0,27262.0,88640
88642,9192.0,27262.0,88641
88643,9192.0,26631.0,88642
88644,9192.0,27376.0,88643
88645,9192.0,27271.0,88644
88646,9192.0,26885.0,88645
88647,9192.0,27188.0,88646
88648,9192.0,26975.0,88647
88649,9192.0,27026.0,88648
88650,9192.0,27883.0,88649
88651,9192.0,28077.0,88650
88652,9192.0,27263.0,88651
88653,9192.0,27290.0,88652
88654,9192.0,26714.0,88653
88655,9192.0,26345.0,88654
88656,9192.0,27459.0,88655
88657,9192.0,27476.0,88656
88658,9192.0,27469.0,88657
88659,9192.0,28525.0,88658
88660,9192.0,28931.0,88659
88661,9192.0,28663.0,88660
88662,9192.0,28463.0,88661
88663,9192.0,28317.0,88662
88664,9192.0,28407.0,88663
88665,9192.0,28858.0,88664
88666,9192.0,28799.0,88665
88667,9192.0,28756.0,88666
88668,9192.0,28734.0,88667
88669,9192.0,29401.0,88668
88670,9192.0,29481.0,88669
88671,9192.0,29481.0,88670
88672,9192.0,29455.0,88671
88673,9192.0,29434.0,88672
88674,9192.0,29434.0,88673
88675,9192.0,29229.0,88674
88676,9192.0,29467.0,88675
88677,9192.0,29254.0,88676
88678,9192.0,29409.0,88677
88679,9192.0,29414.0,88678
88680,9192.0,29429.0,88679
88681,9192.0,29659.0,88680
88682,9192.0,29390.0,88681
88683,9192.0,29326.0,88682
88684,9192.0,29674.0,88683
88685,9192.0,28933.0,88684
88686,9192.0,28852.0,88685
88687,9192.0,28709.0,88686
88688,9192.0,28709.0,88687
88689,9192.0,28088.0,88688
88690,9192.0,28088.0,88689
88691,9192.0,27154.0,88690
88692,9192.0,26768.0,88691
88693,9192.0,27455.0,88692
88694,9192.0,27038.0,88693
88695,9192.0,28032.0,88694
88696,9192.0,26761.0,88695
88697,9192.0,26820.0,88696
88698,9192.0,26820.0,88697
88699,9192.0,26820.0,88698
88700,9192.0,26956.0,88699
88701,9192.0,27599.0,88700
88702,9192.0,27464.0,88701
88703,9192.0,26862.0,88702
88704,9192.0,26729.0,88703
88705,9192.0,26473.0,88704
88706,9192.0,26491.0,88705
88707,9192.0,26682.0,88706
88708,9192.0,27398.0,88707
88709,9192.0,26914.0,88708
88710,9192.0,25722.0,88709
88711,9192.0,26199.0,88710
88712,9192.0,26538.0,88711
88713,9192.0,26628.0,88712
88714,9192.0,26499.0,88713
88715,9192.0,26427.0,88714
88716,9192.0,25743.0,88715
88717,9192.0,27070.0,88716
88718,9192.0,27054.0,88717
88719,9192.0,27154.0,88718
88720,9192.0,26902.0,88719
88721,9192.0,26824.0,88720
88722,9192.0,26813.0,88721
88723,9192.0,27208.0,88722
88724,9192.0,27208.0,88723
88725,9192.0,27017.0,88724
88726,9192.0,27017.0,88725
88727,9192.0,27418.0,88726
88728,9192.0,27093.0,88727
88729,9192.0,26838.0,88728
88730,9192.0,26909.0,88729
88731,9192.0,27266.0,88730
88732,9192.0,27266.0,88731
88733,9192.0,27528.0,88732
88734,9192.0,28091.0,88733
88735,9192.0,28091.0,88734
88736,9192.0,28091.0,88735
88737,9192.0,29202.0,88736
88738,9192.0,28817.0,88737
88739,9192.0,28949.0,88738
88740,9192.0,29365.0,88739
88741,9192.0,29516.0,88740
88742,9192.0,29351.0,88741
88743,9192.0,30812.0,88742
88744,9192.0,30894.0,88743
88745,9192.0,30512.0,88744
88746,9192.0,30512.0,88745
88747,9192.0,30606.0,88746
88748,9192.0,30397.0,88747
88749,9192.0,31235.0,88748
88750,9192.0,31049.0,88749
88751,9192.0,31050.0,88750
88752,9192.0,30493.0,88751
88753,9192.0,30416.0,88752
88754,9192.0,30238.0,88753
88755,9192.0,30486.0,88754
88756,9192.0,30401.0,88755
88757,9192.0,30838.0,88756
88758,9192.0,30946.0,88757
88759,9192.0,30733.0,88758
88760,9192.0,30539.0,88759
88761,9192.0,30535.0,88760
88762,9192.0,29847.0,88761
88763,9192.0,29833.0,88762
88764,9192.0,29994.0,88763
88765,9192.0,29863.0,88764
88766,9192.0,29863.0,88765
88767,9192.0,29564.0,88766
88768,9192.0,29164.0,88767
88769,9192.0,29111.0,88768
88770,9192.0,30049.0,88769
88771,9192.0,30269.0,88770
88772,9192.0,29285.0,88771
88773,9192.0,28961.0,88772
88774,9192.0,28995.0,88773
88775,9192.0,29032.0,88774
88776,9192.0,28617.0,88775
88777,9192.0,28608.0,88776
88778,9192.0,28626.0,88777
88779,9192.0,29033.0,88778
88780,9192.0,28177.0,88779
88781,9192.0,27573.0,88780
88782,9192.0,28365.0,88781
88783,9192.0,28419.0,88782
88784,9192.0,28751.0,88783
88785,9192.0,29420.0,88784
88786,9192.0,29521.0,88785
88787,9192.0,29269.0,88786
88788,9192.0,29269.0,88787
88789,9192.0,29141.0,88788
88790,9192.0,29182.0,88789
88791,9192.0,29182.0,88790
88792,9192.0,29208.0,88791
88793,9192.0,29000.0,88792
88794,9192.0,28990.0,88793
88795,9192.0,28990.0,88794
88796,9192.0,28726.0,88795
88797,9192.0,28528.0,88796
88798,9192.0,28604.0,88797
88799,9192.0,28716.0,88798
88800,9192.0,29459.0,88799
88801,9192.0,29707.0,88800
88802,9192.0,29447.0,88801
88803,9192.0,28854.0,88802
88804,9192.0,28854.0,88803
88805,9192.0,28393.0,88804
88806,9192.0,27379.0,88805
88807,9192.0,27657.0,88806
88808,9192.0,27727.0,88807
88809,9192.0,27742.0,88808
88810,9192.0,27750.0,88809
88811,9192.0,27255.0,88810
88812,9192.0,27421.0,88811
88813,9192.0,27511.0,88812
88814,9192.0,27683.0,88813
88815,9192.0,27701.0,88814
88816,9192.0,27701.0,88815
88817,9192.0,27814.0,88816
88818,9192.0,27394.0,88817
88819,9192.0,27240.0,88818
88820,9192.0,27414.0,88819
88821,9192.0,26182.0,88820
88822,9192.0,25979.0,88821
88823,9192.0,25962.0,88822
88824,9192.0,25978.0,88823
88825,9192.0,26348.0,88824
88826,9192.0,25405.0,88825
88827,9192.0,26647.0,88826
88828,9192.0,26755.0,88827
88829,9192.0,26442.0,88828
88830,9192.0,26718.0,88829
88831,9192.0,27865.0,88830
88832,9192.0,27846.0,88831
88833,9192.0,27254.0,88832
88834,9192.0,26533.0,88833
88835,9192.0,26569.0,88834
88836,9192.0,26664.0,88835
88837,9192.0,26600.0,88836
88838,9192.0,26491.0,88837
88839,9192.0,27822.0,88838
88840,9192.0,28110.0,88839
88841,9192.0,27953.0,88840
88842,9192.0,26939.0,88841
88843,9192.0,26455.0,88842
88844,9192.0,26455.0,88843
88845,9192.0,26407.0,88844
88846,9192.0,27357.0,88845
88847,9192.0,28090.0,88846
88848,9192.0,27964.0,88847
88849,9192.0,27960.0,88848
88850,9192.0,27376.0,88849
88851,9192.0,27345.0,88850
88852,9192.0,27359.0,88851
88853,9192.0,25963.0,88852
88854,9192.0,27050.0,88853
88855,9192.0,27318.0,88854
88856,9192.0,28348.0,88855
88857,9192.0,28348.0,88856
88858,9192.0,28343.0,88857
88859,9192.0,27282.0,88858
88860,9192.0,28727.0,88859
88861,9192.0,27815.0,88860
88862,9192.0,27862.0,88861
88863,9192.0,28811.0,88862
88864,9192.0,28959.0,88863
88865,9192.0,28634.0,88864
88866,9192.0,28494.0,88865
88867,9192.0,28300.0,88866
88868,9192.0,28853.0,88867
88869,9192.0,28829.0,88868
88870,9192.0,28805.0,88869
88871,9192.0,28864.0,88870
88872,9192.0,27981.0,88871
88873,9192.0,27739.0,88872
88874,9192.0,27700.0,88873
88875,9192.0,27508.0,88874
88876,9192.0,27533.0,88875
88877,9192.0,27166.0,88876
88878,9192.0,27166.0,88877
88879,9192.0,27147.0,88878
88880,9192.0,27045.0,88879
88881,9192.0,27300.0,88880
88882,9192.0,27300.0,88881
88883,9192.0,26924.0,88882
88884,9192.0,26745.0,88883
88885,9192.0,27171.0,88884
88886,9192.0,27271.0,88885
88887,9192.0,27284.0,88886
88888,9192.0,27097.0,88887
88889,9192.0,26944.0,88888
88890,9192.0,26884.0,88889
88891,9192.0,26777.0,88890
88892,9192.0,26792.0,88891
88893,9192.0,26939.0,88892
88894,9192.0,25944.0,88893
88895,9192.0,25842.0,88894
88896,9192.0,26113.0,88895
88897,9192.0,26954.0,88896
88898,9192.0,27323.0,88897
88899,9192.0,27036.0,88898
88900,9192.0,26832.0,88899
88901,9192.0,27092.0,88900
88902,9192.0,27301.0,88901
88903,9192.0,27318.0,88902
88904,9192.0,27298.0,88903
88905,9192.0,27778.0,88904
88906,9192.0,27435.0,88905
88907,9192.0,28045.0,88906
88908,9192.0,28285.0,88907
88909,9192.0,28033.0,88908
88910,9192.0,27870.0,88909
88911,9192.0,27533.0,88910
88912,9192.0,27108.0,88911
88913,9192.0,27088.0,88912
88914,9192.0,27088.0,88913
88915,9192.0,27099.0,88914
88916,9192.0,27091.0,88915
88917,9192.0,26355.0,88916
88918,9192.0,26530.0,88917
88919,9192.0,27995.0,88918
88920,9192.0,28034.0,88919
88921,9192.0,27996.0,88920
88922,9192.0,28906.0,88921
88923,9192.0,28909.0,88922
88924,9192.0,28933.0,88923
88925,9192.0,28933.0,88924
88926,9192.0,28968.0,88925
88927,9192.0,28775.0,88926
88928,9192.0,28914.0,88927
88929,9192.0,28914.0,88928
88930,9192.0,28849.0,88929
88931,9192.0,29037.0,88930
88932,9192.0,28746.0,88931
88933,9192.0,28746.0,88932
88934,9192.0,28645.0,88933
88935,9192.0,28387.0,88934
88936,9192.0,28514.0,88935
88937,9192.0,28282.0,88936
88938,9192.0,28612.0,88937
88939,9192.0,28600.0,88938
88940,9192.0,28722.0,88939
88941,9192.0,28722.0,88940
88942,9192.0,29404.0,88941
88943,9192.0,29333.0,88942
88944,9192.0,29446.0,88943
88945,9192.0,29506.0,88944
88946,9192.0,29291.0,88945
88947,9192.0,29291.0,88946
88948,9192.0,28681.0,88947
88949,9192.0,28972.0,88948
88950,9192.0,28998.0,88949
88951,9192.0,28689.0,88950
88952,9192.0,29022.0,88951
88953,9192.0,28592.0,88952
88954,9192.0,28457.0,88953
88955,9192.0,28647.0,88954
88956,9192.0,27808.0,88955
88957,9192.0,27808.0,88956
88958,9192.0,28116.0,88957
88959,9192.0,27700.0,88958
88960,9192.0,27794.0,88959
88961,9192.0,27450.0,88960
88962,9192.0,27401.0,88961
88963,9192.0,28167.0,88962
88964,9192.0,27817.0,88963
88965,9192.0,26970.0,88964
88966,9192.0,27187.0,88965
88967,9192.0,27290.0,88966
88968,9192.0,27313.0,88967
88969,9192.0,27087.0,88968
88970,9192.0,27140.0,88969
88971,9192.0,27140.0,88970
88972,9192.0,27418.0,88971
88973,9192.0,27448.0,88972
88974,9192.0,27449.0,88973
88975,9192.0,28015.0,88974
88976,9192.0,27868.0,88975
88977,9192.0,28529.0,88976
88978,9192.0,28324.0,88977
88979,9192.0,27954.0,88978
88980,9192.0,27973.0,88979
88981,9192.0,27830.0,88980
88982,9192.0,27955.0,88981
88983,9192.0,28709.0,88982
88984,9192.0,28202.0,88983
88985,9192.0,28424.0,88984
88986,9192.0,28387.0,88985
88987,9192.0,28360.0,88986
88988,9192.0,28214.0,88987
88989,9192.0,28406.0,88988
88990,9192.0,28333.0,88989
88991,9192.0,28265.0,88990
88992,9192.0,28080.0,88991
88993,9192.0,28080.0,88992
88994,9192.0,27700.0,88993
88995,9192.0,27812.0,88994
88996,9192.0,27510.0,88995
88997,9192.0,26936.0,88996
88998,9192.0,27558.0,88997
88999,9192.0,27051.0,88998
89000,9192.0,27556.0,88999
89001,9192.0,27612.0,89000
89002,9192.0,28138.0,89001
89003,9192.0,27992.0,89002
89004,9192.0,28522.0,89003
89005,9192.0,28479.0,89004
89006,9192.0,27511.0,89005
89007,9192.0,27238.0,89006
89008,9192.0,26817.0,89007
89009,9192.0,26903.0,89008
89010,9192.0,26968.0,89009
89011,9192.0,27047.0,89010
89012,9192.0,26965.0,89011
89013,9192.0,26972.0,89012
89014,9192.0,27152.0,89013
89015,9192.0,27436.0,89014
89016,9192.0,26815.0,89015
89017,9192.0,27015.0,89016
89018,9192.0,27015.0,89017
89019,9192.0,25570.0,89018
89020,9192.0,25288.0,89019
89021,9192.0,25095.0,89020
89022,9192.0,25562.0,89021
89023,9192.0,25604.0,89022
89024,9192.0,25606.0,89023
89025,9192.0,25614.0,89024
89026,9192.0,25614.0,89025
89027,9192.0,25644.0,89026
89028,9192.0,25638.0,89027
89029,9192.0,25588.0,89028
89030,9192.0,25842.0,89029
89031,9192.0,25842.0,89030
89032,9192.0,25754.0,89031
89033,9192.0,25754.0,89032
89034,9192.0,25844.0,89033
89035,9192.0,25422.0,89034
89036,9192.0,25903.0,89035
89037,9192.0,25814.0,89036
89038,9192.0,25814.0,89037
89039,9192.0,25912.0,89038
89040,9192.0,26136.0,89039
89041,9192.0,26053.0,89040
89042,9192.0,25957.0,89041
89043,9192.0,26355.0,89042
89044,9192.0,26808.0,89043
89045,9192.0,27193.0,89044
89046,9192.0,28298.0,89045
89047,9192.0,28732.0,89046
89048,9192.0,28870.0,89047
89049,9192.0,28743.0,89048
89050,9192.0,28732.0,89049
89051,9192.0,29077.0,89050
89052,9192.0,29147.0,89051
89053,9192.0,29281.0,89052
89054,9192.0,29916.0,89053
89055,9192.0,29467.0,89054
89056,9192.0,29440.0,89055
89057,9192.0,29487.0,89056
89058,9192.0,29504.0,89057
89059,9192.0,29523.0,89058
89060,9192.0,29420.0,89059
89061,9192.0,29646.0,89060
89062,9192.0,28931.0,89061
89063,9192.0,28737.0,89062
89064,9192.0,28931.0,89063
89065,9192.0,28797.0,89064
89066,9192.0,28356.0,89065
89067,9192.0,28455.0,89066
89068,9192.0,28469.0,89067
89069,9192.0,29045.0,89068
89070,9192.0,29061.0,89069
89071,9192.0,29046.0,89070
89072,9192.0,30434.0,89071
89073,9192.0,31453.0,89072
89074,9192.0,31289.0,89073
89075,9192.0,31005.0,89074
89076,9192.0,30840.0,89075
89077,9192.0,30912.0,89076
89078,9192.0,30205.0,89077
89079,9192.0,30209.0,89078
89080,9192.0,30287.0,89079
89081,9192.0,31149.0,89080
89082,9192.0,30320.0,89081
89083,9192.0,29692.0,89082
89084,9192.0,29361.0,89083
89085,9192.0,29328.0,89084
89086,9192.0,29386.0,89085
89087,9192.0,29429.0,89086
89088,9192.0,29561.0,89087
89089,9192.0,29691.0,89088
89090,9192.0,29560.0,89089
89091,9192.0,29579.0,89090
89092,9192.0,28330.0,89091
89093,9192.0,28040.0,89092
89094,9192.0,28406.0,89093
89095,9192.0,28640.0,89094
89096,9192.0,29013.0,89095
89097,9192.0,28298.0,89096
89098,9192.0,27622.0,89097
89099,9192.0,26129.0,89098
89100,9192.0,25633.0,89099
89101,9192.0,25558.0,89100
89102,9192.0,25256.0,89101
89103,9192.0,25282.0,89102
89104,9192.0,25318.0,89103
89105,9192.0,25472.0,89104
89106,9192.0,26064.0,89105
89107,9192.0,26210.0,89106
89108,9192.0,24568.0,89107
89109,9192.0,24767.0,89108
89110,9192.0,24767.0,89109
89111,9192.0,25155.0,89110
89112,9192.0,25225.0,89111
89113,9192.0,25812.0,89112
89114,9192.0,26258.0,89113
89115,9192.0,26243.0,89114
89116,9192.0,26174.0,89115
89117,9192.0,27275.0,89116
89118,9192.0,27595.0,89117
89119,9192.0,27840.0,89118
89120,9192.0,27358.0,89119
89121,9192.0,27255.0,89120
89122,9192.0,27358.0,89121
89123,9192.0,27391.0,89122
89124,9192.0,27777.0,89123
89125,9192.0,27820.0,89124
89126,9192.0,26977.0,89125
89127,9192.0,26681.0,89126
89128,9192.0,26703.0,89127
89129,9192.0,26935.0,89128
89130,9192.0,27838.0,89129
89131,9192.0,27527.0,89130
89132,9192.0,27362.0,89131
89133,9192.0,27379.0,89132
89134,9192.0,27389.0,89133
89135,9192.0,27949.0,89134
89136,9192.0,28468.0,89135
89137,9192.0,29386.0,89136
89138,9192.0,29386.0,89137
89139,9192.0,28898.0,89138
89140,9192.0,28944.0,89139
89141,9192.0,29630.0,89140
89142,9192.0,29569.0,89141
89143,9192.0,29194.0,89142
89144,9192.0,29054.0,89143
89145,9192.0,29269.0,89144
89146,9192.0,28513.0,89145
89147,9192.0,28237.0,89146
89148,9192.0,29223.0,89147
89149,9192.0,29223.0,89148
89150,9192.0,29360.0,89149
89151,9192.0,29397.0,89150
89152,9192.0,29587.0,89151
89153,9192.0,29655.0,89152
89154,9192.0,29931.0,89153
89155,9192.0,30510.0,89154
89156,9192.0,30524.0,89155
89157,9192.0,30524.0,89156
89158,9192.0,30521.0,89157
89159,9192.0,30641.0,89158
89160,9192.0,30417.0,89159
89161,9192.0,30523.0,89160
89162,9192.0,31038.0,89161
89163,9192.0,30891.0,89162
89164,9192.0,30948.0,89163
89165,9192.0,30926.0,89164
89166,9192.0,31057.0,89165
89167,9192.0,30863.0,89166
89168,9192.0,30586.0,89167
89169,9192.0,30911.0,89168
89170,9192.0,31502.0,89169
89171,9192.0,31561.0,89170
89172,9192.0,33382.0,89171
89173,9192.0,33333.0,89172
89174,9192.0,33371.0,89173
89175,9192.0,33443.0,89174
89176,9192.0,33687.0,89175
89177,9192.0,33227.0,89176
89178,9192.0,31597.0,89177
89179,9192.0,31686.0,89178
89180,9192.0,31655.0,89179
89181,9192.0,31615.0,89180
89182,9192.0,31525.0,89181
89183,9192.0,31418.0,89182
89184,9192.0,31338.0,89183
89185,9192.0,31013.0,89184
89186,9192.0,31268.0,89185
89187,9192.0,31332.0,89186
89188,9192.0,31330.0,89187
89189,9192.0,30424.0,89188
89190,9192.0,30031.0,89189
89191,9192.0,30028.0,89190
89192,9192.0,29714.0,89191
89193,9192.0,29714.0,89192
89194,9192.0,29600.0,89193
89195,9192.0,29251.0,89194
89196,9192.0,29475.0,89195
89197,9192.0,29895.0,89196
89198,9192.0,29969.0,89197
89199,9192.0,30717.0,89198
89200,9192.0,29568.0,89199
89201,9192.0,29572.0,89200
89202,9192.0,29500.0,89201
89203,9192.0,29500.0,89202
89204,9192.0,29490.0,89203
89205,9192.0,29425.0,89204
89206,9192.0,29669.0,89205
89207,9192.0,29813.0,89206
89208,9192.0,29839.0,89207
89209,9192.0,29853.0,89208
89210,9192.0,30145.0,89209
89211,9192.0,29689.0,89210
89212,9192.0,29963.0,89211
89213,9192.0,30048.0,89212
89214,9192.0,30048.0,89213
89215,9192.0,29986.0,89214
89216,9192.0,30509.0,89215
89217,9192.0,31086.0,89216
89218,9192.0,29323.0,89217
89219,9192.0,29323.0,89218
89220,9192.0,29323.0,89219
89221,9192.0,28441.0,89220
89222,9192.0,28286.0,89221
89223,9192.0,28392.0,89222
89224,9192.0,28317.0,89223
89225,9192.0,28307.0,89224
89226,9192.0,29155.0,89225
89227,9192.0,29187.0,89226
89228,9192.0,27540.0,89227
89229,9192.0,27763.0,89228
89230,9192.0,27942.0,89229
89231,9192.0,27804.0,89230
89232,9192.0,27725.0,89231
89233,9192.0,27725.0,89232
89234,9192.0,29185.0,89233
89235,9192.0,29345.0,89234
89236,9192.0,29827.0,89235
89237,9192.0,30447.0,89236
89238,9192.0,30390.0,89237
89239,9192.0,30849.0,89238
89240,9192.0,30772.0,89239
89241,9192.0,30860.0,89240
89242,9192.0,30873.0,89241
89243,9192.0,30774.0,89242
89244,9192.0,30684.0,89243
89245,9192.0,31352.0,89244
89246,9192.0,29631.0,89245
89247,9192.0,29741.0,89246
89248,9192.0,29679.0,89247
89249,9192.0,29788.0,89248
89250,9192.0,29856.0,89249
89251,9192.0,29856.0,89250
89252,9192.0,29271.0,89251
89253,9192.0,29018.0,89252
89254,9192.0,28804.0,89253
89255,9192.0,28627.0,89254
89256,9192.0,27944.0,89255
89257,9192.0,28344.0,89256
89258,9192.0,28968.0,89257
89259,9192.0,29057.0,89258
89260,9192.0,29093.0,89259
89261,9192.0,28621.0,89260
89262,9192.0,29421.0,89261
89263,9192.0,29431.0,89262
89264,9192.0,29410.0,89263
89265,9192.0,28936.0,89264
89266,9192.0,29344.0,89265
89267,9192.0,29659.0,89266
89268,9192.0,29221.0,89267
89269,9192.0,29359.0,89268
89270,9192.0,29355.0,89269
89271,9192.0,29872.0,89270
89272,9192.0,30211.0,89271
89273,9192.0,30046.0,89272
89274,9192.0,30498.0,89273
89275,9192.0,30231.0,89274
89276,9192.0,29589.0,89275
89277,9192.0,29684.0,89276
89278,9192.0,29862.0,89277
89279,9192.0,31200.0,89278
89280,9192.0,32018.0,89279
89281,9192.0,32185.0,89280
89282,9192.0,31680.0,89281
89283,9192.0,30750.0,89282
89284,9192.0,30751.0,89283
89285,9192.0,30252.0,89284
89286,9192.0,30261.0,89285
89287,9192.0,29685.0,89286
89288,9192.0,29898.0,89287
89289,9192.0,30103.0,89288
89290,9192.0,30013.0,89289
89291,9192.0,29917.0,89290
89292,9192.0,29917.0,89291
89293,9192.0,29368.0,89292
89294,9192.0,29149.0,89293
89295,9192.0,29152.0,89294
89296,9192.0,28665.0,89295
89297,9192.0,29120.0,89296
89298,9192.0,27669.0,89297
89299,9192.0,27861.0,89298
89300,9192.0,27861.0,89299
89301,9192.0,29663.0,89300
89302,9192.0,29298.0,89301
89303,9192.0,29298.0,89302
89304,9192.0,29661.0,89303
89305,9192.0,29336.0,89304
89306,9192.0,29363.0,89305
89307,9192.0,29363.0,89306
89308,9192.0,29448.0,89307
89309,9192.0,28714.0,89308
89310,9192.0,28529.0,89309
89311,9192.0,28534.0,89310
89312,9192.0,28539.0,89311
89313,9192.0,28722.0,89312
89314,9192.0,31200.0,89313
89315,9192.0,31122.0,89314
89316,9192.0,30980.0,89315
89317,9192.0,31473.0,89316
89318,9192.0,31473.0,89317
89319,9192.0,31473.0,89318
89320,9192.0,30821.0,89319
89321,9192.0,30639.0,89320
89322,9192.0,30340.0,89321
89323,9192.0,31132.0,89322
89324,9192.0,30974.0,89323
89325,9192.0,30669.0,89324
89326,9192.0,30911.0,89325
89327,9192.0,30872.0,89326
89328,9192.0,32048.0,89327
89329,9192.0,32005.0,89328
89330,9192.0,31667.0,89329
89331,9192.0,31124.0,89330
89332,9192.0,31200.0,89331
89333,9192.0,30714.0,89332
89334,9192.0,31134.0,89333
89335,9192.0,31009.0,89334
89336,9192.0,30619.0,89335
89337,9192.0,30443.0,89336
89338,9192.0,30395.0,89337
89339,9192.0,29978.0,89338
89340,9192.0,30124.0,89339
89341,9192.0,30124.0,89340
89342,9192.0,29891.0,89341
89343,9192.0,29389.0,89342
89344,9192.0,29389.0,89343
89345,9192.0,29123.0,89344
89346,9192.0,29578.0,89345
89347,9192.0,29578.0,89346
89348,9192.0,29735.0,89347
89349,9192.0,29633.0,89348
89350,9192.0,29564.0,89349
89351,9192.0,29153.0,89350
89352,9192.0,29136.0,89351
89353,9192.0,29117.0,89352
89354,9192.0,29115.0,89353
89355,9192.0,29422.0,89354
89356,9192.0,29412.0,89355
89357,9192.0,29261.0,89356
89358,9192.0,29083.0,89357
89359,9192.0,29083.0,89358
89360,9192.0,29144.0,89359
89361,9192.0,28900.0,89360
89362,9192.0,28702.0,89361
89363,9192.0,28946.0,89362
89364,9192.0,28946.0,89363
89365,9192.0,28549.0,89364
89366,9192.0,28636.0,89365
89367,9192.0,27886.0,89366
89368,9192.0,27880.0,89367
89369,9192.0,27753.0,89368
89370,9192.0,28110.0,89369
89371,9192.0,28891.0,89370
89372,9192.0,28371.0,89371
89373,9192.0,28371.0,89372
89374,9192.0,28313.0,89373
89375,9192.0,28313.0,89374
89376,9192.0,28422.0,89375
89377,9192.0,28457.0,89376
89378,9192.0,28457.0,89377
89379,9192.0,29092.0,89378
89380,9192.0,29064.0,89379
89381,9192.0,28385.0,89380
89382,9192.0,28486.0,89381
89383,9192.0,28579.0,89382
89384,9192.0,28756.0,89383
89385,9192.0,28667.0,89384
89386,9192.0,27933.0,89385
89387,9192.0,28002.0,89386
89388,9192.0,27934.0,89387
89389,9192.0,27781.0,89388
89390,9192.0,27729.0,89389
89391,9192.0,27811.0,89390
89392,9192.0,28036.0,89391
89393,9192.0,28540.0,89392
89394,9192.0,28638.0,89393
89395,9192.0,29098.0,89394
89396,9192.0,29136.0,89395
89397,9192.0,28273.0,89396
89398,9192.0,27465.0,89397
89399,9192.0,27490.0,89398
89400,9192.0,27266.0,89399
89401,9192.0,27106.0,89400
89402,9192.0,27668.0,89401
89403,9192.0,27654.0,89402
89404,9192.0,27645.0,89403
89405,9192.0,27462.0,89404
89406,9192.0,27551.0,89405
89407,9192.0,28163.0,89406
89408,9192.0,28576.0,89407
89409,9192.0,28908.0,89408
89410,9192.0,28882.0,89409
89411,9192.0,28939.0,89410
89412,9192.0,28939.0,89411
89413,9192.0,28158.0,89412
89414,9192.0,28144.0,89413
89415,9192.0,28066.0,89414
89416,9192.0,28190.0,89415
89417,9192.0,28271.0,89416
89418,9192.0,28358.0,89417
89419,9192.0,28341.0,89418
89420,9192.0,29092.0,89419
89421,9192.0,28206.0,89420
89422,9192.0,27911.0,89421
89423,9192.0,27838.0,89422
89424,9192.0,27143.0,89423
89425,9192.0,26535.0,89424
89426,9192.0,26268.0,89425
89427,9192.0,25476.0,89426
89428,9192.0,25395.0,89427
89429,9192.0,25392.0,89428
89430,9192.0,25337.0,89429
89431,9192.0,23514.0,89430
89432,9192.0,23751.0,89431
89433,9192.0,23115.0,89432
89434,9192.0,23844.0,89433
89435,9192.0,23975.0,89434
89436,9192.0,22594.0,89435
89437,9192.0,22835.0,89436
89438,9192.0,22454.0,89437
89439,9192.0,22454.0,89438
89440,9192.0,23475.0,89439
89441,9192.0,23375.0,89440
89442,9192.0,23379.0,89441
89443,9192.0,23476.0,89442
89444,9192.0,23476.0,89443
89445,9192.0,23704.0,89444
89446,9192.0,23657.0,89445
89447,9192.0,23584.0,89446
89448,9192.0,23455.0,89447
89449,9192.0,23455.0,89448
89450,9192.0,23465.0,89449
89451,9192.0,25206.0,89450
89452,9192.0,25310.0,89451
89453,9192.0,25748.0,89452
89454,9192.0,25882.0,89453
89455,9192.0,25370.0,89454
89456,9192.0,25328.0,89455
89457,9192.0,25321.0,89456
89458,9192.0,25085.0,89457
89459,9192.0,25338.0,89458
89460,9192.0,25296.0,89459
89461,9192.0,25411.0,89460
89462,9192.0,25524.0,89461
89463,9192.0,25619.0,89462
89464,9192.0,25619.0,89463
89465,9192.0,25530.0,89464
89466,9192.0,25530.0,89465
89467,9192.0,25275.0,89466
89468,9192.0,26247.0,89467
89469,9192.0,26565.0,89468
89470,9192.0,26869.0,89469
89471,9192.0,27596.0,89470
89472,9192.0,27647.0,89471
89473,9192.0,27986.0,89472
89474,9192.0,27789.0,89473
89475,9192.0,27980.0,89474
89476,9192.0,27933.0,89475
89477,9192.0,28013.0,89476
89478,9192.0,28119.0,89477
89479,9192.0,28119.0,89478
89480,9192.0,27918.0,89479
89481,9192.0,29499.0,89480
89482,9192.0,29855.0,89481
89483,9192.0,29793.0,89482
89484,9192.0,29793.0,89483
89485,9192.0,28297.0,89484
89486,9192.0,28870.0,89485
89487,9192.0,29391.0,89486
89488,9192.0,29414.0,89487
89489,9192.0,29414.0,89488
89490,9192.0,29430.0,89489
89491,9192.0,29438.0,89490
89492,9192.0,27953.0,89491
89493,9192.0,28123.0,89492
89494,9192.0,28791.0,89493
89495,9192.0,28791.0,89494
89496,9192.0,28791.0,89495
89497,9192.0,28791.0,89496
89498,9192.0,28292.0,89497
89499,9192.0,28068.0,89498
89500,9192.0,27296.0,89499
89501,9192.0,27527.0,89500
89502,9192.0,27437.0,89501
89503,9192.0,26803.0,89502
89504,9192.0,26897.0,89503
89505,9192.0,26896.0,89504
89506,9192.0,26739.0,89505
89507,9192.0,26743.0,89506
89508,9192.0,26369.0,89507
89509,9192.0,26808.0,89508
89510,9192.0,26752.0,89509
89511,9192.0,26177.0,89510
89512,9192.0,26830.0,89511
89513,9192.0,26660.0,89512
89514,9192.0,26609.0,89513
89515,9192.0,26733.0,89514
89516,9192.0,26651.0,89515
89517,9192.0,27200.0,89516
89518,9192.0,27074.0,89517
89519,9192.0,27197.0,89518
89520,9192.0,26595.0,89519
89521,9192.0,27956.0,89520
89522,9192.0,27954.0,89521
89523,9192.0,27975.0,89522
89524,9192.0,28096.0,89523
89525,9192.0,27978.0,89524
89526,9192.0,27769.0,89525
89527,9192.0,27958.0,89526
89528,9192.0,27913.0,89527
89529,9192.0,27721.0,89528
89530,9192.0,27796.0,89529
89531,9192.0,28170.0,89530
89532,9192.0,27920.0,89531
89533,9192.0,28030.0,89532
89534,9192.0,28122.0,89533
89535,9192.0,28186.0,89534
89536,9192.0,28596.0,89535
89537,9192.0,28615.0,89536
89538,9192.0,28194.0,89537
89539,9192.0,28072.0,89538
89540,9192.0,28362.0,89539
89541,9192.0,27598.0,89540
89542,9192.0,27908.0,89541
89543,9192.0,28803.0,89542
89544,9192.0,28702.0,89543
89545,9192.0,28128.0,89544
89546,9192.0,28244.0,89545
89547,9192.0,28656.0,89546
89548,9192.0,28532.0,89547
89549,9192.0,28485.0,89548
89550,9192.0,28485.0,89549
89551,9192.0,29083.0,89550
89552,9192.0,29178.0,89551
89553,9192.0,29197.0,89552
89554,9192.0,29197.0,89553
89555,9192.0,28632.0,89554
89556,9192.0,28539.0,89555
89557,9192.0,28634.0,89556
89558,9192.0,28717.0,89557
89559,9192.0,28714.0,89558
89560,9192.0,28369.0,89559
89561,9192.0,28369.0,89560
89562,9192.0,28352.0,89561
89563,9192.0,28581.0,89562
89564,9192.0,28518.0,89563
89565,9192.0,28291.0,89564
89566,9192.0,28010.0,89565
89567,9192.0,27452.0,89566
89568,9192.0,27867.0,89567
89569,9192.0,27758.0,89568
89570,9192.0,28095.0,89569
89571,9192.0,27949.0,89570
89572,9192.0,27194.0,89571
89573,9192.0,27949.0,89572
89574,9192.0,27826.0,89573
89575,9192.0,29038.0,89574
89576,9192.0,29106.0,89575
89577,9192.0,29524.0,89576
89578,9192.0,29545.0,89577
89579,9192.0,29529.0,89578
89580,9192.0,29571.0,89579
89581,9192.0,29662.0,89580
89582,9192.0,29745.0,89581
89583,9192.0,29793.0,89582
89584,9192.0,29797.0,89583
89585,9192.0,29702.0,89584
89586,9192.0,29093.0,89585
89587,9192.0,29394.0,89586
89588,9192.0,28487.0,89587
89589,9192.0,28636.0,89588
89590,9192.0,29037.0,89589
89591,9192.0,28497.0,89590
89592,9192.0,28497.0,89591
89593,9192.0,28235.0,89592
89594,9192.0,27567.0,89593
89595,9192.0,26511.0,89594
89596,9192.0,26511.0,89595
89597,9192.0,26715.0,89596
89598,9192.0,26341.0,89597
89599,9192.0,27792.0,89598
89600,9192.0,27642.0,89599
89601,9192.0,27848.0,89600
89602,9192.0,28038.0,89601
89603,9192.0,27817.0,89602
89604,9192.0,27792.0,89603
89605,9192.0,27792.0,89604
89606,9192.0,28357.0,89605
89607,9192.0,28357.0,89606
89608,9192.0,28451.0,89607
89609,9192.0,30743.0,89608
89610,9192.0,30723.0,89609
89611,9192.0,30723.0,89610
89612,9192.0,29960.0,89611
89613,9192.0,29827.0,89612
89614,9192.0,29163.0,89613
89615,9192.0,29163.0,89614
89616,9192.0,29406.0,89615
89617,9192.0,30721.0,89616
89618,9192.0,30681.0,89617
89619,9192.0,30673.0,89618
89620,9192.0,30645.0,89619
89621,9192.0,30463.0,89620
89622,9192.0,30342.0,89621
89623,9192.0,30415.0,89622
89624,9192.0,30826.0,89623
89625,9192.0,30801.0,89624
89626,9192.0,30130.0,89625
89627,9192.0,31926.0,89626
89628,9192.0,31585.0,89627
89629,9192.0,31371.0,89628
89630,9192.0,31338.0,89629
89631,9192.0,31894.0,89630
89632,9192.0,31900.0,89631
89633,9192.0,31900.0,89632
89634,9192.0,31873.0,89633
89635,9192.0,31975.0,89634
89636,9192.0,31840.0,89635
89637,9192.0,31830.0,89636
89638,9192.0,31532.0,89637
89639,9192.0,31849.0,89638
89640,9192.0,31854.0,89639
89641,9192.0,31656.0,89640
89642,9192.0,31647.0,89641
89643,9192.0,31590.0,89642
89644,9192.0,31609.0,89643
89645,9192.0,31661.0,89644
89646,9192.0,30874.0,89645
89647,9192.0,30911.0,89646
89648,9192.0,29954.0,89647
89649,9192.0,29496.0,89648
89650,9192.0,29264.0,89649
89651,9192.0,28029.0,89650
89652,9192.0,29154.0,89651
89653,9192.0,29574.0,89652
89654,9192.0,29629.0,89653
89655,9192.0,29934.0,89654
89656,9192.0,29814.0,89655
89657,9192.0,30102.0,89656
89658,9192.0,29106.0,89657
89659,9192.0,28942.0,89658
89660,9192.0,28946.0,89659
89661,9192.0,28950.0,89660
89662,9192.0,28675.0,89661
89663,9192.0,28539.0,89662
89664,9192.0,28532.0,89663
89665,9192.0,28085.0,89664
89666,9192.0,28113.0,89665
89667,9192.0,29258.0,89666
89668,9192.0,29065.0,89667
89669,9192.0,29355.0,89668
89670,9192.0,29684.0,89669
89671,9192.0,28102.0,89670
89672,9192.0,28374.0,89671
89673,9192.0,28374.0,89672
89674,9192.0,28530.0,89673
89675,9192.0,27497.0,89674
89676,9192.0,27497.0,89675
89677,9192.0,27497.0,89676
89678,9192.0,28082.0,89677
89679,9192.0,27848.0,89678
89680,9192.0,27674.0,89679
89681,9192.0,28461.0,89680
89682,9192.0,28097.0,89681
89683,9192.0,28201.0,89682
89684,9192.0,28083.0,89683
89685,9192.0,27461.0,89684
89686,9192.0,27165.0,89685
89687,9192.0,26821.0,89686
89688,9192.0,26821.0,89687
89689,9192.0,27140.0,89688
89690,9192.0,27078.0,89689
89691,9192.0,27078.0,89690
89692,9192.0,26760.0,89691
89693,9192.0,25994.0,89692
89694,9192.0,25970.0,89693
89695,9192.0,25955.0,89694
89696,9192.0,26210.0,89695
89697,9192.0,27538.0,89696
89698,9192.0,27780.0,89697
89699,9192.0,27780.0,89698
89700,9192.0,27780.0,89699
89701,9192.0,28562.0,89700
89702,9192.0,28294.0,89701
89703,9192.0,27992.0,89702
89704,9192.0,27927.0,89703
89705,9192.0,27666.0,89704
89706,9192.0,27132.0,89705
89707,9192.0,26500.0,89706
89708,9192.0,26930.0,89707
89709,9192.0,25967.0,89708
89710,9192.0,25875.0,89709
89711,9192.0,25861.0,89710
89712,9192.0,25777.0,89711
89713,9192.0,26100.0,89712
89714,9192.0,26230.0,89713
89715,9192.0,26494.0,89714
89716,9192.0,26606.0,89715
89717,9192.0,26750.0,89716
89718,9192.0,26563.0,89717
89719,9192.0,26846.0,89718
89720,9192.0,26866.0,89719
89721,9192.0,26866.0,89720
89722,9192.0,26875.0,89721
89723,9192.0,26314.0,89722
89724,9192.0,26291.0,89723
89725,9192.0,26335.0,89724
89726,9192.0,25897.0,89725
89727,9192.0,26449.0,89726
89728,9192.0,26257.0,89727
89729,9192.0,26354.0,89728
89730,9192.0,26839.0,89729
89731,9192.0,26821.0,89730
89732,9192.0,26752.0,89731
89733,9192.0,26666.0,89732
89734,9192.0,26701.0,89733
89735,9192.0,26238.0,89734
89736,9192.0,26889.0,89735
89737,9192.0,26527.0,89736
89738,9192.0,26642.0,89737
89739,9192.0,26604.0,89738
89740,9192.0,26481.0,89739
89741,9192.0,26261.0,89740
89742,9192.0,26261.0,89741
89743,9192.0,26184.0,89742
89744,9192.0,25957.0,89743
89745,9192.0,25955.0,89744
89746,9192.0,26317.0,89745
89747,9192.0,26317.0,89746
89748,9192.0,26526.0,89747
89749,9192.0,26526.0,89748
89750,9192.0,26526.0,89749
89751,9192.0,26951.0,89750
89752,9192.0,27510.0,89751
89753,9192.0,28498.0,89752
89754,9192.0,28659.0,89753
89755,9192.0,28162.0,89754
89756,9192.0,28377.0,89755
89757,9192.0,28635.0,89756
89758,9192.0,28793.0,89757
89759,9192.0,28211.0,89758
89760,9192.0,28211.0,89759
89761,9192.0,28255.0,89760
89762,9192.0,28013.0,89761
89763,9192.0,28811.0,89762
89764,9192.0,27664.0,89763
89765,9192.0,27733.0,89764
89766,9192.0,27452.0,89765
89767,9192.0,27322.0,89766
89768,9192.0,27741.0,89767
89769,9192.0,27985.0,89768
89770,9192.0,28248.0,89769
89771,9192.0,28004.0,89770
89772,9192.0,28004.0,89771
89773,9192.0,27939.0,89772
89774,9192.0,28259.0,89773
89775,9192.0,28663.0,89774
89776,9192.0,28186.0,89775
89777,9192.0,28650.0,89776
89778,9192.0,27995.0,89777
89779,9192.0,28189.0,89778
89780,9192.0,28189.0,89779
89781,9192.0,27649.0,89780
89782,9192.0,27642.0,89781
89783,9192.0,27642.0,89782
89784,9192.0,27517.0,89783
89785,9192.0,27776.0,89784
89786,9192.0,28516.0,89785
89787,9192.0,28593.0,89786
89788,9192.0,28531.0,89787
89789,9192.0,28811.0,89788
89790,9192.0,28854.0,89789
89791,9192.0,29067.0,89790
89792,9192.0,29191.0,89791
89793,9192.0,28357.0,89792
89794,9192.0,28230.0,89793
89795,9192.0,27572.0,89794
89796,9192.0,27281.0,89795
89797,9192.0,27478.0,89796
89798,9192.0,27439.0,89797
89799,9192.0,27509.0,89798
89800,9192.0,27509.0,89799
89801,9192.0,29792.0,89800
89802,9192.0,30500.0,89801
89803,9192.0,30587.0,89802
89804,9192.0,30569.0,89803
89805,9192.0,30205.0,89804
89806,9192.0,29991.0,89805
89807,9192.0,29991.0,89806
89808,9192.0,29920.0,89807
89809,9192.0,29154.0,89808
89810,9192.0,29310.0,89809
89811,9192.0,29118.0,89810
89812,9192.0,29204.0,89811
89813,9192.0,29304.0,89812
89814,9192.0,28937.0,89813
89815,9192.0,29078.0,89814
89816,9192.0,29377.0,89815
89817,9192.0,29369.0,89816
89818,9192.0,29960.0,89817
89819,9192.0,29513.0,89818
89820,9192.0,29261.0,89819
89821,9192.0,29354.0,89820
89822,9192.0,28837.0,89821
89823,9192.0,29492.0,89822
89824,9192.0,29691.0,89823
89825,9192.0,29888.0,89824
89826,9192.0,30109.0,89825
89827,9192.0,30177.0,89826
89828,9192.0,30559.0,89827
89829,9192.0,30559.0,89828
89830,9192.0,30172.0,89829
89831,9192.0,30330.0,89830
89832,9192.0,30346.0,89831
89833,9192.0,30336.0,89832
89834,9192.0,30734.0,89833
89835,9192.0,30069.0,89834
89836,9192.0,29842.0,89835
89837,9192.0,29842.0,89836
89838,9192.0,29842.0,89837
89839,9192.0,29327.0,89838
89840,9192.0,29271.0,89839
89841,9192.0,29216.0,89840
89842,9192.0,29401.0,89841
89843,9192.0,29376.0,89842
89844,9192.0,28972.0,89843
89845,9192.0,28965.0,89844
89846,9192.0,28813.0,89845
89847,9192.0,28923.0,89846
89848,9192.0,28923.0,89847
89849,9192.0,29014.0,89848
89850,9192.0,28930.0,89849
89851,9192.0,28893.0,89850
89852,9192.0,28893.0,89851
89853,9192.0,27800.0,89852
89854,9192.0,29224.0,89853
89855,9192.0,29358.0,89854
89856,9192.0,29463.0,89855
89857,9192.0,30581.0,89856
89858,9192.0,30336.0,89857
89859,9192.0,29943.0,89858
89860,9192.0,29626.0,89859
89861,9192.0,28408.0,89860
89862,9192.0,28455.0,89861
89863,9192.0,28859.0,89862
89864,9192.0,28958.0,89863
89865,9192.0,29623.0,89864
89866,9192.0,29683.0,89865
89867,9192.0,29973.0,89866
89868,9192.0,29973.0,89867
89869,9192.0,30042.0,89868
89870,9192.0,29783.0,89869
89871,9192.0,29816.0,89870
89872,9192.0,29576.0,89871
89873,9192.0,29560.0,89872
89874,9192.0,29560.0,89873
89875,9192.0,29125.0,89874
89876,9192.0,29119.0,89875
89877,9192.0,28872.0,89876
89878,9192.0,28857.0,89877
89879,9192.0,28831.0,89878
89880,9192.0,29334.0,89879
89881,9192.0,29208.0,89880
89882,9192.0,28579.0,89881
89883,9192.0,28485.0,89882
89884,9192.0,28581.0,89883
89885,9192.0,28641.0,89884
89886,9192.0,28830.0,89885
89887,9192.0,28821.0,89886
89888,9192.0,28859.0,89887
89889,9192.0,28848.0,89888
89890,9192.0,28848.0,89889
89891,9192.0,28786.0,89890
89892,9192.0,29512.0,89891
89893,9192.0,29388.0,89892
89894,9192.0,29486.0,89893
89895,9192.0,29481.0,89894
89896,9192.0,28406.0,89895
89897,9192.0,29434.0,89896
89898,9192.0,29754.0,89897
89899,9192.0,29650.0,89898
89900,9192.0,28984.0,89899
89901,9192.0,28694.0,89900
89902,9192.0,28953.0,89901
89903,9192.0,28980.0,89902
89904,9192.0,28752.0,89903
89905,9192.0,29735.0,89904
89906,9192.0,29735.0,89905
89907,9192.0,29700.0,89906
89908,9192.0,29652.0,89907
89909,9192.0,30136.0,89908
89910,9192.0,29420.0,89909
89911,9192.0,29323.0,89910
89912,9192.0,29763.0,89911
89913,9192.0,30035.0,89912
89914,9192.0,30312.0,89913
89915,9192.0,30346.0,89914
89916,9192.0,29995.0,89915
89917,9192.0,29641.0,89916
89918,9192.0,29525.0,89917
89919,9192.0,29532.0,89918
89920,9192.0,29111.0,89919
89921,9192.0,28873.0,89920
89922,9192.0,29350.0,89921
89923,9192.0,29350.0,89922
89924,9192.0,29325.0,89923
89925,9192.0,29325.0,89924
89926,9192.0,29626.0,89925
89927,9192.0,29626.0,89926
89928,9192.0,29419.0,89927
89929,9192.0,29315.0,89928
89930,9192.0,29494.0,89929
89931,9192.0,30060.0,89930
89932,9192.0,30577.0,89931
89933,9192.0,29528.0,89932
89934,9192.0,30228.0,89933
89935,9192.0,29894.0,89934
89936,9192.0,30056.0,89935
89937,9192.0,29328.0,89936
89938,9192.0,30268.0,89937
89939,9192.0,29761.0,89938
89940,9192.0,28303.0,89939
89941,9192.0,28372.0,89940
89942,9192.0,28592.0,89941
89943,9192.0,29290.0,89942
89944,9192.0,29693.0,89943
89945,9192.0,29619.0,89944
89946,9192.0,29252.0,89945
89947,9192.0,27790.0,89946
89948,9192.0,29868.0,89947
89949,9192.0,30016.0,89948
89950,9192.0,30148.0,89949
89951,9192.0,30047.0,89950
89952,9192.0,29836.0,89951
89953,9192.0,29705.0,89952
89954,9192.0,29392.0,89953
89955,9192.0,29392.0,89954
89956,9192.0,29216.0,89955
89957,9192.0,29188.0,89956
89958,9192.0,29147.0,89957
89959,9192.0,30388.0,89958
89960,9192.0,30263.0,89959
89961,9192.0,29481.0,89960
89962,9192.0,29256.0,89961
89963,9192.0,29290.0,89962
89964,9192.0,29397.0,89963
89965,9192.0,28913.0,89964
89966,9192.0,28460.0,89965
89967,9192.0,28207.0,89966
89968,9192.0,28157.0,89967
89969,9192.0,27460.0,89968
89970,9192.0,27448.0,89969
89971,9192.0,28173.0,89970
89972,9192.0,28021.0,89971
89973,9192.0,28847.0,89972
89974,9192.0,29352.0,89973
89975,9192.0,29223.0,89974
89976,9192.0,29170.0,89975
89977,9192.0,29082.0,89976
89978,9192.0,29119.0,89977
89979,9192.0,29481.0,89978
89980,9192.0,29207.0,89979
89981,9192.0,28970.0,89980
89982,9192.0,28970.0,89981
89983,9192.0,28949.0,89982
89984,9192.0,29842.0,89983
89985,9192.0,30062.0,89984
89986,9192.0,30184.0,89985
89987,9192.0,30146.0,89986
89988,9192.0,30407.0,89987
89989,9192.0,30456.0,89988
89990,9192.0,30479.0,89989
89991,9192.0,30547.0,89990
89992,9192.0,30619.0,89991
89993,9192.0,30515.0,89992
89994,9192.0,30347.0,89993
89995,9192.0,30212.0,89994
89996,9192.0,30216.0,89995
89997,9192.0,30151.0,89996
89998,9192.0,29613.0,89997
89999,9192.0,29551.0,89998
90000,9192.0,29692.0,89999
90001,9192.0,29976.0,90000
90002,9192.0,30005.0,90001
90003,9192.0,30051.0,90002
90004,9192.0,29253.0,90003
90005,9192.0,29361.0,90004
90006,9192.0,30667.0,90005
90007,9192.0,31574.0,90006
90008,9192.0,31574.0,90007
90009,9192.0,29590.0,90008
90010,9192.0,29539.0,90009
90011,9192.0,29704.0,90010
90012,9192.0,29143.0,90011
90013,9192.0,29535.0,90012
90014,9192.0,29988.0,90013
90015,9192.0,30240.0,90014
90016,9192.0,30137.0,90015
90017,9192.0,30033.0,90016
90018,9192.0,28624.0,90017
90019,9192.0,28485.0,90018
90020,9192.0,28485.0,90019
90021,9192.0,28343.0,90020
90022,9192.0,27675.0,90021
90023,9192.0,28059.0,90022
90024,9192.0,29434.0,90023
90025,9192.0,30094.0,90024
90026,9192.0,29856.0,90025
90027,9192.0,29393.0,90026
90028,9192.0,29472.0,90027
90029,9192.0,29838.0,90028
90030,9192.0,30010.0,90029
90031,9192.0,30094.0,90030
90032,9192.0,30341.0,90031
90033,9192.0,30506.0,90032
90034,9192.0,30350.0,90033
90035,9192.0,30253.0,90034
90036,9192.0,30399.0,90035
90037,9192.0,30816.0,90036
90038,9192.0,30702.0,90037
90039,9192.0,30754.0,90038
90040,9192.0,30280.0,90039
90041,9192.0,29989.0,90040
90042,9192.0,29980.0,90041
90043,9192.0,29886.0,90042
90044,9192.0,29599.0,90043
90045,9192.0,29660.0,90044
90046,9192.0,29660.0,90045
90047,9192.0,29660.0,90046
90048,9192.0,29724.0,90047
90049,9192.0,29568.0,90048
90050,9192.0,29660.0,90049
90051,9192.0,30004.0,90050
90052,9192.0,29533.0,90051
90053,9192.0,29841.0,90052
90054,9192.0,29351.0,90053
90055,9192.0,30243.0,90054
90056,9192.0,28972.0,90055
90057,9192.0,29290.0,90056
90058,9192.0,29305.0,90057
90059,9192.0,28713.0,90058
90060,9192.0,27517.0,90059
90061,9192.0,27663.0,90060
90062,9192.0,27696.0,90061
90063,9192.0,28836.0,90062
90064,9192.0,28836.0,90063
90065,9192.0,27039.0,90064
90066,9192.0,27091.0,90065
90067,9192.0,26502.0,90066
90068,9192.0,26655.0,90067
90069,9192.0,26765.0,90068
90070,9192.0,26723.0,90069
90071,9192.0,26786.0,90070
90072,9192.0,26946.0,90071
90073,9192.0,26878.0,90072
90074,9192.0,27620.0,90073
90075,9192.0,27235.0,90074
90076,9192.0,27230.0,90075
90077,9192.0,27285.0,90076
90078,9192.0,27263.0,90077
90079,9192.0,28115.0,90078
90080,9192.0,27950.0,90079
90081,9192.0,27950.0,90080
90082,9192.0,27950.0,90081
90083,9192.0,27820.0,90082
90084,9192.0,28687.0,90083
90085,9192.0,28263.0,90084
90086,9192.0,27032.0,90085
90087,9192.0,26586.0,90086
90088,9192.0,26643.0,90087
90089,9192.0,26355.0,90088
90090,9192.0,26393.0,90089
90091,9192.0,26065.0,90090
90092,9192.0,26238.0,90091
90093,9192.0,26382.0,90092
90094,9192.0,26268.0,90093
90095,9192.0,26267.0,90094
90096,9192.0,26568.0,90095
90097,9192.0,26565.0,90096
90098,9192.0,26565.0,90097
90099,9192.0,25451.0,90098
90100,9192.0,25617.0,90099
90101,9192.0,25533.0,90100
90102,9192.0,25757.0,90101
90103,9192.0,25384.0,90102
90104,9192.0,25353.0,90103
90105,9192.0,25129.0,90104
90106,9192.0,25371.0,90105
90107,9192.0,25371.0,90106
90108,9192.0,25059.0,90107
90109,9192.0,25453.0,90108
90110,9192.0,25215.0,90109
90111,9192.0,24998.0,90110
90112,9192.0,24560.0,90111
90113,9192.0,25286.0,90112
90114,9192.0,25237.0,90113
90115,9192.0,25281.0,90114
90116,9192.0,25083.0,90115
90117,9192.0,25874.0,90116
90118,9192.0,27488.0,90117
90119,9192.0,27107.0,90118
90120,9192.0,26884.0,90119
90121,9192.0,27007.0,90120
90122,9192.0,26940.0,90121
90123,9192.0,26805.0,90122
90124,9192.0,27225.0,90123
90125,9192.0,27164.0,90124
90126,9192.0,27098.0,90125
90127,9192.0,26962.0,90126
90128,9192.0,25834.0,90127
90129,9192.0,25189.0,90128
90130,9192.0,25462.0,90129
90131,9192.0,25574.0,90130
90132,9192.0,25574.0,90131
90133,9192.0,25540.0,90132
90134,9192.0,26022.0,90133
90135,9192.0,28216.0,90134
90136,9192.0,28284.0,90135
90137,9192.0,27645.0,90136
90138,9192.0,27237.0,90137
90139,9192.0,27210.0,90138
90140,9192.0,27387.0,90139
90141,9192.0,27845.0,90140
90142,9192.0,27969.0,90141
90143,9192.0,27555.0,90142
90144,9192.0,27624.0,90143
90145,9192.0,26946.0,90144
90146,9192.0,27494.0,90145
90147,9192.0,27723.0,90146
90148,9192.0,27603.0,90147
90149,9192.0,27389.0,90148
90150,9192.0,27227.0,90149
90151,9192.0,26513.0,90150
90152,9192.0,25483.0,90151
90153,9192.0,25862.0,90152
90154,9192.0,25862.0,90153
90155,9192.0,26535.0,90154
90156,9192.0,26508.0,90155
90157,9192.0,26512.0,90156
90158,9192.0,26576.0,90157
90159,9192.0,25478.0,90158
90160,9192.0,25550.0,90159
90161,9192.0,25994.0,90160
90162,9192.0,25966.0,90161
90163,9192.0,25797.0,90162
90164,9192.0,27172.0,90163
90165,9192.0,26924.0,90164
90166,9192.0,26961.0,90165
90167,9192.0,26961.0,90166
90168,9192.0,28208.0,90167
90169,9192.0,28619.0,90168
90170,9192.0,29774.0,90169
90171,9192.0,29408.0,90170
90172,9192.0,31335.0,90171
90173,9192.0,31468.0,90172
90174,9192.0,31455.0,90173
90175,9192.0,31481.0,90174
90176,9192.0,31143.0,90175
90177,9192.0,31229.0,90176
90178,9192.0,31188.0,90177
90179,9192.0,31135.0,90178
90180,9192.0,30854.0,90179
90181,9192.0,30769.0,90180
90182,9192.0,30598.0,90181
90183,9192.0,29741.0,90182
90184,9192.0,29601.0,90183
90185,9192.0,29625.0,90184
90186,9192.0,29627.0,90185
90187,9192.0,29840.0,90186
90188,9192.0,30135.0,90187
90189,9192.0,30242.0,90188
90190,9192.0,30412.0,90189
90191,9192.0,29582.0,90190
90192,9192.0,29582.0,90191
90193,9192.0,30672.0,90192
90194,9192.0,30331.0,90193
90195,9192.0,30278.0,90194
90196,9192.0,30278.0,90195
90197,9192.0,29381.0,90196
90198,9192.0,29127.0,90197
90199,9192.0,29247.0,90198
90200,9192.0,29836.0,90199
90201,9192.0,29831.0,90200
90202,9192.0,29832.0,90201
90203,9192.0,30344.0,90202
90204,9192.0,30744.0,90203
90205,9192.0,30915.0,90204
90206,9192.0,31414.0,90205
90207,9192.0,31234.0,90206
90208,9192.0,31607.0,90207
90209,9192.0,31264.0,90208
90210,9192.0,30909.0,90209
90211,9192.0,31112.0,90210
90212,9192.0,30864.0,90211
90213,9192.0,30369.0,90212
90214,9192.0,30363.0,90213
90215,9192.0,31139.0,90214
90216,9192.0,31672.0,90215
90217,9192.0,31867.0,90216
90218,9192.0,32002.0,90217
90219,9192.0,32001.0,90218
90220,9192.0,31912.0,90219
90221,9192.0,32045.0,90220
90222,9192.0,32323.0,90221
90223,9192.0,32186.0,90222
90224,9192.0,31472.0,90223
90225,9192.0,31092.0,90224
90226,9192.0,30611.0,90225
90227,9192.0,31144.0,90226
90228,9192.0,31144.0,90227
90229,9192.0,30841.0,90228
90230,9192.0,29982.0,90229
90231,9192.0,31811.0,90230
90232,9192.0,31336.0,90231
90233,9192.0,31178.0,90232
90234,9192.0,31275.0,90233
90235,9192.0,31150.0,90234
90236,9192.0,31248.0,90235
90237,9192.0,30991.0,90236
90238,9192.0,31352.0,90237
90239,9192.0,31333.0,90238
90240,9192.0,31750.0,90239
90241,9192.0,31927.0,90240
90242,9192.0,31883.0,90241
90243,9192.0,31883.0,90242
90244,9192.0,31647.0,90243
90245,9192.0,31680.0,90244
90246,9192.0,31722.0,90245
90247,9192.0,31564.0,90246
90248,9192.0,31515.0,90247
90249,9192.0,31557.0,90248
90250,9192.0,31314.0,90249
90251,9192.0,31470.0,90250
90252,9192.0,31483.0,90251
90253,9192.0,31522.0,90252
90254,9192.0,31964.0,90253
90255,9192.0,30198.0,90254
90256,9192.0,29552.0,90255
90257,9192.0,29139.0,90256
90258,9192.0,29030.0,90257
90259,9192.0,29014.0,90258
90260,9192.0,29769.0,90259
90261,9192.0,29074.0,90260
90262,9192.0,29782.0,90261
90263,9192.0,29775.0,90262
90264,9192.0,29772.0,90263
90265,9192.0,28673.0,90264
90266,9192.0,28633.0,90265
90267,9192.0,27988.0,90266
90268,9192.0,28121.0,90267
90269,9192.0,28035.0,90268
90270,9192.0,28311.0,90269
90271,9192.0,27932.0,90270
90272,9192.0,29247.0,90271
90273,9192.0,28459.0,90272
90274,9192.0,28791.0,90273
90275,9192.0,28810.0,90274
90276,9192.0,29905.0,90275
90277,9192.0,29881.0,90276
90278,9192.0,29799.0,90277
90279,9192.0,29770.0,90278
90280,9192.0,29457.0,90279
90281,9192.0,29477.0,90280
90282,9192.0,27746.0,90281
90283,9192.0,27668.0,90282
90284,9192.0,27944.0,90283
90285,9192.0,27926.0,90284
90286,9192.0,27969.0,90285
90287,9192.0,27236.0,90286
90288,9192.0,27523.0,90287
90289,9192.0,27531.0,90288
90290,9192.0,26811.0,90289
90291,9192.0,26644.0,90290
90292,9192.0,26497.0,90291
90293,9192.0,26185.0,90292
90294,9192.0,26307.0,90293
90295,9192.0,26600.0,90294
90296,9192.0,27094.0,90295
90297,9192.0,27081.0,90296
90298,9192.0,27568.0,90297
90299,9192.0,27568.0,90298
90300,9192.0,28350.0,90299
90301,9192.0,28510.0,90300
90302,9192.0,28361.0,90301
90303,9192.0,28217.0,90302
90304,9192.0,28203.0,90303
90305,9192.0,27466.0,90304
90306,9192.0,27539.0,90305
90307,9192.0,26615.0,90306
90308,9192.0,26415.0,90307
90309,9192.0,26075.0,90308
90310,9192.0,25885.0,90309
90311,9192.0,26007.0,90310
90312,9192.0,26130.0,90311
90313,9192.0,26199.0,90312
90314,9192.0,27779.0,90313
90315,9192.0,27951.0,90314
90316,9192.0,27287.0,90315
90317,9192.0,27299.0,90316
90318,9192.0,27373.0,90317
90319,9192.0,27373.0,90318
90320,9192.0,27186.0,90319
90321,9192.0,27151.0,90320
90322,9192.0,26642.0,90321
90323,9192.0,27155.0,90322
90324,9192.0,25609.0,90323
90325,9192.0,25893.0,90324
90326,9192.0,25682.0,90325
90327,9192.0,25496.0,90326
90328,9192.0,25112.0,90327
90329,9192.0,25113.0,90328
90330,9192.0,24820.0,90329
90331,9192.0,24820.0,90330
90332,9192.0,24634.0,90331
90333,9192.0,24911.0,90332
90334,9192.0,25233.0,90333
90335,9192.0,25959.0,90334
90336,9192.0,26501.0,90335
90337,9192.0,26387.0,90336
90338,9192.0,26122.0,90337
90339,9192.0,26671.0,90338
90340,9192.0,28328.0,90339
90341,9192.0,28575.0,90340
90342,9192.0,28923.0,90341
90343,9192.0,29598.0,90342
90344,9192.0,29600.0,90343
90345,9192.0,29401.0,90344
90346,9192.0,29591.0,90345
90347,9192.0,29878.0,90346
90348,9192.0,29711.0,90347
90349,9192.0,30052.0,90348
90350,9192.0,28807.0,90349
90351,9192.0,29933.0,90350
90352,9192.0,29894.0,90351
90353,9192.0,29792.0,90352
90354,9192.0,29225.0,90353
90355,9192.0,29936.0,90354
90356,9192.0,30295.0,90355
90357,9192.0,30475.0,90356
90358,9192.0,30143.0,90357
90359,9192.0,30227.0,90358
90360,9192.0,30227.0,90359
90361,9192.0,29546.0,90360
90362,9192.0,29123.0,90361
90363,9192.0,29050.0,90362
90364,9192.0,28190.0,90363
90365,9192.0,27882.0,90364
90366,9192.0,28182.0,90365
90367,9192.0,28045.0,90366
90368,9192.0,28024.0,90367
90369,9192.0,28024.0,90368
90370,9192.0,28173.0,90369
90371,9192.0,28213.0,90370
90372,9192.0,28173.0,90371
90373,9192.0,28198.0,90372
90374,9192.0,28498.0,90373
90375,9192.0,28512.0,90374
90376,9192.0,28318.0,90375
90377,9192.0,29229.0,90376
90378,9192.0,29503.0,90377
90379,9192.0,28990.0,90378
90380,9192.0,27906.0,90379
90381,9192.0,27988.0,90380
90382,9192.0,27472.0,90381
90383,9192.0,27402.0,90382
90384,9192.0,27402.0,90383
90385,9192.0,28123.0,90384
90386,9192.0,28010.0,90385
90387,9192.0,28145.0,90386
90388,9192.0,29033.0,90387
90389,9192.0,28826.0,90388
90390,9192.0,28533.0,90389
90391,9192.0,27981.0,90390
90392,9192.0,27251.0,90391
90393,9192.0,27332.0,90392
90394,9192.0,27401.0,90393
90395,9192.0,27402.0,90394
90396,9192.0,28228.0,90395
90397,9192.0,28585.0,90396
90398,9192.0,28988.0,90397
90399,9192.0,29037.0,90398
90400,9192.0,28942.0,90399
90401,9192.0,28018.0,90400
90402,9192.0,29302.0,90401
90403,9192.0,28490.0,90402
90404,9192.0,27767.0,90403
90405,9192.0,27615.0,90404
90406,9192.0,27956.0,90405
90407,9192.0,28848.0,90406
90408,9192.0,28867.0,90407
90409,9192.0,29543.0,90408
90410,9192.0,29629.0,90409
90411,9192.0,29912.0,90410
90412,9192.0,30161.0,90411
90413,9192.0,30250.0,90412
90414,9192.0,30162.0,90413
90415,9192.0,30165.0,90414
90416,9192.0,29940.0,90415
90417,9192.0,29676.0,90416
90418,9192.0,29595.0,90417
90419,9192.0,29547.0,90418
90420,9192.0,29537.0,90419
90421,9192.0,30208.0,90420
90422,9192.0,29627.0,90421
90423,9192.0,30050.0,90422
90424,9192.0,29559.0,90423
90425,9192.0,29559.0,90424
90426,9192.0,29702.0,90425
90427,9192.0,29380.0,90426
90428,9192.0,28763.0,90427
90429,9192.0,28277.0,90428
90430,9192.0,29237.0,90429
90431,9192.0,29663.0,90430
90432,9192.0,29506.0,90431
90433,9192.0,29321.0,90432
90434,9192.0,29431.0,90433
90435,9192.0,28995.0,90434
90436,9192.0,28702.0,90435
90437,9192.0,28563.0,90436
90438,9192.0,28563.0,90437
90439,9192.0,29166.0,90438
90440,9192.0,29301.0,90439
90441,9192.0,29322.0,90440
90442,9192.0,29026.0,90441
90443,9192.0,29211.0,90442
90444,9192.0,29362.0,90443
90445,9192.0,29362.0,90444
90446,9192.0,29536.0,90445
90447,9192.0,29604.0,90446
90448,9192.0,29907.0,90447
90449,9192.0,30133.0,90448
90450,9192.0,30394.0,90449
90451,9192.0,30384.0,90450
90452,9192.0,30175.0,90451
90453,9192.0,29947.0,90452
90454,9192.0,30040.0,90453
90455,9192.0,30040.0,90454
90456,9192.0,30281.0,90455
90457,9192.0,30309.0,90456
90458,9192.0,30309.0,90457
90459,9192.0,31086.0,90458
90460,9192.0,31355.0,90459
90461,9192.0,31291.0,90460
90462,9192.0,31196.0,90461
90463,9192.0,31205.0,90462
90464,9192.0,30404.0,90463
90465,9192.0,29717.0,90464
90466,9192.0,28560.0,90465
90467,9192.0,27151.0,90466
90468,9192.0,26735.0,90467
90469,9192.0,27421.0,90468
90470,9192.0,27742.0,90469
90471,9192.0,27408.0,90470
90472,9192.0,27718.0,90471
90473,9192.0,27473.0,90472
90474,9192.0,27510.0,90473
90475,9192.0,27381.0,90474
90476,9192.0,27773.0,90475
90477,9192.0,27750.0,90476
90478,9192.0,26787.0,90477
90479,9192.0,27057.0,90478
90480,9192.0,26883.0,90479
90481,9192.0,27054.0,90480
90482,9192.0,26338.0,90481
90483,9192.0,26122.0,90482
90484,9192.0,26122.0,90483
90485,9192.0,26122.0,90484
90486,9192.0,26781.0,90485
90487,9192.0,26827.0,90486
90488,9192.0,26684.0,90487
90489,9192.0,26727.0,90488
90490,9192.0,26540.0,90489
90491,9192.0,26629.0,90490
90492,9192.0,26760.0,90491
90493,9192.0,26760.0,90492
90494,9192.0,26519.0,90493
90495,9192.0,26487.0,90494
90496,9192.0,26829.0,90495
90497,9192.0,27090.0,90496
90498,9192.0,27127.0,90497
90499,9192.0,27030.0,90498
90500,9192.0,27135.0,90499
90501,9192.0,27135.0,90500
90502,9192.0,27135.0,90501
90503,9192.0,26357.0,90502
90504,9192.0,26400.0,90503
90505,9192.0,26329.0,90504
90506,9192.0,26345.0,90505
90507,9192.0,25960.0,90506
90508,9192.0,25809.0,90507
90509,9192.0,25967.0,90508
90510,9192.0,25864.0,90509
90511,9192.0,25966.0,90510
90512,9192.0,25966.0,90511
90513,9192.0,25936.0,90512
90514,9192.0,26218.0,90513
90515,9192.0,27333.0,90514
90516,9192.0,27697.0,90515
90517,9192.0,27824.0,90516
90518,9192.0,27750.0,90517
90519,9192.0,27795.0,90518
90520,9192.0,27843.0,90519
90521,9192.0,27741.0,90520
90522,9192.0,27166.0,90521
90523,9192.0,27298.0,90522
90524,9192.0,26889.0,90523
90525,9192.0,27266.0,90524
90526,9192.0,27557.0,90525
90527,9192.0,27382.0,90526
90528,9192.0,27326.0,90527
90529,9192.0,27164.0,90528
90530,9192.0,27165.0,90529
90531,9192.0,27356.0,90530
90532,9192.0,27273.0,90531
90533,9192.0,27231.0,90532
90534,9192.0,26380.0,90533
90535,9192.0,27484.0,90534
90536,9192.0,28389.0,90535
90537,9192.0,28626.0,90536
90538,9192.0,28626.0,90537
90539,9192.0,28630.0,90538
90540,9192.0,28850.0,90539
90541,9192.0,28246.0,90540
90542,9192.0,28343.0,90541
90543,9192.0,28185.0,90542
90544,9192.0,27776.0,90543
90545,9192.0,27647.0,90544
90546,9192.0,27137.0,90545
90547,9192.0,27362.0,90546
90548,9192.0,27340.0,90547
90549,9192.0,27340.0,90548
90550,9192.0,27748.0,90549
90551,9192.0,26778.0,90550
90552,9192.0,26969.0,90551
90553,9192.0,27168.0,90552
90554,9192.0,26983.0,90553
90555,9192.0,26687.0,90554
90556,9192.0,27599.0,90555
90557,9192.0,27956.0,90556
90558,9192.0,27789.0,90557
90559,9192.0,27711.0,90558
90560,9192.0,27342.0,90559
90561,9192.0,27354.0,90560
90562,9192.0,26923.0,90561
90563,9192.0,26916.0,90562
90564,9192.0,26622.0,90563
90565,9192.0,26499.0,90564
90566,9192.0,26522.0,90565
90567,9192.0,25617.0,90566
90568,9192.0,26531.0,90567
90569,9192.0,26877.0,90568
90570,9192.0,26877.0,90569
90571,9192.0,26877.0,90570
90572,9192.0,26436.0,90571
90573,9192.0,27761.0,90572
90574,9192.0,28258.0,90573
90575,9192.0,28652.0,90574
90576,9192.0,29221.0,90575
90577,9192.0,29020.0,90576
90578,9192.0,29370.0,90577
90579,9192.0,30019.0,90578
90580,9192.0,29111.0,90579
90581,9192.0,28744.0,90580
90582,9192.0,28752.0,90581
90583,9192.0,28944.0,90582
90584,9192.0,29350.0,90583
90585,9192.0,29854.0,90584
90586,9192.0,29974.0,90585
90587,9192.0,29935.0,90586
90588,9192.0,29935.0,90587
90589,9192.0,29935.0,90588
90590,9192.0,29935.0,90589
90591,9192.0,29953.0,90590
90592,9192.0,30447.0,90591
90593,9192.0,30447.0,90592
90594,9192.0,30383.0,90593
90595,9192.0,30652.0,90594
90596,9192.0,29934.0,90595
90597,9192.0,29809.0,90596
90598,9192.0,29573.0,90597
90599,9192.0,29373.0,90598
90600,9192.0,29083.0,90599
90601,9192.0,29054.0,90600
90602,9192.0,29836.0,90601
90603,9192.0,29981.0,90602
90604,9192.0,28692.0,90603
90605,9192.0,28936.0,90604
90606,9192.0,28559.0,90605
90607,9192.0,28554.0,90606
90608,9192.0,28693.0,90607
90609,9192.0,28693.0,90608
90610,9192.0,29390.0,90609
90611,9192.0,28238.0,90610
90612,9192.0,28306.0,90611
90613,9192.0,28198.0,90612
90614,9192.0,28352.0,90613
90615,9192.0,27875.0,90614
90616,9192.0,27880.0,90615
90617,9192.0,29106.0,90616
90618,9192.0,29374.0,90617
90619,9192.0,29938.0,90618
90620,9192.0,28954.0,90619
90621,9192.0,28732.0,90620
90622,9192.0,28921.0,90621
90623,9192.0,28629.0,90622
90624,9192.0,28635.0,90623
90625,9192.0,28450.0,90624
90626,9192.0,28175.0,90625
90627,9192.0,28620.0,90626
90628,9192.0,28619.0,90627
90629,9192.0,28619.0,90628
90630,9192.0,29301.0,90629
90631,9192.0,29209.0,90630
90632,9192.0,29683.0,90631
90633,9192.0,29676.0,90632
90634,9192.0,29918.0,90633
90635,9192.0,29913.0,90634
90636,9192.0,30575.0,90635
90637,9192.0,30428.0,90636
90638,9192.0,30545.0,90637
90639,9192.0,30581.0,90638
90640,9192.0,30230.0,90639
90641,9192.0,30412.0,90640
90642,9192.0,30412.0,90641
90643,9192.0,30255.0,90642
90644,9192.0,30333.0,90643
90645,9192.0,30183.0,90644
90646,9192.0,29702.0,90645
90647,9192.0,29702.0,90646
90648,9192.0,29693.0,90647
90649,9192.0,29763.0,90648
90650,9192.0,30188.0,90649
90651,9192.0,29326.0,90650
90652,9192.0,30353.0,90651
90653,9192.0,30365.0,90652
90654,9192.0,30337.0,90653
90655,9192.0,30393.0,90654
90656,9192.0,30126.0,90655
90657,9192.0,29881.0,90656
90658,9192.0,30367.0,90657
90659,9192.0,30642.0,90658
90660,9192.0,30511.0,90659
90661,9192.0,31136.0,90660
90662,9192.0,31244.0,90661
90663,9192.0,31090.0,90662
90664,9192.0,30548.0,90663
90665,9192.0,30548.0,90664
90666,9192.0,29963.0,90665
90667,9192.0,30235.0,90666
90668,9192.0,29367.0,90667
90669,9192.0,29520.0,90668
90670,9192.0,29533.0,90669
90671,9192.0,29365.0,90670
90672,9192.0,30486.0,90671
90673,9192.0,30457.0,90672
90674,9192.0,28521.0,90673
90675,9192.0,28521.0,90674
90676,9192.0,28521.0,90675
90677,9192.0,28513.0,90676
90678,9192.0,28513.0,90677
90679,9192.0,28626.0,90678
90680,9192.0,28727.0,90679
90681,9192.0,28405.0,90680
90682,9192.0,28403.0,90681
90683,9192.0,28741.0,90682
90684,9192.0,28746.0,90683
90685,9192.0,28791.0,90684
90686,9192.0,29107.0,90685
90687,9192.0,28759.0,90686
90688,9192.0,27607.0,90687
90689,9192.0,28255.0,90688
90690,9192.0,28363.0,90689
90691,9192.0,28123.0,90690
90692,9192.0,28257.0,90691
90693,9192.0,28372.0,90692
90694,9192.0,28593.0,90693
90695,9192.0,28757.0,90694
90696,9192.0,28664.0,90695
90697,9192.0,28898.0,90696
90698,9192.0,28896.0,90697
90699,9192.0,28519.0,90698
90700,9192.0,28177.0,90699
90701,9192.0,28035.0,90700
90702,9192.0,27731.0,90701
90703,9192.0,27408.0,90702
90704,9192.0,27245.0,90703
90705,9192.0,27622.0,90704
90706,9192.0,27523.0,90705
90707,9192.0,27264.0,90706
90708,9192.0,27374.0,90707
90709,9192.0,27700.0,90708
90710,9192.0,28195.0,90709
90711,9192.0,27357.0,90710
90712,9192.0,27157.0,90711
90713,9192.0,26944.0,90712
90714,9192.0,26887.0,90713
90715,9192.0,26887.0,90714
90716,9192.0,26560.0,90715
90717,9192.0,26858.0,90716
90718,9192.0,26909.0,90717
90719,9192.0,26909.0,90718
90720,9192.0,27227.0,90719
90721,9192.0,27355.0,90720
90722,9192.0,27229.0,90721
90723,9192.0,27027.0,90722
90724,9192.0,26357.0,90723
90725,9192.0,26316.0,90724
90726,9192.0,26270.0,90725
90727,9192.0,27729.0,90726
90728,9192.0,27468.0,90727
90729,9192.0,28277.0,90728
90730,9192.0,28384.0,90729
90731,9192.0,28368.0,90730
90732,9192.0,28290.0,90731
90733,9192.0,28765.0,90732
90734,9192.0,28864.0,90733
90735,9192.0,29072.0,90734
90736,9192.0,29491.0,90735
90737,9192.0,29453.0,90736
90738,9192.0,29359.0,90737
90739,9192.0,30014.0,90738
90740,9192.0,29646.0,90739
90741,9192.0,29612.0,90740
90742,9192.0,29700.0,90741
90743,9192.0,29413.0,90742
90744,9192.0,29620.0,90743
90745,9192.0,29620.0,90744
90746,9192.0,29821.0,90745
90747,9192.0,30053.0,90746
90748,9192.0,30281.0,90747
90749,9192.0,30496.0,90748
90750,9192.0,30183.0,90749
90751,9192.0,30155.0,90750
90752,9192.0,30307.0,90751
90753,9192.0,30150.0,90752
90754,9192.0,30559.0,90753
90755,9192.0,30559.0,90754
90756,9192.0,30436.0,90755
90757,9192.0,30422.0,90756
90758,9192.0,30051.0,90757
90759,9192.0,29685.0,90758
90760,9192.0,28998.0,90759
90761,9192.0,29010.0,90760
90762,9192.0,28020.0,90761
90763,9192.0,28031.0,90762
90764,9192.0,27862.0,90763
90765,9192.0,27669.0,90764
90766,9192.0,27578.0,90765
90767,9192.0,27524.0,90766
90768,9192.0,28891.0,90767
90769,9192.0,28777.0,90768
90770,9192.0,28419.0,90769
90771,9192.0,28323.0,90770
90772,9192.0,28537.0,90771
90773,9192.0,28608.0,90772
90774,9192.0,29144.0,90773
90775,9192.0,29121.0,90774
90776,9192.0,30626.0,90775
90777,9192.0,30140.0,90776
90778,9192.0,30133.0,90777
90779,9192.0,30730.0,90778
90780,9192.0,30591.0,90779
90781,9192.0,31055.0,90780
90782,9192.0,30981.0,90781
90783,9192.0,31514.0,90782
90784,9192.0,31495.0,90783
90785,9192.0,31536.0,90784
90786,9192.0,32042.0,90785
90787,9192.0,31249.0,90786
90788,9192.0,31496.0,90787
90789,9192.0,31513.0,90788
90790,9192.0,31558.0,90789
90791,9192.0,31441.0,90790
90792,9192.0,31699.0,90791
90793,9192.0,31461.0,90792
90794,9192.0,31395.0,90793
90795,9192.0,31395.0,90794
90796,9192.0,31475.0,90795
90797,9192.0,30994.0,90796
90798,9192.0,30849.0,90797
90799,9192.0,30944.0,90798
90800,9192.0,30592.0,90799
90801,9192.0,29988.0,90800
90802,9192.0,30116.0,90801
90803,9192.0,30554.0,90802
90804,9192.0,30214.0,90803
90805,9192.0,30881.0,90804
90806,9192.0,32046.0,90805
90807,9192.0,32031.0,90806
90808,9192.0,31798.0,90807
90809,9192.0,31722.0,90808
90810,9192.0,31336.0,90809
90811,9192.0,32089.0,90810
90812,9192.0,31941.0,90811
90813,9192.0,31918.0,90812
90814,9192.0,31848.0,90813
90815,9192.0,32049.0,90814
90816,9192.0,32137.0,90815
90817,9192.0,31704.0,90816
90818,9192.0,31682.0,90817
90819,9192.0,31613.0,90818
90820,9192.0,31286.0,90819
90821,9192.0,30915.0,90820
90822,9192.0,30232.0,90821
90823,9192.0,29614.0,90822
90824,9192.0,29614.0,90823
90825,9192.0,30310.0,90824
90826,9192.0,30313.0,90825
90827,9192.0,30827.0,90826
90828,9192.0,30856.0,90827
90829,9192.0,30769.0,90828
90830,9192.0,30703.0,90829
90831,9192.0,30439.0,90830
90832,9192.0,29898.0,90831
90833,9192.0,31346.0,90832
90834,9192.0,30996.0,90833
90835,9192.0,31429.0,90834
90836,9192.0,31429.0,90835
90837,9192.0,30870.0,90836
90838,9192.0,30781.0,90837
90839,9192.0,31217.0,90838
90840,9192.0,31078.0,90839
90841,9192.0,30473.0,90840
90842,9192.0,30448.0,90841
90843,9192.0,30471.0,90842
90844,9192.0,30193.0,90843
90845,9192.0,30462.0,90844
90846,9192.0,28717.0,90845
90847,9192.0,28894.0,90846
90848,9192.0,29003.0,90847
90849,9192.0,29230.0,90848
90850,9192.0,29308.0,90849
90851,9192.0,29372.0,90850
90852,9192.0,29138.0,90851
90853,9192.0,28294.0,90852
90854,9192.0,28278.0,90853
90855,9192.0,28247.0,90854
90856,9192.0,27946.0,90855
90857,9192.0,27984.0,90856
90858,9192.0,27898.0,90857
90859,9192.0,27792.0,90858
90860,9192.0,28254.0,90859
90861,9192.0,27860.0,90860
90862,9192.0,27707.0,90861
90863,9192.0,26507.0,90862
90864,9192.0,26493.0,90863
90865,9192.0,26476.0,90864
90866,9192.0,26476.0,90865
90867,9192.0,27656.0,90866
90868,9192.0,28126.0,90867
90869,9192.0,28154.0,90868
90870,9192.0,28349.0,90869
90871,9192.0,28412.0,90870
90872,9192.0,28465.0,90871
90873,9192.0,28455.0,90872
90874,9192.0,28981.0,90873
90875,9192.0,28981.0,90874
90876,9192.0,28550.0,90875
90877,9192.0,28936.0,90876
90878,9192.0,28599.0,90877
90879,9192.0,28160.0,90878
90880,9192.0,28160.0,90879
90881,9192.0,28379.0,90880
90882,9192.0,28379.0,90881
90883,9192.0,28401.0,90882
90884,9192.0,28668.0,90883
90885,9192.0,28579.0,90884
90886,9192.0,28629.0,90885
90887,9192.0,27865.0,90886
90888,9192.0,28150.0,90887
90889,9192.0,28133.0,90888
90890,9192.0,28071.0,90889
90891,9192.0,28560.0,90890
90892,9192.0,28560.0,90891
90893,9192.0,28766.0,90892
90894,9192.0,28766.0,90893
90895,9192.0,28766.0,90894
90896,9192.0,28848.0,90895
90897,9192.0,29740.0,90896
90898,9192.0,29801.0,90897
90899,9192.0,30414.0,90898
90900,9192.0,30444.0,90899
90901,9192.0,29726.0,90900
90902,9192.0,29702.0,90901
90903,9192.0,29553.0,90902
90904,9192.0,29394.0,90903
90905,9192.0,29587.0,90904
90906,9192.0,29611.0,90905
90907,9192.0,30160.0,90906
90908,9192.0,29262.0,90907
90909,9192.0,29638.0,90908
90910,9192.0,29676.0,90909
90911,9192.0,29632.0,90910
90912,9192.0,29977.0,90911
90913,9192.0,29688.0,90912
90914,9192.0,29399.0,90913
90915,9192.0,27807.0,90914
90916,9192.0,27817.0,90915
90917,9192.0,27725.0,90916
90918,9192.0,27479.0,90917
90919,9192.0,27056.0,90918
90920,9192.0,27220.0,90919
90921,9192.0,27485.0,90920
90922,9192.0,27533.0,90921
90923,9192.0,27647.0,90922
90924,9192.0,27638.0,90923
90925,9192.0,27410.0,90924
90926,9192.0,27410.0,90925
90927,9192.0,27347.0,90926
90928,9192.0,27347.0,90927
90929,9192.0,27355.0,90928
90930,9192.0,26202.0,90929
90931,9192.0,26901.0,90930
90932,9192.0,26775.0,90931
90933,9192.0,26775.0,90932
90934,9192.0,27208.0,90933
90935,9192.0,27104.0,90934
90936,9192.0,27046.0,90935
90937,9192.0,27592.0,90936
90938,9192.0,28221.0,90937
90939,9192.0,27851.0,90938
90940,9192.0,27835.0,90939
90941,9192.0,27835.0,90940
90942,9192.0,28250.0,90941
90943,9192.0,28508.0,90942
90944,9192.0,28582.0,90943
90945,9192.0,28392.0,90944
90946,9192.0,28600.0,90945
90947,9192.0,28448.0,90946
90948,9192.0,29351.0,90947
90949,9192.0,29072.0,90948
90950,9192.0,28932.0,90949
90951,9192.0,29497.0,90950
90952,9192.0,29435.0,90951
90953,9192.0,29201.0,90952
90954,9192.0,29182.0,90953
90955,9192.0,29001.0,90954
90956,9192.0,29001.0,90955
90957,9192.0,29301.0,90956
90958,9192.0,29232.0,90957
90959,9192.0,29087.0,90958
90960,9192.0,29049.0,90959
90961,9192.0,29987.0,90960
90962,9192.0,29995.0,90961
90963,9192.0,28816.0,90962
90964,9192.0,28380.0,90963
90965,9192.0,28188.0,90964
90966,9192.0,29117.0,90965
90967,9192.0,29306.0,90966
90968,9192.0,29306.0,90967
90969,9192.0,27653.0,90968
90970,9192.0,27893.0,90969
90971,9192.0,28157.0,90970
90972,9192.0,28026.0,90971
90973,9192.0,28027.0,90972
90974,9192.0,27939.0,90973
90975,9192.0,27682.0,90974
90976,9192.0,27908.0,90975
90977,9192.0,27914.0,90976
90978,9192.0,27884.0,90977
90979,9192.0,27821.0,90978
90980,9192.0,28186.0,90979
90981,9192.0,28055.0,90980
90982,9192.0,28055.0,90981
90983,9192.0,28074.0,90982
90984,9192.0,28250.0,90983
90985,9192.0,28544.0,90984
90986,9192.0,28404.0,90985
90987,9192.0,28546.0,90986
90988,9192.0,28523.0,90987
90989,9192.0,28073.0,90988
90990,9192.0,28191.0,90989
90991,9192.0,28181.0,90990
90992,9192.0,28058.0,90991
90993,9192.0,28058.0,90992
90994,9192.0,28058.0,90993
90995,9192.0,28051.0,90994
90996,9192.0,28538.0,90995
90997,9192.0,29044.0,90996
90998,9192.0,28936.0,90997
90999,9192.0,29114.0,90998
91000,9192.0,28094.0,90999
91001,9192.0,28166.0,91000
91002,9192.0,28056.0,91001
91003,9192.0,28227.0,91002
91004,9192.0,28168.0,91003
91005,9192.0,28552.0,91004
91006,9192.0,28302.0,91005
91007,9192.0,28149.0,91006
91008,9192.0,27449.0,91007
91009,9192.0,26940.0,91008
91010,9192.0,27119.0,91009
91011,9192.0,26078.0,91010
91012,9192.0,25874.0,91011
91013,9192.0,26570.0,91012
91014,9192.0,26497.0,91013
91015,9192.0,27363.0,91014
91016,9192.0,27363.0,91015
91017,9192.0,28638.0,91016
91018,9192.0,29827.0,91017
91019,9192.0,29066.0,91018
91020,9192.0,29066.0,91019
91021,9192.0,28945.0,91020
91022,9192.0,29226.0,91021
91023,9192.0,28860.0,91022
91024,9192.0,28859.0,91023
91025,9192.0,28634.0,91024
91026,9192.0,28634.0,91025
91027,9192.0,29107.0,91026
91028,9192.0,29634.0,91027
91029,9192.0,29629.0,91028
91030,9192.0,30581.0,91029
91031,9192.0,30581.0,91030
91032,9192.0,29883.0,91031
91033,9192.0,30301.0,91032
91034,9192.0,30454.0,91033
91035,9192.0,31938.0,91034
91036,9192.0,31980.0,91035
91037,9192.0,31963.0,91036
91038,9192.0,31735.0,91037
91039,9192.0,31761.0,91038
91040,9192.0,31644.0,91039
91041,9192.0,31675.0,91040
91042,9192.0,31458.0,91041
91043,9192.0,31319.0,91042
91044,9192.0,30024.0,91043
91045,9192.0,30281.0,91044
91046,9192.0,30281.0,91045
91047,9192.0,28988.0,91046
91048,9192.0,29269.0,91047
91049,9192.0,30420.0,91048
91050,9192.0,30420.0,91049
91051,9192.0,30635.0,91050
91052,9192.0,30297.0,91051
91053,9192.0,30135.0,91052
91054,9192.0,29988.0,91053
91055,9192.0,30279.0,91054
91056,9192.0,30279.0,91055
91057,9192.0,30248.0,91056
91058,9192.0,30669.0,91057
91059,9192.0,30675.0,91058
91060,9192.0,30639.0,91059
91061,9192.0,30478.0,91060
91062,9192.0,30385.0,91061
91063,9192.0,30353.0,91062
91064,9192.0,29749.0,91063
91065,9192.0,29182.0,91064
91066,9192.0,29873.0,91065
91067,9192.0,30237.0,91066
91068,9192.0,30237.0,91067
91069,9192.0,30211.0,91068
91070,9192.0,30017.0,91069
91071,9192.0,30017.0,91070
91072,9192.0,30017.0,91071
91073,9192.0,29952.0,91072
91074,9192.0,29692.0,91073
91075,9192.0,29570.0,91074
91076,9192.0,29559.0,91075
91077,9192.0,29107.0,91076
91078,9192.0,29201.0,91077
91079,9192.0,29203.0,91078
91080,9192.0,29486.0,91079
91081,9192.0,29397.0,91080
91082,9192.0,28823.0,91081
91083,9192.0,29402.0,91082
91084,9192.0,29402.0,91083
91085,9192.0,28986.0,91084
91086,9192.0,29143.0,91085
91087,9192.0,28976.0,91086
91088,9192.0,29087.0,91087
91089,9192.0,29058.0,91088
91090,9192.0,29058.0,91089
91091,9192.0,30013.0,91090
91092,9192.0,30228.0,91091
91093,9192.0,28983.0,91092
91094,9192.0,29198.0,91093
91095,9192.0,29198.0,91094
91096,9192.0,28940.0,91095
91097,9192.0,28578.0,91096
91098,9192.0,28464.0,91097
91099,9192.0,28464.0,91098
91100,9192.0,28775.0,91099
91101,9192.0,28975.0,91100
91102,9192.0,29418.0,91101
91103,9192.0,29441.0,91102
91104,9192.0,29693.0,91103
91105,9192.0,29618.0,91104
91106,9192.0,30106.0,91105
91107,9192.0,30126.0,91106
91108,9192.0,30507.0,91107
91109,9192.0,30527.0,91108
91110,9192.0,30626.0,91109
91111,9192.0,30394.0,91110
91112,9192.0,32106.0,91111
91113,9192.0,32106.0,91112
91114,9192.0,32106.0,91113
91115,9192.0,32010.0,91114
91116,9192.0,32211.0,91115
91117,9192.0,32299.0,91116
91118,9192.0,31530.0,91117
91119,9192.0,31488.0,91118
91120,9192.0,31676.0,91119
91121,9192.0,31604.0,91120
91122,9192.0,31604.0,91121
91123,9192.0,30732.0,91122
91124,9192.0,30516.0,91123
91125,9192.0,29988.0,91124
91126,9192.0,30049.0,91125
91127,9192.0,30134.0,91126
91128,9192.0,30470.0,91127
91129,9192.0,31064.0,91128
91130,9192.0,31196.0,91129
91131,9192.0,31102.0,91130
91132,9192.0,31106.0,91131
91133,9192.0,30852.0,91132
91134,9192.0,30300.0,91133
91135,9192.0,29848.0,91134
91136,9192.0,29285.0,91135
91137,9192.0,29440.0,91136
91138,9192.0,29766.0,91137
91139,9192.0,29525.0,91138
91140,9192.0,29763.0,91139
91141,9192.0,30014.0,91140
91142,9192.0,30117.0,91141
91143,9192.0,30117.0,91142
91144,9192.0,30438.0,91143
91145,9192.0,30438.0,91144
91146,9192.0,30505.0,91145
91147,9192.0,29786.0,91146
91148,9192.0,29325.0,91147
91149,9192.0,29058.0,91148
91150,9192.0,29173.0,91149
91151,9192.0,29787.0,91150
91152,9192.0,29496.0,91151
91153,9192.0,28504.0,91152
91154,9192.0,28221.0,91153
91155,9192.0,28541.0,91154
91156,9192.0,28277.0,91155
91157,9192.0,28277.0,91156
91158,9192.0,28277.0,91157
91159,9192.0,28141.0,91158
91160,9192.0,27577.0,91159
91161,9192.0,27201.0,91160
91162,9192.0,27195.0,91161
91163,9192.0,26978.0,91162
91164,9192.0,26978.0,91163
91165,9192.0,27189.0,91164
91166,9192.0,27362.0,91165
91167,9192.0,27061.0,91166
91168,9192.0,27068.0,91167
91169,9192.0,26182.0,91168
91170,9192.0,26415.0,91169
91171,9192.0,26890.0,91170
91172,9192.0,26829.0,91171
91173,9192.0,26761.0,91172
91174,9192.0,26286.0,91173
91175,9192.0,26374.0,91174
91176,9192.0,26476.0,91175
91177,9192.0,26422.0,91176
91178,9192.0,25446.0,91177
91179,9192.0,25543.0,91178
91180,9192.0,26972.0,91179
91181,9192.0,27554.0,91180
91182,9192.0,27554.0,91181
91183,9192.0,28064.0,91182
91184,9192.0,28845.0,91183
91185,9192.0,28810.0,91184
91186,9192.0,29491.0,91185
91187,9192.0,29466.0,91186
91188,9192.0,29466.0,91187
91189,9192.0,29590.0,91188
91190,9192.0,29580.0,91189
91191,9192.0,29612.0,91190
91192,9192.0,30583.0,91191
91193,9192.0,30683.0,91192
91194,9192.0,29697.0,91193
91195,9192.0,30066.0,91194
91196,9192.0,29599.0,91195
91197,9192.0,29648.0,91196
91198,9192.0,29594.0,91197
91199,9192.0,29770.0,91198
91200,9192.0,29565.0,91199
91201,9192.0,28760.0,91200
91202,9192.0,28801.0,91201
91203,9192.0,28577.0,91202
91204,9192.0,29079.0,91203
91205,9192.0,29586.0,91204
91206,9192.0,29794.0,91205
91207,9192.0,29996.0,91206
91208,9192.0,30179.0,91207
91209,9192.0,29643.0,91208
91210,9192.0,29317.0,91209
91211,9192.0,29300.0,91210
91212,9192.0,29222.0,91211
91213,9192.0,29877.0,91212
91214,9192.0,29583.0,91213
91215,9192.0,29897.0,91214
91216,9192.0,29677.0,91215
91217,9192.0,29690.0,91216
91218,9192.0,29768.0,91217
91219,9192.0,29599.0,91218
91220,9192.0,29714.0,91219
91221,9192.0,29729.0,91220
91222,9192.0,29562.0,91221
91223,9192.0,29847.0,91222
91224,9192.0,29764.0,91223
91225,9192.0,29356.0,91224
91226,9192.0,28490.0,91225
91227,9192.0,28440.0,91226
91228,9192.0,28273.0,91227
91229,9192.0,28299.0,91228
91230,9192.0,28410.0,91229
91231,9192.0,28572.0,91230
91232,9192.0,29017.0,91231
91233,9192.0,28712.0,91232
91234,9192.0,28296.0,91233
91235,9192.0,28310.0,91234
91236,9192.0,28403.0,91235
91237,9192.0,28403.0,91236
91238,9192.0,28619.0,91237
91239,9192.0,28599.0,91238
91240,9192.0,28750.0,91239
91241,9192.0,28398.0,91240
91242,9192.0,28614.0,91241
91243,9192.0,28275.0,91242
91244,9192.0,28268.0,91243
91245,9192.0,28469.0,91244
91246,9192.0,28154.0,91245
91247,9192.0,28893.0,91246
91248,9192.0,28996.0,91247
91249,9192.0,28733.0,91248
91250,9192.0,28416.0,91249
91251,9192.0,28779.0,91250
91252,9192.0,28890.0,91251
91253,9192.0,29347.0,91252
91254,9192.0,29253.0,91253
91255,9192.0,29463.0,91254
91256,9192.0,29370.0,91255
91257,9192.0,29400.0,91256
91258,9192.0,29253.0,91257
91259,9192.0,29983.0,91258
91260,9192.0,29976.0,91259
91261,9192.0,29986.0,91260
91262,9192.0,29956.0,91261
91263,9192.0,30145.0,91262
91264,9192.0,29795.0,91263
91265,9192.0,29889.0,91264
91266,9192.0,30059.0,91265
91267,9192.0,30137.0,91266
91268,9192.0,30585.0,91267
91269,9192.0,30392.0,91268
91270,9192.0,29987.0,91269
91271,9192.0,30080.0,91270
91272,9192.0,29837.0,91271
91273,9192.0,28283.0,91272
91274,9192.0,28485.0,91273
91275,9192.0,28316.0,91274
91276,9192.0,28316.0,91275
91277,9192.0,28103.0,91276
91278,9192.0,28441.0,91277
91279,9192.0,29015.0,91278
91280,9192.0,29015.0,91279
91281,9192.0,29010.0,91280
91282,9192.0,29588.0,91281
91283,9192.0,29512.0,91282
91284,9192.0,29416.0,91283
91285,9192.0,31287.0,91284
91286,9192.0,31431.0,91285
91287,9192.0,31596.0,91286
91288,9192.0,31596.0,91287
91289,9192.0,31167.0,91288
91290,9192.0,31415.0,91289
91291,9192.0,31256.0,91290
91292,9192.0,31376.0,91291
91293,9192.0,31441.0,91292
91294,9192.0,31237.0,91293
91295,9192.0,31237.0,91294
91296,9192.0,31242.0,91295
91297,9192.0,31044.0,91296
91298,9192.0,30982.0,91297
91299,9192.0,31127.0,91298
91300,9192.0,30012.0,91299
91301,9192.0,29132.0,91300
91302,9192.0,29183.0,91301
91303,9192.0,28184.0,91302
91304,9192.0,28291.0,91303
91305,9192.0,29394.0,91304
91306,9192.0,29932.0,91305
91307,9192.0,29962.0,91306
91308,9192.0,29857.0,91307
91309,9192.0,29857.0,91308
91310,9192.0,29711.0,91309
91311,9192.0,29728.0,91310
91312,9192.0,30419.0,91311
91313,9192.0,30026.0,91312
91314,9192.0,29100.0,91313
91315,9192.0,30184.0,91314
91316,9192.0,30857.0,91315
91317,9192.0,30893.0,91316
91318,9192.0,31161.0,91317
91319,9192.0,30232.0,91318
91320,9192.0,30758.0,91319
91321,9192.0,31865.0,91320
91322,9192.0,31762.0,91321
91323,9192.0,32805.0,91322
91324,9192.0,32742.0,91323
91325,9192.0,32133.0,91324
91326,9192.0,31466.0,91325
91327,9192.0,32047.0,91326
91328,9192.0,31795.0,91327
91329,9192.0,30658.0,91328
91330,9192.0,28805.0,91329
91331,9192.0,28823.0,91330
91332,9192.0,28823.0,91331
91333,9192.0,28742.0,91332
91334,9192.0,29034.0,91333
91335,9192.0,28682.0,91334
91336,9192.0,28682.0,91335
91337,9192.0,27878.0,91336
91338,9192.0,27886.0,91337
91339,9192.0,27994.0,91338
91340,9192.0,27990.0,91339
91341,9192.0,28919.0,91340
91342,9192.0,29280.0,91341
91343,9192.0,29609.0,91342
91344,9192.0,30158.0,91343
91345,9192.0,29570.0,91344
91346,9192.0,30017.0,91345
91347,9192.0,30507.0,91346
91348,9192.0,29890.0,91347
91349,9192.0,29921.0,91348
91350,9192.0,30387.0,91349
91351,9192.0,30424.0,91350
91352,9192.0,30151.0,91351
91353,9192.0,29736.0,91352
91354,9192.0,29724.0,91353
91355,9192.0,28084.0,91354
91356,9192.0,28520.0,91355
91357,9192.0,28728.0,91356
91358,9192.0,29077.0,91357
91359,9192.0,28841.0,91358
91360,9192.0,28732.0,91359
91361,9192.0,28820.0,91360
91362,9192.0,29151.0,91361
91363,9192.0,28824.0,91362
91364,9192.0,28408.0,91363
91365,9192.0,28866.0,91364
91366,9192.0,28962.0,91365
91367,9192.0,29052.0,91366
91368,9192.0,28804.0,91367
91369,9192.0,29148.0,91368
91370,9192.0,29428.0,91369
91371,9192.0,29428.0,91370
91372,9192.0,28920.0,91371
91373,9192.0,28552.0,91372
91374,9192.0,28812.0,91373
91375,9192.0,29177.0,91374
91376,9192.0,28933.0,91375
91377,9192.0,28888.0,91376
91378,9192.0,29108.0,91377
91379,9192.0,29043.0,91378
91380,9192.0,28795.0,91379
91381,9192.0,29059.0,91380
91382,9192.0,28972.0,91381
91383,9192.0,29648.0,91382
91384,9192.0,29658.0,91383
91385,9192.0,29658.0,91384
91386,9192.0,29296.0,91385
91387,9192.0,28319.0,91386
91388,9192.0,29285.0,91387
91389,9192.0,29327.0,91388
91390,9192.0,29222.0,91389
91391,9192.0,28980.0,91390
91392,9192.0,28791.0,91391
91393,9192.0,29013.0,91392
91394,9192.0,30039.0,91393
91395,9192.0,29805.0,91394
91396,9192.0,29758.0,91395
91397,9192.0,30266.0,91396
91398,9192.0,29357.0,91397
91399,9192.0,28893.0,91398
91400,9192.0,29123.0,91399
91401,9192.0,29064.0,91400
91402,9192.0,28302.0,91401
91403,9192.0,28747.0,91402
91404,9192.0,28747.0,91403
91405,9192.0,28657.0,91404
91406,9192.0,29009.0,91405
91407,9192.0,29269.0,91406
91408,9192.0,29099.0,91407
91409,9192.0,28870.0,91408
91410,9192.0,28511.0,91409
91411,9192.0,28728.0,91410
91412,9192.0,28729.0,91411
91413,9192.0,28809.0,91412
91414,9192.0,28178.0,91413
91415,9192.0,28704.0,91414
91416,9192.0,29409.0,91415
91417,9192.0,29465.0,91416
91418,9192.0,29015.0,91417
91419,9192.0,28680.0,91418
91420,9192.0,28657.0,91419
91421,9192.0,28237.0,91420
91422,9192.0,28237.0,91421
91423,9192.0,28155.0,91422
91424,9192.0,28099.0,91423
91425,9192.0,28060.0,91424
91426,9192.0,27882.0,91425
91427,9192.0,28700.0,91426
91428,9192.0,27906.0,91427
91429,9192.0,28048.0,91428
91430,9192.0,28658.0,91429
91431,9192.0,28193.0,91430
91432,9192.0,29407.0,91431
91433,9192.0,29207.0,91432
91434,9192.0,29201.0,91433
91435,9192.0,29415.0,91434
91436,9192.0,29562.0,91435
91437,9192.0,29234.0,91436
91438,9192.0,29197.0,91437
91439,9192.0,29099.0,91438
91440,9192.0,29462.0,91439
91441,9192.0,29358.0,91440
91442,9192.0,29466.0,91441
91443,9192.0,29054.0,91442
91444,9192.0,28707.0,91443
91445,9192.0,28616.0,91444
91446,9192.0,28530.0,91445
91447,9192.0,28468.0,91446
91448,9192.0,28399.0,91447
91449,9192.0,28399.0,91448
91450,9192.0,28399.0,91449
91451,9192.0,28399.0,91450
91452,9192.0,28449.0,91451
91453,9192.0,28432.0,91452
91454,9192.0,28431.0,91453
91455,9192.0,28431.0,91454
91456,9192.0,28496.0,91455
91457,9192.0,28496.0,91456
91458,9192.0,28902.0,91457
91459,9192.0,29081.0,91458
91460,9192.0,28482.0,91459
91461,9192.0,28487.0,91460
91462,9192.0,29179.0,91461
91463,9192.0,28942.0,91462
91464,9192.0,29983.0,91463
91465,9192.0,29851.0,91464
91466,9192.0,29855.0,91465
91467,9192.0,30255.0,91466
91468,9192.0,30272.0,91467
91469,9192.0,30272.0,91468
91470,9192.0,29382.0,91469
91471,9192.0,29948.0,91470
91472,9192.0,30295.0,91471
91473,9192.0,30516.0,91472
91474,9192.0,30485.0,91473
91475,9192.0,30684.0,91474
91476,9192.0,29519.0,91475
91477,9192.0,28665.0,91476
91478,9192.0,28305.0,91477
91479,9192.0,29202.0,91478
91480,9192.0,29388.0,91479
91481,9192.0,29367.0,91480
91482,9192.0,28937.0,91481
91483,9192.0,28943.0,91482
91484,9192.0,28732.0,91483
91485,9192.0,29159.0,91484
91486,9192.0,29231.0,91485
91487,9192.0,29147.0,91486
91488,9192.0,29238.0,91487
91489,9192.0,29182.0,91488
91490,9192.0,28129.0,91489
91491,9192.0,28956.0,91490
91492,9192.0,28933.0,91491
91493,9192.0,28936.0,91492
91494,9192.0,29131.0,91493
91495,9192.0,29018.0,91494
91496,9192.0,28827.0,91495
91497,9192.0,28300.0,91496
91498,9192.0,28603.0,91497
91499,9192.0,29034.0,91498
91500,9192.0,29075.0,91499
91501,9192.0,29109.0,91500
91502,9192.0,29109.0,91501
91503,9192.0,29204.0,91502
91504,9192.0,30317.0,91503
91505,9192.0,30317.0,91504
91506,9192.0,30008.0,91505
91507,9192.0,30078.0,91506
91508,9192.0,30016.0,91507
91509,9192.0,29143.0,91508
91510,9192.0,29559.0,91509
91511,9192.0,30285.0,91510
91512,9192.0,30042.0,91511
91513,9192.0,30052.0,91512
91514,9192.0,29831.0,91513
91515,9192.0,29169.0,91514
91516,9192.0,28998.0,91515
91517,9192.0,28782.0,91516
91518,9192.0,29416.0,91517
91519,9192.0,29294.0,91518
91520,9192.0,28745.0,91519
91521,9192.0,28812.0,91520
91522,9192.0,29124.0,91521
91523,9192.0,28654.0,91522
91524,9192.0,29263.0,91523
91525,9192.0,28739.0,91524
91526,9192.0,29202.0,91525
91527,9192.0,29761.0,91526
91528,9192.0,29436.0,91527
91529,9192.0,29220.0,91528
91530,9192.0,29202.0,91529
91531,9192.0,29300.0,91530
91532,9192.0,29300.0,91531
91533,9192.0,29206.0,91532
91534,9192.0,29308.0,91533
91535,9192.0,29308.0,91534
91536,9192.0,28824.0,91535
91537,9192.0,28920.0,91536
91538,9192.0,28795.0,91537
91539,9192.0,28774.0,91538
91540,9192.0,29576.0,91539
91541,9192.0,29144.0,91540
91542,9192.0,29184.0,91541
91543,9192.0,29328.0,91542
91544,9192.0,29915.0,91543
91545,9192.0,29522.0,91544
91546,9192.0,29649.0,91545
91547,9192.0,30458.0,91546
91548,9192.0,30897.0,91547
91549,9192.0,30948.0,91548
91550,9192.0,30948.0,91549
91551,9192.0,30997.0,91550
91552,9192.0,30857.0,91551
91553,9192.0,30878.0,91552
91554,9192.0,30270.0,91553
91555,9192.0,30188.0,91554
91556,9192.0,30005.0,91555
91557,9192.0,29850.0,91556
91558,9192.0,29765.0,91557
91559,9192.0,29640.0,91558
91560,9192.0,29846.0,91559
91561,9192.0,30097.0,91560
91562,9192.0,30639.0,91561
91563,9192.0,30460.0,91562
91564,9192.0,30710.0,91563
91565,9192.0,30710.0,91564
91566,9192.0,29983.0,91565
91567,9192.0,29308.0,91566
91568,9192.0,29511.0,91567
91569,9192.0,29710.0,91568
91570,9192.0,30297.0,91569
91571,9192.0,30159.0,91570
91572,9192.0,28854.0,91571
91573,9192.0,28361.0,91572
91574,9192.0,29336.0,91573
91575,9192.0,29709.0,91574
91576,9192.0,30414.0,91575
91577,9192.0,30417.0,91576
91578,9192.0,30693.0,91577
91579,9192.0,30872.0,91578
91580,9192.0,30603.0,91579
91581,9192.0,30305.0,91580
91582,9192.0,29839.0,91581
91583,9192.0,29714.0,91582
91584,9192.0,31275.0,91583
91585,9192.0,30563.0,91584
91586,9192.0,30544.0,91585
91587,9192.0,30656.0,91586
91588,9192.0,30658.0,91587
91589,9192.0,31744.0,91588
91590,9192.0,32479.0,91589
91591,9192.0,32532.0,91590
91592,9192.0,31360.0,91591
91593,9192.0,30680.0,91592
91594,9192.0,30680.0,91593
91595,9192.0,30853.0,91594
91596,9192.0,30942.0,91595
91597,9192.0,31602.0,91596
91598,9192.0,31837.0,91597
91599,9192.0,32034.0,91598
91600,9192.0,32059.0,91599
91601,9192.0,32150.0,91600
91602,9192.0,32078.0,91601
91603,9192.0,31483.0,91602
91604,9192.0,31040.0,91603
91605,9192.0,30904.0,91604
91606,9192.0,30897.0,91605
91607,9192.0,30763.0,91606
91608,9192.0,30234.0,91607
91609,9192.0,29356.0,91608
91610,9192.0,29150.0,91609
91611,9192.0,29042.0,91610
91612,9192.0,29098.0,91611
91613,9192.0,28849.0,91612
91614,9192.0,28850.0,91613
91615,9192.0,29042.0,91614
91616,9192.0,27569.0,91615
91617,9192.0,27255.0,91616
91618,9192.0,26368.0,91617
91619,9192.0,26368.0,91618
91620,9192.0,26191.0,91619
91621,9192.0,25880.0,91620
91622,9192.0,25533.0,91621
91623,9192.0,25455.0,91622
91624,9192.0,25235.0,91623
91625,9192.0,25245.0,91624
91626,9192.0,24840.0,91625
91627,9192.0,24840.0,91626
91628,9192.0,25206.0,91627
91629,9192.0,25239.0,91628
91630,9192.0,25746.0,91629
91631,9192.0,25625.0,91630
91632,9192.0,25549.0,91631
91633,9192.0,26103.0,91632
91634,9192.0,26098.0,91633
91635,9192.0,25766.0,91634
91636,9192.0,25597.0,91635
91637,9192.0,25597.0,91636
91638,9192.0,25452.0,91637
91639,9192.0,25551.0,91638
91640,9192.0,25277.0,91639
91641,9192.0,25367.0,91640
91642,9192.0,26281.0,91641
91643,9192.0,26313.0,91642
91644,9192.0,27247.0,91643
91645,9192.0,26556.0,91644
91646,9192.0,26908.0,91645
91647,9192.0,26933.0,91646
91648,9192.0,26251.0,91647
91649,9192.0,26409.0,91648
91650,9192.0,26344.0,91649
91651,9192.0,26341.0,91650
91652,9192.0,26276.0,91651
91653,9192.0,26241.0,91652
91654,9192.0,26241.0,91653
91655,9192.0,26241.0,91654
91656,9192.0,26264.0,91655
91657,9192.0,26485.0,91656
91658,9192.0,26459.0,91657
91659,9192.0,27336.0,91658
91660,9192.0,27389.0,91659
91661,9192.0,27612.0,91660
91662,9192.0,27492.0,91661
91663,9192.0,27671.0,91662
91664,9192.0,27621.0,91663
91665,9192.0,27659.0,91664
91666,9192.0,29614.0,91665
91667,9192.0,29729.0,91666
91668,9192.0,29517.0,91667
91669,9192.0,30068.0,91668
91670,9192.0,29539.0,91669
91671,9192.0,29539.0,91670
91672,9192.0,28854.0,91671
91673,9192.0,28761.0,91672
91674,9192.0,28761.0,91673
91675,9192.0,29449.0,91674
91676,9192.0,29735.0,91675
91677,9192.0,29598.0,91676
91678,9192.0,29221.0,91677
91679,9192.0,29628.0,91678
91680,9192.0,29589.0,91679
91681,9192.0,28944.0,91680
91682,9192.0,28923.0,91681
91683,9192.0,27350.0,91682
91684,9192.0,28050.0,91683
91685,9192.0,28133.0,91684
91686,9192.0,28133.0,91685
91687,9192.0,27762.0,91686
91688,9192.0,27777.0,91687
91689,9192.0,27832.0,91688
91690,9192.0,27797.0,91689
91691,9192.0,27868.0,91690
91692,9192.0,26879.0,91691
91693,9192.0,26862.0,91692
91694,9192.0,26653.0,91693
91695,9192.0,26653.0,91694
91696,9192.0,26653.0,91695
91697,9192.0,26339.0,91696
91698,9192.0,26339.0,91697
91699,9192.0,26329.0,91698
91700,9192.0,26046.0,91699
91701,9192.0,26118.0,91700
91702,9192.0,26713.0,91701
91703,9192.0,26670.0,91702
91704,9192.0,26029.0,91703
91705,9192.0,25944.0,91704
91706,9192.0,26347.0,91705
91707,9192.0,26501.0,91706
91708,9192.0,27691.0,91707
91709,9192.0,27771.0,91708
91710,9192.0,27864.0,91709
91711,9192.0,28029.0,91710
91712,9192.0,28029.0,91711
91713,9192.0,27803.0,91712
91714,9192.0,26816.0,91713
91715,9192.0,26716.0,91714
91716,9192.0,26709.0,91715
91717,9192.0,26682.0,91716
91718,9192.0,26564.0,91717
91719,9192.0,26952.0,91718
91720,9192.0,28152.0,91719
91721,9192.0,28168.0,91720
91722,9192.0,28168.0,91721
91723,9192.0,28863.0,91722
91724,9192.0,28834.0,91723
91725,9192.0,29130.0,91724
91726,9192.0,29165.0,91725
91727,9192.0,28647.0,91726
91728,9192.0,28603.0,91727
91729,9192.0,28679.0,91728
91730,9192.0,28886.0,91729
91731,9192.0,28767.0,91730
91732,9192.0,29801.0,91731
91733,9192.0,29712.0,91732
91734,9192.0,30245.0,91733
91735,9192.0,28983.0,91734
91736,9192.0,29011.0,91735
91737,9192.0,28533.0,91736
91738,9192.0,28625.0,91737
91739,9192.0,28632.0,91738
91740,9192.0,28619.0,91739
91741,9192.0,28574.0,91740
91742,9192.0,28439.0,91741
91743,9192.0,28740.0,91742
91744,9192.0,28415.0,91743
91745,9192.0,29363.0,91744
91746,9192.0,29302.0,91745
91747,9192.0,29350.0,91746
91748,9192.0,30959.0,91747
91749,9192.0,31023.0,91748
91750,9192.0,30857.0,91749
91751,9192.0,30126.0,91750
91752,9192.0,30948.0,91751
91753,9192.0,30829.0,91752
91754,9192.0,30762.0,91753
91755,9192.0,30648.0,91754
91756,9192.0,30271.0,91755
91757,9192.0,30256.0,91756
91758,9192.0,30256.0,91757
91759,9192.0,30959.0,91758
91760,9192.0,30694.0,91759
91761,9192.0,30738.0,91760
91762,9192.0,30647.0,91761
91763,9192.0,30459.0,91762
91764,9192.0,28472.0,91763
91765,9192.0,28472.0,91764
91766,9192.0,28587.0,91765
91767,9192.0,28594.0,91766
91768,9192.0,28596.0,91767
91769,9192.0,28274.0,91768
91770,9192.0,29137.0,91769
91771,9192.0,29166.0,91770
91772,9192.0,29376.0,91771
91773,9192.0,29376.0,91772
91774,9192.0,29115.0,91773
91775,9192.0,29162.0,91774
91776,9192.0,29173.0,91775
91777,9192.0,27266.0,91776
91778,9192.0,27048.0,91777
91779,9192.0,26469.0,91778
91780,9192.0,26414.0,91779
91781,9192.0,26297.0,91780
91782,9192.0,26315.0,91781
91783,9192.0,26311.0,91782
91784,9192.0,25746.0,91783
91785,9192.0,25420.0,91784
91786,9192.0,25767.0,91785
91787,9192.0,25292.0,91786
91788,9192.0,25127.0,91787
91789,9192.0,25132.0,91788
91790,9192.0,24963.0,91789
91791,9192.0,24588.0,91790
91792,9192.0,24093.0,91791
91793,9192.0,24119.0,91792
91794,9192.0,25345.0,91793
91795,9192.0,26187.0,91794
91796,9192.0,26357.0,91795
91797,9192.0,26424.0,91796
91798,9192.0,25811.0,91797
91799,9192.0,25843.0,91798
91800,9192.0,25986.0,91799
91801,9192.0,26372.0,91800
91802,9192.0,26188.0,91801
91803,9192.0,26668.0,91802
91804,9192.0,27535.0,91803
91805,9192.0,27470.0,91804
91806,9192.0,28031.0,91805
91807,9192.0,28031.0,91806
91808,9192.0,27572.0,91807
91809,9192.0,27382.0,91808
91810,9192.0,26816.0,91809
91811,9192.0,26816.0,91810
91812,9192.0,27564.0,91811
91813,9192.0,27384.0,91812
91814,9192.0,27093.0,91813
91815,9192.0,27551.0,91814
91816,9192.0,27510.0,91815
91817,9192.0,27909.0,91816
91818,9192.0,28150.0,91817
91819,9192.0,28499.0,91818
91820,9192.0,28203.0,91819
91821,9192.0,28533.0,91820
91822,9192.0,28388.0,91821
91823,9192.0,28952.0,91822
91824,9192.0,28718.0,91823
91825,9192.0,28765.0,91824
91826,9192.0,28890.0,91825
91827,9192.0,29128.0,91826
91828,9192.0,28802.0,91827
91829,9192.0,28890.0,91828
91830,9192.0,28984.0,91829
91831,9192.0,29014.0,91830
91832,9192.0,29014.0,91831
91833,9192.0,29750.0,91832
91834,9192.0,29716.0,91833
91835,9192.0,30091.0,91834
91836,9192.0,30326.0,91835
91837,9192.0,29355.0,91836
91838,9192.0,29472.0,91837
91839,9192.0,29481.0,91838
91840,9192.0,31209.0,91839
91841,9192.0,30460.0,91840
91842,9192.0,30326.0,91841
91843,9192.0,30508.0,91842
91844,9192.0,30501.0,91843
91845,9192.0,31062.0,91844
91846,9192.0,31562.0,91845
91847,9192.0,31138.0,91846
91848,9192.0,30942.0,91847
91849,9192.0,31031.0,91848
91850,9192.0,29996.0,91849
91851,9192.0,30810.0,91850
91852,9192.0,31017.0,91851
91853,9192.0,30978.0,91852
91854,9192.0,30724.0,91853
91855,9192.0,30759.0,91854
91856,9192.0,30569.0,91855
91857,9192.0,30563.0,91856
91858,9192.0,30375.0,91857
91859,9192.0,30688.0,91858
91860,9192.0,30978.0,91859
91861,9192.0,31265.0,91860
91862,9192.0,30892.0,91861
91863,9192.0,30793.0,91862
91864,9192.0,30865.0,91863
91865,9192.0,30971.0,91864
91866,9192.0,30776.0,91865
91867,9192.0,30576.0,91866
91868,9192.0,30634.0,91867
91869,9192.0,31707.0,91868
91870,9192.0,31275.0,91869
91871,9192.0,31079.0,91870
91872,9192.0,31082.0,91871
91873,9192.0,30705.0,91872
91874,9192.0,29861.0,91873
91875,9192.0,28936.0,91874
91876,9192.0,28141.0,91875
91877,9192.0,28604.0,91876
91878,9192.0,29499.0,91877
91879,9192.0,28272.0,91878
91880,9192.0,28575.0,91879
91881,9192.0,28575.0,91880
91882,9192.0,28575.0,91881
91883,9192.0,28654.0,91882
91884,9192.0,28821.0,91883
91885,9192.0,28081.0,91884
91886,9192.0,28679.0,91885
91887,9192.0,28884.0,91886
91888,9192.0,28697.0,91887
91889,9192.0,29351.0,91888
91890,9192.0,29338.0,91889
91891,9192.0,29215.0,91890
91892,9192.0,29214.0,91891
91893,9192.0,29214.0,91892
91894,9192.0,29432.0,91893
91895,9192.0,29443.0,91894
91896,9192.0,29199.0,91895
91897,9192.0,29566.0,91896
91898,9192.0,29918.0,91897
91899,9192.0,29918.0,91898
91900,9192.0,29879.0,91899
91901,9192.0,29537.0,91900
91902,9192.0,29332.0,91901
91903,9192.0,29332.0,91902
91904,9192.0,29530.0,91903
91905,9192.0,29530.0,91904
91906,9192.0,29559.0,91905
91907,9192.0,29518.0,91906
91908,9192.0,29518.0,91907
91909,9192.0,29791.0,91908
91910,9192.0,29838.0,91909
91911,9192.0,29565.0,91910
91912,9192.0,29305.0,91911
91913,9192.0,29839.0,91912
91914,9192.0,29747.0,91913
91915,9192.0,29755.0,91914
91916,9192.0,29694.0,91915
91917,9192.0,29649.0,91916
91918,9192.0,29852.0,91917
91919,9192.0,29373.0,91918
91920,9192.0,29373.0,91919
91921,9192.0,30107.0,91920
91922,9192.0,32006.0,91921
91923,9192.0,32296.0,91922
91924,9192.0,30495.0,91923
91925,9192.0,30436.0,91924
91926,9192.0,29939.0,91925
91927,9192.0,30128.0,91926
91928,9192.0,30064.0,91927
91929,9192.0,30064.0,91928
91930,9192.0,29747.0,91929
91931,9192.0,29285.0,91930
91932,9192.0,28709.0,91931
91933,9192.0,28803.0,91932
91934,9192.0,28156.0,91933
91935,9192.0,28406.0,91934
91936,9192.0,27872.0,91935
91937,9192.0,28008.0,91936
91938,9192.0,28270.0,91937
91939,9192.0,27820.0,91938
91940,9192.0,28015.0,91939
91941,9192.0,28194.0,91940
91942,9192.0,28503.0,91941
91943,9192.0,28316.0,91942
91944,9192.0,28325.0,91943
91945,9192.0,27316.0,91944
91946,9192.0,27087.0,91945
91947,9192.0,28297.0,91946
91948,9192.0,28614.0,91947
91949,9192.0,28957.0,91948
91950,9192.0,28883.0,91949
91951,9192.0,28808.0,91950
91952,9192.0,28808.0,91951
91953,9192.0,28568.0,91952
91954,9192.0,28824.0,91953
91955,9192.0,29553.0,91954
91956,9192.0,29706.0,91955
91957,9192.0,28562.0,91956
91958,9192.0,28483.0,91957
91959,9192.0,28444.0,91958
91960,9192.0,27845.0,91959
91961,9192.0,28176.0,91960
91962,9192.0,28191.0,91961
91963,9192.0,28402.0,91962
91964,9192.0,28715.0,91963
91965,9192.0,28644.0,91964
91966,9192.0,28561.0,91965
91967,9192.0,28570.0,91966
91968,9192.0,29105.0,91967
91969,9192.0,28998.0,91968
91970,9192.0,28382.0,91969
91971,9192.0,28622.0,91970
91972,9192.0,28500.0,91971
91973,9192.0,28257.0,91972
91974,9192.0,27879.0,91973
91975,9192.0,27830.0,91974
91976,9192.0,27634.0,91975
91977,9192.0,27145.0,91976
91978,9192.0,26847.0,91977
91979,9192.0,28273.0,91978
91980,9192.0,28648.0,91979
91981,9192.0,29076.0,91980
91982,9192.0,28893.0,91981
91983,9192.0,28519.0,91982
91984,9192.0,27588.0,91983
91985,9192.0,27459.0,91984
91986,9192.0,27664.0,91985
91987,9192.0,28187.0,91986
91988,9192.0,28562.0,91987
91989,9192.0,28577.0,91988
91990,9192.0,28346.0,91989
91991,9192.0,27722.0,91990
91992,9192.0,28833.0,91991
91993,9192.0,28902.0,91992
91994,9192.0,28715.0,91993
91995,9192.0,28951.0,91994
91996,9192.0,29054.0,91995
91997,9192.0,29218.0,91996
91998,9192.0,28842.0,91997
91999,9192.0,27463.0,91998
92000,9192.0,27902.0,91999
92001,9192.0,28347.0,92000
92002,9192.0,28125.0,92001
92003,9192.0,28128.0,92002
92004,9192.0,28160.0,92003
92005,9192.0,28160.0,92004
92006,9192.0,28037.0,92005
92007,9192.0,28225.0,92006
92008,9192.0,28225.0,92007
92009,9192.0,28063.0,92008
92010,9192.0,28286.0,92009
92011,9192.0,28357.0,92010
92012,9192.0,28329.0,92011
92013,9192.0,27478.0,92012
92014,9192.0,27832.0,92013
92015,9192.0,27971.0,92014
92016,9192.0,27952.0,92015
92017,9192.0,28175.0,92016
92018,9192.0,29334.0,92017
92019,9192.0,29783.0,92018
92020,9192.0,29545.0,92019
92021,9192.0,29080.0,92020
92022,9192.0,28480.0,92021
92023,9192.0,27833.0,92022
92024,9192.0,28036.0,92023
92025,9192.0,28036.0,92024
92026,9192.0,28014.0,92025
92027,9192.0,28738.0,92026
92028,9192.0,27853.0,92027
92029,9192.0,27662.0,92028
92030,9192.0,27680.0,92029
92031,9192.0,27609.0,92030
92032,9192.0,26912.0,92031
92033,9192.0,27261.0,92032
92034,9192.0,27261.0,92033
92035,9192.0,27001.0,92034
92036,9192.0,26888.0,92035
92037,9192.0,26547.0,92036
92038,9192.0,26590.0,92037
92039,9192.0,25553.0,92038
92040,9192.0,25415.0,92039
92041,9192.0,25414.0,92040
92042,9192.0,25590.0,92041
92043,9192.0,25519.0,92042
92044,9192.0,24833.0,92043
92045,9192.0,25027.0,92044
92046,9192.0,25393.0,92045
92047,9192.0,25646.0,92046
92048,9192.0,25626.0,92047
92049,9192.0,25305.0,92048
92050,9192.0,25305.0,92049
92051,9192.0,25507.0,92050
92052,9192.0,25527.0,92051
92053,9192.0,25538.0,92052
92054,9192.0,25424.0,92053
92055,9192.0,27529.0,92054
92056,9192.0,27898.0,92055
92057,9192.0,27596.0,92056
92058,9192.0,27602.0,92057
92059,9192.0,27602.0,92058
92060,9192.0,27641.0,92059
92061,9192.0,27961.0,92060
92062,9192.0,27008.0,92061
92063,9192.0,27008.0,92062
92064,9192.0,27314.0,92063
92065,9192.0,27378.0,92064
92066,9192.0,27378.0,92065
92067,9192.0,27007.0,92066
92068,9192.0,26725.0,92067
92069,9192.0,25141.0,92068
92070,9192.0,25689.0,92069
92071,9192.0,26237.0,92070
92072,9192.0,26607.0,92071
92073,9192.0,27353.0,92072
92074,9192.0,27988.0,92073
92075,9192.0,27988.0,92074
92076,9192.0,28997.0,92075
92077,9192.0,28997.0,92076
92078,9192.0,28988.0,92077
92079,9192.0,29117.0,92078
92080,9192.0,29596.0,92079
92081,9192.0,29633.0,92080
92082,9192.0,30060.0,92081
92083,9192.0,30405.0,92082
92084,9192.0,30449.0,92083
92085,9192.0,30887.0,92084
92086,9192.0,30890.0,92085
92087,9192.0,31044.0,92086
92088,9192.0,30962.0,92087
92089,9192.0,31149.0,92088
92090,9192.0,31000.0,92089
92091,9192.0,30724.0,92090
92092,9192.0,29109.0,92091
92093,9192.0,28593.0,92092
92094,9192.0,28961.0,92093
92095,9192.0,29221.0,92094
92096,9192.0,29261.0,92095
92097,9192.0,29265.0,92096
92098,9192.0,29570.0,92097
92099,9192.0,29629.0,92098
92100,9192.0,30168.0,92099
92101,9192.0,29643.0,92100
92102,9192.0,30347.0,92101
92103,9192.0,29933.0,92102
92104,9192.0,29933.0,92103
92105,9192.0,29933.0,92104
92106,9192.0,29725.0,92105
92107,9192.0,28771.0,92106
92108,9192.0,28567.0,92107
92109,9192.0,28302.0,92108
92110,9192.0,28294.0,92109
92111,9192.0,27355.0,92110
92112,9192.0,27000.0,92111
92113,9192.0,27182.0,92112
92114,9192.0,27719.0,92113
92115,9192.0,27211.0,92114
92116,9192.0,27200.0,92115
92117,9192.0,27171.0,92116
92118,9192.0,27937.0,92117
92119,9192.0,27933.0,92118
92120,9192.0,28018.0,92119
92121,9192.0,28105.0,92120
92122,9192.0,27915.0,92121
92123,9192.0,28175.0,92122
92124,9192.0,28124.0,92123
92125,9192.0,28030.0,92124
92126,9192.0,28184.0,92125
92127,9192.0,28255.0,92126
92128,9192.0,28255.0,92127
92129,9192.0,28458.0,92128
92130,9192.0,27984.0,92129
92131,9192.0,28000.0,92130
92132,9192.0,27716.0,92131
92133,9192.0,27699.0,92132
92134,9192.0,27699.0,92133
92135,9192.0,27163.0,92134
92136,9192.0,26898.0,92135
92137,9192.0,27255.0,92136
92138,9192.0,27436.0,92137
92139,9192.0,27647.0,92138
92140,9192.0,27647.0,92139
92141,9192.0,27578.0,92140
92142,9192.0,27608.0,92141
92143,9192.0,27930.0,92142
92144,9192.0,27899.0,92143
92145,9192.0,27989.0,92144
92146,9192.0,28020.0,92145
92147,9192.0,27958.0,92146
92148,9192.0,27813.0,92147
92149,9192.0,27854.0,92148
92150,9192.0,28024.0,92149
92151,9192.0,28037.0,92150
92152,9192.0,28240.0,92151
92153,9192.0,28277.0,92152
92154,9192.0,28277.0,92153
92155,9192.0,28099.0,92154
92156,9192.0,28214.0,92155
92157,9192.0,28822.0,92156
92158,9192.0,29030.0,92157
92159,9192.0,28849.0,92158
92160,9192.0,28644.0,92159
92161,9192.0,28677.0,92160
92162,9192.0,28314.0,92161
92163,9192.0,28007.0,92162
92164,9192.0,28327.0,92163
92165,9192.0,28089.0,92164
92166,9192.0,28087.0,92165
92167,9192.0,28188.0,92166
92168,9192.0,28238.0,92167
92169,9192.0,28225.0,92168
92170,9192.0,28325.0,92169
92171,9192.0,28453.0,92170
92172,9192.0,28495.0,92171
92173,9192.0,28023.0,92172
92174,9192.0,28023.0,92173
92175,9192.0,27692.0,92174
92176,9192.0,27857.0,92175
92177,9192.0,26988.0,92176
92178,9192.0,27151.0,92177
92179,9192.0,25713.0,92178
92180,9192.0,25753.0,92179
92181,9192.0,25542.0,92180
92182,9192.0,25542.0,92181
92183,9192.0,25219.0,92182
92184,9192.0,25213.0,92183
92185,9192.0,25168.0,92184
92186,9192.0,26423.0,92185
92187,9192.0,26695.0,92186
92188,9192.0,26889.0,92187
92189,9192.0,26978.0,92188
92190,9192.0,26526.0,92189
92191,9192.0,25573.0,92190
92192,9192.0,26392.0,92191
92193,9192.0,25887.0,92192
92194,9192.0,25887.0,92193
92195,9192.0,25522.0,92194
92196,9192.0,25037.0,92195
92197,9192.0,24328.0,92196
92198,9192.0,24328.0,92197
92199,9192.0,23727.0,92198
92200,9192.0,22625.0,92199
92201,9192.0,23794.0,92200
92202,9192.0,23834.0,92201
92203,9192.0,24675.0,92202
92204,9192.0,24675.0,92203
92205,9192.0,24675.0,92204
92206,9192.0,24357.0,92205
92207,9192.0,24850.0,92206
92208,9192.0,24518.0,92207
92209,9192.0,24269.0,92208
92210,9192.0,24331.0,92209
92211,9192.0,24944.0,92210
92212,9192.0,24962.0,92211
92213,9192.0,25155.0,92212
92214,9192.0,25194.0,92213
92215,9192.0,25151.0,92214
92216,9192.0,25185.0,92215
92217,9192.0,24990.0,92216
92218,9192.0,26483.0,92217
92219,9192.0,27181.0,92218
92220,9192.0,27602.0,92219
92221,9192.0,27911.0,92220
92222,9192.0,27913.0,92221
92223,9192.0,26987.0,92222
92224,9192.0,27895.0,92223
92225,9192.0,28324.0,92224
92226,9192.0,27045.0,92225
92227,9192.0,26921.0,92226
92228,9192.0,27003.0,92227
92229,9192.0,27002.0,92228
92230,9192.0,27002.0,92229
92231,9192.0,27211.0,92230
92232,9192.0,27342.0,92231
92233,9192.0,27766.0,92232
92234,9192.0,27926.0,92233
92235,9192.0,27978.0,92234
92236,9192.0,28210.0,92235
92237,9192.0,28323.0,92236
92238,9192.0,28492.0,92237
92239,9192.0,28639.0,92238
92240,9192.0,28639.0,92239
92241,9192.0,27514.0,92240
92242,9192.0,28244.0,92241
92243,9192.0,28457.0,92242
92244,9192.0,28189.0,92243
92245,9192.0,28221.0,92244
92246,9192.0,28290.0,92245
92247,9192.0,28316.0,92246
92248,9192.0,28447.0,92247
92249,9192.0,28548.0,92248
92250,9192.0,28161.0,92249
92251,9192.0,28161.0,92250
92252,9192.0,28875.0,92251
92253,9192.0,28950.0,92252
92254,9192.0,28890.0,92253
92255,9192.0,29202.0,92254
92256,9192.0,29203.0,92255
92257,9192.0,29449.0,92256
92258,9192.0,28924.0,92257
92259,9192.0,28924.0,92258
92260,9192.0,28878.0,92259
92261,9192.0,28850.0,92260
92262,9192.0,29286.0,92261
92263,9192.0,29086.0,92262
92264,9192.0,28635.0,92263
92265,9192.0,28635.0,92264
92266,9192.0,29007.0,92265
92267,9192.0,29108.0,92266
92268,9192.0,29182.0,92267
92269,9192.0,29435.0,92268
92270,9192.0,28937.0,92269
92271,9192.0,28958.0,92270
92272,9192.0,29461.0,92271
92273,9192.0,29440.0,92272
92274,9192.0,29642.0,92273
92275,9192.0,29216.0,92274
92276,9192.0,29607.0,92275
92277,9192.0,29545.0,92276
92278,9192.0,29910.0,92277
92279,9192.0,29998.0,92278
92280,9192.0,30751.0,92279
92281,9192.0,30062.0,92280
92282,9192.0,30193.0,92281
92283,9192.0,30936.0,92282
92284,9192.0,30720.0,92283
92285,9192.0,31023.0,92284
92286,9192.0,31084.0,92285
92287,9192.0,30467.0,92286
92288,9192.0,30538.0,92287
92289,9192.0,30604.0,92288
92290,9192.0,30170.0,92289
92291,9192.0,28789.0,92290
92292,9192.0,29007.0,92291
92293,9192.0,28416.0,92292
92294,9192.0,28066.0,92293
92295,9192.0,28101.0,92294
92296,9192.0,27706.0,92295
92297,9192.0,27602.0,92296
92298,9192.0,27078.0,92297
92299,9192.0,27070.0,92298
92300,9192.0,27454.0,92299
92301,9192.0,27968.0,92300
92302,9192.0,27981.0,92301
92303,9192.0,28168.0,92302
92304,9192.0,28265.0,92303
92305,9192.0,28261.0,92304
92306,9192.0,28812.0,92305
92307,9192.0,29298.0,92306
92308,9192.0,29152.0,92307
92309,9192.0,29188.0,92308
92310,9192.0,29516.0,92309
92311,9192.0,30337.0,92310
92312,9192.0,30120.0,92311
92313,9192.0,30069.0,92312
92314,9192.0,30078.0,92313
92315,9192.0,29619.0,92314
92316,9192.0,29381.0,92315
92317,9192.0,29381.0,92316
92318,9192.0,29223.0,92317
92319,9192.0,29736.0,92318
92320,9192.0,29316.0,92319
92321,9192.0,28169.0,92320
92322,9192.0,27793.0,92321
92323,9192.0,27563.0,92322
92324,9192.0,27619.0,92323
92325,9192.0,28704.0,92324
92326,9192.0,28727.0,92325
92327,9192.0,28387.0,92326
92328,9192.0,27949.0,92327
92329,9192.0,27949.0,92328
92330,9192.0,27925.0,92329
92331,9192.0,27958.0,92330
92332,9192.0,27741.0,92331
92333,9192.0,28051.0,92332
92334,9192.0,28260.0,92333
92335,9192.0,28354.0,92334
92336,9192.0,28611.0,92335
92337,9192.0,28397.0,92336
92338,9192.0,29037.0,92337
92339,9192.0,29758.0,92338
92340,9192.0,30267.0,92339
92341,9192.0,30250.0,92340
92342,9192.0,30250.0,92341
92343,9192.0,30109.0,92342
92344,9192.0,30109.0,92343
92345,9192.0,30117.0,92344
92346,9192.0,30010.0,92345
92347,9192.0,29500.0,92346
92348,9192.0,29587.0,92347
92349,9192.0,29550.0,92348
92350,9192.0,28579.0,92349
92351,9192.0,29451.0,92350
92352,9192.0,29363.0,92351
92353,9192.0,29363.0,92352
92354,9192.0,29847.0,92353
92355,9192.0,29596.0,92354
92356,9192.0,29615.0,92355
92357,9192.0,28539.0,92356
92358,9192.0,28518.0,92357
92359,9192.0,28194.0,92358
92360,9192.0,28059.0,92359
92361,9192.0,28073.0,92360
92362,9192.0,28616.0,92361
92363,9192.0,28616.0,92362
92364,9192.0,28268.0,92363
92365,9192.0,28466.0,92364
92366,9192.0,28592.0,92365
92367,9192.0,28592.0,92366
92368,9192.0,28592.0,92367
92369,9192.0,28341.0,92368
92370,9192.0,28267.0,92369
92371,9192.0,28556.0,92370
92372,9192.0,27688.0,92371
92373,9192.0,27937.0,92372
92374,9192.0,27809.0,92373
92375,9192.0,27976.0,92374
92376,9192.0,28041.0,92375
92377,9192.0,27462.0,92376
92378,9192.0,27473.0,92377
92379,9192.0,27346.0,92378
92380,9192.0,27351.0,92379
92381,9192.0,27804.0,92380
92382,9192.0,28646.0,92381
92383,9192.0,28534.0,92382
92384,9192.0,28534.0,92383
92385,9192.0,27953.0,92384
92386,9192.0,28098.0,92385
92387,9192.0,28489.0,92386
92388,9192.0,28723.0,92387
92389,9192.0,28659.0,92388
92390,9192.0,28635.0,92389
92391,9192.0,28595.0,92390
92392,9192.0,29908.0,92391
92393,9192.0,29763.0,92392
92394,9192.0,29731.0,92393
92395,9192.0,29684.0,92394
92396,9192.0,29229.0,92395
92397,9192.0,29705.0,92396
92398,9192.0,30160.0,92397
92399,9192.0,29933.0,92398
92400,9192.0,30091.0,92399
92401,9192.0,29912.0,92400
92402,9192.0,29952.0,92401
92403,9192.0,30226.0,92402
92404,9192.0,30400.0,92403
92405,9192.0,30601.0,92404
92406,9192.0,30603.0,92405
92407,9192.0,30667.0,92406
92408,9192.0,31161.0,92407
92409,9192.0,30524.0,92408
92410,9192.0,29073.0,92409
92411,9192.0,29154.0,92410
92412,9192.0,28537.0,92411
92413,9192.0,27621.0,92412
92414,9192.0,27767.0,92413
92415,9192.0,28337.0,92414
92416,9192.0,28620.0,92415
92417,9192.0,28601.0,92416
92418,9192.0,27398.0,92417
92419,9192.0,27908.0,92418
92420,9192.0,27097.0,92419
92421,9192.0,26740.0,92420
92422,9192.0,26198.0,92421
92423,9192.0,25976.0,92422
92424,9192.0,25976.0,92423
92425,9192.0,25976.0,92424
92426,9192.0,26422.0,92425
92427,9192.0,26047.0,92426
92428,9192.0,26086.0,92427
92429,9192.0,26932.0,92428
92430,9192.0,26932.0,92429
92431,9192.0,26718.0,92430
92432,9192.0,27214.0,92431
92433,9192.0,27570.0,92432
92434,9192.0,26954.0,92433
92435,9192.0,26996.0,92434
92436,9192.0,27007.0,92435
92437,9192.0,27024.0,92436
92438,9192.0,26888.0,92437
92439,9192.0,26821.0,92438
92440,9192.0,26959.0,92439
92441,9192.0,27101.0,92440
92442,9192.0,28553.0,92441
92443,9192.0,28537.0,92442
92444,9192.0,28547.0,92443
92445,9192.0,28396.0,92444
92446,9192.0,28316.0,92445
92447,9192.0,28305.0,92446
92448,9192.0,28299.0,92447
92449,9192.0,28512.0,92448
92450,9192.0,28800.0,92449
92451,9192.0,28826.0,92450
92452,9192.0,29469.0,92451
92453,9192.0,29353.0,92452
92454,9192.0,29662.0,92453
92455,9192.0,30095.0,92454
92456,9192.0,30300.0,92455
92457,9192.0,31022.0,92456
92458,9192.0,31173.0,92457
92459,9192.0,30935.0,92458
92460,9192.0,30610.0,92459
92461,9192.0,30430.0,92460
92462,9192.0,30274.0,92461
92463,9192.0,30274.0,92462
92464,9192.0,30385.0,92463
92465,9192.0,30432.0,92464
92466,9192.0,30911.0,92465
92467,9192.0,30865.0,92466
92468,9192.0,30315.0,92467
92469,9192.0,29628.0,92468
92470,9192.0,29559.0,92469
92471,9192.0,29540.0,92470
92472,9192.0,29471.0,92471
92473,9192.0,30082.0,92472
92474,9192.0,30427.0,92473
92475,9192.0,30532.0,92474
92476,9192.0,30700.0,92475
92477,9192.0,30459.0,92476
92478,9192.0,30459.0,92477
92479,9192.0,30368.0,92478
92480,9192.0,30271.0,92479
92481,9192.0,30271.0,92480
92482,9192.0,30200.0,92481
92483,9192.0,29829.0,92482
92484,9192.0,30163.0,92483
92485,9192.0,29961.0,92484
92486,9192.0,29961.0,92485
92487,9192.0,29848.0,92486
92488,9192.0,30140.0,92487
92489,9192.0,29323.0,92488
92490,9192.0,29798.0,92489
92491,9192.0,29593.0,92490
92492,9192.0,29162.0,92491
92493,9192.0,30507.0,92492
92494,9192.0,30659.0,92493
92495,9192.0,30641.0,92494
92496,9192.0,30505.0,92495
92497,9192.0,30437.0,92496
92498,9192.0,30618.0,92497
92499,9192.0,30618.0,92498
92500,9192.0,31321.0,92499
92501,9192.0,30991.0,92500
92502,9192.0,31133.0,92501
92503,9192.0,31136.0,92502
92504,9192.0,30841.0,92503
92505,9192.0,31701.0,92504
92506,9192.0,30910.0,92505
92507,9192.0,31192.0,92506
92508,9192.0,30294.0,92507
92509,9192.0,31347.0,92508
92510,9192.0,31501.0,92509
92511,9192.0,31683.0,92510
92512,9192.0,31081.0,92511
92513,9192.0,30609.0,92512
92514,9192.0,30601.0,92513
92515,9192.0,30522.0,92514
92516,9192.0,30449.0,92515
92517,9192.0,30948.0,92516
92518,9192.0,30857.0,92517
92519,9192.0,31013.0,92518
92520,9192.0,31254.0,92519
92521,9192.0,31243.0,92520
92522,9192.0,31541.0,92521
92523,9192.0,31541.0,92522
92524,9192.0,31067.0,92523
92525,9192.0,31658.0,92524
92526,9192.0,31655.0,92525
92527,9192.0,31722.0,92526
92528,9192.0,32436.0,92527
92529,9192.0,32534.0,92528
92530,9192.0,32664.0,92529
92531,9192.0,32216.0,92530
92532,9192.0,33059.0,92531
92533,9192.0,32918.0,92532
92534,9192.0,32653.0,92533
92535,9192.0,32781.0,92534
92536,9192.0,32645.0,92535
92537,9192.0,32200.0,92536
92538,9192.0,33418.0,92537
92539,9192.0,32315.0,92538
92540,9192.0,32438.0,92539
92541,9192.0,32418.0,92540
92542,9192.0,32502.0,92541
92543,9192.0,33239.0,92542
92544,9192.0,33218.0,92543
92545,9192.0,33085.0,92544
92546,9192.0,33111.0,92545
92547,9192.0,33039.0,92546
92548,9192.0,33036.0,92547
92549,9192.0,33042.0,92548
92550,9192.0,32759.0,92549
92551,9192.0,31310.0,92550
92552,9192.0,31509.0,92551
92553,9192.0,31266.0,92552
92554,9192.0,30681.0,92553
92555,9192.0,30560.0,92554
92556,9192.0,30477.0,92555
92557,9192.0,30117.0,92556
92558,9192.0,29585.0,92557
92559,9192.0,28694.0,92558
92560,9192.0,28568.0,92559
92561,9192.0,29173.0,92560
92562,9192.0,28192.0,92561
92563,9192.0,28986.0,92562
92564,9192.0,28165.0,92563
92565,9192.0,29291.0,92564
92566,9192.0,29828.0,92565
92567,9192.0,29840.0,92566
92568,9192.0,29860.0,92567
92569,9192.0,29392.0,92568
92570,9192.0,29108.0,92569
92571,9192.0,28733.0,92570
92572,9192.0,28451.0,92571
92573,9192.0,28306.0,92572
92574,9192.0,27978.0,92573
92575,9192.0,27676.0,92574
92576,9192.0,27863.0,92575
92577,9192.0,27683.0,92576
92578,9192.0,27686.0,92577
92579,9192.0,27571.0,92578
92580,9192.0,27612.0,92579
92581,9192.0,27739.0,92580
92582,9192.0,27891.0,92581
92583,9192.0,27718.0,92582
92584,9192.0,29046.0,92583
92585,9192.0,29242.0,92584
92586,9192.0,29282.0,92585
92587,9192.0,29364.0,92586
92588,9192.0,29414.0,92587
92589,9192.0,30118.0,92588
92590,9192.0,30127.0,92589
92591,9192.0,30171.0,92590
92592,9192.0,30365.0,92591
92593,9192.0,30327.0,92592
92594,9192.0,30484.0,92593
92595,9192.0,30234.0,92594
92596,9192.0,29666.0,92595
92597,9192.0,29441.0,92596
92598,9192.0,29475.0,92597
92599,9192.0,28757.0,92598
92600,9192.0,28925.0,92599
92601,9192.0,28731.0,92600
92602,9192.0,28789.0,92601
92603,9192.0,28789.0,92602
92604,9192.0,28541.0,92603
92605,9192.0,27838.0,92604
92606,9192.0,27604.0,92605
92607,9192.0,29053.0,92606
92608,9192.0,28841.0,92607
92609,9192.0,28727.0,92608
92610,9192.0,27655.0,92609
92611,9192.0,27650.0,92610
92612,9192.0,27548.0,92611
92613,9192.0,27494.0,92612
92614,9192.0,27494.0,92613
92615,9192.0,27264.0,92614
92616,9192.0,26321.0,92615
92617,9192.0,26321.0,92616
92618,9192.0,25589.0,92617
92619,9192.0,25740.0,92618
92620,9192.0,25959.0,92619
92621,9192.0,25460.0,92620
92622,9192.0,25049.0,92621
92623,9192.0,24962.0,92622
92624,9192.0,24962.0,92623
92625,9192.0,24975.0,92624
92626,9192.0,25522.0,92625
92627,9192.0,25828.0,92626
92628,9192.0,26469.0,92627
92629,9192.0,25611.0,92628
92630,9192.0,26214.0,92629
92631,9192.0,25942.0,92630
92632,9192.0,26310.0,92631
92633,9192.0,26384.0,92632
92634,9192.0,26528.0,92633
92635,9192.0,26709.0,92634
92636,9192.0,26792.0,92635
92637,9192.0,27041.0,92636
92638,9192.0,27041.0,92637
92639,9192.0,27041.0,92638
92640,9192.0,27258.0,92639
92641,9192.0,25977.0,92640
92642,9192.0,26080.0,92641
92643,9192.0,26656.0,92642
92644,9192.0,26259.0,92643
92645,9192.0,26247.0,92644
92646,9192.0,26247.0,92645
92647,9192.0,26760.0,92646
92648,9192.0,27132.0,92647
92649,9192.0,27594.0,92648
92650,9192.0,27594.0,92649
92651,9192.0,27835.0,92650
92652,9192.0,27889.0,92651
92653,9192.0,28116.0,92652
92654,9192.0,28882.0,92653
92655,9192.0,28984.0,92654
92656,9192.0,28695.0,92655
92657,9192.0,28437.0,92656
92658,9192.0,28281.0,92657
92659,9192.0,28636.0,92658
92660,9192.0,28774.0,92659
92661,9192.0,28653.0,92660
92662,9192.0,28830.0,92661
92663,9192.0,28780.0,92662
92664,9192.0,28314.0,92663
92665,9192.0,27783.0,92664
92666,9192.0,28292.0,92665
92667,9192.0,28047.0,92666
92668,9192.0,28061.0,92667
92669,9192.0,28061.0,92668
92670,9192.0,27659.0,92669
92671,9192.0,28512.0,92670
92672,9192.0,30079.0,92671
92673,9192.0,30634.0,92672
92674,9192.0,30044.0,92673
92675,9192.0,29706.0,92674
92676,9192.0,29493.0,92675
92677,9192.0,29467.0,92676
92678,9192.0,29467.0,92677
92679,9192.0,29746.0,92678
92680,9192.0,29734.0,92679
92681,9192.0,28710.0,92680
92682,9192.0,28640.0,92681
92683,9192.0,28641.0,92682
92684,9192.0,28641.0,92683
92685,9192.0,30054.0,92684
92686,9192.0,29621.0,92685
92687,9192.0,29629.0,92686
92688,9192.0,29751.0,92687
92689,9192.0,28746.0,92688
92690,9192.0,28690.0,92689
92691,9192.0,28445.0,92690
92692,9192.0,29357.0,92691
92693,9192.0,29514.0,92692
92694,9192.0,29304.0,92693
92695,9192.0,29031.0,92694
92696,9192.0,29554.0,92695
92697,9192.0,29626.0,92696
92698,9192.0,30397.0,92697
92699,9192.0,30733.0,92698
92700,9192.0,30702.0,92699
92701,9192.0,30708.0,92700
92702,9192.0,30727.0,92701
92703,9192.0,30725.0,92702
92704,9192.0,31146.0,92703
92705,9192.0,30704.0,92704
92706,9192.0,30340.0,92705
92707,9192.0,30289.0,92706
92708,9192.0,30129.0,92707
92709,9192.0,30305.0,92708
92710,9192.0,30405.0,92709
92711,9192.0,30396.0,92710
92712,9192.0,29668.0,92711
92713,9192.0,29766.0,92712
92714,9192.0,29739.0,92713
92715,9192.0,29722.0,92714
92716,9192.0,29815.0,92715
92717,9192.0,29611.0,92716
92718,9192.0,29396.0,92717
92719,9192.0,29396.0,92718
92720,9192.0,29027.0,92719
92721,9192.0,29044.0,92720
92722,9192.0,29005.0,92721
92723,9192.0,29293.0,92722
92724,9192.0,28335.0,92723
92725,9192.0,28753.0,92724
92726,9192.0,28762.0,92725
92727,9192.0,29215.0,92726
92728,9192.0,29192.0,92727
92729,9192.0,28990.0,92728
92730,9192.0,28913.0,92729
92731,9192.0,28934.0,92730
92732,9192.0,28536.0,92731
92733,9192.0,28541.0,92732
92734,9192.0,28522.0,92733
92735,9192.0,28808.0,92734
92736,9192.0,29140.0,92735
92737,9192.0,28155.0,92736
92738,9192.0,28429.0,92737
92739,9192.0,28450.0,92738
92740,9192.0,29715.0,92739
92741,9192.0,28285.0,92740
92742,9192.0,28788.0,92741
92743,9192.0,28142.0,92742
92744,9192.0,28376.0,92743
92745,9192.0,27821.0,92744
92746,9192.0,29114.0,92745
92747,9192.0,29205.0,92746
92748,9192.0,29156.0,92747
92749,9192.0,29946.0,92748
92750,9192.0,29919.0,92749
92751,9192.0,29961.0,92750
92752,9192.0,30192.0,92751
92753,9192.0,30098.0,92752
92754,9192.0,29155.0,92753
92755,9192.0,29010.0,92754
92756,9192.0,28981.0,92755
92757,9192.0,29137.0,92756
92758,9192.0,29060.0,92757
92759,9192.0,29398.0,92758
92760,9192.0,29353.0,92759
92761,9192.0,29362.0,92760
92762,9192.0,29124.0,92761
92763,9192.0,28645.0,92762
92764,9192.0,28595.0,92763
92765,9192.0,28549.0,92764
92766,9192.0,28549.0,92765
92767,9192.0,28348.0,92766
92768,9192.0,29211.0,92767
92769,9192.0,29026.0,92768
92770,9192.0,28939.0,92769
92771,9192.0,29227.0,92770
92772,9192.0,29450.0,92771
92773,9192.0,29534.0,92772
92774,9192.0,29356.0,92773
92775,9192.0,29137.0,92774
92776,9192.0,29433.0,92775
92777,9192.0,29406.0,92776
92778,9192.0,29598.0,92777
92779,9192.0,29598.0,92778
92780,9192.0,29797.0,92779
92781,9192.0,30387.0,92780
92782,9192.0,30396.0,92781
92783,9192.0,30508.0,92782
92784,9192.0,30977.0,92783
92785,9192.0,29869.0,92784
92786,9192.0,30041.0,92785
92787,9192.0,29645.0,92786
92788,9192.0,29607.0,92787
92789,9192.0,29613.0,92788
92790,9192.0,29688.0,92789
92791,9192.0,30180.0,92790
92792,9192.0,30105.0,92791
92793,9192.0,29866.0,92792
92794,9192.0,29809.0,92793
92795,9192.0,29846.0,92794
92796,9192.0,31350.0,92795
92797,9192.0,30364.0,92796
92798,9192.0,30068.0,92797
92799,9192.0,31997.0,92798
92800,9192.0,33594.0,92799
92801,9192.0,32064.0,92800
92802,9192.0,31301.0,92801
92803,9192.0,30709.0,92802
92804,9192.0,30705.0,92803
92805,9192.0,31753.0,92804
92806,9192.0,31753.0,92805
92807,9192.0,31462.0,92806
92808,9192.0,31482.0,92807
92809,9192.0,31591.0,92808
92810,9192.0,31679.0,92809
92811,9192.0,32131.0,92810
92812,9192.0,32278.0,92811
92813,9192.0,30551.0,92812
92814,9192.0,30745.0,92813
92815,9192.0,30740.0,92814
92816,9192.0,30768.0,92815
92817,9192.0,30489.0,92816
92818,9192.0,31187.0,92817
92819,9192.0,31298.0,92818
92820,9192.0,31251.0,92819
92821,9192.0,31554.0,92820
92822,9192.0,30718.0,92821
92823,9192.0,30751.0,92822
92824,9192.0,30537.0,92823
92825,9192.0,31421.0,92824
92826,9192.0,30571.0,92825
92827,9192.0,30494.0,92826
92828,9192.0,31330.0,92827
92829,9192.0,31151.0,92828
92830,9192.0,31151.0,92829
92831,9192.0,30615.0,92830
92832,9192.0,30564.0,92831
92833,9192.0,30570.0,92832
92834,9192.0,30946.0,92833
92835,9192.0,30989.0,92834
92836,9192.0,30030.0,92835
92837,9192.0,29825.0,92836
92838,9192.0,28472.0,92837
92839,9192.0,28534.0,92838
92840,9192.0,28324.0,92839
92841,9192.0,28587.0,92840
92842,9192.0,28375.0,92841
92843,9192.0,28181.0,92842
92844,9192.0,27527.0,92843
92845,9192.0,27748.0,92844
92846,9192.0,28038.0,92845
92847,9192.0,28588.0,92846
92848,9192.0,29027.0,92847
92849,9192.0,29083.0,92848
92850,9192.0,28910.0,92849
92851,9192.0,29802.0,92850
92852,9192.0,30300.0,92851
92853,9192.0,29566.0,92852
92854,9192.0,29566.0,92853
92855,9192.0,29768.0,92854
92856,9192.0,29961.0,92855
92857,9192.0,30306.0,92856
92858,9192.0,30306.0,92857
92859,9192.0,29881.0,92858
92860,9192.0,30969.0,92859
92861,9192.0,31048.0,92860
92862,9192.0,31247.0,92861
92863,9192.0,31247.0,92862
92864,9192.0,32009.0,92863
92865,9192.0,32008.0,92864
92866,9192.0,32623.0,92865
92867,9192.0,32701.0,92866
92868,9192.0,32701.0,92867
92869,9192.0,32701.0,92868
92870,9192.0,32728.0,92869
92871,9192.0,32827.0,92870
92872,9192.0,32827.0,92871
92873,9192.0,32922.0,92872
92874,9192.0,32959.0,92873
92875,9192.0,32950.0,92874
92876,9192.0,32795.0,92875
92877,9192.0,32498.0,92876
92878,9192.0,32594.0,92877
92879,9192.0,32579.0,92878
92880,9192.0,32415.0,92879
92881,9192.0,32140.0,92880
92882,9192.0,31654.0,92881
92883,9192.0,31914.0,92882
92884,9192.0,30436.0,92883
92885,9192.0,30781.0,92884
92886,9192.0,30781.0,92885
92887,9192.0,31057.0,92886
92888,9192.0,31057.0,92887
92889,9192.0,30966.0,92888
92890,9192.0,30983.0,92889
92891,9192.0,30983.0,92890
92892,9192.0,31012.0,92891
92893,9192.0,30250.0,92892
92894,9192.0,30225.0,92893
92895,9192.0,30320.0,92894
92896,9192.0,30204.0,92895
92897,9192.0,29854.0,92896
92898,9192.0,29983.0,92897
92899,9192.0,29831.0,92898
92900,9192.0,29931.0,92899
92901,9192.0,29676.0,92900
92902,9192.0,29396.0,92901
92903,9192.0,28233.0,92902
92904,9192.0,28354.0,92903
92905,9192.0,28014.0,92904
92906,9192.0,29014.0,92905
92907,9192.0,28538.0,92906
92908,9192.0,28760.0,92907
92909,9192.0,28736.0,92908
92910,9192.0,28974.0,92909
92911,9192.0,28807.0,92910
92912,9192.0,29066.0,92911
92913,9192.0,29066.0,92912
92914,9192.0,29075.0,92913
92915,9192.0,29025.0,92914
92916,9192.0,29603.0,92915
92917,9192.0,29612.0,92916
92918,9192.0,29612.0,92917
92919,9192.0,29458.0,92918
92920,9192.0,29412.0,92919
92921,9192.0,28920.0,92920
92922,9192.0,30147.0,92921
92923,9192.0,29541.0,92922
92924,9192.0,30080.0,92923
92925,9192.0,30171.0,92924
92926,9192.0,30462.0,92925
92927,9192.0,29292.0,92926
92928,9192.0,29890.0,92927
92929,9192.0,29787.0,92928
92930,9192.0,29420.0,92929
92931,9192.0,28384.0,92930
92932,9192.0,28285.0,92931
92933,9192.0,28284.0,92932
92934,9192.0,27798.0,92933
92935,9192.0,27163.0,92934
92936,9192.0,27126.0,92935
92937,9192.0,27242.0,92936
92938,9192.0,27011.0,92937
92939,9192.0,28577.0,92938
92940,9192.0,28577.0,92939
92941,9192.0,28472.0,92940
92942,9192.0,28079.0,92941
92943,9192.0,27973.0,92942
92944,9192.0,27567.0,92943
92945,9192.0,26953.0,92944
92946,9192.0,28473.0,92945
92947,9192.0,27586.0,92946
92948,9192.0,27247.0,92947
92949,9192.0,27479.0,92948
92950,9192.0,27493.0,92949
92951,9192.0,27587.0,92950
92952,9192.0,27715.0,92951
92953,9192.0,27673.0,92952
92954,9192.0,28130.0,92953
92955,9192.0,28256.0,92954
92956,9192.0,28338.0,92955
92957,9192.0,28328.0,92956
92958,9192.0,28384.0,92957
92959,9192.0,29182.0,92958
92960,9192.0,29104.0,92959
92961,9192.0,29008.0,92960
92962,9192.0,29524.0,92961
92963,9192.0,29843.0,92962
92964,9192.0,28998.0,92963
92965,9192.0,28998.0,92964
92966,9192.0,30378.0,92965
92967,9192.0,30936.0,92966
92968,9192.0,30582.0,92967
92969,9192.0,30326.0,92968
92970,9192.0,30160.0,92969
92971,9192.0,29868.0,92970
92972,9192.0,29942.0,92971
92973,9192.0,29881.0,92972
92974,9192.0,29807.0,92973
92975,9192.0,29937.0,92974
92976,9192.0,29462.0,92975
92977,9192.0,28898.0,92976
92978,9192.0,28550.0,92977
92979,9192.0,27706.0,92978
92980,9192.0,29103.0,92979
92981,9192.0,28905.0,92980
92982,9192.0,29399.0,92981
92983,9192.0,29418.0,92982
92984,9192.0,29394.0,92983
92985,9192.0,29550.0,92984
92986,9192.0,29067.0,92985
92987,9192.0,28961.0,92986
92988,9192.0,28901.0,92987
92989,9192.0,29496.0,92988
92990,9192.0,29440.0,92989
92991,9192.0,29440.0,92990
92992,9192.0,29727.0,92991
92993,9192.0,30142.0,92992
92994,9192.0,30142.0,92993
92995,9192.0,30123.0,92994
92996,9192.0,30123.0,92995
92997,9192.0,30073.0,92996
92998,9192.0,30368.0,92997
92999,9192.0,29691.0,92998
93000,9192.0,29118.0,92999
93001,9192.0,28913.0,93000
93002,9192.0,29324.0,93001
93003,9192.0,28126.0,93002
93004,9192.0,28203.0,93003
93005,9192.0,28064.0,93004
93006,9192.0,27174.0,93005
93007,9192.0,26870.0,93006
93008,9192.0,27086.0,93007
93009,9192.0,27363.0,93008
93010,9192.0,27373.0,93009
93011,9192.0,27374.0,93010
93012,9192.0,27858.0,93011
93013,9192.0,27942.0,93012
93014,9192.0,27372.0,93013
93015,9192.0,27171.0,93014
93016,9192.0,27260.0,93015
93017,9192.0,27208.0,93016
93018,9192.0,27513.0,93017
93019,9192.0,26197.0,93018
93020,9192.0,26158.0,93019
93021,9192.0,26251.0,93020
93022,9192.0,26359.0,93021
93023,9192.0,27189.0,93022
93024,9192.0,27097.0,93023
93025,9192.0,27024.0,93024
93026,9192.0,26900.0,93025
93027,9192.0,27238.0,93026
93028,9192.0,27321.0,93027
93029,9192.0,27019.0,93028
93030,9192.0,27046.0,93029
93031,9192.0,26420.0,93030
93032,9192.0,26250.0,93031
93033,9192.0,25306.0,93032
93034,9192.0,25306.0,93033
93035,9192.0,24854.0,93034
93036,9192.0,24665.0,93035
93037,9192.0,24762.0,93036
93038,9192.0,26009.0,93037
93039,9192.0,27664.0,93038
93040,9192.0,28327.0,93039
93041,9192.0,28341.0,93040
93042,9192.0,27343.0,93041
93043,9192.0,28296.0,93042
93044,9192.0,28248.0,93043
93045,9192.0,27940.0,93044
93046,9192.0,29381.0,93045
93047,9192.0,29429.0,93046
93048,9192.0,28923.0,93047
93049,9192.0,28889.0,93048
93050,9192.0,28907.0,93049
93051,9192.0,30086.0,93050
93052,9192.0,29674.0,93051
93053,9192.0,29655.0,93052
93054,9192.0,29107.0,93053
93055,9192.0,29513.0,93054
93056,9192.0,29513.0,93055
93057,9192.0,29299.0,93056
93058,9192.0,29214.0,93057
93059,9192.0,29370.0,93058
93060,9192.0,29344.0,93059
93061,9192.0,29326.0,93060
93062,9192.0,29263.0,93061
93063,9192.0,29699.0,93062
93064,9192.0,29923.0,93063
93065,9192.0,29433.0,93064
93066,9192.0,29516.0,93065
93067,9192.0,29710.0,93066
93068,9192.0,31375.0,93067
93069,9192.0,31375.0,93068
93070,9192.0,30993.0,93069
93071,9192.0,31553.0,93070
93072,9192.0,31458.0,93071
93073,9192.0,31503.0,93072
93074,9192.0,32491.0,93073
93075,9192.0,32422.0,93074
93076,9192.0,32486.0,93075
93077,9192.0,32448.0,93076
93078,9192.0,31825.0,93077
93079,9192.0,32653.0,93078
93080,9192.0,32731.0,93079
93081,9192.0,32578.0,93080
93082,9192.0,32361.0,93081
93083,9192.0,32223.0,93082
93084,9192.0,32509.0,93083
93085,9192.0,32460.0,93084
93086,9192.0,31984.0,93085
93087,9192.0,32296.0,93086
93088,9192.0,32434.0,93087
93089,9192.0,33009.0,93088
93090,9192.0,33093.0,93089
93091,9192.0,33817.0,93090
93092,9192.0,33844.0,93091
93093,9192.0,33827.0,93092
93094,9192.0,33636.0,93093
93095,9192.0,33768.0,93094
93096,9192.0,33880.0,93095
93097,9192.0,33488.0,93096
93098,9192.0,33467.0,93097
93099,9192.0,33361.0,93098
93100,9192.0,33357.0,93099
93101,9192.0,33691.0,93100
93102,9192.0,33362.0,93101
93103,9192.0,33386.0,93102
93104,9192.0,33440.0,93103
93105,9192.0,33145.0,93104
93106,9192.0,33121.0,93105
93107,9192.0,32895.0,93106
93108,9192.0,33034.0,93107
93109,9192.0,31929.0,93108
93110,9192.0,31284.0,93109
93111,9192.0,30753.0,93110
93112,9192.0,30779.0,93111
93113,9192.0,31180.0,93112
93114,9192.0,31626.0,93113
93115,9192.0,31397.0,93114
93116,9192.0,31128.0,93115
93117,9192.0,31168.0,93116
93118,9192.0,30791.0,93117
93119,9192.0,30804.0,93118
93120,9192.0,31004.0,93119
93121,9192.0,31405.0,93120
93122,9192.0,30701.0,93121
93123,9192.0,29451.0,93122
93124,9192.0,29406.0,93123
93125,9192.0,29911.0,93124
93126,9192.0,29152.0,93125
93127,9192.0,28930.0,93126
93128,9192.0,29155.0,93127
93129,9192.0,29642.0,93128
93130,9192.0,29623.0,93129
93131,9192.0,29528.0,93130
93132,9192.0,29655.0,93131
93133,9192.0,29520.0,93132
93134,9192.0,29139.0,93133
93135,9192.0,29615.0,93134
93136,9192.0,29566.0,93135
93137,9192.0,30518.0,93136
93138,9192.0,30826.0,93137
93139,9192.0,30863.0,93138
93140,9192.0,30497.0,93139
93141,9192.0,30528.0,93140
93142,9192.0,29943.0,93141
93143,9192.0,29943.0,93142
93144,9192.0,30000.0,93143
93145,9192.0,30229.0,93144
93146,9192.0,30544.0,93145
93147,9192.0,30504.0,93146
93148,9192.0,30594.0,93147
93149,9192.0,30641.0,93148
93150,9192.0,30391.0,93149
93151,9192.0,30698.0,93150
93152,9192.0,30757.0,93151
93153,9192.0,31240.0,93152
93154,9192.0,30772.0,93153
93155,9192.0,30402.0,93154
93156,9192.0,30402.0,93155
93157,9192.0,29989.0,93156
93158,9192.0,28718.0,93157
93159,9192.0,28579.0,93158
93160,9192.0,29442.0,93159
93161,9192.0,29510.0,93160
93162,9192.0,29477.0,93161
93163,9192.0,29916.0,93162
93164,9192.0,29956.0,93163
93165,9192.0,29959.0,93164
93166,9192.0,29270.0,93165
93167,9192.0,29404.0,93166
93168,9192.0,30036.0,93167
93169,9192.0,30571.0,93168
93170,9192.0,30173.0,93169
93171,9192.0,30269.0,93170
93172,9192.0,30947.0,93171
93173,9192.0,31047.0,93172
93174,9192.0,30526.0,93173
93175,9192.0,30396.0,93174
93176,9192.0,30420.0,93175
93177,9192.0,30104.0,93176
93178,9192.0,30684.0,93177
93179,9192.0,30385.0,93178
93180,9192.0,30022.0,93179
93181,9192.0,30196.0,93180
93182,9192.0,29932.0,93181
93183,9192.0,29932.0,93182
93184,9192.0,29439.0,93183
93185,9192.0,30228.0,93184
93186,9192.0,30755.0,93185
93187,9192.0,30964.0,93186
93188,9192.0,31059.0,93187
93189,9192.0,30364.0,93188
93190,9192.0,30790.0,93189
93191,9192.0,31295.0,93190
93192,9192.0,31060.0,93191
93193,9192.0,31159.0,93192
93194,9192.0,31159.0,93193
93195,9192.0,31146.0,93194
93196,9192.0,31045.0,93195
93197,9192.0,29677.0,93196
93198,9192.0,29696.0,93197
93199,9192.0,29708.0,93198
93200,9192.0,29671.0,93199
93201,9192.0,29426.0,93200
93202,9192.0,29399.0,93201
93203,9192.0,29972.0,93202
93204,9192.0,29896.0,93203
93205,9192.0,30115.0,93204
93206,9192.0,29826.0,93205
93207,9192.0,30021.0,93206
93208,9192.0,30455.0,93207
93209,9192.0,29780.0,93208
93210,9192.0,28680.0,93209
93211,9192.0,28861.0,93210
93212,9192.0,29317.0,93211
93213,9192.0,30570.0,93212
93214,9192.0,30154.0,93213
93215,9192.0,29781.0,93214
93216,9192.0,29755.0,93215
93217,9192.0,29446.0,93216
93218,9192.0,29524.0,93217
93219,9192.0,28904.0,93218
93220,9192.0,28914.0,93219
93221,9192.0,29053.0,93220
93222,9192.0,28882.0,93221
93223,9192.0,28882.0,93222
93224,9192.0,28727.0,93223
93225,9192.0,28727.0,93224
93226,9192.0,29106.0,93225
93227,9192.0,29159.0,93226
93228,9192.0,30237.0,93227
93229,9192.0,31003.0,93228
93230,9192.0,31293.0,93229
93231,9192.0,31293.0,93230
93232,9192.0,30585.0,93231
93233,9192.0,30353.0,93232
93234,9192.0,30562.0,93233
93235,9192.0,30726.0,93234
93236,9192.0,31804.0,93235
93237,9192.0,32874.0,93236
93238,9192.0,29170.0,93237
93239,9192.0,28675.0,93238
93240,9192.0,28499.0,93239
93241,9192.0,28182.0,93240
93242,9192.0,28182.0,93241
93243,9192.0,28127.0,93242
93244,9192.0,27900.0,93243
93245,9192.0,27900.0,93244
93246,9192.0,27719.0,93245
93247,9192.0,27719.0,93246
93248,9192.0,30418.0,93247
93249,9192.0,30518.0,93248
93250,9192.0,29086.0,93249
93251,9192.0,28679.0,93250
93252,9192.0,28752.0,93251
93253,9192.0,28849.0,93252
93254,9192.0,28732.0,93253
93255,9192.0,29038.0,93254
93256,9192.0,27866.0,93255
93257,9192.0,27160.0,93256
93258,9192.0,27479.0,93257
93259,9192.0,27737.0,93258
93260,9192.0,28050.0,93259
93261,9192.0,28047.0,93260
93262,9192.0,27948.0,93261
93263,9192.0,26955.0,93262
93264,9192.0,26955.0,93263
93265,9192.0,26754.0,93264
93266,9192.0,26791.0,93265
93267,9192.0,26813.0,93266
93268,9192.0,26157.0,93267
93269,9192.0,26159.0,93268
93270,9192.0,26258.0,93269
93271,9192.0,26444.0,93270
93272,9192.0,26704.0,93271
93273,9192.0,26672.0,93272
93274,9192.0,26707.0,93273
93275,9192.0,25826.0,93274
93276,9192.0,25581.0,93275
93277,9192.0,26186.0,93276
93278,9192.0,26403.0,93277
93279,9192.0,26425.0,93278
93280,9192.0,26307.0,93279
93281,9192.0,25960.0,93280
93282,9192.0,26473.0,93281
93283,9192.0,26470.0,93282
93284,9192.0,26528.0,93283
93285,9192.0,27303.0,93284
93286,9192.0,26947.0,93285
93287,9192.0,27015.0,93286
93288,9192.0,26598.0,93287
93289,9192.0,26003.0,93288
93290,9192.0,25997.0,93289
93291,9192.0,26369.0,93290
93292,9192.0,26043.0,93291
93293,9192.0,25439.0,93292
93294,9192.0,25138.0,93293
93295,9192.0,25008.0,93294
93296,9192.0,24682.0,93295
93297,9192.0,25570.0,93296
93298,9192.0,26338.0,93297
93299,9192.0,26617.0,93298
93300,9192.0,26483.0,93299
93301,9192.0,26663.0,93300
93302,9192.0,26662.0,93301
93303,9192.0,27122.0,93302
93304,9192.0,27136.0,93303
93305,9192.0,27110.0,93304
93306,9192.0,27187.0,93305
93307,9192.0,28361.0,93306
93308,9192.0,28202.0,93307
93309,9192.0,28202.0,93308
93310,9192.0,28202.0,93309
93311,9192.0,28840.0,93310
93312,9192.0,28543.0,93311
93313,9192.0,28730.0,93312
93314,9192.0,28504.0,93313
93315,9192.0,27966.0,93314
93316,9192.0,27966.0,93315
93317,9192.0,27843.0,93316
93318,9192.0,28014.0,93317
93319,9192.0,28384.0,93318
93320,9192.0,28380.0,93319
93321,9192.0,28234.0,93320
93322,9192.0,27370.0,93321
93323,9192.0,27370.0,93322
93324,9192.0,27990.0,93323
93325,9192.0,28001.0,93324
93326,9192.0,28051.0,93325
93327,9192.0,27503.0,93326
93328,9192.0,27484.0,93327
93329,9192.0,27207.0,93328
93330,9192.0,27207.0,93329
93331,9192.0,27421.0,93330
93332,9192.0,28460.0,93331
93333,9192.0,28016.0,93332
93334,9192.0,28016.0,93333
93335,9192.0,28021.0,93334
93336,9192.0,27624.0,93335
93337,9192.0,27495.0,93336
93338,9192.0,27768.0,93337
93339,9192.0,27757.0,93338
93340,9192.0,27785.0,93339
93341,9192.0,27785.0,93340
93342,9192.0,27703.0,93341
93343,9192.0,27915.0,93342
93344,9192.0,27752.0,93343
93345,9192.0,27565.0,93344
93346,9192.0,27615.0,93345
93347,9192.0,27707.0,93346
93348,9192.0,27676.0,93347
93349,9192.0,27987.0,93348
93350,9192.0,28122.0,93349
93351,9192.0,28323.0,93350
93352,9192.0,28070.0,93351
93353,9192.0,28070.0,93352
93354,9192.0,28152.0,93353
93355,9192.0,28152.0,93354
93356,9192.0,27896.0,93355
93357,9192.0,27896.0,93356
93358,9192.0,28637.0,93357
93359,9192.0,29766.0,93358
93360,9192.0,29785.0,93359
93361,9192.0,29798.0,93360
93362,9192.0,29186.0,93361
93363,9192.0,29511.0,93362
93364,9192.0,29831.0,93363
93365,9192.0,29819.0,93364
93366,9192.0,29819.0,93365
93367,9192.0,30232.0,93366
93368,9192.0,30786.0,93367
93369,9192.0,30748.0,93368
93370,9192.0,30444.0,93369
93371,9192.0,30649.0,93370
93372,9192.0,31071.0,93371
93373,9192.0,30559.0,93372
93374,9192.0,29928.0,93373
93375,9192.0,28940.0,93374
93376,9192.0,28940.0,93375
93377,9192.0,28499.0,93376
93378,9192.0,28353.0,93377
93379,9192.0,28431.0,93378
93380,9192.0,28370.0,93379
93381,9192.0,28350.0,93380
93382,9192.0,28393.0,93381
93383,9192.0,27251.0,93382
93384,9192.0,27774.0,93383
93385,9192.0,28680.0,93384
93386,9192.0,28645.0,93385
93387,9192.0,28544.0,93386
93388,9192.0,28540.0,93387
93389,9192.0,29215.0,93388
93390,9192.0,30592.0,93389
93391,9192.0,30655.0,93390
93392,9192.0,30686.0,93391
93393,9192.0,30741.0,93392
93394,9192.0,30050.0,93393
93395,9192.0,29882.0,93394
93396,9192.0,30179.0,93395
93397,9192.0,30179.0,93396
93398,9192.0,30058.0,93397
93399,9192.0,30181.0,93398
93400,9192.0,30467.0,93399
93401,9192.0,30563.0,93400
93402,9192.0,30442.0,93401
93403,9192.0,30976.0,93402
93404,9192.0,30976.0,93403
93405,9192.0,31022.0,93404
93406,9192.0,30566.0,93405
93407,9192.0,30689.0,93406
93408,9192.0,30507.0,93407
93409,9192.0,30792.0,93408
93410,9192.0,30290.0,93409
93411,9192.0,30021.0,93410
93412,9192.0,29979.0,93411
93413,9192.0,29943.0,93412
93414,9192.0,29943.0,93413
93415,9192.0,30143.0,93414
93416,9192.0,30907.0,93415
93417,9192.0,31020.0,93416
93418,9192.0,31172.0,93417
93419,9192.0,31202.0,93418
93420,9192.0,31142.0,93419
93421,9192.0,29927.0,93420
93422,9192.0,29492.0,93421
93423,9192.0,28301.0,93422
93424,9192.0,27400.0,93423
93425,9192.0,27400.0,93424
93426,9192.0,27238.0,93425
93427,9192.0,26781.0,93426
93428,9192.0,26939.0,93427
93429,9192.0,26679.0,93428
93430,9192.0,26803.0,93429
93431,9192.0,28354.0,93430
93432,9192.0,28584.0,93431
93433,9192.0,28978.0,93432
93434,9192.0,28711.0,93433
93435,9192.0,28048.0,93434
93436,9192.0,27149.0,93435
93437,9192.0,27176.0,93436
93438,9192.0,27201.0,93437
93439,9192.0,26582.0,93438
93440,9192.0,26859.0,93439
93441,9192.0,27500.0,93440
93442,9192.0,27336.0,93441
93443,9192.0,27252.0,93442
93444,9192.0,26534.0,93443
93445,9192.0,26505.0,93444
93446,9192.0,26060.0,93445
93447,9192.0,26182.0,93446
93448,9192.0,26182.0,93447
93449,9192.0,26405.0,93448
93450,9192.0,26435.0,93449
93451,9192.0,26737.0,93450
93452,9192.0,26434.0,93451
93453,9192.0,27224.0,93452
93454,9192.0,28058.0,93453
93455,9192.0,28301.0,93454
93456,9192.0,28126.0,93455
93457,9192.0,28436.0,93456
93458,9192.0,28921.0,93457
93459,9192.0,28866.0,93458
93460,9192.0,29034.0,93459
93461,9192.0,28936.0,93460
93462,9192.0,28935.0,93461
93463,9192.0,28730.0,93462
93464,9192.0,28552.0,93463
93465,9192.0,27825.0,93464
93466,9192.0,27825.0,93465
93467,9192.0,27078.0,93466
93468,9192.0,27167.0,93467
93469,9192.0,26902.0,93468
93470,9192.0,27030.0,93469
93471,9192.0,26946.0,93470
93472,9192.0,26933.0,93471
93473,9192.0,26750.0,93472
93474,9192.0,26621.0,93473
93475,9192.0,26608.0,93474
93476,9192.0,26528.0,93475
93477,9192.0,26492.0,93476
93478,9192.0,26492.0,93477
93479,9192.0,26504.0,93478
93480,9192.0,26416.0,93479
93481,9192.0,26459.0,93480
93482,9192.0,26155.0,93481
93483,9192.0,25265.0,93482
93484,9192.0,24991.0,93483
93485,9192.0,24847.0,93484
93486,9192.0,25172.0,93485
93487,9192.0,25322.0,93486
93488,9192.0,25458.0,93487
93489,9192.0,25558.0,93488
93490,9192.0,25790.0,93489
93491,9192.0,25937.0,93490
93492,9192.0,25401.0,93491
93493,9192.0,25836.0,93492
93494,9192.0,26068.0,93493
93495,9192.0,26339.0,93494
93496,9192.0,26268.0,93495
93497,9192.0,26269.0,93496
93498,9192.0,25162.0,93497
93499,9192.0,25162.0,93498
93500,9192.0,24529.0,93499
93501,9192.0,25307.0,93500
93502,9192.0,24983.0,93501
93503,9192.0,26135.0,93502
93504,9192.0,26105.0,93503
93505,9192.0,26440.0,93504
93506,9192.0,27151.0,93505
93507,9192.0,27177.0,93506
93508,9192.0,27432.0,93507
93509,9192.0,27432.0,93508
93510,9192.0,27846.0,93509
93511,9192.0,27758.0,93510
93512,9192.0,27465.0,93511
93513,9192.0,27525.0,93512
93514,9192.0,27525.0,93513
93515,9192.0,27519.0,93514
93516,9192.0,27487.0,93515
93517,9192.0,27220.0,93516
93518,9192.0,26951.0,93517
93519,9192.0,27452.0,93518
93520,9192.0,27317.0,93519
93521,9192.0,27317.0,93520
93522,9192.0,27738.0,93521
93523,9192.0,27134.0,93522
93524,9192.0,27112.0,93523
93525,9192.0,28187.0,93524
93526,9192.0,27910.0,93525
93527,9192.0,27910.0,93526
93528,9192.0,28616.0,93527
93529,9192.0,28527.0,93528
93530,9192.0,28527.0,93529
93531,9192.0,28599.0,93530
93532,9192.0,28627.0,93531
93533,9192.0,28886.0,93532
93534,9192.0,28886.0,93533
93535,9192.0,28701.0,93534
93536,9192.0,28624.0,93535
93537,9192.0,28628.0,93536
93538,9192.0,28623.0,93537
93539,9192.0,28803.0,93538
93540,9192.0,28789.0,93539
93541,9192.0,28732.0,93540
93542,9192.0,28858.0,93541
93543,9192.0,28858.0,93542
93544,9192.0,28872.0,93543
93545,9192.0,28937.0,93544
93546,9192.0,29242.0,93545
93547,9192.0,29237.0,93546
93548,9192.0,29237.0,93547
93549,9192.0,28728.0,93548
93550,9192.0,28969.0,93549
93551,9192.0,28755.0,93550
93552,9192.0,27789.0,93551
93553,9192.0,27994.0,93552
93554,9192.0,27985.0,93553
93555,9192.0,28018.0,93554
93556,9192.0,28018.0,93555
93557,9192.0,28124.0,93556
93558,9192.0,27612.0,93557
93559,9192.0,28133.0,93558
93560,9192.0,28555.0,93559
93561,9192.0,28561.0,93560
93562,9192.0,28500.0,93561
93563,9192.0,28511.0,93562
93564,9192.0,28644.0,93563
93565,9192.0,28889.0,93564
93566,9192.0,28876.0,93565
93567,9192.0,28921.0,93566
93568,9192.0,28722.0,93567
93569,9192.0,28722.0,93568
93570,9192.0,28665.0,93569
93571,9192.0,28652.0,93570
93572,9192.0,28638.0,93571
93573,9192.0,28523.0,93572
93574,9192.0,28523.0,93573
93575,9192.0,29483.0,93574
93576,9192.0,27884.0,93575
93577,9192.0,28003.0,93576
93578,9192.0,28083.0,93577
93579,9192.0,28132.0,93578
93580,9192.0,28132.0,93579
93581,9192.0,28149.0,93580
93582,9192.0,27817.0,93581
93583,9192.0,28185.0,93582
93584,9192.0,28408.0,93583
93585,9192.0,29200.0,93584
93586,9192.0,28402.0,93585
93587,9192.0,27945.0,93586
93588,9192.0,28835.0,93587
93589,9192.0,28787.0,93588
93590,9192.0,27792.0,93589
93591,9192.0,28278.0,93590
93592,9192.0,28353.0,93591
93593,9192.0,27978.0,93592
93594,9192.0,27870.0,93593
93595,9192.0,28515.0,93594
93596,9192.0,29132.0,93595
93597,9192.0,29380.0,93596
93598,9192.0,29410.0,93597
93599,9192.0,29558.0,93598
93600,9192.0,29329.0,93599
93601,9192.0,29776.0,93600
93602,9192.0,29796.0,93601
93603,9192.0,29620.0,93602
93604,9192.0,28606.0,93603
93605,9192.0,28616.0,93604
93606,9192.0,28461.0,93605
93607,9192.0,28667.0,93606
93608,9192.0,28667.0,93607
93609,9192.0,28834.0,93608
93610,9192.0,28812.0,93609
93611,9192.0,28761.0,93610
93612,9192.0,28878.0,93611
93613,9192.0,29090.0,93612
93614,9192.0,28764.0,93613
93615,9192.0,28539.0,93614
93616,9192.0,27305.0,93615
93617,9192.0,28301.0,93616
93618,9192.0,28590.0,93617
93619,9192.0,28503.0,93618
93620,9192.0,28799.0,93619
93621,9192.0,27765.0,93620
93622,9192.0,27441.0,93621
93623,9192.0,27602.0,93622
93624,9192.0,27696.0,93623
93625,9192.0,27913.0,93624
93626,9192.0,27913.0,93625
93627,9192.0,27335.0,93626
93628,9192.0,26922.0,93627
93629,9192.0,27012.0,93628
93630,9192.0,27395.0,93629
93631,9192.0,27078.0,93630
93632,9192.0,27018.0,93631
93633,9192.0,27292.0,93632
93634,9192.0,27332.0,93633
93635,9192.0,27316.0,93634
93636,9192.0,27188.0,93635
93637,9192.0,26428.0,93636
93638,9192.0,26428.0,93637
93639,9192.0,26428.0,93638
93640,9192.0,26539.0,93639
93641,9192.0,26976.0,93640
93642,9192.0,27191.0,93641
93643,9192.0,27558.0,93642
93644,9192.0,27558.0,93643
93645,9192.0,27523.0,93644
93646,9192.0,27751.0,93645
93647,9192.0,28200.0,93646
93648,9192.0,28334.0,93647
93649,9192.0,27868.0,93648
93650,9192.0,28472.0,93649
93651,9192.0,28603.0,93650
93652,9192.0,28603.0,93651
93653,9192.0,28227.0,93652
93654,9192.0,28359.0,93653
93655,9192.0,28359.0,93654
93656,9192.0,27701.0,93655
93657,9192.0,27797.0,93656
93658,9192.0,27640.0,93657
93659,9192.0,27462.0,93658
93660,9192.0,27579.0,93659
93661,9192.0,27186.0,93660
93662,9192.0,27743.0,93661
93663,9192.0,28103.0,93662
93664,9192.0,29499.0,93663
93665,9192.0,28443.0,93664
93666,9192.0,29135.0,93665
93667,9192.0,29793.0,93666
93668,9192.0,29807.0,93667
93669,9192.0,31339.0,93668
93670,9192.0,31496.0,93669
93671,9192.0,31496.0,93670
93672,9192.0,31587.0,93671
93673,9192.0,31955.0,93672
93674,9192.0,31489.0,93673
93675,9192.0,30304.0,93674
93676,9192.0,29931.0,93675
93677,9192.0,29702.0,93676
93678,9192.0,28878.0,93677
93679,9192.0,28124.0,93678
93680,9192.0,28793.0,93679
93681,9192.0,28749.0,93680
93682,9192.0,29846.0,93681
93683,9192.0,29847.0,93682
93684,9192.0,30196.0,93683
93685,9192.0,28385.0,93684
93686,9192.0,28329.0,93685
93687,9192.0,28343.0,93686
93688,9192.0,29011.0,93687
93689,9192.0,28177.0,93688
93690,9192.0,27524.0,93689
93691,9192.0,27809.0,93690
93692,9192.0,27886.0,93691
93693,9192.0,28341.0,93692
93694,9192.0,28179.0,93693
93695,9192.0,27851.0,93694
93696,9192.0,27884.0,93695
93697,9192.0,27564.0,93696
93698,9192.0,27564.0,93697
93699,9192.0,27666.0,93698
93700,9192.0,28472.0,93699
93701,9192.0,28675.0,93700
93702,9192.0,30233.0,93701
93703,9192.0,30321.0,93702
93704,9192.0,30321.0,93703
93705,9192.0,30388.0,93704
93706,9192.0,30354.0,93705
93707,9192.0,30354.0,93706
93708,9192.0,30383.0,93707
93709,9192.0,30501.0,93708
93710,9192.0,29790.0,93709
93711,9192.0,29846.0,93710
93712,9192.0,29994.0,93711
93713,9192.0,30108.0,93712
93714,9192.0,30108.0,93713
93715,9192.0,30120.0,93714
93716,9192.0,30246.0,93715
93717,9192.0,29798.0,93716
93718,9192.0,29566.0,93717
93719,9192.0,30023.0,93718
93720,9192.0,29986.0,93719
93721,9192.0,29314.0,93720
93722,9192.0,28550.0,93721
93723,9192.0,27975.0,93722
93724,9192.0,28311.0,93723
93725,9192.0,28214.0,93724
93726,9192.0,28147.0,93725
93727,9192.0,28567.0,93726
93728,9192.0,27881.0,93727
93729,9192.0,27881.0,93728
93730,9192.0,27732.0,93729
93731,9192.0,27600.0,93730
93732,9192.0,27623.0,93731
93733,9192.0,27800.0,93732
93734,9192.0,27779.0,93733
93735,9192.0,27730.0,93734
93736,9192.0,28204.0,93735
93737,9192.0,28395.0,93736
93738,9192.0,28777.0,93737
93739,9192.0,28246.0,93738
93740,9192.0,26954.0,93739
93741,9192.0,27242.0,93740
93742,9192.0,27299.0,93741
93743,9192.0,27311.0,93742
93744,9192.0,27306.0,93743
93745,9192.0,27144.0,93744
93746,9192.0,27045.0,93745
93747,9192.0,27136.0,93746
93748,9192.0,26780.0,93747
93749,9192.0,26492.0,93748
93750,9192.0,26492.0,93749
93751,9192.0,26918.0,93750
93752,9192.0,26287.0,93751
93753,9192.0,27056.0,93752
93754,9192.0,27056.0,93753
93755,9192.0,27051.0,93754
93756,9192.0,26980.0,93755
93757,9192.0,27356.0,93756
93758,9192.0,27327.0,93757
93759,9192.0,27278.0,93758
93760,9192.0,27442.0,93759
93761,9192.0,27777.0,93760
93762,9192.0,28072.0,93761
93763,9192.0,28039.0,93762
93764,9192.0,27991.0,93763
93765,9192.0,27332.0,93764
93766,9192.0,27296.0,93765
93767,9192.0,27108.0,93766
93768,9192.0,27538.0,93767
93769,9192.0,27854.0,93768
93770,9192.0,28457.0,93769
93771,9192.0,28140.0,93770
93772,9192.0,28347.0,93771
93773,9192.0,28030.0,93772
93774,9192.0,27642.0,93773
93775,9192.0,27669.0,93774
93776,9192.0,28274.0,93775
93777,9192.0,28391.0,93776
93778,9192.0,28392.0,93777
93779,9192.0,28468.0,93778
93780,9192.0,28580.0,93779
93781,9192.0,28580.0,93780
93782,9192.0,27525.0,93781
93783,9192.0,27087.0,93782
93784,9192.0,27002.0,93783
93785,9192.0,27002.0,93784
93786,9192.0,26636.0,93785
93787,9192.0,26825.0,93786
93788,9192.0,26719.0,93787
93789,9192.0,27121.0,93788
93790,9192.0,27031.0,93789
93791,9192.0,27031.0,93790
93792,9192.0,27259.0,93791
93793,9192.0,27711.0,93792
93794,9192.0,28160.0,93793
93795,9192.0,28160.0,93794
93796,9192.0,28097.0,93795
93797,9192.0,28097.0,93796
93798,9192.0,27783.0,93797
93799,9192.0,27692.0,93798
93800,9192.0,27723.0,93799
93801,9192.0,27738.0,93800
93802,9192.0,27738.0,93801
93803,9192.0,27476.0,93802
93804,9192.0,27409.0,93803
93805,9192.0,26920.0,93804
93806,9192.0,26579.0,93805
93807,9192.0,26602.0,93806
93808,9192.0,26622.0,93807
93809,9192.0,26668.0,93808
93810,9192.0,26372.0,93809
93811,9192.0,26384.0,93810
93812,9192.0,27239.0,93811
93813,9192.0,27749.0,93812
93814,9192.0,27626.0,93813
93815,9192.0,27821.0,93814
93816,9192.0,28322.0,93815
93817,9192.0,28322.0,93816
93818,9192.0,28242.0,93817
93819,9192.0,28469.0,93818
93820,9192.0,28726.0,93819
93821,9192.0,28735.0,93820
93822,9192.0,28718.0,93821
93823,9192.0,28310.0,93822
93824,9192.0,28310.0,93823
93825,9192.0,28503.0,93824
93826,9192.0,28537.0,93825
93827,9192.0,29502.0,93826
93828,9192.0,29591.0,93827
93829,9192.0,29385.0,93828
93830,9192.0,29335.0,93829
93831,9192.0,29328.0,93830
93832,9192.0,28932.0,93831
93833,9192.0,28928.0,93832
93834,9192.0,29099.0,93833
93835,9192.0,29465.0,93834
93836,9192.0,29703.0,93835
93837,9192.0,30055.0,93836
93838,9192.0,30257.0,93837
93839,9192.0,31003.0,93838
93840,9192.0,31136.0,93839
93841,9192.0,31136.0,93840
93842,9192.0,30740.0,93841
93843,9192.0,30302.0,93842
93844,9192.0,30364.0,93843
93845,9192.0,30354.0,93844
93846,9192.0,30067.0,93845
93847,9192.0,29583.0,93846
93848,9192.0,30136.0,93847
93849,9192.0,30067.0,93848
93850,9192.0,30676.0,93849
93851,9192.0,30682.0,93850
93852,9192.0,30952.0,93851
93853,9192.0,31595.0,93852
93854,9192.0,32055.0,93853
93855,9192.0,32335.0,93854
93856,9192.0,31995.0,93855
93857,9192.0,31725.0,93856
93858,9192.0,31725.0,93857
93859,9192.0,31727.0,93858
93860,9192.0,31568.0,93859
93861,9192.0,30777.0,93860
93862,9192.0,31831.0,93861
93863,9192.0,31894.0,93862
93864,9192.0,32301.0,93863
93865,9192.0,32339.0,93864
93866,9192.0,30280.0,93865
93867,9192.0,30280.0,93866
93868,9192.0,30265.0,93867
93869,9192.0,30000.0,93868
93870,9192.0,29937.0,93869
93871,9192.0,30334.0,93870
93872,9192.0,31285.0,93871
93873,9192.0,31418.0,93872
93874,9192.0,30728.0,93873
93875,9192.0,31089.0,93874
93876,9192.0,31200.0,93875
93877,9192.0,31229.0,93876
93878,9192.0,30321.0,93877
93879,9192.0,30345.0,93878
93880,9192.0,30553.0,93879
93881,9192.0,30520.0,93880
93882,9192.0,30581.0,93881
93883,9192.0,30964.0,93882
93884,9192.0,30195.0,93883
93885,9192.0,30093.0,93884
93886,9192.0,30028.0,93885
93887,9192.0,30044.0,93886
93888,9192.0,29770.0,93887
93889,9192.0,29094.0,93888
93890,9192.0,28508.0,93889
93891,9192.0,28780.0,93890
93892,9192.0,28806.0,93891
93893,9192.0,28803.0,93892
93894,9192.0,28500.0,93893
93895,9192.0,28500.0,93894
93896,9192.0,28602.0,93895
93897,9192.0,28609.0,93896
93898,9192.0,28567.0,93897
93899,9192.0,27179.0,93898
93900,9192.0,28192.0,93899
93901,9192.0,28390.0,93900
93902,9192.0,28124.0,93901
93903,9192.0,29507.0,93902
93904,9192.0,29818.0,93903
93905,9192.0,29778.0,93904
93906,9192.0,29368.0,93905
93907,9192.0,29466.0,93906
93908,9192.0,29434.0,93907
93909,9192.0,29001.0,93908
93910,9192.0,27999.0,93909
93911,9192.0,28726.0,93910
93912,9192.0,28377.0,93911
93913,9192.0,28217.0,93912
93914,9192.0,28237.0,93913
93915,9192.0,28002.0,93914
93916,9192.0,28021.0,93915
93917,9192.0,28084.0,93916
93918,9192.0,28045.0,93917
93919,9192.0,28065.0,93918
93920,9192.0,28443.0,93919
93921,9192.0,28155.0,93920
93922,9192.0,27903.0,93921
93923,9192.0,28031.0,93922
93924,9192.0,27729.0,93923
93925,9192.0,27771.0,93924
93926,9192.0,27651.0,93925
93927,9192.0,27961.0,93926
93928,9192.0,28054.0,93927
93929,9192.0,28016.0,93928
93930,9192.0,28227.0,93929
93931,9192.0,28391.0,93930
93932,9192.0,28625.0,93931
93933,9192.0,28194.0,93932
93934,9192.0,27968.0,93933
93935,9192.0,27196.0,93934
93936,9192.0,27591.0,93935
93937,9192.0,28486.0,93936
93938,9192.0,28402.0,93937
93939,9192.0,27530.0,93938
93940,9192.0,27566.0,93939
93941,9192.0,27209.0,93940
93942,9192.0,26857.0,93941
93943,9192.0,26333.0,93942
93944,9192.0,26003.0,93943
93945,9192.0,25519.0,93944
93946,9192.0,25519.0,93945
93947,9192.0,25519.0,93946
93948,9192.0,27066.0,93947
93949,9192.0,27087.0,93948
93950,9192.0,26982.0,93949
93951,9192.0,27160.0,93950
93952,9192.0,26985.0,93951
93953,9192.0,26314.0,93952
93954,9192.0,26335.0,93953
93955,9192.0,26850.0,93954
93956,9192.0,26969.0,93955
93957,9192.0,27038.0,93956
93958,9192.0,27406.0,93957
93959,9192.0,28200.0,93958
93960,9192.0,28132.0,93959
93961,9192.0,28009.0,93960
93962,9192.0,28408.0,93961
93963,9192.0,28414.0,93962
93964,9192.0,28394.0,93963
93965,9192.0,28414.0,93964
93966,9192.0,28409.0,93965
93967,9192.0,28174.0,93966
93968,9192.0,29069.0,93967
93969,9192.0,28905.0,93968
93970,9192.0,28648.0,93969
93971,9192.0,28648.0,93970
93972,9192.0,28958.0,93971
93973,9192.0,29024.0,93972
93974,9192.0,28515.0,93973
93975,9192.0,27766.0,93974
93976,9192.0,27766.0,93975
93977,9192.0,28394.0,93976
93978,9192.0,28575.0,93977
93979,9192.0,28521.0,93978
93980,9192.0,28273.0,93979
93981,9192.0,28645.0,93980
93982,9192.0,28084.0,93981
93983,9192.0,29933.0,93982
93984,9192.0,29937.0,93983
93985,9192.0,29832.0,93984
93986,9192.0,29941.0,93985
93987,9192.0,29941.0,93986
93988,9192.0,29941.0,93987
93989,9192.0,29787.0,93988
93990,9192.0,29559.0,93989
93991,9192.0,29152.0,93990
93992,9192.0,29253.0,93991
93993,9192.0,29788.0,93992
93994,9192.0,29364.0,93993
93995,9192.0,29857.0,93994
93996,9192.0,30478.0,93995
93997,9192.0,30052.0,93996
93998,9192.0,30325.0,93997
93999,9192.0,30430.0,93998
94000,9192.0,30240.0,93999
94001,9192.0,30495.0,94000
94002,9192.0,30265.0,94001
94003,9192.0,30119.0,94002
94004,9192.0,30226.0,94003
94005,9192.0,30162.0,94004
94006,9192.0,30119.0,94005
94007,9192.0,29161.0,94006
94008,9192.0,29344.0,94007
94009,9192.0,28735.0,94008
94010,9192.0,29209.0,94009
94011,9192.0,29452.0,94010
94012,9192.0,29449.0,94011
94013,9192.0,29416.0,94012
94014,9192.0,29192.0,94013
94015,9192.0,29216.0,94014
94016,9192.0,29247.0,94015
94017,9192.0,28663.0,94016
94018,9192.0,29072.0,94017
94019,9192.0,29091.0,94018
94020,9192.0,29036.0,94019
94021,9192.0,29106.0,94020
94022,9192.0,29108.0,94021
94023,9192.0,29108.0,94022
94024,9192.0,28618.0,94023
94025,9192.0,28353.0,94024
94026,9192.0,28353.0,94025
94027,9192.0,27982.0,94026
94028,9192.0,28400.0,94027
94029,9192.0,28717.0,94028
94030,9192.0,29352.0,94029
94031,9192.0,27786.0,94030
94032,9192.0,27704.0,94031
94033,9192.0,28333.0,94032
94034,9192.0,28400.0,94033
94035,9192.0,28067.0,94034
94036,9192.0,27957.0,94035
94037,9192.0,28159.0,94036
94038,9192.0,29626.0,94037
94039,9192.0,29413.0,94038
94040,9192.0,29413.0,94039
94041,9192.0,29385.0,94040
94042,9192.0,29398.0,94041
94043,9192.0,29397.0,94042
94044,9192.0,29286.0,94043
94045,9192.0,29065.0,94044
94046,9192.0,28129.0,94045
94047,9192.0,27880.0,94046
94048,9192.0,27505.0,94047
94049,9192.0,27786.0,94048
94050,9192.0,27644.0,94049
94051,9192.0,27886.0,94050
94052,9192.0,27808.0,94051
94053,9192.0,28253.0,94052
94054,9192.0,28005.0,94053
94055,9192.0,28005.0,94054
94056,9192.0,29078.0,94055
94057,9192.0,30390.0,94056
94058,9192.0,30443.0,94057
94059,9192.0,30464.0,94058
94060,9192.0,30707.0,94059
94061,9192.0,30729.0,94060
94062,9192.0,30555.0,94061
94063,9192.0,29439.0,94062
94064,9192.0,29229.0,94063
94065,9192.0,29229.0,94064
94066,9192.0,29071.0,94065
94067,9192.0,30069.0,94066
94068,9192.0,30618.0,94067
94069,9192.0,30344.0,94068
94070,9192.0,31329.0,94069
94071,9192.0,31599.0,94070
94072,9192.0,29678.0,94071
94073,9192.0,29864.0,94072
94074,9192.0,29270.0,94073
94075,9192.0,29927.0,94074
94076,9192.0,30256.0,94075
94077,9192.0,30528.0,94076
94078,9192.0,30140.0,94077
94079,9192.0,30453.0,94078
94080,9192.0,30470.0,94079
94081,9192.0,30101.0,94080
94082,9192.0,29930.0,94081
94083,9192.0,29698.0,94082
94084,9192.0,29648.0,94083
94085,9192.0,28331.0,94084
94086,9192.0,28298.0,94085
94087,9192.0,28525.0,94086
94088,9192.0,29751.0,94087
94089,9192.0,29509.0,94088
94090,9192.0,29534.0,94089
94091,9192.0,29365.0,94090
94092,9192.0,29183.0,94091
94093,9192.0,29692.0,94092
94094,9192.0,28676.0,94093
94095,9192.0,28693.0,94094
94096,9192.0,28513.0,94095
94097,9192.0,26911.0,94096
94098,9192.0,26852.0,94097
94099,9192.0,26337.0,94098
94100,9192.0,26049.0,94099
94101,9192.0,26116.0,94100
94102,9192.0,26048.0,94101
94103,9192.0,26062.0,94102
94104,9192.0,26249.0,94103
94105,9192.0,26636.0,94104
94106,9192.0,27000.0,94105
94107,9192.0,27480.0,94106
94108,9192.0,28260.0,94107
94109,9192.0,28253.0,94108
94110,9192.0,28253.0,94109
94111,9192.0,28302.0,94110
94112,9192.0,27254.0,94111
94113,9192.0,27129.0,94112
94114,9192.0,27129.0,94113
94115,9192.0,26760.0,94114
94116,9192.0,26725.0,94115
94117,9192.0,26691.0,94116
94118,9192.0,26702.0,94117
94119,9192.0,26932.0,94118
94120,9192.0,26490.0,94119
94121,9192.0,26490.0,94120
94122,9192.0,26490.0,94121
94123,9192.0,26490.0,94122
94124,9192.0,26451.0,94123
94125,9192.0,26451.0,94124
94126,9192.0,27233.0,94125
94127,9192.0,27308.0,94126
94128,9192.0,27348.0,94127
94129,9192.0,27562.0,94128
94130,9192.0,27838.0,94129
94131,9192.0,27774.0,94130
94132,9192.0,27447.0,94131
94133,9192.0,28081.0,94132
94134,9192.0,28427.0,94133
94135,9192.0,28441.0,94134
94136,9192.0,28037.0,94135
94137,9192.0,28037.0,94136
94138,9192.0,28166.0,94137
94139,9192.0,27929.0,94138
94140,9192.0,27929.0,94139
94141,9192.0,27595.0,94140
94142,9192.0,26959.0,94141
94143,9192.0,26950.0,94142
94144,9192.0,26791.0,94143
94145,9192.0,27506.0,94144
94146,9192.0,27598.0,94145
94147,9192.0,27646.0,94146
94148,9192.0,27441.0,94147
94149,9192.0,27483.0,94148
94150,9192.0,27117.0,94149
94151,9192.0,28259.0,94150
94152,9192.0,28259.0,94151
94153,9192.0,28259.0,94152
94154,9192.0,28883.0,94153
94155,9192.0,28596.0,94154
94156,9192.0,29470.0,94155
94157,9192.0,28709.0,94156
94158,9192.0,28487.0,94157
94159,9192.0,28557.0,94158
94160,9192.0,29233.0,94159
94161,9192.0,29542.0,94160
94162,9192.0,29562.0,94161
94163,9192.0,28760.0,94162
94164,9192.0,28683.0,94163
94165,9192.0,28975.0,94164
94166,9192.0,27385.0,94165
94167,9192.0,27322.0,94166
94168,9192.0,27338.0,94167
94169,9192.0,27693.0,94168
94170,9192.0,27761.0,94169
94171,9192.0,27703.0,94170
94172,9192.0,27703.0,94171
94173,9192.0,27615.0,94172
94174,9192.0,28271.0,94173
94175,9192.0,27195.0,94174
94176,9192.0,27330.0,94175
94177,9192.0,27152.0,94176
94178,9192.0,26862.0,94177
94179,9192.0,27835.0,94178
94180,9192.0,28058.0,94179
94181,9192.0,29102.0,94180
94182,9192.0,29102.0,94181
94183,9192.0,28201.0,94182
94184,9192.0,28053.0,94183
94185,9192.0,28062.0,94184
94186,9192.0,26370.0,94185
94187,9192.0,26360.0,94186
94188,9192.0,26036.0,94187
94189,9192.0,26009.0,94188
94190,9192.0,26009.0,94189
94191,9192.0,26009.0,94190
94192,9192.0,25310.0,94191
94193,9192.0,25118.0,94192
94194,9192.0,25563.0,94193
94195,9192.0,25628.0,94194
94196,9192.0,25630.0,94195
94197,9192.0,25520.0,94196
94198,9192.0,25442.0,94197
94199,9192.0,25442.0,94198
94200,9192.0,25530.0,94199
94201,9192.0,25871.0,94200
94202,9192.0,25871.0,94201
94203,9192.0,25291.0,94202
94204,9192.0,25223.0,94203
94205,9192.0,25237.0,94204
94206,9192.0,25237.0,94205
94207,9192.0,24574.0,94206
94208,9192.0,24606.0,94207
94209,9192.0,24611.0,94208
94210,9192.0,25140.0,94209
94211,9192.0,24999.0,94210
94212,9192.0,25149.0,94211
94213,9192.0,25089.0,94212
94214,9192.0,25820.0,94213
94215,9192.0,25764.0,94214
94216,9192.0,25763.0,94215
94217,9192.0,25718.0,94216
94218,9192.0,25731.0,94217
94219,9192.0,26494.0,94218
94220,9192.0,26597.0,94219
94221,9192.0,26498.0,94220
94222,9192.0,26189.0,94221
94223,9192.0,26447.0,94222
94224,9192.0,26447.0,94223
94225,9192.0,26429.0,94224
94226,9192.0,26105.0,94225
94227,9192.0,25976.0,94226
94228,9192.0,25553.0,94227
94229,9192.0,25553.0,94228
94230,9192.0,25553.0,94229
94231,9192.0,25498.0,94230
94232,9192.0,25240.0,94231
94233,9192.0,25594.0,94232
94234,9192.0,25904.0,94233
94235,9192.0,25628.0,94234
94236,9192.0,25687.0,94235
94237,9192.0,25687.0,94236
94238,9192.0,26032.0,94237
94239,9192.0,26122.0,94238
94240,9192.0,26580.0,94239
94241,9192.0,26507.0,94240
94242,9192.0,26510.0,94241
94243,9192.0,26530.0,94242
94244,9192.0,26178.0,94243
94245,9192.0,26224.0,94244
94246,9192.0,26001.0,94245
94247,9192.0,26121.0,94246
94248,9192.0,26008.0,94247
94249,9192.0,26182.0,94248
94250,9192.0,27019.0,94249
94251,9192.0,26829.0,94250
94252,9192.0,28003.0,94251
94253,9192.0,28081.0,94252
94254,9192.0,28015.0,94253
94255,9192.0,27851.0,94254
94256,9192.0,28539.0,94255
94257,9192.0,28554.0,94256
94258,9192.0,28554.0,94257
94259,9192.0,28776.0,94258
94260,9192.0,28710.0,94259
94261,9192.0,29365.0,94260
94262,9192.0,29397.0,94261
94263,9192.0,30684.0,94262
94264,9192.0,31519.0,94263
94265,9192.0,31244.0,94264
94266,9192.0,31217.0,94265
94267,9192.0,30878.0,94266
94268,9192.0,30725.0,94267
94269,9192.0,30985.0,94268
94270,9192.0,30985.0,94269
94271,9192.0,30718.0,94270
94272,9192.0,30413.0,94271
94273,9192.0,30591.0,94272
94274,9192.0,30527.0,94273
94275,9192.0,30499.0,94274
94276,9192.0,30561.0,94275
94277,9192.0,30561.0,94276
94278,9192.0,30671.0,94277
94279,9192.0,31092.0,94278
94280,9192.0,31702.0,94279
94281,9192.0,31323.0,94280
94282,9192.0,31244.0,94281
94283,9192.0,31215.0,94282
94284,9192.0,31271.0,94283
94285,9192.0,31443.0,94284
94286,9192.0,31776.0,94285
94287,9192.0,30336.0,94286
94288,9192.0,30573.0,94287
94289,9192.0,30470.0,94288
94290,9192.0,30670.0,94289
94291,9192.0,29675.0,94290
94292,9192.0,28150.0,94291
94293,9192.0,28973.0,94292
94294,9192.0,28852.0,94293
94295,9192.0,28788.0,94294
94296,9192.0,29256.0,94295
94297,9192.0,27692.0,94296
94298,9192.0,27692.0,94297
94299,9192.0,26981.0,94298
94300,9192.0,26115.0,94299
94301,9192.0,27506.0,94300
94302,9192.0,28176.0,94301
94303,9192.0,27996.0,94302
94304,9192.0,27996.0,94303
94305,9192.0,27964.0,94304
94306,9192.0,28020.0,94305
94307,9192.0,29436.0,94306
94308,9192.0,28097.0,94307
94309,9192.0,28440.0,94308
94310,9192.0,28511.0,94309
94311,9192.0,28503.0,94310
94312,9192.0,29605.0,94311
94313,9192.0,29150.0,94312
94314,9192.0,28822.0,94313
94315,9192.0,28243.0,94314
94316,9192.0,28436.0,94315
94317,9192.0,28315.0,94316
94318,9192.0,28711.0,94317
94319,9192.0,28776.0,94318
94320,9192.0,28554.0,94319
94321,9192.0,28544.0,94320
94322,9192.0,29877.0,94321
94323,9192.0,29762.0,94322
94324,9192.0,29558.0,94323
94325,9192.0,29555.0,94324
94326,9192.0,29582.0,94325
94327,9192.0,30078.0,94326
94328,9192.0,29903.0,94327
94329,9192.0,30061.0,94328
94330,9192.0,29992.0,94329
94331,9192.0,29939.0,94330
94332,9192.0,30340.0,94331
94333,9192.0,30119.0,94332
94334,9192.0,29974.0,94333
94335,9192.0,29933.0,94334
94336,9192.0,29251.0,94335
94337,9192.0,29177.0,94336
94338,9192.0,28761.0,94337
94339,9192.0,28485.0,94338
94340,9192.0,28393.0,94339
94341,9192.0,28376.0,94340
94342,9192.0,28376.0,94341
94343,9192.0,28376.0,94342
94344,9192.0,29305.0,94343
94345,9192.0,29773.0,94344
94346,9192.0,29555.0,94345
94347,9192.0,29736.0,94346
94348,9192.0,28521.0,94347
94349,9192.0,28620.0,94348
94350,9192.0,27958.0,94349
94351,9192.0,27958.0,94350
94352,9192.0,27970.0,94351
94353,9192.0,27654.0,94352
94354,9192.0,27662.0,94353
94355,9192.0,27380.0,94354
94356,9192.0,27458.0,94355
94357,9192.0,26848.0,94356
94358,9192.0,26836.0,94357
94359,9192.0,26948.0,94358
94360,9192.0,26824.0,94359
94361,9192.0,26866.0,94360
94362,9192.0,26758.0,94361
94363,9192.0,26747.0,94362
94364,9192.0,26379.0,94363
94365,9192.0,26258.0,94364
94366,9192.0,25540.0,94365
94367,9192.0,26333.0,94366
94368,9192.0,26305.0,94367
94369,9192.0,27022.0,94368
94370,9192.0,27170.0,94369
94371,9192.0,26991.0,94370
94372,9192.0,26514.0,94371
94373,9192.0,26485.0,94372
94374,9192.0,26549.0,94373
94375,9192.0,26672.0,94374
94376,9192.0,26549.0,94375
94377,9192.0,26470.0,94376
94378,9192.0,26470.0,94377
94379,9192.0,26631.0,94378
94380,9192.0,26568.0,94379
94381,9192.0,26954.0,94380
94382,9192.0,26966.0,94381
94383,9192.0,27881.0,94382
94384,9192.0,28317.0,94383
94385,9192.0,28324.0,94384
94386,9192.0,27496.0,94385
94387,9192.0,27537.0,94386
94388,9192.0,27570.0,94387
94389,9192.0,28356.0,94388
94390,9192.0,28505.0,94389
94391,9192.0,28420.0,94390
94392,9192.0,28337.0,94391
94393,9192.0,28897.0,94392
94394,9192.0,28930.0,94393
94395,9192.0,28860.0,94394
94396,9192.0,28706.0,94395
94397,9192.0,28750.0,94396
94398,9192.0,28763.0,94397
94399,9192.0,29170.0,94398
94400,9192.0,29936.0,94399
94401,9192.0,28591.0,94400
94402,9192.0,28631.0,94401
94403,9192.0,28621.0,94402
94404,9192.0,28524.0,94403
94405,9192.0,28524.0,94404
94406,9192.0,28439.0,94405
94407,9192.0,28454.0,94406
94408,9192.0,28686.0,94407
94409,9192.0,28164.0,94408
94410,9192.0,29110.0,94409
94411,9192.0,29240.0,94410
94412,9192.0,29156.0,94411
94413,9192.0,29755.0,94412
94414,9192.0,29572.0,94413
94415,9192.0,29144.0,94414
94416,9192.0,29343.0,94415
94417,9192.0,28915.0,94416
94418,9192.0,28998.0,94417
94419,9192.0,28755.0,94418
94420,9192.0,28760.0,94419
94421,9192.0,29077.0,94420
94422,9192.0,29600.0,94421
94423,9192.0,29731.0,94422
94424,9192.0,28555.0,94423
94425,9192.0,28639.0,94424
94426,9192.0,28375.0,94425
94427,9192.0,28427.0,94426
94428,9192.0,28661.0,94427
94429,9192.0,28805.0,94428
94430,9192.0,28542.0,94429
94431,9192.0,29003.0,94430
94432,9192.0,29003.0,94431
94433,9192.0,28260.0,94432
94434,9192.0,29200.0,94433
94435,9192.0,29473.0,94434
94436,9192.0,29473.0,94435
94437,9192.0,29667.0,94436
94438,9192.0,29451.0,94437
94439,9192.0,29878.0,94438
94440,9192.0,29309.0,94439
94441,9192.0,29309.0,94440
94442,9192.0,29292.0,94441
94443,9192.0,29023.0,94442
94444,9192.0,29016.0,94443
94445,9192.0,29118.0,94444
94446,9192.0,29292.0,94445
94447,9192.0,29225.0,94446
94448,9192.0,29203.0,94447
94449,9192.0,29499.0,94448
94450,9192.0,29510.0,94449
94451,9192.0,29471.0,94450
94452,9192.0,28523.0,94451
94453,9192.0,28436.0,94452
94454,9192.0,28242.0,94453
94455,9192.0,28310.0,94454
94456,9192.0,28256.0,94455
94457,9192.0,29229.0,94456
94458,9192.0,29458.0,94457
94459,9192.0,29766.0,94458
94460,9192.0,29623.0,94459
94461,9192.0,28318.0,94460
94462,9192.0,28481.0,94461
94463,9192.0,27687.0,94462
94464,9192.0,27396.0,94463
94465,9192.0,28507.0,94464
94466,9192.0,28318.0,94465
94467,9192.0,28478.0,94466
94468,9192.0,29003.0,94467
94469,9192.0,28903.0,94468
94470,9192.0,28903.0,94469
94471,9192.0,28784.0,94470
94472,9192.0,28776.0,94471
94473,9192.0,28751.0,94472
94474,9192.0,28751.0,94473
94475,9192.0,28751.0,94474
94476,9192.0,28507.0,94475
94477,9192.0,28349.0,94476
94478,9192.0,28315.0,94477
94479,9192.0,28258.0,94478
94480,9192.0,28175.0,94479
94481,9192.0,28746.0,94480
94482,9192.0,29004.0,94481
94483,9192.0,29056.0,94482
94484,9192.0,28859.0,94483
94485,9192.0,28909.0,94484
94486,9192.0,29258.0,94485
94487,9192.0,29109.0,94486
94488,9192.0,29071.0,94487
94489,9192.0,28985.0,94488
94490,9192.0,28980.0,94489
94491,9192.0,29905.0,94490
94492,9192.0,30244.0,94491
94493,9192.0,30259.0,94492
94494,9192.0,30213.0,94493
94495,9192.0,30234.0,94494
94496,9192.0,29071.0,94495
94497,9192.0,29851.0,94496
94498,9192.0,30342.0,94497
94499,9192.0,30517.0,94498
94500,9192.0,30647.0,94499
94501,9192.0,31923.0,94500
94502,9192.0,31734.0,94501
94503,9192.0,31681.0,94502
94504,9192.0,31681.0,94503
94505,9192.0,31882.0,94504
94506,9192.0,31845.0,94505
94507,9192.0,31197.0,94506
94508,9192.0,30919.0,94507
94509,9192.0,30919.0,94508
94510,9192.0,30910.0,94509
94511,9192.0,32310.0,94510
94512,9192.0,32288.0,94511
94513,9192.0,32294.0,94512
94514,9192.0,32243.0,94513
94515,9192.0,31926.0,94514
94516,9192.0,32044.0,94515
94517,9192.0,32079.0,94516
94518,9192.0,31499.0,94517
94519,9192.0,30015.0,94518
94520,9192.0,29560.0,94519
94521,9192.0,29562.0,94520
94522,9192.0,29544.0,94521
94523,9192.0,29609.0,94522
94524,9192.0,29541.0,94523
94525,9192.0,30280.0,94524
94526,9192.0,30280.0,94525
94527,9192.0,30545.0,94526
94528,9192.0,30747.0,94527
94529,9192.0,30843.0,94528
94530,9192.0,30956.0,94529
94531,9192.0,30922.0,94530
94532,9192.0,30544.0,94531
94533,9192.0,30646.0,94532
94534,9192.0,30761.0,94533
94535,9192.0,30722.0,94534
94536,9192.0,30718.0,94535
94537,9192.0,31170.0,94536
94538,9192.0,31207.0,94537
94539,9192.0,31127.0,94538
94540,9192.0,30155.0,94539
94541,9192.0,29668.0,94540
94542,9192.0,29985.0,94541
94543,9192.0,30010.0,94542
94544,9192.0,30620.0,94543
94545,9192.0,31416.0,94544
94546,9192.0,31461.0,94545
94547,9192.0,30191.0,94546
94548,9192.0,30165.0,94547
94549,9192.0,31107.0,94548
94550,9192.0,31029.0,94549
94551,9192.0,30928.0,94550
94552,9192.0,30991.0,94551
94553,9192.0,31323.0,94552
94554,9192.0,31072.0,94553
94555,9192.0,31095.0,94554
94556,9192.0,31086.0,94555
94557,9192.0,30621.0,94556
94558,9192.0,30691.0,94557
94559,9192.0,30696.0,94558
94560,9192.0,30918.0,94559
94561,9192.0,31317.0,94560
94562,9192.0,31604.0,94561
94563,9192.0,30526.0,94562
94564,9192.0,30991.0,94563
94565,9192.0,30645.0,94564
94566,9192.0,31084.0,94565
94567,9192.0,30872.0,94566
94568,9192.0,30795.0,94567
94569,9192.0,30223.0,94568
94570,9192.0,30183.0,94569
94571,9192.0,30504.0,94570
94572,9192.0,29853.0,94571
94573,9192.0,29617.0,94572
94574,9192.0,30820.0,94573
94575,9192.0,30811.0,94574
94576,9192.0,31029.0,94575
94577,9192.0,31118.0,94576
94578,9192.0,31660.0,94577
94579,9192.0,30718.0,94578
94580,9192.0,30814.0,94579
94581,9192.0,31728.0,94580
94582,9192.0,31641.0,94581
94583,9192.0,31724.0,94582
94584,9192.0,31527.0,94583
94585,9192.0,31902.0,94584
94586,9192.0,31418.0,94585
94587,9192.0,31114.0,94586
94588,9192.0,31243.0,94587
94589,9192.0,31138.0,94588
94590,9192.0,31152.0,94589
94591,9192.0,31130.0,94590
94592,9192.0,31402.0,94591
94593,9192.0,31556.0,94592
94594,9192.0,31472.0,94593
94595,9192.0,31776.0,94594
94596,9192.0,31602.0,94595
94597,9192.0,31570.0,94596
94598,9192.0,31534.0,94597
94599,9192.0,30704.0,94598
94600,9192.0,30704.0,94599
94601,9192.0,30553.0,94600
94602,9192.0,30357.0,94601
94603,9192.0,30358.0,94602
94604,9192.0,30347.0,94603
94605,9192.0,30296.0,94604
94606,9192.0,29554.0,94605
94607,9192.0,29442.0,94606
94608,9192.0,29464.0,94607
94609,9192.0,29508.0,94608
94610,9192.0,29131.0,94609
94611,9192.0,29035.0,94610
94612,9192.0,29176.0,94611
94613,9192.0,29490.0,94612
94614,9192.0,29548.0,94613
94615,9192.0,30294.0,94614
94616,9192.0,30476.0,94615
94617,9192.0,30095.0,94616
94618,9192.0,29000.0,94617
94619,9192.0,28818.0,94618
94620,9192.0,28857.0,94619
94621,9192.0,28638.0,94620
94622,9192.0,29120.0,94621
94623,9192.0,28865.0,94622
94624,9192.0,28637.0,94623
94625,9192.0,28872.0,94624
94626,9192.0,29241.0,94625
94627,9192.0,28955.0,94626
94628,9192.0,28431.0,94627
94629,9192.0,28445.0,94628
94630,9192.0,28152.0,94629
94631,9192.0,28636.0,94630
94632,9192.0,28657.0,94631
94633,9192.0,28849.0,94632
94634,9192.0,28860.0,94633
94635,9192.0,28026.0,94634
94636,9192.0,27639.0,94635
94637,9192.0,27935.0,94636
94638,9192.0,28997.0,94637
94639,9192.0,29568.0,94638
94640,9192.0,29949.0,94639
94641,9192.0,29872.0,94640
94642,9192.0,29910.0,94641
94643,9192.0,29627.0,94642
94644,9192.0,29417.0,94643
94645,9192.0,30304.0,94644
94646,9192.0,30393.0,94645
94647,9192.0,30666.0,94646
94648,9192.0,30666.0,94647
94649,9192.0,30886.0,94648
94650,9192.0,30787.0,94649
94651,9192.0,31050.0,94650
94652,9192.0,30657.0,94651
94653,9192.0,30628.0,94652
94654,9192.0,29932.0,94653
94655,9192.0,29932.0,94654
94656,9192.0,30610.0,94655
94657,9192.0,30605.0,94656
94658,9192.0,30507.0,94657
94659,9192.0,30506.0,94658
94660,9192.0,30642.0,94659
94661,9192.0,30622.0,94660
94662,9192.0,31272.0,94661
94663,9192.0,30313.0,94662
94664,9192.0,30030.0,94663
94665,9192.0,29955.0,94664
94666,9192.0,29332.0,94665
94667,9192.0,29346.0,94666
94668,9192.0,29139.0,94667
94669,9192.0,28602.0,94668
94670,9192.0,28400.0,94669
94671,9192.0,28127.0,94670
94672,9192.0,27892.0,94671
94673,9192.0,29541.0,94672
94674,9192.0,30566.0,94673
94675,9192.0,30593.0,94674
94676,9192.0,31017.0,94675
94677,9192.0,30827.0,94676
94678,9192.0,29542.0,94677
94679,9192.0,29600.0,94678
94680,9192.0,29466.0,94679
94681,9192.0,29893.0,94680
94682,9192.0,29547.0,94681
94683,9192.0,29642.0,94682
94684,9192.0,28391.0,94683
94685,9192.0,28458.0,94684
94686,9192.0,28505.0,94685
94687,9192.0,28271.0,94686
94688,9192.0,28271.0,94687
94689,9192.0,27837.0,94688
94690,9192.0,28268.0,94689
94691,9192.0,28595.0,94690
94692,9192.0,27677.0,94691
94693,9192.0,27475.0,94692
94694,9192.0,27475.0,94693
94695,9192.0,27223.0,94694
94696,9192.0,27160.0,94695
94697,9192.0,27142.0,94696
94698,9192.0,27633.0,94697
94699,9192.0,27169.0,94698
94700,9192.0,26785.0,94699
94701,9192.0,26665.0,94700
94702,9192.0,26537.0,94701
94703,9192.0,26374.0,94702
94704,9192.0,26374.0,94703
94705,9192.0,26177.0,94704
94706,9192.0,27465.0,94705
94707,9192.0,27785.0,94706
94708,9192.0,27568.0,94707
94709,9192.0,27915.0,94708
94710,9192.0,27953.0,94709
94711,9192.0,28927.0,94710
94712,9192.0,28423.0,94711
94713,9192.0,28423.0,94712
94714,9192.0,28423.0,94713
94715,9192.0,28441.0,94714
94716,9192.0,29068.0,94715
94717,9192.0,29046.0,94716
94718,9192.0,29069.0,94717
94719,9192.0,29069.0,94718
94720,9192.0,29175.0,94719
94721,9192.0,29061.0,94720
94722,9192.0,30696.0,94721
94723,9192.0,30637.0,94722
94724,9192.0,30635.0,94723
94725,9192.0,30766.0,94724
94726,9192.0,31141.0,94725
94727,9192.0,30981.0,94726
94728,9192.0,31121.0,94727
94729,9192.0,31121.0,94728
94730,9192.0,30989.0,94729
94731,9192.0,30548.0,94730
94732,9192.0,30940.0,94731
94733,9192.0,30949.0,94732
94734,9192.0,31034.0,94733
94735,9192.0,30621.0,94734
94736,9192.0,30627.0,94735
94737,9192.0,30428.0,94736
94738,9192.0,30757.0,94737
94739,9192.0,30909.0,94738
94740,9192.0,30834.0,94739
94741,9192.0,30835.0,94740
94742,9192.0,31142.0,94741
94743,9192.0,31299.0,94742
94744,9192.0,31374.0,94743
94745,9192.0,30557.0,94744
94746,9192.0,30557.0,94745
94747,9192.0,30876.0,94746
94748,9192.0,31360.0,94747
94749,9192.0,31093.0,94748
94750,9192.0,31510.0,94749
94751,9192.0,31028.0,94750
94752,9192.0,30994.0,94751
94753,9192.0,31262.0,94752
94754,9192.0,31260.0,94753
94755,9192.0,31117.0,94754
94756,9192.0,30850.0,94755
94757,9192.0,30850.0,94756
94758,9192.0,31467.0,94757
94759,9192.0,31401.0,94758
94760,9192.0,32531.0,94759
94761,9192.0,32870.0,94760
94762,9192.0,32407.0,94761
94763,9192.0,32098.0,94762
94764,9192.0,32047.0,94763
94765,9192.0,31973.0,94764
94766,9192.0,32537.0,94765
94767,9192.0,32930.0,94766
94768,9192.0,32607.0,94767
94769,9192.0,32607.0,94768
94770,9192.0,32645.0,94769
94771,9192.0,32631.0,94770
94772,9192.0,32588.0,94771
94773,9192.0,32917.0,94772
94774,9192.0,32968.0,94773
94775,9192.0,32581.0,94774
94776,9192.0,32328.0,94775
94777,9192.0,32377.0,94776
94778,9192.0,31619.0,94777
94779,9192.0,31619.0,94778
94780,9192.0,29806.0,94779
94781,9192.0,29640.0,94780
94782,9192.0,30966.0,94781
94783,9192.0,30936.0,94782
94784,9192.0,30613.0,94783
94785,9192.0,30393.0,94784
94786,9192.0,30604.0,94785
94787,9192.0,30704.0,94786
94788,9192.0,30949.0,94787
94789,9192.0,30820.0,94788
94790,9192.0,30855.0,94789
94791,9192.0,30573.0,94790
94792,9192.0,30730.0,94791
94793,9192.0,30482.0,94792
94794,9192.0,30475.0,94793
94795,9192.0,29778.0,94794
94796,9192.0,29635.0,94795
94797,9192.0,27927.0,94796
94798,9192.0,27927.0,94797
94799,9192.0,27427.0,94798
94800,9192.0,27551.0,94799
94801,9192.0,27790.0,94800
94802,9192.0,27870.0,94801
94803,9192.0,27958.0,94802
94804,9192.0,27509.0,94803
94805,9192.0,27475.0,94804
94806,9192.0,27374.0,94805
94807,9192.0,27407.0,94806
94808,9192.0,27122.0,94807
94809,9192.0,27167.0,94808
94810,9192.0,27318.0,94809
94811,9192.0,27080.0,94810
94812,9192.0,27949.0,94811
94813,9192.0,27954.0,94812
94814,9192.0,28030.0,94813
94815,9192.0,27970.0,94814
94816,9192.0,28172.0,94815
94817,9192.0,28694.0,94816
94818,9192.0,28970.0,94817
94819,9192.0,28652.0,94818
94820,9192.0,28788.0,94819
94821,9192.0,28921.0,94820
94822,9192.0,28863.0,94821
94823,9192.0,29191.0,94822
94824,9192.0,28986.0,94823
94825,9192.0,28407.0,94824
94826,9192.0,27929.0,94825
94827,9192.0,27671.0,94826
94828,9192.0,27363.0,94827
94829,9192.0,27470.0,94828
94830,9192.0,27475.0,94829
94831,9192.0,28265.0,94830
94832,9192.0,28364.0,94831
94833,9192.0,27828.0,94832
94834,9192.0,28394.0,94833
94835,9192.0,28543.0,94834
94836,9192.0,28375.0,94835
94837,9192.0,28293.0,94836
94838,9192.0,28543.0,94837
94839,9192.0,27882.0,94838
94840,9192.0,28033.0,94839
94841,9192.0,28283.0,94840
94842,9192.0,28347.0,94841
94843,9192.0,28315.0,94842
94844,9192.0,28195.0,94843
94845,9192.0,28123.0,94844
94846,9192.0,28206.0,94845
94847,9192.0,28394.0,94846
94848,9192.0,28911.0,94847
94849,9192.0,29211.0,94848
94850,9192.0,29213.0,94849
94851,9192.0,28855.0,94850
94852,9192.0,28467.0,94851
94853,9192.0,28587.0,94852
94854,9192.0,30325.0,94853
94855,9192.0,30320.0,94854
94856,9192.0,30320.0,94855
94857,9192.0,30271.0,94856
94858,9192.0,31366.0,94857
94859,9192.0,31396.0,94858
94860,9192.0,30873.0,94859
94861,9192.0,29881.0,94860
94862,9192.0,30254.0,94861
94863,9192.0,30876.0,94862
94864,9192.0,30602.0,94863
94865,9192.0,30229.0,94864
94866,9192.0,30240.0,94865
94867,9192.0,30316.0,94866
94868,9192.0,30316.0,94867
94869,9192.0,30316.0,94868
94870,9192.0,30619.0,94869
94871,9192.0,30468.0,94870
94872,9192.0,31852.0,94871
94873,9192.0,31940.0,94872
94874,9192.0,31869.0,94873
94875,9192.0,30437.0,94874
94876,9192.0,30437.0,94875
94877,9192.0,30674.0,94876
94878,9192.0,30495.0,94877
94879,9192.0,30458.0,94878
94880,9192.0,30399.0,94879
94881,9192.0,30261.0,94880
94882,9192.0,30024.0,94881
94883,9192.0,30049.0,94882
94884,9192.0,29897.0,94883
94885,9192.0,29840.0,94884
94886,9192.0,30175.0,94885
94887,9192.0,30211.0,94886
94888,9192.0,30098.0,94887
94889,9192.0,29812.0,94888
94890,9192.0,29812.0,94889
94891,9192.0,30412.0,94890
94892,9192.0,30412.0,94891
94893,9192.0,29787.0,94892
94894,9192.0,29787.0,94893
94895,9192.0,28153.0,94894
94896,9192.0,28400.0,94895
94897,9192.0,28165.0,94896
94898,9192.0,28165.0,94897
94899,9192.0,28734.0,94898
94900,9192.0,28952.0,94899
94901,9192.0,29142.0,94900
94902,9192.0,28277.0,94901
94903,9192.0,27983.0,94902
94904,9192.0,27730.0,94903
94905,9192.0,27523.0,94904
94906,9192.0,27672.0,94905
94907,9192.0,27682.0,94906
94908,9192.0,26866.0,94907
94909,9192.0,26824.0,94908
94910,9192.0,27508.0,94909
94911,9192.0,27508.0,94910
94912,9192.0,27509.0,94911
94913,9192.0,27638.0,94912
94914,9192.0,26885.0,94913
94915,9192.0,27800.0,94914
94916,9192.0,27633.0,94915
94917,9192.0,27999.0,94916
94918,9192.0,27542.0,94917
94919,9192.0,27338.0,94918
94920,9192.0,27372.0,94919
94921,9192.0,28039.0,94920
94922,9192.0,28033.0,94921
94923,9192.0,27841.0,94922
94924,9192.0,27676.0,94923
94925,9192.0,27676.0,94924
94926,9192.0,27838.0,94925
94927,9192.0,27670.0,94926
94928,9192.0,27775.0,94927
94929,9192.0,27537.0,94928
94930,9192.0,27537.0,94929
94931,9192.0,27540.0,94930
94932,9192.0,28424.0,94931
94933,9192.0,29626.0,94932
94934,9192.0,29626.0,94933
94935,9192.0,29626.0,94934
94936,9192.0,28827.0,94935
94937,9192.0,29092.0,94936
94938,9192.0,27709.0,94937
94939,9192.0,27890.0,94938
94940,9192.0,27352.0,94939
94941,9192.0,26562.0,94940
94942,9192.0,26612.0,94941
94943,9192.0,26683.0,94942
94944,9192.0,27272.0,94943
94945,9192.0,27205.0,94944
94946,9192.0,26950.0,94945
94947,9192.0,25920.0,94946
94948,9192.0,25920.0,94947
94949,9192.0,25830.0,94948
94950,9192.0,25882.0,94949
94951,9192.0,26783.0,94950
94952,9192.0,26783.0,94951
94953,9192.0,27664.0,94952
94954,9192.0,27434.0,94953
94955,9192.0,27473.0,94954
94956,9192.0,27032.0,94955
94957,9192.0,27597.0,94956
94958,9192.0,27106.0,94957
94959,9192.0,27106.0,94958
94960,9192.0,26375.0,94959
94961,9192.0,27053.0,94960
94962,9192.0,27173.0,94961
94963,9192.0,26973.0,94962
94964,9192.0,28060.0,94963
94965,9192.0,27746.0,94964
94966,9192.0,27964.0,94965
94967,9192.0,27711.0,94966
94968,9192.0,28669.0,94967
94969,9192.0,28601.0,94968
94970,9192.0,28987.0,94969
94971,9192.0,29005.0,94970
94972,9192.0,29016.0,94971
94973,9192.0,29016.0,94972
94974,9192.0,29016.0,94973
94975,9192.0,28597.0,94974
94976,9192.0,28448.0,94975
94977,9192.0,29123.0,94976
94978,9192.0,29421.0,94977
94979,9192.0,28137.0,94978
94980,9192.0,27777.0,94979
94981,9192.0,27798.0,94980
94982,9192.0,27894.0,94981
94983,9192.0,27790.0,94982
94984,9192.0,28149.0,94983
94985,9192.0,28149.0,94984
94986,9192.0,27996.0,94985
94987,9192.0,27555.0,94986
94988,9192.0,27634.0,94987
94989,9192.0,27439.0,94988
94990,9192.0,27550.0,94989
94991,9192.0,27990.0,94990
94992,9192.0,28228.0,94991
94993,9192.0,28228.0,94992
94994,9192.0,28222.0,94993
94995,9192.0,27397.0,94994
94996,9192.0,27397.0,94995
94997,9192.0,27409.0,94996
94998,9192.0,27263.0,94997
94999,9192.0,26970.0,94998
95000,9192.0,26918.0,94999
95001,9192.0,25185.0,95000
95002,9192.0,24715.0,95001
95003,9192.0,23992.0,95002
95004,9192.0,23985.0,95003
95005,9192.0,23612.0,95004
95006,9192.0,23612.0,95005
95007,9192.0,23436.0,95006
95008,9192.0,23436.0,95007
95009,9192.0,24134.0,95008
95010,9192.0,24087.0,95009
95011,9192.0,25109.0,95010
95012,9192.0,25081.0,95011
95013,9192.0,25081.0,95012
95014,9192.0,25409.0,95013
95015,9192.0,25519.0,95014
95016,9192.0,25519.0,95015
95017,9192.0,25841.0,95016
95018,9192.0,26525.0,95017
95019,9192.0,26564.0,95018
95020,9192.0,27779.0,95019
95021,9192.0,28210.0,95020
95022,9192.0,27975.0,95021
95023,9192.0,28506.0,95022
95024,9192.0,28074.0,95023
95025,9192.0,28074.0,95024
95026,9192.0,26774.0,95025
95027,9192.0,26553.0,95026
95028,9192.0,27042.0,95027
95029,9192.0,27089.0,95028
95030,9192.0,27368.0,95029
95031,9192.0,28052.0,95030
95032,9192.0,28052.0,95031
95033,9192.0,28052.0,95032
95034,9192.0,27647.0,95033
95035,9192.0,27681.0,95034
95036,9192.0,28621.0,95035
95037,9192.0,28614.0,95036
95038,9192.0,28233.0,95037
95039,9192.0,28332.0,95038
95040,9192.0,27976.0,95039
95041,9192.0,27976.0,95040
95042,9192.0,27976.0,95041
95043,9192.0,28013.0,95042
95044,9192.0,28064.0,95043
95045,9192.0,29221.0,95044
95046,9192.0,29214.0,95045
95047,9192.0,29260.0,95046
95048,9192.0,29333.0,95047
95049,9192.0,29132.0,95048
95050,9192.0,29701.0,95049
95051,9192.0,29667.0,95050
95052,9192.0,30092.0,95051
95053,9192.0,30092.0,95052
95054,9192.0,29829.0,95053
95055,9192.0,30082.0,95054
95056,9192.0,30574.0,95055
95057,9192.0,30573.0,95056
95058,9192.0,30585.0,95057
95059,9192.0,30912.0,95058
95060,9192.0,31042.0,95059
95061,9192.0,31829.0,95060
95062,9192.0,31439.0,95061
95063,9192.0,31179.0,95062
95064,9192.0,30105.0,95063
95065,9192.0,30017.0,95064
95066,9192.0,29893.0,95065
95067,9192.0,29577.0,95066
95068,9192.0,29658.0,95067
95069,9192.0,29560.0,95068
95070,9192.0,31157.0,95069
95071,9192.0,30152.0,95070
95072,9192.0,29826.0,95071
95073,9192.0,30370.0,95072
95074,9192.0,30387.0,95073
95075,9192.0,30114.0,95074
95076,9192.0,30255.0,95075
95077,9192.0,30255.0,95076
95078,9192.0,30204.0,95077
95079,9192.0,30068.0,95078
95080,9192.0,29615.0,95079
95081,9192.0,29542.0,95080
95082,9192.0,29022.0,95081
95083,9192.0,29978.0,95082
95084,9192.0,29993.0,95083
95085,9192.0,29984.0,95084
95086,9192.0,29970.0,95085
95087,9192.0,30661.0,95086
95088,9192.0,30542.0,95087
95089,9192.0,30882.0,95088
95090,9192.0,28927.0,95089
95091,9192.0,28927.0,95090
95092,9192.0,28714.0,95091
95093,9192.0,28714.0,95092
95094,9192.0,28743.0,95093
95095,9192.0,28373.0,95094
95096,9192.0,28501.0,95095
95097,9192.0,28121.0,95096
95098,9192.0,27665.0,95097
95099,9192.0,27164.0,95098
95100,9192.0,26953.0,95099
95101,9192.0,26934.0,95100
95102,9192.0,28210.0,95101
95103,9192.0,28279.0,95102
95104,9192.0,27986.0,95103
95105,9192.0,27819.0,95104
95106,9192.0,27717.0,95105
95107,9192.0,27793.0,95106
95108,9192.0,27793.0,95107
95109,9192.0,27585.0,95108
95110,9192.0,28821.0,95109
95111,9192.0,29247.0,95110
95112,9192.0,29008.0,95111
95113,9192.0,28649.0,95112
95114,9192.0,28655.0,95113
95115,9192.0,28845.0,95114
95116,9192.0,28310.0,95115
95117,9192.0,28818.0,95116
95118,9192.0,30074.0,95117
95119,9192.0,29923.0,95118
95120,9192.0,30468.0,95119
95121,9192.0,29906.0,95120
95122,9192.0,29906.0,95121
95123,9192.0,30358.0,95122
95124,9192.0,30323.0,95123
95125,9192.0,30580.0,95124
95126,9192.0,30245.0,95125
95127,9192.0,29875.0,95126
95128,9192.0,30589.0,95127
95129,9192.0,30546.0,95128
95130,9192.0,29567.0,95129
95131,9192.0,29345.0,95130
95132,9192.0,29590.0,95131
95133,9192.0,29743.0,95132
95134,9192.0,29366.0,95133
95135,9192.0,29467.0,95134
95136,9192.0,29353.0,95135
95137,9192.0,29353.0,95136
95138,9192.0,29076.0,95137
95139,9192.0,29102.0,95138
95140,9192.0,29385.0,95139
95141,9192.0,29420.0,95140
95142,9192.0,29883.0,95141
95143,9192.0,30090.0,95142
95144,9192.0,29696.0,95143
95145,9192.0,30198.0,95144
95146,9192.0,29702.0,95145
95147,9192.0,29592.0,95146
95148,9192.0,29373.0,95147
95149,9192.0,29347.0,95148
95150,9192.0,29326.0,95149
95151,9192.0,29629.0,95150
95152,9192.0,29411.0,95151
95153,9192.0,29788.0,95152
95154,9192.0,30539.0,95153
95155,9192.0,30539.0,95154
95156,9192.0,30449.0,95155
95157,9192.0,28571.0,95156
95158,9192.0,28091.0,95157
95159,9192.0,28367.0,95158
95160,9192.0,27868.0,95159
95161,9192.0,28095.0,95160
95162,9192.0,28061.0,95161
95163,9192.0,28276.0,95162
95164,9192.0,28143.0,95163
95165,9192.0,30562.0,95164
95166,9192.0,30187.0,95165
95167,9192.0,29915.0,95166
95168,9192.0,29275.0,95167
95169,9192.0,29281.0,95168
95170,9192.0,29540.0,95169
95171,9192.0,28049.0,95170
95172,9192.0,28049.0,95171
95173,9192.0,27978.0,95172
95174,9192.0,28199.0,95173
95175,9192.0,28359.0,95174
95176,9192.0,28323.0,95175
95177,9192.0,28257.0,95176
95178,9192.0,28315.0,95177
95179,9192.0,28150.0,95178
95180,9192.0,28260.0,95179
95181,9192.0,28953.0,95180
95182,9192.0,28826.0,95181
95183,9192.0,29051.0,95182
95184,9192.0,29100.0,95183
95185,9192.0,29197.0,95184
95186,9192.0,28799.0,95185
95187,9192.0,29403.0,95186
95188,9192.0,28884.0,95187
95189,9192.0,28747.0,95188
95190,9192.0,28556.0,95189
95191,9192.0,28723.0,95190
95192,9192.0,28360.0,95191
95193,9192.0,28949.0,95192
95194,9192.0,29056.0,95193
95195,9192.0,29534.0,95194
95196,9192.0,29741.0,95195
95197,9192.0,29658.0,95196
95198,9192.0,29516.0,95197
95199,9192.0,29447.0,95198
95200,9192.0,29415.0,95199
95201,9192.0,29573.0,95200
95202,9192.0,29710.0,95201
95203,9192.0,29257.0,95202
95204,9192.0,29534.0,95203
95205,9192.0,29922.0,95204
95206,9192.0,29949.0,95205
95207,9192.0,29942.0,95206
95208,9192.0,28436.0,95207
95209,9192.0,28211.0,95208
95210,9192.0,29577.0,95209
95211,9192.0,28922.0,95210
95212,9192.0,28890.0,95211
95213,9192.0,28931.0,95212
95214,9192.0,28421.0,95213
95215,9192.0,28421.0,95214
95216,9192.0,28366.0,95215
95217,9192.0,28645.0,95216
95218,9192.0,28512.0,95217
95219,9192.0,28749.0,95218
95220,9192.0,28749.0,95219
95221,9192.0,28534.0,95220
95222,9192.0,29060.0,95221
95223,9192.0,29517.0,95222
95224,9192.0,29804.0,95223
95225,9192.0,29873.0,95224
95226,9192.0,30366.0,95225
95227,9192.0,30468.0,95226
95228,9192.0,30245.0,95227
95229,9192.0,29952.0,95228
95230,9192.0,29952.0,95229
95231,9192.0,30215.0,95230
95232,9192.0,30037.0,95231
95233,9192.0,29779.0,95232
95234,9192.0,29978.0,95233
95235,9192.0,30377.0,95234
95236,9192.0,30326.0,95235
95237,9192.0,31197.0,95236
95238,9192.0,31431.0,95237
95239,9192.0,31078.0,95238
95240,9192.0,31189.0,95239
95241,9192.0,30831.0,95240
95242,9192.0,30826.0,95241
95243,9192.0,30968.0,95242
95244,9192.0,30971.0,95243
95245,9192.0,30907.0,95244
95246,9192.0,30620.0,95245
95247,9192.0,30340.0,95246
95248,9192.0,30362.0,95247
95249,9192.0,30438.0,95248
95250,9192.0,30438.0,95249
95251,9192.0,29914.0,95250
95252,9192.0,30342.0,95251
95253,9192.0,30532.0,95252
95254,9192.0,29903.0,95253
95255,9192.0,30027.0,95254
95256,9192.0,29824.0,95255
95257,9192.0,29132.0,95256
95258,9192.0,29450.0,95257
95259,9192.0,29450.0,95258
95260,9192.0,29541.0,95259
95261,9192.0,29637.0,95260
95262,9192.0,29619.0,95261
95263,9192.0,29643.0,95262
95264,9192.0,29714.0,95263
95265,9192.0,29725.0,95264
95266,9192.0,29696.0,95265
95267,9192.0,29488.0,95266
95268,9192.0,29557.0,95267
95269,9192.0,29617.0,95268
95270,9192.0,29617.0,95269
95271,9192.0,29703.0,95270
95272,9192.0,29873.0,95271
95273,9192.0,29447.0,95272
95274,9192.0,29470.0,95273
95275,9192.0,28530.0,95274
95276,9192.0,28530.0,95275
95277,9192.0,27504.0,95276
95278,9192.0,27235.0,95277
95279,9192.0,27184.0,95278
95280,9192.0,26994.0,95279
95281,9192.0,27186.0,95280
95282,9192.0,26950.0,95281
95283,9192.0,26856.0,95282
95284,9192.0,26664.0,95283
95285,9192.0,26141.0,95284
95286,9192.0,26506.0,95285
95287,9192.0,27163.0,95286
95288,9192.0,26891.0,95287
95289,9192.0,26474.0,95288
95290,9192.0,27061.0,95289
95291,9192.0,27061.0,95290
95292,9192.0,27275.0,95291
95293,9192.0,27647.0,95292
95294,9192.0,27767.0,95293
95295,9192.0,28359.0,95294
95296,9192.0,30190.0,95295
95297,9192.0,29822.0,95296
95298,9192.0,29822.0,95297
95299,9192.0,29822.0,95298
95300,9192.0,30093.0,95299
95301,9192.0,29971.0,95300
95302,9192.0,29791.0,95301
95303,9192.0,29641.0,95302
95304,9192.0,29720.0,95303
95305,9192.0,29812.0,95304
95306,9192.0,29694.0,95305
95307,9192.0,29244.0,95306
95308,9192.0,28479.0,95307
95309,9192.0,27654.0,95308
95310,9192.0,28127.0,95309
95311,9192.0,28411.0,95310
95312,9192.0,28824.0,95311
95313,9192.0,29276.0,95312
95314,9192.0,29479.0,95313
95315,9192.0,28958.0,95314
95316,9192.0,28526.0,95315
95317,9192.0,27721.0,95316
95318,9192.0,28833.0,95317
95319,9192.0,28981.0,95318
95320,9192.0,29339.0,95319
95321,9192.0,29910.0,95320
95322,9192.0,29281.0,95321
95323,9192.0,29970.0,95322
95324,9192.0,30339.0,95323
95325,9192.0,29996.0,95324
95326,9192.0,29054.0,95325
95327,9192.0,29054.0,95326
95328,9192.0,28409.0,95327
95329,9192.0,28172.0,95328
95330,9192.0,28482.0,95329
95331,9192.0,28517.0,95330
95332,9192.0,28153.0,95331
95333,9192.0,27676.0,95332
95334,9192.0,27791.0,95333
95335,9192.0,28047.0,95334
95336,9192.0,28047.0,95335
95337,9192.0,27952.0,95336
95338,9192.0,27721.0,95337
95339,9192.0,28490.0,95338
95340,9192.0,29068.0,95339
95341,9192.0,29325.0,95340
95342,9192.0,29529.0,95341
95343,9192.0,30031.0,95342
95344,9192.0,29211.0,95343
95345,9192.0,29211.0,95344
95346,9192.0,29171.0,95345
95347,9192.0,29334.0,95346
95348,9192.0,29613.0,95347
95349,9192.0,29559.0,95348
95350,9192.0,29599.0,95349
95351,9192.0,29197.0,95350
95352,9192.0,29261.0,95351
95353,9192.0,29358.0,95352
95354,9192.0,29356.0,95353
95355,9192.0,29356.0,95354
95356,9192.0,30340.0,95355
95357,9192.0,30358.0,95356
95358,9192.0,30457.0,95357
95359,9192.0,30444.0,95358
95360,9192.0,31297.0,95359
95361,9192.0,31544.0,95360
95362,9192.0,31829.0,95361
95363,9192.0,31527.0,95362
95364,9192.0,31341.0,95363
95365,9192.0,31551.0,95364
95366,9192.0,31314.0,95365
95367,9192.0,31166.0,95366
95368,9192.0,30860.0,95367
95369,9192.0,30933.0,95368
95370,9192.0,30539.0,95369
95371,9192.0,30287.0,95370
95372,9192.0,29428.0,95371
95373,9192.0,29655.0,95372
95374,9192.0,29704.0,95373
95375,9192.0,29694.0,95374
95376,9192.0,29486.0,95375
95377,9192.0,28726.0,95376
95378,9192.0,28508.0,95377
95379,9192.0,27963.0,95378
95380,9192.0,28260.0,95379
95381,9192.0,29466.0,95380
95382,9192.0,30218.0,95381
95383,9192.0,30795.0,95382
95384,9192.0,30795.0,95383
95385,9192.0,30413.0,95384
95386,9192.0,30477.0,95385
95387,9192.0,30064.0,95386
95388,9192.0,29886.0,95387
95389,9192.0,29798.0,95388
95390,9192.0,29265.0,95389
95391,9192.0,29150.0,95390
95392,9192.0,29150.0,95391
95393,9192.0,29153.0,95392
95394,9192.0,28727.0,95393
95395,9192.0,27944.0,95394
95396,9192.0,28326.0,95395
95397,9192.0,28603.0,95396
95398,9192.0,28706.0,95397
95399,9192.0,27430.0,95398
95400,9192.0,27560.0,95399
95401,9192.0,27932.0,95400
95402,9192.0,28984.0,95401
95403,9192.0,28945.0,95402
95404,9192.0,29054.0,95403
95405,9192.0,29489.0,95404
95406,9192.0,29453.0,95405
95407,9192.0,29069.0,95406
95408,9192.0,30030.0,95407
95409,9192.0,30280.0,95408
95410,9192.0,29764.0,95409
95411,9192.0,29764.0,95410
95412,9192.0,29516.0,95411
95413,9192.0,29356.0,95412
95414,9192.0,29356.0,95413
95415,9192.0,29035.0,95414
95416,9192.0,29262.0,95415
95417,9192.0,29857.0,95416
95418,9192.0,29669.0,95417
95419,9192.0,29207.0,95418
95420,9192.0,29207.0,95419
95421,9192.0,28901.0,95420
95422,9192.0,28892.0,95421
95423,9192.0,29059.0,95422
95424,9192.0,30347.0,95423
95425,9192.0,30002.0,95424
95426,9192.0,29807.0,95425
95427,9192.0,29436.0,95426
95428,9192.0,28899.0,95427
95429,9192.0,28899.0,95428
95430,9192.0,28887.0,95429
95431,9192.0,28905.0,95430
95432,9192.0,28724.0,95431
95433,9192.0,29223.0,95432
95434,9192.0,29169.0,95433
95435,9192.0,29005.0,95434
95436,9192.0,29292.0,95435
95437,9192.0,29183.0,95436
95438,9192.0,29392.0,95437
95439,9192.0,29182.0,95438
95440,9192.0,29441.0,95439
95441,9192.0,29454.0,95440
95442,9192.0,29542.0,95441
95443,9192.0,30065.0,95442
95444,9192.0,29826.0,95443
95445,9192.0,29870.0,95444
95446,9192.0,31187.0,95445
95447,9192.0,31124.0,95446
95448,9192.0,31008.0,95447
95449,9192.0,30965.0,95448
95450,9192.0,30514.0,95449
95451,9192.0,30524.0,95450
95452,9192.0,30021.0,95451
95453,9192.0,29291.0,95452
95454,9192.0,29272.0,95453
95455,9192.0,29119.0,95454
95456,9192.0,28684.0,95455
95457,9192.0,28191.0,95456
95458,9192.0,28567.0,95457
95459,9192.0,28630.0,95458
95460,9192.0,29783.0,95459
95461,9192.0,29909.0,95460
95462,9192.0,30277.0,95461
95463,9192.0,30624.0,95462
95464,9192.0,30317.0,95463
95465,9192.0,30315.0,95464
95466,9192.0,30182.0,95465
95467,9192.0,28831.0,95466
95468,9192.0,28831.0,95467
95469,9192.0,28625.0,95468
95470,9192.0,26916.0,95469
95471,9192.0,26916.0,95470
95472,9192.0,27430.0,95471
95473,9192.0,27585.0,95472
95474,9192.0,28172.0,95473
95475,9192.0,28213.0,95474
95476,9192.0,27556.0,95475
95477,9192.0,27535.0,95476
95478,9192.0,27678.0,95477
95479,9192.0,27644.0,95478
95480,9192.0,27627.0,95479
95481,9192.0,28475.0,95480
95482,9192.0,28531.0,95481
95483,9192.0,28577.0,95482
95484,9192.0,28651.0,95483
95485,9192.0,28430.0,95484
95486,9192.0,28280.0,95485
95487,9192.0,28089.0,95486
95488,9192.0,27624.0,95487
95489,9192.0,27715.0,95488
95490,9192.0,27854.0,95489
95491,9192.0,27854.0,95490
95492,9192.0,27734.0,95491
95493,9192.0,27680.0,95492
95494,9192.0,28509.0,95493
95495,9192.0,28442.0,95494
95496,9192.0,28704.0,95495
95497,9192.0,28947.0,95496
95498,9192.0,28493.0,95497
95499,9192.0,28478.0,95498
95500,9192.0,28402.0,95499
95501,9192.0,28192.0,95500
95502,9192.0,27931.0,95501
95503,9192.0,27364.0,95502
95504,9192.0,27364.0,95503
95505,9192.0,27031.0,95504
95506,9192.0,27275.0,95505
95507,9192.0,27747.0,95506
95508,9192.0,27594.0,95507
95509,9192.0,27545.0,95508
95510,9192.0,27555.0,95509
95511,9192.0,28470.0,95510
95512,9192.0,28341.0,95511
95513,9192.0,27603.0,95512
95514,9192.0,27299.0,95513
95515,9192.0,27299.0,95514
95516,9192.0,28621.0,95515
95517,9192.0,28575.0,95516
95518,9192.0,29040.0,95517
95519,9192.0,28977.0,95518
95520,9192.0,29355.0,95519
95521,9192.0,29119.0,95520
95522,9192.0,29155.0,95521
95523,9192.0,29155.0,95522
95524,9192.0,29137.0,95523
95525,9192.0,28608.0,95524
95526,9192.0,28629.0,95525
95527,9192.0,28676.0,95526
95528,9192.0,28649.0,95527
95529,9192.0,28667.0,95528
95530,9192.0,28309.0,95529
95531,9192.0,29310.0,95530
95532,9192.0,29708.0,95531
95533,9192.0,29744.0,95532
95534,9192.0,29586.0,95533
95535,9192.0,29586.0,95534
95536,9192.0,28611.0,95535
95537,9192.0,28220.0,95536
95538,9192.0,28047.0,95537
95539,9192.0,28224.0,95538
95540,9192.0,28224.0,95539
95541,9192.0,28339.0,95540
95542,9192.0,29163.0,95541
95543,9192.0,29165.0,95542
95544,9192.0,29165.0,95543
95545,9192.0,29146.0,95544
95546,9192.0,29040.0,95545
95547,9192.0,28925.0,95546
95548,9192.0,28925.0,95547
95549,9192.0,28925.0,95548
95550,9192.0,28270.0,95549
95551,9192.0,28295.0,95550
95552,9192.0,28425.0,95551
95553,9192.0,28099.0,95552
95554,9192.0,28477.0,95553
95555,9192.0,28900.0,95554
95556,9192.0,28834.0,95555
95557,9192.0,28933.0,95556
95558,9192.0,28250.0,95557
95559,9192.0,28234.0,95558
95560,9192.0,27956.0,95559
95561,9192.0,28053.0,95560
95562,9192.0,28171.0,95561
95563,9192.0,28294.0,95562
95564,9192.0,28294.0,95563
95565,9192.0,28558.0,95564
95566,9192.0,28605.0,95565
95567,9192.0,28687.0,95566
95568,9192.0,28734.0,95567
95569,9192.0,27792.0,95568
95570,9192.0,26681.0,95569
95571,9192.0,26570.0,95570
95572,9192.0,26570.0,95571
95573,9192.0,26523.0,95572
95574,9192.0,25719.0,95573
95575,9192.0,25105.0,95574
95576,9192.0,24898.0,95575
95577,9192.0,24724.0,95576
95578,9192.0,24757.0,95577
95579,9192.0,24339.0,95578
95580,9192.0,24297.0,95579
95581,9192.0,24404.0,95580
95582,9192.0,26187.0,95581
95583,9192.0,26434.0,95582
95584,9192.0,26774.0,95583
95585,9192.0,25741.0,95584
95586,9192.0,25666.0,95585
95587,9192.0,25666.0,95586
95588,9192.0,25642.0,95587
95589,9192.0,25552.0,95588
95590,9192.0,25379.0,95589
95591,9192.0,25735.0,95590
95592,9192.0,25884.0,95591
95593,9192.0,25884.0,95592
95594,9192.0,25953.0,95593
95595,9192.0,25174.0,95594
95596,9192.0,25587.0,95595
95597,9192.0,25403.0,95596
95598,9192.0,25403.0,95597
95599,9192.0,26532.0,95598
95600,9192.0,27156.0,95599
95601,9192.0,27400.0,95600
95602,9192.0,27496.0,95601
95603,9192.0,28731.0,95602
95604,9192.0,28650.0,95603
95605,9192.0,28650.0,95604
95606,9192.0,29179.0,95605
95607,9192.0,28974.0,95606
95608,9192.0,29434.0,95607
95609,9192.0,29649.0,95608
95610,9192.0,29027.0,95609
95611,9192.0,29034.0,95610
95612,9192.0,28827.0,95611
95613,9192.0,28863.0,95612
95614,9192.0,28896.0,95613
95615,9192.0,28162.0,95614
95616,9192.0,29467.0,95615
95617,9192.0,29315.0,95616
95618,9192.0,30267.0,95617
95619,9192.0,30283.0,95618
95620,9192.0,29752.0,95619
95621,9192.0,29862.0,95620
95622,9192.0,30090.0,95621
95623,9192.0,29883.0,95622
95624,9192.0,29857.0,95623
95625,9192.0,30217.0,95624
95626,9192.0,30187.0,95625
95627,9192.0,30331.0,95626
95628,9192.0,29852.0,95627
95629,9192.0,30006.0,95628
95630,9192.0,29677.0,95629
95631,9192.0,30437.0,95630
95632,9192.0,30170.0,95631
95633,9192.0,30374.0,95632
95634,9192.0,30374.0,95633
95635,9192.0,30272.0,95634
95636,9192.0,30272.0,95635
95637,9192.0,30023.0,95636
95638,9192.0,29985.0,95637
95639,9192.0,29147.0,95638
95640,9192.0,29635.0,95639
95641,9192.0,29190.0,95640
95642,9192.0,29475.0,95641
95643,9192.0,29551.0,95642
95644,9192.0,29740.0,95643
95645,9192.0,29714.0,95644
95646,9192.0,29327.0,95645
95647,9192.0,29311.0,95646
95648,9192.0,30224.0,95647
95649,9192.0,30641.0,95648
95650,9192.0,30199.0,95649
95651,9192.0,30459.0,95650
95652,9192.0,30537.0,95651
95653,9192.0,30292.0,95652
95654,9192.0,30300.0,95653
95655,9192.0,30216.0,95654
95656,9192.0,30410.0,95655
95657,9192.0,31415.0,95656
95658,9192.0,31166.0,95657
95659,9192.0,31039.0,95658
95660,9192.0,30788.0,95659
95661,9192.0,30606.0,95660
95662,9192.0,30264.0,95661
95663,9192.0,30263.0,95662
95664,9192.0,30227.0,95663
95665,9192.0,30235.0,95664
95666,9192.0,30267.0,95665
95667,9192.0,29497.0,95666
95668,9192.0,27930.0,95667
95669,9192.0,28048.0,95668
95670,9192.0,27451.0,95669
95671,9192.0,27447.0,95670
95672,9192.0,27519.0,95671
95673,9192.0,27528.0,95672
95674,9192.0,27474.0,95673
95675,9192.0,26831.0,95674
95676,9192.0,27028.0,95675
95677,9192.0,27028.0,95676
95678,9192.0,27669.0,95677
95679,9192.0,27805.0,95678
95680,9192.0,27822.0,95679
95681,9192.0,27892.0,95680
95682,9192.0,28699.0,95681
95683,9192.0,29058.0,95682
95684,9192.0,28876.0,95683
95685,9192.0,28327.0,95684
95686,9192.0,28327.0,95685
95687,9192.0,29782.0,95686
95688,9192.0,29940.0,95687
95689,9192.0,29725.0,95688
95690,9192.0,29748.0,95689
95691,9192.0,30269.0,95690
95692,9192.0,30269.0,95691
95693,9192.0,30663.0,95692
95694,9192.0,30806.0,95693
95695,9192.0,30929.0,95694
95696,9192.0,30032.0,95695
95697,9192.0,30058.0,95696
95698,9192.0,30272.0,95697
95699,9192.0,30094.0,95698
95700,9192.0,30501.0,95699
95701,9192.0,29213.0,95700
95702,9192.0,28935.0,95701
95703,9192.0,28994.0,95702
95704,9192.0,29419.0,95703
95705,9192.0,29622.0,95704
95706,9192.0,29572.0,95705
95707,9192.0,29572.0,95706
95708,9192.0,28284.0,95707
95709,9192.0,28094.0,95708
95710,9192.0,28562.0,95709
95711,9192.0,28562.0,95710
95712,9192.0,28540.0,95711
95713,9192.0,28808.0,95712
95714,9192.0,28779.0,95713
95715,9192.0,28557.0,95714
95716,9192.0,28863.0,95715
95717,9192.0,27904.0,95716
95718,9192.0,27118.0,95717
95719,9192.0,27118.0,95718
95720,9192.0,27078.0,95719
95721,9192.0,27299.0,95720
95722,9192.0,27299.0,95721
95723,9192.0,27832.0,95722
95724,9192.0,27832.0,95723
95725,9192.0,27972.0,95724
95726,9192.0,28730.0,95725
95727,9192.0,29096.0,95726
95728,9192.0,28798.0,95727
95729,9192.0,28117.0,95728
95730,9192.0,27359.0,95729
95731,9192.0,27545.0,95730
95732,9192.0,27969.0,95731
95733,9192.0,28127.0,95732
95734,9192.0,28127.0,95733
95735,9192.0,28108.0,95734
95736,9192.0,27099.0,95735
95737,9192.0,27973.0,95736
95738,9192.0,28522.0,95737
95739,9192.0,28548.0,95738
95740,9192.0,27968.0,95739
95741,9192.0,27968.0,95740
95742,9192.0,28151.0,95741
95743,9192.0,28344.0,95742
95744,9192.0,28305.0,95743
95745,9192.0,28305.0,95744
95746,9192.0,28305.0,95745
95747,9192.0,28958.0,95746
95748,9192.0,27895.0,95747
95749,9192.0,27941.0,95748
95750,9192.0,28155.0,95749
95751,9192.0,28184.0,95750
95752,9192.0,28184.0,95751
95753,9192.0,28019.0,95752
95754,9192.0,27804.0,95753
95755,9192.0,28136.0,95754
95756,9192.0,27920.0,95755
95757,9192.0,27288.0,95756
95758,9192.0,27425.0,95757
95759,9192.0,27409.0,95758
95760,9192.0,27744.0,95759
95761,9192.0,27744.0,95760
95762,9192.0,27730.0,95761
95763,9192.0,28024.0,95762
95764,9192.0,28095.0,95763
95765,9192.0,28008.0,95764
95766,9192.0,27714.0,95765
95767,9192.0,28135.0,95766
95768,9192.0,27112.0,95767
95769,9192.0,27112.0,95768
95770,9192.0,26893.0,95769
95771,9192.0,28464.0,95770
95772,9192.0,29153.0,95771
95773,9192.0,29216.0,95772
95774,9192.0,29762.0,95773
95775,9192.0,29977.0,95774
95776,9192.0,30453.0,95775
95777,9192.0,29628.0,95776
95778,9192.0,29695.0,95777
95779,9192.0,29498.0,95778
95780,9192.0,29859.0,95779
95781,9192.0,29859.0,95780
95782,9192.0,30019.0,95781
95783,9192.0,30489.0,95782
95784,9192.0,30464.0,95783
95785,9192.0,30484.0,95784
95786,9192.0,29933.0,95785
95787,9192.0,29560.0,95786
95788,9192.0,29572.0,95787
95789,9192.0,28299.0,95788
95790,9192.0,29310.0,95789
95791,9192.0,29231.0,95790
95792,9192.0,29404.0,95791
95793,9192.0,29475.0,95792
95794,9192.0,27637.0,95793
95795,9192.0,27964.0,95794
95796,9192.0,28076.0,95795
95797,9192.0,28014.0,95796
95798,9192.0,28041.0,95797
95799,9192.0,27949.0,95798
95800,9192.0,28321.0,95799
95801,9192.0,28321.0,95800
95802,9192.0,28651.0,95801
95803,9192.0,29303.0,95802
95804,9192.0,28455.0,95803
95805,9192.0,28396.0,95804
95806,9192.0,28409.0,95805
95807,9192.0,28108.0,95806
95808,9192.0,28341.0,95807
95809,9192.0,28642.0,95808
95810,9192.0,28254.0,95809
95811,9192.0,28717.0,95810
95812,9192.0,28561.0,95811
95813,9192.0,28306.0,95812
95814,9192.0,28260.0,95813
95815,9192.0,28304.0,95814
95816,9192.0,27926.0,95815
95817,9192.0,27926.0,95816
95818,9192.0,27607.0,95817
95819,9192.0,27412.0,95818
95820,9192.0,27342.0,95819
95821,9192.0,27522.0,95820
95822,9192.0,26595.0,95821
95823,9192.0,26463.0,95822
95824,9192.0,26294.0,95823
95825,9192.0,26296.0,95824
95826,9192.0,26545.0,95825
95827,9192.0,26102.0,95826
95828,9192.0,26102.0,95827
95829,9192.0,26236.0,95828
95830,9192.0,26132.0,95829
95831,9192.0,26052.0,95830
95832,9192.0,25665.0,95831
95833,9192.0,26368.0,95832
95834,9192.0,26417.0,95833
95835,9192.0,26663.0,95834
95836,9192.0,26204.0,95835
95837,9192.0,26030.0,95836
95838,9192.0,26084.0,95837
95839,9192.0,26256.0,95838
95840,9192.0,26256.0,95839
95841,9192.0,26606.0,95840
95842,9192.0,26606.0,95841
95843,9192.0,27738.0,95842
95844,9192.0,27765.0,95843
95845,9192.0,28729.0,95844
95846,9192.0,28187.0,95845
95847,9192.0,27678.0,95846
95848,9192.0,28009.0,95847
95849,9192.0,28267.0,95848
95850,9192.0,28597.0,95849
95851,9192.0,28189.0,95850
95852,9192.0,28242.0,95851
95853,9192.0,27679.0,95852
95854,9192.0,27603.0,95853
95855,9192.0,27603.0,95854
95856,9192.0,27741.0,95855
95857,9192.0,28753.0,95856
95858,9192.0,28736.0,95857
95859,9192.0,28736.0,95858
95860,9192.0,28455.0,95859
95861,9192.0,28296.0,95860
95862,9192.0,28871.0,95861
95863,9192.0,28929.0,95862
95864,9192.0,27773.0,95863
95865,9192.0,27757.0,95864
95866,9192.0,28048.0,95865
95867,9192.0,26847.0,95866
95868,9192.0,26903.0,95867
95869,9192.0,26929.0,95868
95870,9192.0,26966.0,95869
95871,9192.0,26966.0,95870
95872,9192.0,27299.0,95871
95873,9192.0,26832.0,95872
95874,9192.0,26884.0,95873
95875,9192.0,26884.0,95874
95876,9192.0,26992.0,95875
95877,9192.0,26665.0,95876
95878,9192.0,26665.0,95877
95879,9192.0,26665.0,95878
95880,9192.0,26665.0,95879
95881,9192.0,26913.0,95880
95882,9192.0,27350.0,95881
95883,9192.0,27350.0,95882
95884,9192.0,27350.0,95883
95885,9192.0,27606.0,95884
95886,9192.0,27511.0,95885
95887,9192.0,26771.0,95886
95888,9192.0,26771.0,95887
95889,9192.0,27364.0,95888
95890,9192.0,27470.0,95889
95891,9192.0,27427.0,95890
95892,9192.0,27426.0,95891
95893,9192.0,27422.0,95892
95894,9192.0,28238.0,95893
95895,9192.0,28579.0,95894
95896,9192.0,28697.0,95895
95897,9192.0,28696.0,95896
95898,9192.0,27717.0,95897
95899,9192.0,27717.0,95898
95900,9192.0,27647.0,95899
95901,9192.0,27682.0,95900
95902,9192.0,27671.0,95901
95903,9192.0,27092.0,95902
95904,9192.0,27112.0,95903
95905,9192.0,27107.0,95904
95906,9192.0,26373.0,95905
95907,9192.0,26382.0,95906
95908,9192.0,26382.0,95907
95909,9192.0,26572.0,95908
95910,9192.0,26572.0,95909
95911,9192.0,26527.0,95910
95912,9192.0,27565.0,95911
95913,9192.0,29192.0,95912
95914,9192.0,29226.0,95913
95915,9192.0,29774.0,95914
95916,9192.0,29383.0,95915
95917,9192.0,29799.0,95916
95918,9192.0,29226.0,95917
95919,9192.0,29231.0,95918
95920,9192.0,29102.0,95919
95921,9192.0,29154.0,95920
95922,9192.0,28858.0,95921
95923,9192.0,28432.0,95922
95924,9192.0,27901.0,95923
95925,9192.0,26660.0,95924
95926,9192.0,26624.0,95925
95927,9192.0,26505.0,95926
95928,9192.0,26325.0,95927
95929,9192.0,25789.0,95928
95930,9192.0,25789.0,95929
95931,9192.0,25098.0,95930
95932,9192.0,24855.0,95931
95933,9192.0,24904.0,95932
95934,9192.0,24761.0,95933
95935,9192.0,25980.0,95934
95936,9192.0,25375.0,95935
95937,9192.0,25375.0,95936
95938,9192.0,26761.0,95937
95939,9192.0,26779.0,95938
95940,9192.0,26802.0,95939
95941,9192.0,27202.0,95940
95942,9192.0,27179.0,95941
95943,9192.0,27565.0,95942
95944,9192.0,27357.0,95943
95945,9192.0,28041.0,95944
95946,9192.0,27768.0,95945
95947,9192.0,28000.0,95946
95948,9192.0,28027.0,95947
95949,9192.0,27666.0,95948
95950,9192.0,27665.0,95949
95951,9192.0,28049.0,95950
95952,9192.0,27615.0,95951
95953,9192.0,27921.0,95952
95954,9192.0,28258.0,95953
95955,9192.0,29002.0,95954
95956,9192.0,28886.0,95955
95957,9192.0,28886.0,95956
95958,9192.0,28729.0,95957
95959,9192.0,28729.0,95958
95960,9192.0,28941.0,95959
95961,9192.0,28113.0,95960
95962,9192.0,28113.0,95961
95963,9192.0,27944.0,95962
95964,9192.0,27953.0,95963
95965,9192.0,27539.0,95964
95966,9192.0,27539.0,95965
95967,9192.0,27620.0,95966
95968,9192.0,27812.0,95967
95969,9192.0,27770.0,95968
95970,9192.0,27857.0,95969
95971,9192.0,27942.0,95970
95972,9192.0,27920.0,95971
95973,9192.0,28291.0,95972
95974,9192.0,28012.0,95973
95975,9192.0,28247.0,95974
95976,9192.0,28648.0,95975
95977,9192.0,28012.0,95976
95978,9192.0,27643.0,95977
95979,9192.0,27995.0,95978
95980,9192.0,28008.0,95979
95981,9192.0,28828.0,95980
95982,9192.0,28828.0,95981
95983,9192.0,28838.0,95982
95984,9192.0,29167.0,95983
95985,9192.0,29444.0,95984
95986,9192.0,29545.0,95985
95987,9192.0,29726.0,95986
95988,9192.0,30013.0,95987
95989,9192.0,30050.0,95988
95990,9192.0,29865.0,95989
95991,9192.0,28850.0,95990
95992,9192.0,28560.0,95991
95993,9192.0,28184.0,95992
95994,9192.0,28205.0,95993
95995,9192.0,28156.0,95994
95996,9192.0,28396.0,95995
95997,9192.0,28180.0,95996
95998,9192.0,28425.0,95997
95999,9192.0,28400.0,95998
96000,9192.0,28539.0,95999
96001,9192.0,28495.0,96000
96002,9192.0,28451.0,96001
96003,9192.0,28451.0,96002
96004,9192.0,28451.0,96003
96005,9192.0,28555.0,96004
96006,9192.0,28696.0,96005
96007,9192.0,28648.0,96006
96008,9192.0,28648.0,96007
96009,9192.0,28770.0,96008
96010,9192.0,28862.0,96009
96011,9192.0,28791.0,96010
96012,9192.0,28938.0,96011
96013,9192.0,28863.0,96012
96014,9192.0,28513.0,96013
96015,9192.0,28490.0,96014
96016,9192.0,28554.0,96015
96017,9192.0,28400.0,96016
96018,9192.0,28717.0,96017
96019,9192.0,28827.0,96018
96020,9192.0,28639.0,96019
96021,9192.0,28734.0,96020
96022,9192.0,27163.0,96021
96023,9192.0,27202.0,96022
96024,9192.0,27202.0,96023
96025,9192.0,27330.0,96024
96026,9192.0,27921.0,96025
96027,9192.0,29192.0,96026
96028,9192.0,28719.0,96027
96029,9192.0,28151.0,96028
96030,9192.0,27837.0,96029
96031,9192.0,27971.0,96030
96032,9192.0,28009.0,96031
96033,9192.0,27263.0,96032
96034,9192.0,27757.0,96033
96035,9192.0,27281.0,96034
96036,9192.0,27192.0,96035
96037,9192.0,27192.0,96036
96038,9192.0,27097.0,96037
96039,9192.0,26739.0,96038
96040,9192.0,26424.0,96039
96041,9192.0,26661.0,96040
96042,9192.0,26855.0,96041
96043,9192.0,26651.0,96042
96044,9192.0,26872.0,96043
96045,9192.0,27332.0,96044
96046,9192.0,26941.0,96045
96047,9192.0,27372.0,96046
96048,9192.0,26022.0,96047
96049,9192.0,26026.0,96048
96050,9192.0,25333.0,96049
96051,9192.0,24994.0,96050
96052,9192.0,25221.0,96051
96053,9192.0,25761.0,96052
96054,9192.0,24661.0,96053
96055,9192.0,24684.0,96054
96056,9192.0,25312.0,96055
96057,9192.0,25312.0,96056
96058,9192.0,25042.0,96057
96059,9192.0,25185.0,96058
96060,9192.0,26266.0,96059
96061,9192.0,26545.0,96060
96062,9192.0,26463.0,96061
96063,9192.0,26156.0,96062
96064,9192.0,26103.0,96063
96065,9192.0,26174.0,96064
96066,9192.0,26142.0,96065
96067,9192.0,26142.0,96066
96068,9192.0,27408.0,96067
96069,9192.0,27174.0,96068
96070,9192.0,27174.0,96069
96071,9192.0,26803.0,96070
96072,9192.0,26936.0,96071
96073,9192.0,27751.0,96072
96074,9192.0,29656.0,96073
96075,9192.0,29228.0,96074
96076,9192.0,29228.0,96075
96077,9192.0,29814.0,96076
96078,9192.0,29704.0,96077
96079,9192.0,29664.0,96078
96080,9192.0,29577.0,96079
96081,9192.0,29624.0,96080
96082,9192.0,29624.0,96081
96083,9192.0,29944.0,96082
96084,9192.0,30486.0,96083
96085,9192.0,30765.0,96084
96086,9192.0,30628.0,96085
96087,9192.0,30993.0,96086
96088,9192.0,30134.0,96087
96089,9192.0,29904.0,96088
96090,9192.0,29500.0,96089
96091,9192.0,30016.0,96090
96092,9192.0,29958.0,96091
96093,9192.0,30310.0,96092
96094,9192.0,30437.0,96093
96095,9192.0,30170.0,96094
96096,9192.0,30187.0,96095
96097,9192.0,30188.0,96096
96098,9192.0,29889.0,96097
96099,9192.0,30035.0,96098
96100,9192.0,29942.0,96099
96101,9192.0,30902.0,96100
96102,9192.0,30902.0,96101
96103,9192.0,30651.0,96102
96104,9192.0,30651.0,96103
96105,9192.0,29394.0,96104
96106,9192.0,29233.0,96105
96107,9192.0,28949.0,96106
96108,9192.0,28440.0,96107
96109,9192.0,29068.0,96108
96110,9192.0,29657.0,96109
96111,9192.0,30972.0,96110
96112,9192.0,30457.0,96111
96113,9192.0,30588.0,96112
96114,9192.0,30747.0,96113
96115,9192.0,30737.0,96114
96116,9192.0,29939.0,96115
96117,9192.0,28312.0,96116
96118,9192.0,28140.0,96117
96119,9192.0,28652.0,96118
96120,9192.0,28652.0,96119
96121,9192.0,28780.0,96120
96122,9192.0,28837.0,96121
96123,9192.0,29050.0,96122
96124,9192.0,29377.0,96123
96125,9192.0,29208.0,96124
96126,9192.0,29214.0,96125
96127,9192.0,29813.0,96126
96128,9192.0,28616.0,96127
96129,9192.0,28616.0,96128
96130,9192.0,28471.0,96129
96131,9192.0,28551.0,96130
96132,9192.0,30334.0,96131
96133,9192.0,29602.0,96132
96134,9192.0,29494.0,96133
96135,9192.0,29494.0,96134
96136,9192.0,29534.0,96135
96137,9192.0,29534.0,96136
96138,9192.0,29290.0,96137
96139,9192.0,29300.0,96138
96140,9192.0,29310.0,96139
96141,9192.0,29310.0,96140
96142,9192.0,29591.0,96141
96143,9192.0,29628.0,96142
96144,9192.0,29628.0,96143
96145,9192.0,29642.0,96144
96146,9192.0,29642.0,96145
96147,9192.0,29563.0,96146
96148,9192.0,29609.0,96147
96149,9192.0,29078.0,96148
96150,9192.0,29001.0,96149
96151,9192.0,28945.0,96150
96152,9192.0,29608.0,96151
96153,9192.0,29550.0,96152
96154,9192.0,29573.0,96153
96155,9192.0,29537.0,96154
96156,9192.0,29733.0,96155
96157,9192.0,29921.0,96156
96158,9192.0,30951.0,96157
96159,9192.0,30560.0,96158
96160,9192.0,30415.0,96159
96161,9192.0,30371.0,96160
96162,9192.0,30368.0,96161
96163,9192.0,29261.0,96162
96164,9192.0,29261.0,96163
96165,9192.0,29225.0,96164
96166,9192.0,29287.0,96165
96167,9192.0,30643.0,96166
96168,9192.0,30250.0,96167
96169,9192.0,30281.0,96168
96170,9192.0,30371.0,96169
96171,9192.0,30143.0,96170
96172,9192.0,30193.0,96171
96173,9192.0,29936.0,96172
96174,9192.0,29835.0,96173
96175,9192.0,29830.0,96174
96176,9192.0,30166.0,96175
96177,9192.0,30578.0,96176
96178,9192.0,30401.0,96177
96179,9192.0,30219.0,96178
96180,9192.0,30220.0,96179
96181,9192.0,30107.0,96180
96182,9192.0,30843.0,96181
96183,9192.0,30284.0,96182
96184,9192.0,30278.0,96183
96185,9192.0,30601.0,96184
96186,9192.0,30606.0,96185
96187,9192.0,30651.0,96186
96188,9192.0,30513.0,96187
96189,9192.0,31179.0,96188
96190,9192.0,31056.0,96189
96191,9192.0,31206.0,96190
96192,9192.0,30739.0,96191
96193,9192.0,31261.0,96192
96194,9192.0,31077.0,96193
96195,9192.0,30553.0,96194
96196,9192.0,29887.0,96195
96197,9192.0,29931.0,96196
96198,9192.0,29487.0,96197
96199,9192.0,28154.0,96198
96200,9192.0,29296.0,96199
96201,9192.0,29483.0,96200
96202,9192.0,29720.0,96201
96203,9192.0,29767.0,96202
96204,9192.0,29639.0,96203
96205,9192.0,29556.0,96204
96206,9192.0,30000.0,96205
96207,9192.0,29820.0,96206
96208,9192.0,29820.0,96207
96209,9192.0,30165.0,96208
96210,9192.0,30114.0,96209
96211,9192.0,30392.0,96210
96212,9192.0,29985.0,96211
96213,9192.0,29837.0,96212
96214,9192.0,29822.0,96213
96215,9192.0,29728.0,96214
96216,9192.0,30332.0,96215
96217,9192.0,30118.0,96216
96218,9192.0,30183.0,96217
96219,9192.0,30133.0,96218
96220,9192.0,29863.0,96219
96221,9192.0,29925.0,96220
96222,9192.0,29826.0,96221
96223,9192.0,29999.0,96222
96224,9192.0,29550.0,96223
96225,9192.0,28589.0,96224
96226,9192.0,27967.0,96225
96227,9192.0,27417.0,96226
96228,9192.0,27510.0,96227
96229,9192.0,27597.0,96228
96230,9192.0,27304.0,96229
96231,9192.0,27522.0,96230
96232,9192.0,28098.0,96231
96233,9192.0,28328.0,96232
96234,9192.0,28185.0,96233
96235,9192.0,28377.0,96234
96236,9192.0,28477.0,96235
96237,9192.0,28179.0,96236
96238,9192.0,27811.0,96237
96239,9192.0,28230.0,96238
96240,9192.0,28303.0,96239
96241,9192.0,28356.0,96240
96242,9192.0,28578.0,96241
96243,9192.0,29150.0,96242
96244,9192.0,28843.0,96243
96245,9192.0,29802.0,96244
96246,9192.0,30095.0,96245
96247,9192.0,30161.0,96246
96248,9192.0,30538.0,96247
96249,9192.0,30567.0,96248
96250,9192.0,30515.0,96249
96251,9192.0,31836.0,96250
96252,9192.0,31836.0,96251
96253,9192.0,31736.0,96252
96254,9192.0,31792.0,96253
96255,9192.0,31754.0,96254
96256,9192.0,31750.0,96255
96257,9192.0,31095.0,96256
96258,9192.0,29804.0,96257
96259,9192.0,30552.0,96258
96260,9192.0,30497.0,96259
96261,9192.0,30326.0,96260
96262,9192.0,30552.0,96261
96263,9192.0,30605.0,96262
96264,9192.0,30201.0,96263
96265,9192.0,29871.0,96264
96266,9192.0,28730.0,96265
96267,9192.0,29352.0,96266
96268,9192.0,29684.0,96267
96269,9192.0,29619.0,96268
96270,9192.0,29668.0,96269
96271,9192.0,29672.0,96270
96272,9192.0,29096.0,96271
96273,9192.0,29114.0,96272
96274,9192.0,29114.0,96273
96275,9192.0,29076.0,96274
96276,9192.0,27888.0,96275
96277,9192.0,27867.0,96276
96278,9192.0,27091.0,96277
96279,9192.0,26703.0,96278
96280,9192.0,26630.0,96279
96281,9192.0,27993.0,96280
96282,9192.0,27259.0,96281
96283,9192.0,27684.0,96282
96284,9192.0,28213.0,96283
96285,9192.0,28205.0,96284
96286,9192.0,27303.0,96285
96287,9192.0,27801.0,96286
96288,9192.0,27998.0,96287
96289,9192.0,27765.0,96288
96290,9192.0,27760.0,96289
96291,9192.0,27436.0,96290
96292,9192.0,27436.0,96291
96293,9192.0,26691.0,96292
96294,9192.0,26112.0,96293
96295,9192.0,26888.0,96294
96296,9192.0,26765.0,96295
96297,9192.0,26356.0,96296
96298,9192.0,26728.0,96297
96299,9192.0,26728.0,96298
96300,9192.0,26305.0,96299
96301,9192.0,26095.0,96300
96302,9192.0,26627.0,96301
96303,9192.0,26616.0,96302
96304,9192.0,26362.0,96303
96305,9192.0,26183.0,96304
96306,9192.0,26930.0,96305
96307,9192.0,26920.0,96306
96308,9192.0,26809.0,96307
96309,9192.0,26602.0,96308
96310,9192.0,26209.0,96309
96311,9192.0,26209.0,96310
96312,9192.0,26143.0,96311
96313,9192.0,26178.0,96312
96314,9192.0,26178.0,96313
96315,9192.0,26363.0,96314
96316,9192.0,26586.0,96315
96317,9192.0,26499.0,96316
96318,9192.0,25290.0,96317
96319,9192.0,24490.0,96318
96320,9192.0,24696.0,96319
96321,9192.0,25136.0,96320
96322,9192.0,25155.0,96321
96323,9192.0,24879.0,96322
96324,9192.0,24933.0,96323
96325,9192.0,24933.0,96324
96326,9192.0,24409.0,96325
96327,9192.0,24409.0,96326
96328,9192.0,24197.0,96327
96329,9192.0,24197.0,96328
96330,9192.0,25133.0,96329
96331,9192.0,25138.0,96330
96332,9192.0,25150.0,96331
96333,9192.0,25132.0,96332
96334,9192.0,24903.0,96333
96335,9192.0,25337.0,96334
96336,9192.0,25358.0,96335
96337,9192.0,25428.0,96336
96338,9192.0,25867.0,96337
96339,9192.0,26030.0,96338
96340,9192.0,26043.0,96339
96341,9192.0,25876.0,96340
96342,9192.0,25876.0,96341
96343,9192.0,25793.0,96342
96344,9192.0,25795.0,96343
96345,9192.0,25918.0,96344
96346,9192.0,25668.0,96345
96347,9192.0,26583.0,96346
96348,9192.0,27256.0,96347
96349,9192.0,27062.0,96348
96350,9192.0,26195.0,96349
96351,9192.0,26193.0,96350
96352,9192.0,26267.0,96351
96353,9192.0,26267.0,96352
96354,9192.0,26255.0,96353
96355,9192.0,28137.0,96354
96356,9192.0,27741.0,96355
96357,9192.0,27743.0,96356
96358,9192.0,27965.0,96357
96359,9192.0,28578.0,96358
96360,9192.0,27383.0,96359
96361,9192.0,27415.0,96360
96362,9192.0,27492.0,96361
96363,9192.0,27810.0,96362
96364,9192.0,28118.0,96363
96365,9192.0,28382.0,96364
96366,9192.0,28594.0,96365
96367,9192.0,28396.0,96366
96368,9192.0,28355.0,96367
96369,9192.0,28095.0,96368
96370,9192.0,28431.0,96369
96371,9192.0,28594.0,96370
96372,9192.0,28808.0,96371
96373,9192.0,28563.0,96372
96374,9192.0,28515.0,96373
96375,9192.0,28035.0,96374
96376,9192.0,28035.0,96375
96377,9192.0,28035.0,96376
96378,9192.0,28294.0,96377
96379,9192.0,28298.0,96378
96380,9192.0,28439.0,96379
96381,9192.0,29300.0,96380
96382,9192.0,27971.0,96381
96383,9192.0,28119.0,96382
96384,9192.0,28119.0,96383
96385,9192.0,29128.0,96384
96386,9192.0,29222.0,96385
96387,9192.0,28664.0,96386
96388,9192.0,28897.0,96387
96389,9192.0,28221.0,96388
96390,9192.0,28430.0,96389
96391,9192.0,28348.0,96390
96392,9192.0,28220.0,96391
96393,9192.0,28562.0,96392
96394,9192.0,28951.0,96393
96395,9192.0,29178.0,96394
96396,9192.0,29178.0,96395
96397,9192.0,29089.0,96396
96398,9192.0,29250.0,96397
96399,9192.0,29173.0,96398
96400,9192.0,29218.0,96399
96401,9192.0,29244.0,96400
96402,9192.0,29487.0,96401
96403,9192.0,29300.0,96402
96404,9192.0,29300.0,96403
96405,9192.0,28947.0,96404
96406,9192.0,28917.0,96405
96407,9192.0,29704.0,96406
96408,9192.0,29724.0,96407
96409,9192.0,30172.0,96408
96410,9192.0,29834.0,96409
96411,9192.0,30375.0,96410
96412,9192.0,30683.0,96411
96413,9192.0,30590.0,96412
96414,9192.0,30146.0,96413
96415,9192.0,29883.0,96414
96416,9192.0,29617.0,96415
96417,9192.0,30638.0,96416
96418,9192.0,30531.0,96417
96419,9192.0,30848.0,96418
96420,9192.0,30848.0,96419
96421,9192.0,31044.0,96420
96422,9192.0,30185.0,96421
96423,9192.0,30353.0,96422
96424,9192.0,30508.0,96423
96425,9192.0,30531.0,96424
96426,9192.0,30690.0,96425
96427,9192.0,30603.0,96426
96428,9192.0,30003.0,96427
96429,9192.0,30009.0,96428
96430,9192.0,29799.0,96429
96431,9192.0,29616.0,96430
96432,9192.0,29616.0,96431
96433,9192.0,29552.0,96432
96434,9192.0,29701.0,96433
96435,9192.0,29740.0,96434
96436,9192.0,29636.0,96435
96437,9192.0,30300.0,96436
96438,9192.0,30300.0,96437
96439,9192.0,30474.0,96438
96440,9192.0,31133.0,96439
96441,9192.0,30979.0,96440
96442,9192.0,30581.0,96441
96443,9192.0,31352.0,96442
96444,9192.0,31788.0,96443
96445,9192.0,31759.0,96444
96446,9192.0,32535.0,96445
96447,9192.0,32744.0,96446
96448,9192.0,33053.0,96447
96449,9192.0,31429.0,96448
96450,9192.0,31783.0,96449
96451,9192.0,31723.0,96450
96452,9192.0,32117.0,96451
96453,9192.0,32117.0,96452
96454,9192.0,32133.0,96453
96455,9192.0,32086.0,96454
96456,9192.0,32164.0,96455
96457,9192.0,31807.0,96456
96458,9192.0,31330.0,96457
96459,9192.0,31161.0,96458
96460,9192.0,30921.0,96459
96461,9192.0,30921.0,96460
96462,9192.0,31328.0,96461
96463,9192.0,30975.0,96462
96464,9192.0,30767.0,96463
96465,9192.0,30896.0,96464
96466,9192.0,30641.0,96465
96467,9192.0,30120.0,96466
96468,9192.0,29674.0,96467
96469,9192.0,29177.0,96468
96470,9192.0,29044.0,96469
96471,9192.0,29033.0,96470
96472,9192.0,29249.0,96471
96473,9192.0,29246.0,96472
96474,9192.0,27891.0,96473
96475,9192.0,27891.0,96474
96476,9192.0,28062.0,96475
96477,9192.0,27992.0,96476
96478,9192.0,27738.0,96477
96479,9192.0,27851.0,96478
96480,9192.0,27745.0,96479
96481,9192.0,27762.0,96480
96482,9192.0,27702.0,96481
96483,9192.0,27907.0,96482
96484,9192.0,27900.0,96483
96485,9192.0,29483.0,96484
96486,9192.0,29475.0,96485
96487,9192.0,29233.0,96486
96488,9192.0,29590.0,96487
96489,9192.0,30149.0,96488
96490,9192.0,27778.0,96489
96491,9192.0,27469.0,96490
96492,9192.0,26330.0,96491
96493,9192.0,26275.0,96492
96494,9192.0,26246.0,96493
96495,9192.0,26246.0,96494
96496,9192.0,26350.0,96495
96497,9192.0,26350.0,96496
96498,9192.0,26360.0,96497
96499,9192.0,26103.0,96498
96500,9192.0,26501.0,96499
96501,9192.0,26623.0,96500
96502,9192.0,26623.0,96501
96503,9192.0,27812.0,96502
96504,9192.0,27871.0,96503
96505,9192.0,27871.0,96504
96506,9192.0,27419.0,96505
96507,9192.0,26959.0,96506
96508,9192.0,26399.0,96507
96509,9192.0,26399.0,96508
96510,9192.0,26683.0,96509
96511,9192.0,26920.0,96510
96512,9192.0,26652.0,96511
96513,9192.0,26668.0,96512
96514,9192.0,26536.0,96513
96515,9192.0,26861.0,96514
96516,9192.0,26944.0,96515
96517,9192.0,27258.0,96516
96518,9192.0,27599.0,96517
96519,9192.0,27599.0,96518
96520,9192.0,27599.0,96519
96521,9192.0,27933.0,96520
96522,9192.0,27107.0,96521
96523,9192.0,27107.0,96522
96524,9192.0,27072.0,96523
96525,9192.0,27106.0,96524
96526,9192.0,26899.0,96525
96527,9192.0,26488.0,96526
96528,9192.0,25667.0,96527
96529,9192.0,25219.0,96528
96530,9192.0,25232.0,96529
96531,9192.0,25791.0,96530
96532,9192.0,27189.0,96531
96533,9192.0,27121.0,96532
96534,9192.0,27096.0,96533
96535,9192.0,26916.0,96534
96536,9192.0,26898.0,96535
96537,9192.0,27269.0,96536
96538,9192.0,27269.0,96537
96539,9192.0,27270.0,96538
96540,9192.0,27137.0,96539
96541,9192.0,27211.0,96540
96542,9192.0,27211.0,96541
96543,9192.0,27440.0,96542
96544,9192.0,26835.0,96543
96545,9192.0,25979.0,96544
96546,9192.0,27199.0,96545
96547,9192.0,26620.0,96546
96548,9192.0,27628.0,96547
96549,9192.0,27628.0,96548
96550,9192.0,28021.0,96549
96551,9192.0,28145.0,96550
96552,9192.0,28124.0,96551
96553,9192.0,29005.0,96552
96554,9192.0,29160.0,96553
96555,9192.0,29160.0,96554
96556,9192.0,28856.0,96555
96557,9192.0,29859.0,96556
96558,9192.0,29859.0,96557
96559,9192.0,29859.0,96558
96560,9192.0,30174.0,96559
96561,9192.0,30263.0,96560
96562,9192.0,30403.0,96561
96563,9192.0,30514.0,96562
96564,9192.0,30520.0,96563
96565,9192.0,29631.0,96564
96566,9192.0,29570.0,96565
96567,9192.0,29580.0,96566
96568,9192.0,28908.0,96567
96569,9192.0,28750.0,96568
96570,9192.0,28703.0,96569
96571,9192.0,28249.0,96570
96572,9192.0,28019.0,96571
96573,9192.0,28019.0,96572
96574,9192.0,27265.0,96573
96575,9192.0,27265.0,96574
96576,9192.0,27581.0,96575
96577,9192.0,27668.0,96576
96578,9192.0,27732.0,96577
96579,9192.0,27668.0,96578
96580,9192.0,27662.0,96579
96581,9192.0,27757.0,96580
96582,9192.0,27915.0,96581
96583,9192.0,28552.0,96582
96584,9192.0,28261.0,96583
96585,9192.0,28007.0,96584
96586,9192.0,27888.0,96585
96587,9192.0,28091.0,96586
96588,9192.0,28142.0,96587
96589,9192.0,28455.0,96588
96590,9192.0,28402.0,96589
96591,9192.0,28402.0,96590
96592,9192.0,28203.0,96591
96593,9192.0,27654.0,96592
96594,9192.0,26962.0,96593
96595,9192.0,27404.0,96594
96596,9192.0,28531.0,96595
96597,9192.0,28723.0,96596
96598,9192.0,28720.0,96597
96599,9192.0,28546.0,96598
96600,9192.0,28186.0,96599
96601,9192.0,28158.0,96600
96602,9192.0,27742.0,96601
96603,9192.0,27728.0,96602
96604,9192.0,28367.0,96603
96605,9192.0,28313.0,96604
96606,9192.0,27731.0,96605
96607,9192.0,27017.0,96606
96608,9192.0,27108.0,96607
96609,9192.0,27288.0,96608
96610,9192.0,27262.0,96609
96611,9192.0,27262.0,96610
96612,9192.0,28112.0,96611
96613,9192.0,28407.0,96612
96614,9192.0,28372.0,96613
96615,9192.0,27729.0,96614
96616,9192.0,28168.0,96615
96617,9192.0,28064.0,96616
96618,9192.0,28475.0,96617
96619,9192.0,28475.0,96618
96620,9192.0,28425.0,96619
96621,9192.0,28241.0,96620
96622,9192.0,28457.0,96621
96623,9192.0,27908.0,96622
96624,9192.0,27813.0,96623
96625,9192.0,27944.0,96624
96626,9192.0,27979.0,96625
96627,9192.0,28024.0,96626
96628,9192.0,28369.0,96627
96629,9192.0,28327.0,96628
96630,9192.0,28652.0,96629
96631,9192.0,29116.0,96630
96632,9192.0,27962.0,96631
96633,9192.0,27462.0,96632
96634,9192.0,27451.0,96633
96635,9192.0,27523.0,96634
96636,9192.0,27534.0,96635
96637,9192.0,28121.0,96636
96638,9192.0,28423.0,96637
96639,9192.0,28281.0,96638
96640,9192.0,28254.0,96639
96641,9192.0,28254.0,96640
96642,9192.0,28241.0,96641
96643,9192.0,28185.0,96642
96644,9192.0,28005.0,96643
96645,9192.0,28026.0,96644
96646,9192.0,28175.0,96645
96647,9192.0,27741.0,96646
96648,9192.0,28542.0,96647
96649,9192.0,28876.0,96648
96650,9192.0,28876.0,96649
96651,9192.0,28704.0,96650
96652,9192.0,28984.0,96651
96653,9192.0,29336.0,96652
96654,9192.0,30455.0,96653
96655,9192.0,30946.0,96654
96656,9192.0,29697.0,96655
96657,9192.0,30392.0,96656
96658,9192.0,30250.0,96657
96659,9192.0,30194.0,96658
96660,9192.0,30080.0,96659
96661,9192.0,30080.0,96660
96662,9192.0,30287.0,96661
96663,9192.0,30287.0,96662
96664,9192.0,31578.0,96663
96665,9192.0,31066.0,96664
96666,9192.0,31066.0,96665
96667,9192.0,30846.0,96666
96668,9192.0,30745.0,96667
96669,9192.0,29230.0,96668
96670,9192.0,29331.0,96669
96671,9192.0,29088.0,96670
96672,9192.0,29424.0,96671
96673,9192.0,30088.0,96672
96674,9192.0,30088.0,96673
96675,9192.0,30115.0,96674
96676,9192.0,29239.0,96675
96677,9192.0,29127.0,96676
96678,9192.0,29141.0,96677
96679,9192.0,29413.0,96678
96680,9192.0,29423.0,96679
96681,9192.0,29418.0,96680
96682,9192.0,29418.0,96681
96683,9192.0,28624.0,96682
96684,9192.0,28009.0,96683
96685,9192.0,28208.0,96684
96686,9192.0,27833.0,96685
96687,9192.0,27608.0,96686
96688,9192.0,27755.0,96687
96689,9192.0,27416.0,96688
96690,9192.0,27517.0,96689
96691,9192.0,27517.0,96690
96692,9192.0,27487.0,96691
96693,9192.0,26769.0,96692
96694,9192.0,26762.0,96693
96695,9192.0,26920.0,96694
96696,9192.0,27771.0,96695
96697,9192.0,27704.0,96696
96698,9192.0,28328.0,96697
96699,9192.0,28297.0,96698
96700,9192.0,28444.0,96699
96701,9192.0,28444.0,96700
96702,9192.0,28357.0,96701
96703,9192.0,28586.0,96702
96704,9192.0,28017.0,96703
96705,9192.0,27872.0,96704
96706,9192.0,28097.0,96705
96707,9192.0,28064.0,96706
96708,9192.0,28103.0,96707
96709,9192.0,28129.0,96708
96710,9192.0,28862.0,96709
96711,9192.0,28556.0,96710
96712,9192.0,29493.0,96711
96713,9192.0,29663.0,96712
96714,9192.0,29559.0,96713
96715,9192.0,29630.0,96714
96716,9192.0,29437.0,96715
96717,9192.0,29437.0,96716
96718,9192.0,29079.0,96717
96719,9192.0,29405.0,96718
96720,9192.0,28922.0,96719
96721,9192.0,28924.0,96720
96722,9192.0,28924.0,96721
96723,9192.0,28721.0,96722
96724,9192.0,28634.0,96723
96725,9192.0,29218.0,96724
96726,9192.0,28899.0,96725
96727,9192.0,28709.0,96726
96728,9192.0,29259.0,96727
96729,9192.0,28343.0,96728
96730,9192.0,27551.0,96729
96731,9192.0,28421.0,96730
96732,9192.0,28079.0,96731
96733,9192.0,29072.0,96732
96734,9192.0,30319.0,96733
96735,9192.0,30243.0,96734
96736,9192.0,30244.0,96735
96737,9192.0,32482.0,96736
96738,9192.0,32380.0,96737
96739,9192.0,32441.0,96738
96740,9192.0,32441.0,96739
96741,9192.0,32473.0,96740
96742,9192.0,32522.0,96741
96743,9192.0,32363.0,96742
96744,9192.0,32114.0,96743
96745,9192.0,31898.0,96744
96746,9192.0,31870.0,96745
96747,9192.0,31559.0,96746
96748,9192.0,31559.0,96747
96749,9192.0,30916.0,96748
96750,9192.0,30916.0,96749
96751,9192.0,31036.0,96750
96752,9192.0,31457.0,96751
96753,9192.0,31901.0,96752
96754,9192.0,31203.0,96753
96755,9192.0,31139.0,96754
96756,9192.0,30737.0,96755
96757,9192.0,29929.0,96756
96758,9192.0,29872.0,96757
96759,9192.0,29872.0,96758
96760,9192.0,29872.0,96759
96761,9192.0,29786.0,96760
96762,9192.0,29471.0,96761
96763,9192.0,29550.0,96762
96764,9192.0,29550.0,96763
96765,9192.0,29662.0,96764
96766,9192.0,28871.0,96765
96767,9192.0,29535.0,96766
96768,9192.0,29874.0,96767
96769,9192.0,29710.0,96768
96770,9192.0,30357.0,96769
96771,9192.0,30275.0,96770
96772,9192.0,29573.0,96771
96773,9192.0,29573.0,96772
96774,9192.0,29517.0,96773
96775,9192.0,29136.0,96774
96776,9192.0,29520.0,96775
96777,9192.0,30144.0,96776
96778,9192.0,29981.0,96777
96779,9192.0,29461.0,96778
96780,9192.0,28491.0,96779
96781,9192.0,28494.0,96780
96782,9192.0,28494.0,96781
96783,9192.0,28190.0,96782
96784,9192.0,28411.0,96783
96785,9192.0,28157.0,96784
96786,9192.0,28225.0,96785
96787,9192.0,28073.0,96786
96788,9192.0,28023.0,96787
96789,9192.0,27988.0,96788
96790,9192.0,28548.0,96789
96791,9192.0,28554.0,96790
96792,9192.0,28664.0,96791
96793,9192.0,28294.0,96792
96794,9192.0,28483.0,96793
96795,9192.0,29067.0,96794
96796,9192.0,28886.0,96795
96797,9192.0,28606.0,96796
96798,9192.0,28523.0,96797
96799,9192.0,28660.0,96798
96800,9192.0,28525.0,96799
96801,9192.0,28519.0,96800
96802,9192.0,28003.0,96801
96803,9192.0,27980.0,96802
96804,9192.0,28193.0,96803
96805,9192.0,28380.0,96804
96806,9192.0,27737.0,96805
96807,9192.0,27488.0,96806
96808,9192.0,27395.0,96807
96809,9192.0,27022.0,96808
96810,9192.0,27331.0,96809
96811,9192.0,27473.0,96810
96812,9192.0,27835.0,96811
96813,9192.0,27835.0,96812
96814,9192.0,27641.0,96813
96815,9192.0,27434.0,96814
96816,9192.0,27756.0,96815
96817,9192.0,27761.0,96816
96818,9192.0,27991.0,96817
96819,9192.0,28309.0,96818
96820,9192.0,31024.0,96819
96821,9192.0,31069.0,96820
96822,9192.0,30755.0,96821
96823,9192.0,29683.0,96822
96824,9192.0,29374.0,96823
96825,9192.0,29237.0,96824
96826,9192.0,29474.0,96825
96827,9192.0,29596.0,96826
96828,9192.0,28600.0,96827
96829,9192.0,28555.0,96828
96830,9192.0,28568.0,96829
96831,9192.0,28312.0,96830
96832,9192.0,28206.0,96831
96833,9192.0,27974.0,96832
96834,9192.0,28013.0,96833
96835,9192.0,28323.0,96834
96836,9192.0,27803.0,96835
96837,9192.0,28350.0,96836
96838,9192.0,28491.0,96837
96839,9192.0,28590.0,96838
96840,9192.0,28628.0,96839
96841,9192.0,28609.0,96840
96842,9192.0,27700.0,96841
96843,9192.0,27792.0,96842
96844,9192.0,28346.0,96843
96845,9192.0,28414.0,96844
96846,9192.0,28319.0,96845
96847,9192.0,28471.0,96846
96848,9192.0,28534.0,96847
96849,9192.0,28735.0,96848
96850,9192.0,28633.0,96849
96851,9192.0,29802.0,96850
96852,9192.0,29859.0,96851
96853,9192.0,29194.0,96852
96854,9192.0,28961.0,96853
96855,9192.0,28530.0,96854
96856,9192.0,28530.0,96855
96857,9192.0,28604.0,96856
96858,9192.0,28806.0,96857
96859,9192.0,28865.0,96858
96860,9192.0,29021.0,96859
96861,9192.0,29459.0,96860
96862,9192.0,29238.0,96861
96863,9192.0,29238.0,96862
96864,9192.0,29241.0,96863
96865,9192.0,29152.0,96864
96866,9192.0,29297.0,96865
96867,9192.0,29201.0,96866
96868,9192.0,27743.0,96867
96869,9192.0,27743.0,96868
96870,9192.0,28682.0,96869
96871,9192.0,28605.0,96870
96872,9192.0,27967.0,96871
96873,9192.0,29692.0,96872
96874,9192.0,29403.0,96873
96875,9192.0,28950.0,96874
96876,9192.0,29295.0,96875
96877,9192.0,29364.0,96876
96878,9192.0,29690.0,96877
96879,9192.0,29841.0,96878
96880,9192.0,29970.0,96879
96881,9192.0,30146.0,96880
96882,9192.0,30118.0,96881
96883,9192.0,30381.0,96882
96884,9192.0,30368.0,96883
96885,9192.0,29618.0,96884
96886,9192.0,29861.0,96885
96887,9192.0,29879.0,96886
96888,9192.0,29144.0,96887
96889,9192.0,29157.0,96888
96890,9192.0,29156.0,96889
96891,9192.0,29542.0,96890
96892,9192.0,29287.0,96891
96893,9192.0,29366.0,96892
96894,9192.0,29179.0,96893
96895,9192.0,29086.0,96894
96896,9192.0,28811.0,96895
96897,9192.0,28760.0,96896
96898,9192.0,28182.0,96897
96899,9192.0,28445.0,96898
96900,9192.0,28661.0,96899
96901,9192.0,28673.0,96900
96902,9192.0,28155.0,96901
96903,9192.0,28325.0,96902
96904,9192.0,28064.0,96903
96905,9192.0,28064.0,96904
96906,9192.0,28476.0,96905
96907,9192.0,27982.0,96906
96908,9192.0,28914.0,96907
96909,9192.0,28127.0,96908
96910,9192.0,28263.0,96909
96911,9192.0,28177.0,96910
96912,9192.0,27762.0,96911
96913,9192.0,27150.0,96912
96914,9192.0,26897.0,96913
96915,9192.0,27543.0,96914
96916,9192.0,28394.0,96915
96917,9192.0,27624.0,96916
96918,9192.0,27522.0,96917
96919,9192.0,27339.0,96918
96920,9192.0,27081.0,96919
96921,9192.0,27051.0,96920
96922,9192.0,27080.0,96921
96923,9192.0,26306.0,96922
96924,9192.0,26392.0,96923
96925,9192.0,26193.0,96924
96926,9192.0,26439.0,96925
96927,9192.0,26350.0,96926
96928,9192.0,26873.0,96927
96929,9192.0,27128.0,96928
96930,9192.0,27485.0,96929
96931,9192.0,27889.0,96930
96932,9192.0,27958.0,96931
96933,9192.0,27879.0,96932
96934,9192.0,27749.0,96933
96935,9192.0,27587.0,96934
96936,9192.0,27486.0,96935
96937,9192.0,27486.0,96936
96938,9192.0,27506.0,96937
96939,9192.0,27057.0,96938
96940,9192.0,27743.0,96939
96941,9192.0,27854.0,96940
96942,9192.0,28391.0,96941
96943,9192.0,28538.0,96942
96944,9192.0,28872.0,96943
96945,9192.0,29001.0,96944
96946,9192.0,30319.0,96945
96947,9192.0,30737.0,96946
96948,9192.0,30723.0,96947
96949,9192.0,30180.0,96948
96950,9192.0,30612.0,96949
96951,9192.0,30671.0,96950
96952,9192.0,28420.0,96951
96953,9192.0,28361.0,96952
96954,9192.0,27308.0,96953
96955,9192.0,26629.0,96954
96956,9192.0,26298.0,96955
96957,9192.0,26298.0,96956
96958,9192.0,26151.0,96957
96959,9192.0,27469.0,96958
96960,9192.0,27401.0,96959
96961,9192.0,28404.0,96960
96962,9192.0,30354.0,96961
96963,9192.0,30311.0,96962
96964,9192.0,30498.0,96963
96965,9192.0,30649.0,96964
96966,9192.0,30613.0,96965
96967,9192.0,31202.0,96966
96968,9192.0,31168.0,96967
96969,9192.0,29319.0,96968
96970,9192.0,29251.0,96969
96971,9192.0,29329.0,96970
96972,9192.0,29261.0,96971
96973,9192.0,29831.0,96972
96974,9192.0,29784.0,96973
96975,9192.0,28567.0,96974
96976,9192.0,28757.0,96975
96977,9192.0,28757.0,96976
96978,9192.0,28773.0,96977
96979,9192.0,28571.0,96978
96980,9192.0,28354.0,96979
96981,9192.0,28438.0,96980
96982,9192.0,28438.0,96981
96983,9192.0,28445.0,96982
96984,9192.0,28619.0,96983
96985,9192.0,28621.0,96984
96986,9192.0,28621.0,96985
96987,9192.0,28644.0,96986
96988,9192.0,27818.0,96987
96989,9192.0,27553.0,96988
96990,9192.0,27405.0,96989
96991,9192.0,29041.0,96990
96992,9192.0,29050.0,96991
96993,9192.0,29503.0,96992
96994,9192.0,29543.0,96993
96995,9192.0,29315.0,96994
96996,9192.0,30633.0,96995
96997,9192.0,30933.0,96996
96998,9192.0,30778.0,96997
96999,9192.0,30608.0,96998
97000,9192.0,30608.0,96999
97001,9192.0,30363.0,97000
97002,9192.0,30278.0,97001
97003,9192.0,30300.0,97002
97004,9192.0,30203.0,97003
97005,9192.0,30198.0,97004
97006,9192.0,30669.0,97005
97007,9192.0,30664.0,97006
97008,9192.0,29750.0,97007
97009,9192.0,30464.0,97008
97010,9192.0,30534.0,97009
97011,9192.0,30489.0,97010
97012,9192.0,30344.0,97011
97013,9192.0,30330.0,97012
97014,9192.0,29802.0,97013
97015,9192.0,29812.0,97014
97016,9192.0,29922.0,97015
97017,9192.0,29996.0,97016
97018,9192.0,30065.0,97017
97019,9192.0,31145.0,97018
97020,9192.0,30975.0,97019
97021,9192.0,31398.0,97020
97022,9192.0,31371.0,97021
97023,9192.0,31666.0,97022
97024,9192.0,32962.0,97023
97025,9192.0,32855.0,97024
97026,9192.0,32855.0,97025
97027,9192.0,32257.0,97026
97028,9192.0,31966.0,97027
97029,9192.0,31795.0,97028
97030,9192.0,31884.0,97029
97031,9192.0,32087.0,97030
97032,9192.0,32084.0,97031
97033,9192.0,32084.0,97032
97034,9192.0,32090.0,97033
97035,9192.0,33063.0,97034
97036,9192.0,33019.0,97035
97037,9192.0,31679.0,97036
97038,9192.0,31657.0,97037
97039,9192.0,31583.0,97038
97040,9192.0,31378.0,97039
97041,9192.0,31711.0,97040
97042,9192.0,31291.0,97041
97043,9192.0,31053.0,97042
97044,9192.0,30662.0,97043
97045,9192.0,30593.0,97044
97046,9192.0,30295.0,97045
97047,9192.0,30371.0,97046
97048,9192.0,30475.0,97047
97049,9192.0,30707.0,97048
97050,9192.0,31025.0,97049
97051,9192.0,31030.0,97050
97052,9192.0,31082.0,97051
97053,9192.0,31105.0,97052
97054,9192.0,31122.0,97053
97055,9192.0,31122.0,97054
97056,9192.0,31127.0,97055
97057,9192.0,31127.0,97056
97058,9192.0,31774.0,97057
97059,9192.0,31652.0,97058
97060,9192.0,31244.0,97059
97061,9192.0,31351.0,97060
97062,9192.0,31599.0,97061
97063,9192.0,29897.0,97062
97064,9192.0,29990.0,97063
97065,9192.0,30175.0,97064
97066,9192.0,30161.0,97065
97067,9192.0,29472.0,97066
97068,9192.0,29540.0,97067
97069,9192.0,29545.0,97068
97070,9192.0,29557.0,97069
97071,9192.0,28230.0,97070
97072,9192.0,28841.0,97071
97073,9192.0,29516.0,97072
97074,9192.0,29439.0,97073
97075,9192.0,29406.0,97074
97076,9192.0,29228.0,97075
97077,9192.0,29066.0,97076
97078,9192.0,30373.0,97077
97079,9192.0,30657.0,97078
97080,9192.0,30872.0,97079
97081,9192.0,30648.0,97080
97082,9192.0,29828.0,97081
97083,9192.0,30239.0,97082
97084,9192.0,30043.0,97083
97085,9192.0,30904.0,97084
97086,9192.0,31113.0,97085
97087,9192.0,31544.0,97086
97088,9192.0,31705.0,97087
97089,9192.0,31748.0,97088
97090,9192.0,32109.0,97089
97091,9192.0,31888.0,97090
97092,9192.0,31829.0,97091
97093,9192.0,31081.0,97092
97094,9192.0,30723.0,97093
97095,9192.0,30723.0,97094
97096,9192.0,31812.0,97095
97097,9192.0,32065.0,97096
97098,9192.0,30949.0,97097
97099,9192.0,30680.0,97098
97100,9192.0,30697.0,97099
97101,9192.0,30937.0,97100
97102,9192.0,30701.0,97101
97103,9192.0,30517.0,97102
97104,9192.0,29600.0,97103
97105,9192.0,29522.0,97104
97106,9192.0,29658.0,97105
97107,9192.0,29652.0,97106
97108,9192.0,29076.0,97107
97109,9192.0,29386.0,97108
97110,9192.0,29858.0,97109
97111,9192.0,29901.0,97110
97112,9192.0,28795.0,97111
97113,9192.0,28344.0,97112
97114,9192.0,28560.0,97113
97115,9192.0,29083.0,97114
97116,9192.0,29783.0,97115
97117,9192.0,30160.0,97116
97118,9192.0,29719.0,97117
97119,9192.0,30083.0,97118
97120,9192.0,30903.0,97119
97121,9192.0,30989.0,97120
97122,9192.0,29448.0,97121
97123,9192.0,29448.0,97122
97124,9192.0,30396.0,97123
97125,9192.0,30407.0,97124
97126,9192.0,30045.0,97125
97127,9192.0,30053.0,97126
97128,9192.0,29850.0,97127
97129,9192.0,29636.0,97128
97130,9192.0,29407.0,97129
97131,9192.0,29415.0,97130
97132,9192.0,29130.0,97131
97133,9192.0,28840.0,97132
97134,9192.0,29073.0,97133
97135,9192.0,30616.0,97134
97136,9192.0,30667.0,97135
97137,9192.0,30667.0,97136
97138,9192.0,30594.0,97137
97139,9192.0,30738.0,97138
97140,9192.0,29847.0,97139
97141,9192.0,29853.0,97140
97142,9192.0,30785.0,97141
97143,9192.0,31355.0,97142
97144,9192.0,30831.0,97143
97145,9192.0,30727.0,97144
97146,9192.0,30682.0,97145
97147,9192.0,30682.0,97146
97148,9192.0,30679.0,97147
97149,9192.0,31790.0,97148
97150,9192.0,31905.0,97149
97151,9192.0,31781.0,97150
97152,9192.0,31947.0,97151
97153,9192.0,32247.0,97152
97154,9192.0,32251.0,97153
97155,9192.0,32377.0,97154
97156,9192.0,32385.0,97155
97157,9192.0,31421.0,97156
97158,9192.0,31723.0,97157
97159,9192.0,31540.0,97158
97160,9192.0,31450.0,97159
97161,9192.0,31450.0,97160
97162,9192.0,31545.0,97161
97163,9192.0,29528.0,97162
97164,9192.0,29528.0,97163
97165,9192.0,29420.0,97164
97166,9192.0,29572.0,97165
97167,9192.0,29381.0,97166
97168,9192.0,29696.0,97167
97169,9192.0,29973.0,97168
97170,9192.0,30243.0,97169
97171,9192.0,30303.0,97170
97172,9192.0,30542.0,97171
97173,9192.0,30282.0,97172
97174,9192.0,30317.0,97173
97175,9192.0,30338.0,97174
97176,9192.0,29811.0,97175
97177,9192.0,30098.0,97176
97178,9192.0,30094.0,97177
97179,9192.0,30238.0,97178
97180,9192.0,30646.0,97179
97181,9192.0,30608.0,97180
97182,9192.0,30558.0,97181
97183,9192.0,29890.0,97182
97184,9192.0,29685.0,97183
97185,9192.0,29954.0,97184
97186,9192.0,30315.0,97185
97187,9192.0,30327.0,97186
97188,9192.0,30199.0,97187
97189,9192.0,30630.0,97188
97190,9192.0,30668.0,97189
97191,9192.0,30579.0,97190
97192,9192.0,30536.0,97191
97193,9192.0,30694.0,97192
97194,9192.0,30285.0,97193
97195,9192.0,30284.0,97194
97196,9192.0,30782.0,97195
97197,9192.0,30401.0,97196
97198,9192.0,30264.0,97197
97199,9192.0,30526.0,97198
97200,9192.0,30184.0,97199
97201,9192.0,28854.0,97200
97202,9192.0,29055.0,97201
97203,9192.0,29158.0,97202
97204,9192.0,29235.0,97203
97205,9192.0,29235.0,97204
97206,9192.0,28578.0,97205
97207,9192.0,28612.0,97206
97208,9192.0,28656.0,97207
97209,9192.0,28495.0,97208
97210,9192.0,28197.0,97209
97211,9192.0,28048.0,97210
97212,9192.0,28069.0,97211
97213,9192.0,27844.0,97212
97214,9192.0,28306.0,97213
97215,9192.0,29460.0,97214
97216,9192.0,29086.0,97215
97217,9192.0,29260.0,97216
97218,9192.0,29260.0,97217
97219,9192.0,29260.0,97218
97220,9192.0,29498.0,97219
97221,9192.0,29498.0,97220
97222,9192.0,29482.0,97221
97223,9192.0,29429.0,97222
97224,9192.0,29429.0,97223
97225,9192.0,30345.0,97224
97226,9192.0,29899.0,97225
97227,9192.0,29760.0,97226
97228,9192.0,29760.0,97227
97229,9192.0,30495.0,97228
97230,9192.0,30231.0,97229
97231,9192.0,29974.0,97230
97232,9192.0,29927.0,97231
97233,9192.0,30214.0,97232
97234,9192.0,30202.0,97233
97235,9192.0,30202.0,97234
97236,9192.0,30282.0,97235
97237,9192.0,30352.0,97236
97238,9192.0,30629.0,97237
97239,9192.0,30629.0,97238
97240,9192.0,30842.0,97239
97241,9192.0,30697.0,97240
97242,9192.0,30120.0,97241
97243,9192.0,30058.0,97242
97244,9192.0,29999.0,97243
97245,9192.0,29903.0,97244
97246,9192.0,29384.0,97245
97247,9192.0,28983.0,97246
97248,9192.0,29072.0,97247
97249,9192.0,28695.0,97248
97250,9192.0,28807.0,97249
97251,9192.0,28787.0,97250
97252,9192.0,28864.0,97251
97253,9192.0,28864.0,97252
97254,9192.0,28864.0,97253
97255,9192.0,28438.0,97254
97256,9192.0,28622.0,97255
97257,9192.0,28385.0,97256
97258,9192.0,28066.0,97257
97259,9192.0,27954.0,97258
97260,9192.0,27918.0,97259
97261,9192.0,27765.0,97260
97262,9192.0,26808.0,97261
97263,9192.0,26808.0,97262
97264,9192.0,26799.0,97263
97265,9192.0,27828.0,97264
97266,9192.0,27828.0,97265
97267,9192.0,27505.0,97266
97268,9192.0,27383.0,97267
97269,9192.0,27215.0,97268
97270,9192.0,27137.0,97269
97271,9192.0,27036.0,97270
97272,9192.0,27219.0,97271
97273,9192.0,27421.0,97272
97274,9192.0,27421.0,97273
97275,9192.0,27475.0,97274
97276,9192.0,26648.0,97275
97277,9192.0,26613.0,97276
97278,9192.0,27374.0,97277
97279,9192.0,27306.0,97278
97280,9192.0,27306.0,97279
97281,9192.0,27213.0,97280
97282,9192.0,26601.0,97281
97283,9192.0,26568.0,97282
97284,9192.0,26535.0,97283
97285,9192.0,26631.0,97284
97286,9192.0,26780.0,97285
97287,9192.0,26653.0,97286
97288,9192.0,27223.0,97287
97289,9192.0,27007.0,97288
97290,9192.0,26839.0,97289
97291,9192.0,26920.0,97290
97292,9192.0,28098.0,97291
97293,9192.0,28262.0,97292
97294,9192.0,29075.0,97293
97295,9192.0,29075.0,97294
97296,9192.0,29201.0,97295
97297,9192.0,29067.0,97296
97298,9192.0,30032.0,97297
97299,9192.0,29725.0,97298
97300,9192.0,29865.0,97299
97301,9192.0,31031.0,97300
97302,9192.0,31030.0,97301
97303,9192.0,31023.0,97302
97304,9192.0,30743.0,97303
97305,9192.0,30712.0,97304
97306,9192.0,30712.0,97305
97307,9192.0,27817.0,97306
97308,9192.0,27498.0,97307
97309,9192.0,27522.0,97308
97310,9192.0,27574.0,97309
97311,9192.0,27574.0,97310
97312,9192.0,27832.0,97311
97313,9192.0,27743.0,97312
97314,9192.0,27907.0,97313
97315,9192.0,27907.0,97314
97316,9192.0,27836.0,97315
97317,9192.0,27278.0,97316
97318,9192.0,28760.0,97317
97319,9192.0,27683.0,97318
97320,9192.0,27523.0,97319
97321,9192.0,27026.0,97320
97322,9192.0,26761.0,97321
97323,9192.0,27169.0,97322
97324,9192.0,27683.0,97323
97325,9192.0,27921.0,97324
97326,9192.0,28183.0,97325
97327,9192.0,28367.0,97326
97328,9192.0,27847.0,97327
97329,9192.0,27814.0,97328
97330,9192.0,27814.0,97329
97331,9192.0,27886.0,97330
97332,9192.0,27912.0,97331
97333,9192.0,27440.0,97332
97334,9192.0,27311.0,97333
97335,9192.0,27312.0,97334
97336,9192.0,26954.0,97335
97337,9192.0,26887.0,97336
97338,9192.0,27796.0,97337
97339,9192.0,27667.0,97338
97340,9192.0,26670.0,97339
97341,9192.0,26794.0,97340
97342,9192.0,26614.0,97341
97343,9192.0,26909.0,97342
97344,9192.0,28519.0,97343
97345,9192.0,27955.0,97344
97346,9192.0,28730.0,97345
97347,9192.0,27754.0,97346
97348,9192.0,27754.0,97347
97349,9192.0,28068.0,97348
97350,9192.0,28297.0,97349
97351,9192.0,28012.0,97350
97352,9192.0,28273.0,97351
97353,9192.0,28267.0,97352
97354,9192.0,28408.0,97353
97355,9192.0,28346.0,97354
97356,9192.0,27568.0,97355
97357,9192.0,27894.0,97356
97358,9192.0,27882.0,97357
97359,9192.0,27278.0,97358
97360,9192.0,27495.0,97359
97361,9192.0,27495.0,97360
97362,9192.0,28025.0,97361
97363,9192.0,27826.0,97362
97364,9192.0,27607.0,97363
97365,9192.0,27624.0,97364
97366,9192.0,27704.0,97365
97367,9192.0,27826.0,97366
97368,9192.0,28405.0,97367
97369,9192.0,28427.0,97368
97370,9192.0,29459.0,97369
97371,9192.0,31248.0,97370
97372,9192.0,30920.0,97371
97373,9192.0,30920.0,97372
97374,9192.0,30460.0,97373
97375,9192.0,30497.0,97374
97376,9192.0,30776.0,97375
97377,9192.0,30200.0,97376
97378,9192.0,30200.0,97377
97379,9192.0,29860.0,97378
97380,9192.0,28398.0,97379
97381,9192.0,27369.0,97380
97382,9192.0,27431.0,97381
97383,9192.0,27675.0,97382
97384,9192.0,28692.0,97383
97385,9192.0,27603.0,97384
97386,9192.0,27835.0,97385
97387,9192.0,27823.0,97386
97388,9192.0,27598.0,97387
97389,9192.0,26407.0,97388
97390,9192.0,26380.0,97389
97391,9192.0,26380.0,97390
97392,9192.0,26774.0,97391
97393,9192.0,26774.0,97392
97394,9192.0,26318.0,97393
97395,9192.0,26715.0,97394
97396,9192.0,26741.0,97395
97397,9192.0,26218.0,97396
97398,9192.0,26333.0,97397
97399,9192.0,26690.0,97398
97400,9192.0,27586.0,97399
97401,9192.0,27548.0,97400
97402,9192.0,27856.0,97401
97403,9192.0,27654.0,97402
97404,9192.0,27640.0,97403
97405,9192.0,26679.0,97404
97406,9192.0,26587.0,97405
97407,9192.0,26280.0,97406
97408,9192.0,26979.0,97407
97409,9192.0,27191.0,97408
97410,9192.0,28266.0,97409
97411,9192.0,28727.0,97410
97412,9192.0,28676.0,97411
97413,9192.0,28862.0,97412
97414,9192.0,28029.0,97413
97415,9192.0,27750.0,97414
97416,9192.0,27540.0,97415
97417,9192.0,27182.0,97416
97418,9192.0,27747.0,97417
97419,9192.0,28701.0,97418
97420,9192.0,28701.0,97419
97421,9192.0,28652.0,97420
97422,9192.0,28330.0,97421
97423,9192.0,28306.0,97422
97424,9192.0,28266.0,97423
97425,9192.0,28350.0,97424
97426,9192.0,28859.0,97425
97427,9192.0,29194.0,97426
97428,9192.0,30355.0,97427
97429,9192.0,31106.0,97428
97430,9192.0,31075.0,97429
97431,9192.0,30649.0,97430
97432,9192.0,30634.0,97431
97433,9192.0,30677.0,97432
97434,9192.0,30676.0,97433
97435,9192.0,30315.0,97434
97436,9192.0,30465.0,97435
97437,9192.0,30481.0,97436
97438,9192.0,30186.0,97437
97439,9192.0,30161.0,97438
97440,9192.0,30497.0,97439
97441,9192.0,30359.0,97440
97442,9192.0,30359.0,97441
97443,9192.0,29910.0,97442
97444,9192.0,29898.0,97443
97445,9192.0,29070.0,97444
97446,9192.0,29448.0,97445
97447,9192.0,29431.0,97446
97448,9192.0,29405.0,97447
97449,9192.0,29539.0,97448
97450,9192.0,29776.0,97449
97451,9192.0,29417.0,97450
97452,9192.0,29417.0,97451
97453,9192.0,29537.0,97452
97454,9192.0,29784.0,97453
97455,9192.0,29784.0,97454
97456,9192.0,30707.0,97455
97457,9192.0,30908.0,97456
97458,9192.0,30663.0,97457
97459,9192.0,30154.0,97458
97460,9192.0,30004.0,97459
97461,9192.0,30382.0,97460
97462,9192.0,30189.0,97461
97463,9192.0,30134.0,97462
97464,9192.0,29813.0,97463
97465,9192.0,30110.0,97464
97466,9192.0,29770.0,97465
97467,9192.0,28012.0,97466
97468,9192.0,28015.0,97467
97469,9192.0,28062.0,97468
97470,9192.0,27756.0,97469
97471,9192.0,27931.0,97470
97472,9192.0,28100.0,97471
97473,9192.0,28194.0,97472
97474,9192.0,28592.0,97473
97475,9192.0,28234.0,97474
97476,9192.0,27320.0,97475
97477,9192.0,27320.0,97476
97478,9192.0,27440.0,97477
97479,9192.0,27751.0,97478
97480,9192.0,27586.0,97479
97481,9192.0,27329.0,97480
97482,9192.0,27255.0,97481
97483,9192.0,27252.0,97482
97484,9192.0,27424.0,97483
97485,9192.0,28877.0,97484
97486,9192.0,28880.0,97485
97487,9192.0,28326.0,97486
97488,9192.0,27953.0,97487
97489,9192.0,27598.0,97488
97490,9192.0,27731.0,97489
97491,9192.0,28002.0,97490
97492,9192.0,28236.0,97491
97493,9192.0,29075.0,97492
97494,9192.0,29336.0,97493
97495,9192.0,30001.0,97494
97496,9192.0,30006.0,97495
97497,9192.0,29960.0,97496
97498,9192.0,29956.0,97497
97499,9192.0,29662.0,97498
97500,9192.0,29414.0,97499
97501,9192.0,29721.0,97500
97502,9192.0,29886.0,97501
97503,9192.0,30225.0,97502
97504,9192.0,30244.0,97503
97505,9192.0,30327.0,97504
97506,9192.0,30464.0,97505
97507,9192.0,30373.0,97506
97508,9192.0,30560.0,97507
97509,9192.0,30409.0,97508
97510,9192.0,30450.0,97509
97511,9192.0,30573.0,97510
97512,9192.0,30352.0,97511
97513,9192.0,30352.0,97512
97514,9192.0,30521.0,97513
97515,9192.0,30589.0,97514
97516,9192.0,30589.0,97515
97517,9192.0,30812.0,97516
97518,9192.0,31192.0,97517
97519,9192.0,30968.0,97518
97520,9192.0,31084.0,97519
97521,9192.0,29092.0,97520
97522,9192.0,29190.0,97521
97523,9192.0,29387.0,97522
97524,9192.0,29594.0,97523
97525,9192.0,29180.0,97524
97526,9192.0,29660.0,97525
97527,9192.0,29492.0,97526
97528,9192.0,28752.0,97527
97529,9192.0,27680.0,97528
97530,9192.0,27672.0,97529
97531,9192.0,28340.0,97530
97532,9192.0,28116.0,97531
97533,9192.0,28385.0,97532
97534,9192.0,28647.0,97533
97535,9192.0,28362.0,97534
97536,9192.0,28362.0,97535
97537,9192.0,27710.0,97536
97538,9192.0,27929.0,97537
97539,9192.0,27914.0,97538
97540,9192.0,28078.0,97539
97541,9192.0,27671.0,97540
97542,9192.0,27725.0,97541
97543,9192.0,27560.0,97542
97544,9192.0,27612.0,97543
97545,9192.0,27815.0,97544
97546,9192.0,27776.0,97545
97547,9192.0,27740.0,97546
97548,9192.0,27077.0,97547
97549,9192.0,26863.0,97548
97550,9192.0,27135.0,97549
97551,9192.0,27110.0,97550
97552,9192.0,27386.0,97551
97553,9192.0,26900.0,97552
97554,9192.0,26694.0,97553
97555,9192.0,26694.0,97554
97556,9192.0,26722.0,97555
97557,9192.0,26806.0,97556
97558,9192.0,27589.0,97557
97559,9192.0,27417.0,97558
97560,9192.0,27976.0,97559
97561,9192.0,27090.0,97560
97562,9192.0,27090.0,97561
97563,9192.0,27083.0,97562
97564,9192.0,27107.0,97563
97565,9192.0,27495.0,97564
97566,9192.0,27495.0,97565
97567,9192.0,27442.0,97566
97568,9192.0,27494.0,97567
97569,9192.0,27842.0,97568
97570,9192.0,27702.0,97569
97571,9192.0,27661.0,97570
97572,9192.0,27857.0,97571
97573,9192.0,27804.0,97572
97574,9192.0,29209.0,97573
97575,9192.0,29917.0,97574
97576,9192.0,30048.0,97575
97577,9192.0,29421.0,97576
97578,9192.0,30171.0,97577
97579,9192.0,30186.0,97578
97580,9192.0,28448.0,97579
97581,9192.0,28823.0,97580
97582,9192.0,28170.0,97581
97583,9192.0,28196.0,97582
97584,9192.0,28178.0,97583
97585,9192.0,27728.0,97584
97586,9192.0,27779.0,97585
97587,9192.0,27720.0,97586
97588,9192.0,29018.0,97587
97589,9192.0,29002.0,97588
97590,9192.0,28414.0,97589
97591,9192.0,28514.0,97590
97592,9192.0,28243.0,97591
97593,9192.0,28149.0,97592
97594,9192.0,28139.0,97593
97595,9192.0,27775.0,97594
97596,9192.0,28097.0,97595
97597,9192.0,28010.0,97596
97598,9192.0,27477.0,97597
97599,9192.0,27537.0,97598
97600,9192.0,27239.0,97599
97601,9192.0,26891.0,97600
97602,9192.0,26618.0,97601
97603,9192.0,26618.0,97602
97604,9192.0,27508.0,97603
97605,9192.0,27508.0,97604
97606,9192.0,27630.0,97605
97607,9192.0,27630.0,97606
97608,9192.0,28231.0,97607
97609,9192.0,28273.0,97608
97610,9192.0,28282.0,97609
97611,9192.0,29038.0,97610
97612,9192.0,29038.0,97611
97613,9192.0,29038.0,97612
97614,9192.0,29034.0,97613
97615,9192.0,28764.0,97614
97616,9192.0,28907.0,97615
97617,9192.0,29076.0,97616
97618,9192.0,28877.0,97617
97619,9192.0,28893.0,97618
97620,9192.0,28893.0,97619
97621,9192.0,28893.0,97620
97622,9192.0,28591.0,97621
97623,9192.0,28629.0,97622
97624,9192.0,29245.0,97623
97625,9192.0,28812.0,97624
97626,9192.0,28796.0,97625
97627,9192.0,29113.0,97626
97628,9192.0,29570.0,97627
97629,9192.0,28370.0,97628
97630,9192.0,28312.0,97629
97631,9192.0,28286.0,97630
97632,9192.0,28396.0,97631
97633,9192.0,28396.0,97632
97634,9192.0,28431.0,97633
97635,9192.0,28431.0,97634
97636,9192.0,28591.0,97635
97637,9192.0,28591.0,97636
97638,9192.0,28870.0,97637
97639,9192.0,29051.0,97638
97640,9192.0,29056.0,97639
97641,9192.0,30760.0,97640
97642,9192.0,30861.0,97641
97643,9192.0,30828.0,97642
97644,9192.0,30596.0,97643
97645,9192.0,30591.0,97644
97646,9192.0,30419.0,97645
97647,9192.0,30056.0,97646
97648,9192.0,30216.0,97647
97649,9192.0,30376.0,97648
97650,9192.0,30494.0,97649
97651,9192.0,30494.0,97650
97652,9192.0,30597.0,97651
97653,9192.0,31571.0,97652
97654,9192.0,31998.0,97653
97655,9192.0,32181.0,97654
97656,9192.0,33897.0,97655
97657,9192.0,33741.0,97656
97658,9192.0,33647.0,97657
97659,9192.0,33709.0,97658
97660,9192.0,33732.0,97659
97661,9192.0,33701.0,97660
97662,9192.0,33537.0,97661
97663,9192.0,33340.0,97662
97664,9192.0,32879.0,97663
97665,9192.0,32736.0,97664
97666,9192.0,32691.0,97665
97667,9192.0,32058.0,97666
97668,9192.0,31838.0,97667
97669,9192.0,31951.0,97668
97670,9192.0,31924.0,97669
97671,9192.0,31421.0,97670
97672,9192.0,29833.0,97671
97673,9192.0,29866.0,97672
97674,9192.0,29690.0,97673
97675,9192.0,29748.0,97674
97676,9192.0,30591.0,97675
97677,9192.0,30735.0,97676
97678,9192.0,30736.0,97677
97679,9192.0,30275.0,97678
97680,9192.0,30252.0,97679
97681,9192.0,30251.0,97680
97682,9192.0,30428.0,97681
97683,9192.0,30060.0,97682
97684,9192.0,30060.0,97683
97685,9192.0,30060.0,97684
97686,9192.0,30318.0,97685
97687,9192.0,30398.0,97686
97688,9192.0,30650.0,97687
97689,9192.0,30697.0,97688
97690,9192.0,30658.0,97689
97691,9192.0,30289.0,97690
97692,9192.0,30407.0,97691
97693,9192.0,29157.0,97692
97694,9192.0,29465.0,97693
97695,9192.0,28722.0,97694
97696,9192.0,28813.0,97695
97697,9192.0,29159.0,97696
97698,9192.0,29569.0,97697
97699,9192.0,29023.0,97698
97700,9192.0,29016.0,97699
97701,9192.0,29169.0,97700
97702,9192.0,29176.0,97701
97703,9192.0,28853.0,97702
97704,9192.0,29765.0,97703
97705,9192.0,30401.0,97704
97706,9192.0,30497.0,97705
97707,9192.0,30704.0,97706
97708,9192.0,30921.0,97707
97709,9192.0,30922.0,97708
97710,9192.0,31127.0,97709
97711,9192.0,30828.0,97710
97712,9192.0,30907.0,97711
97713,9192.0,30352.0,97712
97714,9192.0,30391.0,97713
97715,9192.0,30391.0,97714
97716,9192.0,30326.0,97715
97717,9192.0,30360.0,97716
97718,9192.0,30266.0,97717
97719,9192.0,30489.0,97718
97720,9192.0,30481.0,97719
97721,9192.0,30481.0,97720
97722,9192.0,30961.0,97721
97723,9192.0,30778.0,97722
97724,9192.0,30778.0,97723
97725,9192.0,30815.0,97724
97726,9192.0,30645.0,97725
97727,9192.0,30671.0,97726
97728,9192.0,30833.0,97727
97729,9192.0,30873.0,97728
97730,9192.0,30865.0,97729
97731,9192.0,30733.0,97730
97732,9192.0,31059.0,97731
97733,9192.0,31122.0,97732
97734,9192.0,31073.0,97733
97735,9192.0,30758.0,97734
97736,9192.0,30073.0,97735
97737,9192.0,30002.0,97736
97738,9192.0,30490.0,97737
97739,9192.0,30593.0,97738
97740,9192.0,30593.0,97739
97741,9192.0,29438.0,97740
97742,9192.0,29521.0,97741
97743,9192.0,29488.0,97742
97744,9192.0,29265.0,97743
97745,9192.0,29023.0,97744
97746,9192.0,29275.0,97745
97747,9192.0,29555.0,97746
97748,9192.0,29555.0,97747
97749,9192.0,29489.0,97748
97750,9192.0,30716.0,97749
97751,9192.0,29929.0,97750
97752,9192.0,29435.0,97751
97753,9192.0,29367.0,97752
97754,9192.0,29367.0,97753
97755,9192.0,29197.0,97754
97756,9192.0,28938.0,97755
97757,9192.0,28938.0,97756
97758,9192.0,27141.0,97757
97759,9192.0,26436.0,97758
97760,9192.0,28032.0,97759
97761,9192.0,27605.0,97760
97762,9192.0,28100.0,97761
97763,9192.0,28475.0,97762
97764,9192.0,28455.0,97763
97765,9192.0,28533.0,97764
97766,9192.0,29378.0,97765
97767,9192.0,28359.0,97766
97768,9192.0,28180.0,97767
97769,9192.0,28624.0,97768
97770,9192.0,28776.0,97769
97771,9192.0,28499.0,97770
97772,9192.0,28327.0,97771
97773,9192.0,27977.0,97772
97774,9192.0,27827.0,97773
97775,9192.0,27818.0,97774
97776,9192.0,28552.0,97775
97777,9192.0,28552.0,97776
97778,9192.0,28851.0,97777
97779,9192.0,28821.0,97778
97780,9192.0,29153.0,97779
97781,9192.0,29040.0,97780
97782,9192.0,28972.0,97781
97783,9192.0,28787.0,97782
97784,9192.0,28775.0,97783
97785,9192.0,29665.0,97784
97786,9192.0,29651.0,97785
97787,9192.0,28384.0,97786
97788,9192.0,28366.0,97787
97789,9192.0,27395.0,97788
97790,9192.0,27539.0,97789
97791,9192.0,27584.0,97790
97792,9192.0,27711.0,97791
97793,9192.0,27711.0,97792
97794,9192.0,27577.0,97793
97795,9192.0,27017.0,97794
97796,9192.0,27082.0,97795
97797,9192.0,27082.0,97796
97798,9192.0,26964.0,97797
97799,9192.0,26805.0,97798
97800,9192.0,26910.0,97799
97801,9192.0,26092.0,97800
97802,9192.0,26110.0,97801
97803,9192.0,26389.0,97802
97804,9192.0,26683.0,97803
97805,9192.0,26836.0,97804
97806,9192.0,26349.0,97805
97807,9192.0,26027.0,97806
97808,9192.0,26384.0,97807
97809,9192.0,26610.0,97808
97810,9192.0,26628.0,97809
97811,9192.0,26853.0,97810
97812,9192.0,27251.0,97811
97813,9192.0,27373.0,97812
97814,9192.0,27608.0,97813
97815,9192.0,27992.0,97814
97816,9192.0,27986.0,97815
97817,9192.0,27877.0,97816
97818,9192.0,27793.0,97817
97819,9192.0,27548.0,97818
97820,9192.0,27118.0,97819
97821,9192.0,27272.0,97820
97822,9192.0,27272.0,97821
97823,9192.0,27411.0,97822
97824,9192.0,27421.0,97823
97825,9192.0,26524.0,97824
97826,9192.0,27186.0,97825
97827,9192.0,26882.0,97826
97828,9192.0,27104.0,97827
97829,9192.0,27104.0,97828
97830,9192.0,27791.0,97829
97831,9192.0,28001.0,97830
97832,9192.0,28026.0,97831
97833,9192.0,29453.0,97832
97834,9192.0,28937.0,97833
97835,9192.0,28813.0,97834
97836,9192.0,28809.0,97835
97837,9192.0,28757.0,97836
97838,9192.0,28173.0,97837
97839,9192.0,28307.0,97838
97840,9192.0,28267.0,97839
97841,9192.0,28222.0,97840
97842,9192.0,28348.0,97841
97843,9192.0,27906.0,97842
97844,9192.0,28008.0,97843
97845,9192.0,29095.0,97844
97846,9192.0,28522.0,97845
97847,9192.0,28393.0,97846
97848,9192.0,28387.0,97847
97849,9192.0,29287.0,97848
97850,9192.0,28511.0,97849
97851,9192.0,28499.0,97850
97852,9192.0,27858.0,97851
97853,9192.0,27714.0,97852
97854,9192.0,27498.0,97853
97855,9192.0,26728.0,97854
97856,9192.0,26849.0,97855
97857,9192.0,26626.0,97856
97858,9192.0,26042.0,97857
97859,9192.0,26468.0,97858
97860,9192.0,26469.0,97859
97861,9192.0,25717.0,97860
97862,9192.0,25482.0,97861
97863,9192.0,25738.0,97862
97864,9192.0,26245.0,97863
97865,9192.0,26112.0,97864
97866,9192.0,25878.0,97865
97867,9192.0,25955.0,97866
97868,9192.0,25730.0,97867
97869,9192.0,25647.0,97868
97870,9192.0,26633.0,97869
97871,9192.0,26516.0,97870
97872,9192.0,26531.0,97871
97873,9192.0,26801.0,97872
97874,9192.0,26578.0,97873
97875,9192.0,26066.0,97874
97876,9192.0,26066.0,97875
97877,9192.0,25932.0,97876
97878,9192.0,25956.0,97877
97879,9192.0,27545.0,97878
97880,9192.0,27552.0,97879
97881,9192.0,27552.0,97880
97882,9192.0,27600.0,97881
97883,9192.0,29135.0,97882
97884,9192.0,27978.0,97883
97885,9192.0,27978.0,97884
97886,9192.0,28370.0,97885
97887,9192.0,29445.0,97886
97888,9192.0,29285.0,97887
97889,9192.0,29127.0,97888
97890,9192.0,29199.0,97889
97891,9192.0,29343.0,97890
97892,9192.0,29190.0,97891
97893,9192.0,29231.0,97892
97894,9192.0,29050.0,97893
97895,9192.0,29239.0,97894
97896,9192.0,29981.0,97895
97897,9192.0,29613.0,97896
97898,9192.0,30083.0,97897
97899,9192.0,30109.0,97898
97900,9192.0,29802.0,97899
97901,9192.0,29582.0,97900
97902,9192.0,29220.0,97901
97903,9192.0,29034.0,97902
97904,9192.0,29771.0,97903
97905,9192.0,28600.0,97904
97906,9192.0,28577.0,97905
97907,9192.0,26685.0,97906
97908,9192.0,26635.0,97907
97909,9192.0,26989.0,97908
97910,9192.0,26823.0,97909
97911,9192.0,27113.0,97910
97912,9192.0,27170.0,97911
97913,9192.0,26886.0,97912
97914,9192.0,27133.0,97913
97915,9192.0,27154.0,97914
97916,9192.0,28092.0,97915
97917,9192.0,27524.0,97916
97918,9192.0,27132.0,97917
97919,9192.0,27623.0,97918
97920,9192.0,27807.0,97919
97921,9192.0,28311.0,97920
97922,9192.0,28311.0,97921
97923,9192.0,28982.0,97922
97924,9192.0,28983.0,97923
97925,9192.0,29402.0,97924
97926,9192.0,29998.0,97925
97927,9192.0,29874.0,97926
97928,9192.0,30227.0,97927
97929,9192.0,29928.0,97928
97930,9192.0,30078.0,97929
97931,9192.0,30055.0,97930
97932,9192.0,30076.0,97931
97933,9192.0,30009.0,97932
97934,9192.0,29476.0,97933
97935,9192.0,28619.0,97934
97936,9192.0,30325.0,97935
97937,9192.0,30265.0,97936
97938,9192.0,30394.0,97937
97939,9192.0,30228.0,97938
97940,9192.0,29961.0,97939
97941,9192.0,30246.0,97940
97942,9192.0,30540.0,97941
97943,9192.0,30540.0,97942
97944,9192.0,30496.0,97943
97945,9192.0,30930.0,97944
97946,9192.0,29594.0,97945
97947,9192.0,29997.0,97946
97948,9192.0,30912.0,97947
97949,9192.0,30433.0,97948
97950,9192.0,28965.0,97949
97951,9192.0,28926.0,97950
97952,9192.0,27897.0,97951
97953,9192.0,27962.0,97952
97954,9192.0,27863.0,97953
97955,9192.0,27914.0,97954
97956,9192.0,27875.0,97955
97957,9192.0,27499.0,97956
97958,9192.0,27732.0,97957
97959,9192.0,27732.0,97958
97960,9192.0,27518.0,97959
97961,9192.0,27518.0,97960
97962,9192.0,26867.0,97961
97963,9192.0,26846.0,97962
97964,9192.0,26740.0,97963
97965,9192.0,26948.0,97964
97966,9192.0,26963.0,97965
97967,9192.0,25893.0,97966
97968,9192.0,26510.0,97967
97969,9192.0,26310.0,97968
97970,9192.0,26323.0,97969
97971,9192.0,26231.0,97970
97972,9192.0,26231.0,97971
97973,9192.0,26302.0,97972
97974,9192.0,26302.0,97973
97975,9192.0,27186.0,97974
97976,9192.0,27297.0,97975
97977,9192.0,27407.0,97976
97978,9192.0,27265.0,97977
97979,9192.0,27312.0,97978
97980,9192.0,27007.0,97979
97981,9192.0,27321.0,97980
97982,9192.0,27393.0,97981
97983,9192.0,27393.0,97982
97984,9192.0,26508.0,97983
97985,9192.0,26526.0,97984
97986,9192.0,26335.0,97985
97987,9192.0,26097.0,97986
97988,9192.0,26344.0,97987
97989,9192.0,26352.0,97988
97990,9192.0,26039.0,97989
97991,9192.0,26039.0,97990
97992,9192.0,26691.0,97991
97993,9192.0,26999.0,97992
97994,9192.0,26899.0,97993
97995,9192.0,26642.0,97994
97996,9192.0,26579.0,97995
97997,9192.0,26332.0,97996
97998,9192.0,26600.0,97997
97999,9192.0,26331.0,97998
98000,9192.0,26550.0,97999
98001,9192.0,26550.0,98000
98002,9192.0,27161.0,98001
98003,9192.0,27643.0,98002
98004,9192.0,27603.0,98003
98005,9192.0,27692.0,98004
98006,9192.0,27989.0,98005
98007,9192.0,28816.0,98006
98008,9192.0,28991.0,98007
98009,9192.0,29732.0,98008
98010,9192.0,29688.0,98009
98011,9192.0,29688.0,98010
98012,9192.0,29688.0,98011
98013,9192.0,29669.0,98012
98014,9192.0,29833.0,98013
98015,9192.0,30281.0,98014
98016,9192.0,29565.0,98015
98017,9192.0,29266.0,98016
98018,9192.0,29534.0,98017
98019,9192.0,29542.0,98018
98020,9192.0,29565.0,98019
98021,9192.0,29581.0,98020
98022,9192.0,29932.0,98021
98023,9192.0,29842.0,98022
98024,9192.0,28789.0,98023
98025,9192.0,28937.0,98024
98026,9192.0,28937.0,98025
98027,9192.0,28967.0,98026
98028,9192.0,28967.0,98027
98029,9192.0,28967.0,98028
98030,9192.0,28967.0,98029
98031,9192.0,29138.0,98030
98032,9192.0,28667.0,98031
98033,9192.0,28667.0,98032
98034,9192.0,28719.0,98033
98035,9192.0,28766.0,98034
98036,9192.0,28250.0,98035
98037,9192.0,28966.0,98036
98038,9192.0,29762.0,98037
98039,9192.0,29703.0,98038
98040,9192.0,29268.0,98039
98041,9192.0,29525.0,98040
98042,9192.0,28672.0,98041
98043,9192.0,28241.0,98042
98044,9192.0,28936.0,98043
98045,9192.0,29200.0,98044
98046,9192.0,29033.0,98045
98047,9192.0,29059.0,98046
98048,9192.0,29514.0,98047
98049,9192.0,29195.0,98048
98050,9192.0,30529.0,98049
98051,9192.0,30365.0,98050
98052,9192.0,30315.0,98051
98053,9192.0,30299.0,98052
98054,9192.0,30022.0,98053
98055,9192.0,30331.0,98054
98056,9192.0,28988.0,98055
98057,9192.0,29182.0,98056
98058,9192.0,29052.0,98057
98059,9192.0,28751.0,98058
98060,9192.0,29042.0,98059
98061,9192.0,29329.0,98060
98062,9192.0,29329.0,98061
98063,9192.0,29450.0,98062
98064,9192.0,29364.0,98063
98065,9192.0,29267.0,98064
98066,9192.0,29438.0,98065
98067,9192.0,29438.0,98066
98068,9192.0,27179.0,98067
98069,9192.0,26820.0,98068
98070,9192.0,27823.0,98069
98071,9192.0,27896.0,98070
98072,9192.0,27125.0,98071
98073,9192.0,26931.0,98072
98074,9192.0,26695.0,98073
98075,9192.0,27094.0,98074
98076,9192.0,27094.0,98075
98077,9192.0,26857.0,98076
98078,9192.0,26756.0,98077
98079,9192.0,26850.0,98078
98080,9192.0,27404.0,98079
98081,9192.0,27453.0,98080
98082,9192.0,27627.0,98081
98083,9192.0,27652.0,98082
98084,9192.0,26652.0,98083
98085,9192.0,26519.0,98084
98086,9192.0,26702.0,98085
98087,9192.0,27000.0,98086
98088,9192.0,26454.0,98087
98089,9192.0,26945.0,98088
98090,9192.0,26626.0,98089
98091,9192.0,25987.0,98090
98092,9192.0,25844.0,98091
98093,9192.0,25625.0,98092
98094,9192.0,25405.0,98093
98095,9192.0,25632.0,98094
98096,9192.0,25682.0,98095
98097,9192.0,25682.0,98096
98098,9192.0,25478.0,98097
98099,9192.0,25504.0,98098
98100,9192.0,25567.0,98099
98101,9192.0,24873.0,98100
98102,9192.0,25159.0,98101
98103,9192.0,25167.0,98102
98104,9192.0,25307.0,98103
98105,9192.0,25511.0,98104
98106,9192.0,25024.0,98105
98107,9192.0,25024.0,98106
98108,9192.0,24959.0,98107
98109,9192.0,23889.0,98108
98110,9192.0,23908.0,98109
98111,9192.0,24678.0,98110
98112,9192.0,24175.0,98111
98113,9192.0,23775.0,98112
98114,9192.0,24262.0,98113
98115,9192.0,24275.0,98114
98116,9192.0,24275.0,98115
98117,9192.0,24070.0,98116
98118,9192.0,24070.0,98117
98119,9192.0,24070.0,98118
98120,9192.0,24289.0,98119
98121,9192.0,24290.0,98120
98122,9192.0,24697.0,98121
98123,9192.0,24534.0,98122
98124,9192.0,24350.0,98123
98125,9192.0,24350.0,98124
98126,9192.0,24751.0,98125
98127,9192.0,24832.0,98126
98128,9192.0,24815.0,98127
98129,9192.0,24701.0,98128
98130,9192.0,24774.0,98129
98131,9192.0,24382.0,98130
98132,9192.0,24761.0,98131
98133,9192.0,24733.0,98132
98134,9192.0,25217.0,98133
98135,9192.0,25217.0,98134
98136,9192.0,25478.0,98135
98137,9192.0,25795.0,98136
98138,9192.0,25175.0,98137
98139,9192.0,25175.0,98138
98140,9192.0,25166.0,98139
98141,9192.0,24802.0,98140
98142,9192.0,25371.0,98141
98143,9192.0,25328.0,98142
98144,9192.0,25132.0,98143
98145,9192.0,25215.0,98144
98146,9192.0,25476.0,98145
98147,9192.0,26101.0,98146
98148,9192.0,26788.0,98147
98149,9192.0,26918.0,98148
98150,9192.0,26864.0,98149
98151,9192.0,27690.0,98150
98152,9192.0,27335.0,98151
98153,9192.0,27293.0,98152
98154,9192.0,28029.0,98153
98155,9192.0,28003.0,98154
98156,9192.0,28352.0,98155
98157,9192.0,28483.0,98156
98158,9192.0,28853.0,98157
98159,9192.0,28705.0,98158
98160,9192.0,28705.0,98159
98161,9192.0,28575.0,98160
98162,9192.0,28727.0,98161
98163,9192.0,28414.0,98162
98164,9192.0,28763.0,98163
98165,9192.0,28869.0,98164
98166,9192.0,28498.0,98165
98167,9192.0,29823.0,98166
98168,9192.0,30638.0,98167
98169,9192.0,30840.0,98168
98170,9192.0,30782.0,98169
98171,9192.0,30463.0,98170
98172,9192.0,30550.0,98171
98173,9192.0,30533.0,98172
98174,9192.0,30119.0,98173
98175,9192.0,30140.0,98174
98176,9192.0,31041.0,98175
98177,9192.0,30776.0,98176
98178,9192.0,30961.0,98177
98179,9192.0,30494.0,98178
98180,9192.0,30588.0,98179
98181,9192.0,30527.0,98180
98182,9192.0,30238.0,98181
98183,9192.0,30293.0,98182
98184,9192.0,30287.0,98183
98185,9192.0,30302.0,98184
98186,9192.0,30889.0,98185
98187,9192.0,31112.0,98186
98188,9192.0,31109.0,98187
98189,9192.0,32098.0,98188
98190,9192.0,31634.0,98189
98191,9192.0,32035.0,98190
98192,9192.0,32107.0,98191
98193,9192.0,32034.0,98192
98194,9192.0,31154.0,98193
98195,9192.0,29150.0,98194
98196,9192.0,28103.0,98195
98197,9192.0,28086.0,98196
98198,9192.0,28094.0,98197
98199,9192.0,28122.0,98198
98200,9192.0,27761.0,98199
98201,9192.0,28027.0,98200
98202,9192.0,26931.0,98201
98203,9192.0,26970.0,98202
98204,9192.0,28439.0,98203
98205,9192.0,28425.0,98204
98206,9192.0,28824.0,98205
98207,9192.0,27226.0,98206
98208,9192.0,27296.0,98207
98209,9192.0,27190.0,98208
98210,9192.0,27104.0,98209
98211,9192.0,26009.0,98210
98212,9192.0,26418.0,98211
98213,9192.0,26534.0,98212
98214,9192.0,26534.0,98213
98215,9192.0,26427.0,98214
98216,9192.0,26755.0,98215
98217,9192.0,26677.0,98216
98218,9192.0,26734.0,98217
98219,9192.0,26952.0,98218
98220,9192.0,27251.0,98219
98221,9192.0,27458.0,98220
98222,9192.0,27458.0,98221
98223,9192.0,28095.0,98222
98224,9192.0,28357.0,98223
98225,9192.0,28744.0,98224
98226,9192.0,28697.0,98225
98227,9192.0,28726.0,98226
98228,9192.0,28708.0,98227
98229,9192.0,28782.0,98228
98230,9192.0,28729.0,98229
98231,9192.0,28305.0,98230
98232,9192.0,28112.0,98231
98233,9192.0,28103.0,98232
98234,9192.0,28092.0,98233
98235,9192.0,27893.0,98234
98236,9192.0,27839.0,98235
98237,9192.0,27352.0,98236
98238,9192.0,27352.0,98237
98239,9192.0,27330.0,98238
98240,9192.0,27530.0,98239
98241,9192.0,27167.0,98240
98242,9192.0,26687.0,98241
98243,9192.0,26685.0,98242
98244,9192.0,26872.0,98243
98245,9192.0,26815.0,98244
98246,9192.0,25784.0,98245
98247,9192.0,26446.0,98246
98248,9192.0,26168.0,98247
98249,9192.0,25378.0,98248
98250,9192.0,25378.0,98249
98251,9192.0,25378.0,98250
98252,9192.0,25422.0,98251
98253,9192.0,25869.0,98252
98254,9192.0,25998.0,98253
98255,9192.0,26502.0,98254
98256,9192.0,26369.0,98255
98257,9192.0,25627.0,98256
98258,9192.0,25627.0,98257
98259,9192.0,25716.0,98258
98260,9192.0,25716.0,98259
98261,9192.0,25934.0,98260
98262,9192.0,26109.0,98261
98263,9192.0,26287.0,98262
98264,9192.0,26711.0,98263
98265,9192.0,26941.0,98264
98266,9192.0,26378.0,98265
98267,9192.0,25616.0,98266
98268,9192.0,25084.0,98267
98269,9192.0,25911.0,98268
98270,9192.0,25953.0,98269
98271,9192.0,25977.0,98270
98272,9192.0,26055.0,98271
98273,9192.0,25672.0,98272
98274,9192.0,26487.0,98273
98275,9192.0,27020.0,98274
98276,9192.0,26987.0,98275
98277,9192.0,27135.0,98276
98278,9192.0,27458.0,98277
98279,9192.0,27933.0,98278
98280,9192.0,26937.0,98279
98281,9192.0,27403.0,98280
98282,9192.0,28992.0,98281
98283,9192.0,29166.0,98282
98284,9192.0,29173.0,98283
98285,9192.0,29310.0,98284
98286,9192.0,29295.0,98285
98287,9192.0,29247.0,98286
98288,9192.0,29152.0,98287
98289,9192.0,29039.0,98288
98290,9192.0,29029.0,98289
98291,9192.0,29029.0,98290
98292,9192.0,29555.0,98291
98293,9192.0,29395.0,98292
98294,9192.0,29713.0,98293
98295,9192.0,29666.0,98294
98296,9192.0,29692.0,98295
98297,9192.0,29677.0,98296
98298,9192.0,29632.0,98297
98299,9192.0,29601.0,98298
98300,9192.0,29465.0,98299
98301,9192.0,29732.0,98300
98302,9192.0,29716.0,98301
98303,9192.0,28804.0,98302
98304,9192.0,29215.0,98303
98305,9192.0,29278.0,98304
98306,9192.0,29073.0,98305
98307,9192.0,28851.0,98306
98308,9192.0,28776.0,98307
98309,9192.0,29043.0,98308
98310,9192.0,29043.0,98309
98311,9192.0,28871.0,98310
98312,9192.0,28970.0,98311
98313,9192.0,28998.0,98312
98314,9192.0,29066.0,98313
98315,9192.0,29407.0,98314
98316,9192.0,29309.0,98315
98317,9192.0,29309.0,98316
98318,9192.0,29905.0,98317
98319,9192.0,30005.0,98318
98320,9192.0,29440.0,98319
98321,9192.0,29293.0,98320
98322,9192.0,29689.0,98321
98323,9192.0,29839.0,98322
98324,9192.0,30029.0,98323
98325,9192.0,30037.0,98324
98326,9192.0,30315.0,98325
98327,9192.0,29650.0,98326
98328,9192.0,29497.0,98327
98329,9192.0,29328.0,98328
98330,9192.0,29363.0,98329
98331,9192.0,29348.0,98330
98332,9192.0,30592.0,98331
98333,9192.0,30641.0,98332
98334,9192.0,30660.0,98333
98335,9192.0,31037.0,98334
98336,9192.0,30940.0,98335
98337,9192.0,30327.0,98336
98338,9192.0,30126.0,98337
98339,9192.0,30174.0,98338
98340,9192.0,30152.0,98339
98341,9192.0,29352.0,98340
98342,9192.0,29275.0,98341
98343,9192.0,29212.0,98342
98344,9192.0,28759.0,98343
98345,9192.0,28877.0,98344
98346,9192.0,29395.0,98345
98347,9192.0,29497.0,98346
98348,9192.0,29268.0,98347
98349,9192.0,29064.0,98348
98350,9192.0,28784.0,98349
98351,9192.0,29290.0,98350
98352,9192.0,28934.0,98351
98353,9192.0,29453.0,98352
98354,9192.0,29560.0,98353
98355,9192.0,29306.0,98354
98356,9192.0,29561.0,98355
98357,9192.0,28876.0,98356
98358,9192.0,29031.0,98357
98359,9192.0,28892.0,98358
98360,9192.0,28971.0,98359
98361,9192.0,29408.0,98360
98362,9192.0,29418.0,98361
98363,9192.0,29592.0,98362
98364,9192.0,29435.0,98363
98365,9192.0,30598.0,98364
98366,9192.0,30403.0,98365
98367,9192.0,30138.0,98366
98368,9192.0,30112.0,98367
98369,9192.0,29462.0,98368
98370,9192.0,29631.0,98369
98371,9192.0,29970.0,98370
98372,9192.0,29978.0,98371
98373,9192.0,30307.0,98372
98374,9192.0,29904.0,98373
98375,9192.0,29664.0,98374
98376,9192.0,28938.0,98375
98377,9192.0,29003.0,98376
98378,9192.0,29528.0,98377
98379,9192.0,29445.0,98378
98380,9192.0,29445.0,98379
98381,9192.0,29456.0,98380
98382,9192.0,29709.0,98381
98383,9192.0,30428.0,98382
98384,9192.0,30382.0,98383
98385,9192.0,30299.0,98384
98386,9192.0,30393.0,98385
98387,9192.0,29598.0,98386
98388,9192.0,29418.0,98387
98389,9192.0,29568.0,98388
98390,9192.0,29517.0,98389
98391,9192.0,29517.0,98390
98392,9192.0,30858.0,98391
98393,9192.0,30736.0,98392
98394,9192.0,30823.0,98393
98395,9192.0,30097.0,98394
98396,9192.0,29774.0,98395
98397,9192.0,29112.0,98396
98398,9192.0,28977.0,98397
98399,9192.0,28977.0,98398
98400,9192.0,28900.0,98399
98401,9192.0,28665.0,98400
98402,9192.0,28823.0,98401
98403,9192.0,28661.0,98402
98404,9192.0,28275.0,98403
98405,9192.0,27928.0,98404
98406,9192.0,28006.0,98405
98407,9192.0,27468.0,98406
98408,9192.0,27649.0,98407
98409,9192.0,27621.0,98408
98410,9192.0,28553.0,98409
98411,9192.0,29050.0,98410
98412,9192.0,28379.0,98411
98413,9192.0,28402.0,98412
98414,9192.0,29022.0,98413
98415,9192.0,28894.0,98414
98416,9192.0,28543.0,98415
98417,9192.0,28543.0,98416
98418,9192.0,28688.0,98417
98419,9192.0,29081.0,98418
98420,9192.0,29104.0,98419
98421,9192.0,28794.0,98420
98422,9192.0,28545.0,98421
98423,9192.0,28949.0,98422
98424,9192.0,29170.0,98423
98425,9192.0,29318.0,98424
98426,9192.0,29170.0,98425
98427,9192.0,29170.0,98426
98428,9192.0,28799.0,98427
98429,9192.0,28908.0,98428
98430,9192.0,28437.0,98429
98431,9192.0,28389.0,98430
98432,9192.0,28358.0,98431
98433,9192.0,28482.0,98432
98434,9192.0,28620.0,98433
98435,9192.0,28620.0,98434
98436,9192.0,28702.0,98435
98437,9192.0,28749.0,98436
98438,9192.0,29431.0,98437
98439,9192.0,29339.0,98438
98440,9192.0,29811.0,98439
98441,9192.0,29645.0,98440
98442,9192.0,30196.0,98441
98443,9192.0,30114.0,98442
98444,9192.0,30114.0,98443
98445,9192.0,30110.0,98444
98446,9192.0,30366.0,98445
98447,9192.0,30083.0,98446
98448,9192.0,29730.0,98447
98449,9192.0,30161.0,98448
98450,9192.0,29786.0,98449
98451,9192.0,30526.0,98450
98452,9192.0,30504.0,98451
98453,9192.0,29593.0,98452
98454,9192.0,29353.0,98453
98455,9192.0,29138.0,98454
98456,9192.0,28923.0,98455
98457,9192.0,27634.0,98456
98458,9192.0,27658.0,98457
98459,9192.0,27496.0,98458
98460,9192.0,27850.0,98459
98461,9192.0,28675.0,98460
98462,9192.0,28428.0,98461
98463,9192.0,28086.0,98462
98464,9192.0,28086.0,98463
98465,9192.0,28589.0,98464
98466,9192.0,28593.0,98465
98467,9192.0,28593.0,98466
98468,9192.0,29030.0,98467
98469,9192.0,28933.0,98468
98470,9192.0,28043.0,98469
98471,9192.0,28043.0,98470
98472,9192.0,27831.0,98471
98473,9192.0,26706.0,98472
98474,9192.0,25834.0,98473
98475,9192.0,25619.0,98474
98476,9192.0,25619.0,98475
98477,9192.0,25619.0,98476
98478,9192.0,25673.0,98477
98479,9192.0,25931.0,98478
98480,9192.0,25931.0,98479
98481,9192.0,25151.0,98480
98482,9192.0,25151.0,98481
98483,9192.0,26511.0,98482
98484,9192.0,24939.0,98483
98485,9192.0,25128.0,98484
98486,9192.0,25030.0,98485
98487,9192.0,25087.0,98486
98488,9192.0,25148.0,98487
98489,9192.0,25090.0,98488
98490,9192.0,24944.0,98489
98491,9192.0,24944.0,98490
98492,9192.0,24870.0,98491
98493,9192.0,24790.0,98492
98494,9192.0,24603.0,98493
98495,9192.0,24413.0,98494
98496,9192.0,23983.0,98495
98497,9192.0,24016.0,98496
98498,9192.0,24166.0,98497
98499,9192.0,24576.0,98498
98500,9192.0,24606.0,98499
98501,9192.0,24507.0,98500
98502,9192.0,24507.0,98501
98503,9192.0,24270.0,98502
98504,9192.0,24313.0,98503
98505,9192.0,24473.0,98504
98506,9192.0,24444.0,98505
98507,9192.0,24381.0,98506
98508,9192.0,24511.0,98507
98509,9192.0,24441.0,98508
98510,9192.0,24390.0,98509
98511,9192.0,24379.0,98510
98512,9192.0,24370.0,98511
98513,9192.0,23967.0,98512
98514,9192.0,23989.0,98513
98515,9192.0,23190.0,98514
98516,9192.0,23146.0,98515
98517,9192.0,23238.0,98516
98518,9192.0,23238.0,98517
98519,9192.0,23332.0,98518
98520,9192.0,23642.0,98519
98521,9192.0,23912.0,98520
98522,9192.0,25149.0,98521
98523,9192.0,25381.0,98522
98524,9192.0,25506.0,98523
98525,9192.0,25704.0,98524
98526,9192.0,25704.0,98525
98527,9192.0,25645.0,98526
98528,9192.0,25645.0,98527
98529,9192.0,25645.0,98528
98530,9192.0,25752.0,98529
98531,9192.0,25601.0,98530
98532,9192.0,25588.0,98531
98533,9192.0,25569.0,98532
98534,9192.0,25849.0,98533
98535,9192.0,26028.0,98534
98536,9192.0,24647.0,98535
98537,9192.0,25108.0,98536
98538,9192.0,23993.0,98537
98539,9192.0,24177.0,98538
98540,9192.0,24177.0,98539
98541,9192.0,23968.0,98540
98542,9192.0,24334.0,98541
98543,9192.0,24292.0,98542
98544,9192.0,24806.0,98543
98545,9192.0,25299.0,98544
98546,9192.0,25208.0,98545
98547,9192.0,24750.0,98546
98548,9192.0,25703.0,98547
98549,9192.0,25929.0,98548
98550,9192.0,25573.0,98549
98551,9192.0,25112.0,98550
98552,9192.0,25083.0,98551
98553,9192.0,24917.0,98552
98554,9192.0,24902.0,98553
98555,9192.0,24902.0,98554
98556,9192.0,24394.0,98555
98557,9192.0,24394.0,98556
98558,9192.0,24313.0,98557
98559,9192.0,24488.0,98558
98560,9192.0,24386.0,98559
98561,9192.0,23429.0,98560
98562,9192.0,24208.0,98561
98563,9192.0,24148.0,98562
98564,9192.0,24396.0,98563
98565,9192.0,24140.0,98564
98566,9192.0,24191.0,98565
98567,9192.0,24449.0,98566
98568,9192.0,24449.0,98567
98569,9192.0,25544.0,98568
98570,9192.0,26283.0,98569
98571,9192.0,26215.0,98570
98572,9192.0,27250.0,98571
98573,9192.0,29403.0,98572
98574,9192.0,29532.0,98573
98575,9192.0,29454.0,98574
98576,9192.0,29771.0,98575
98577,9192.0,28850.0,98576
98578,9192.0,29845.0,98577
98579,9192.0,30589.0,98578
98580,9192.0,30617.0,98579
98581,9192.0,29037.0,98580
98582,9192.0,29037.0,98581
98583,9192.0,30104.0,98582
98584,9192.0,29119.0,98583
98585,9192.0,29304.0,98584
98586,9192.0,29472.0,98585
98587,9192.0,29444.0,98586
98588,9192.0,29444.0,98587
98589,9192.0,29658.0,98588
98590,9192.0,29702.0,98589
98591,9192.0,29438.0,98590
98592,9192.0,29429.0,98591
98593,9192.0,29297.0,98592
98594,9192.0,28915.0,98593
98595,9192.0,28924.0,98594
98596,9192.0,28975.0,98595
98597,9192.0,28804.0,98596
98598,9192.0,28565.0,98597
98599,9192.0,28404.0,98598
98600,9192.0,28549.0,98599
98601,9192.0,28762.0,98600
98602,9192.0,29370.0,98601
98603,9192.0,28984.0,98602
98604,9192.0,28984.0,98603
98605,9192.0,29401.0,98604
98606,9192.0,29376.0,98605
98607,9192.0,29080.0,98606
98608,9192.0,29248.0,98607
98609,9192.0,29165.0,98608
98610,9192.0,29438.0,98609
98611,9192.0,29332.0,98610
98612,9192.0,29088.0,98611
98613,9192.0,29088.0,98612
98614,9192.0,29061.0,98613
98615,9192.0,29183.0,98614
98616,9192.0,29138.0,98615
98617,9192.0,29447.0,98616
98618,9192.0,29388.0,98617
98619,9192.0,29513.0,98618
98620,9192.0,29447.0,98619
98621,9192.0,29462.0,98620
98622,9192.0,29532.0,98621
98623,9192.0,29285.0,98622
98624,9192.0,28391.0,98623
98625,9192.0,27748.0,98624
98626,9192.0,27790.0,98625
98627,9192.0,28519.0,98626
98628,9192.0,28754.0,98627
98629,9192.0,28754.0,98628
98630,9192.0,29040.0,98629
98631,9192.0,29169.0,98630
98632,9192.0,28930.0,98631
98633,9192.0,29148.0,98632
98634,9192.0,29231.0,98633
98635,9192.0,29804.0,98634
98636,9192.0,29738.0,98635
98637,9192.0,29738.0,98636
98638,9192.0,29269.0,98637
98639,9192.0,29369.0,98638
98640,9192.0,29373.0,98639
98641,9192.0,29380.0,98640
98642,9192.0,29356.0,98641
98643,9192.0,29449.0,98642
98644,9192.0,29463.0,98643
98645,9192.0,29165.0,98644
98646,9192.0,29375.0,98645
98647,9192.0,29768.0,98646
98648,9192.0,29420.0,98647
98649,9192.0,29420.0,98648
98650,9192.0,29586.0,98649
98651,9192.0,29601.0,98650
98652,9192.0,28518.0,98651
98653,9192.0,28250.0,98652
98654,9192.0,27893.0,98653
98655,9192.0,27608.0,98654
98656,9192.0,27440.0,98655
98657,9192.0,27259.0,98656
98658,9192.0,27132.0,98657
98659,9192.0,27196.0,98658
98660,9192.0,27809.0,98659
98661,9192.0,26615.0,98660
98662,9192.0,26531.0,98661
98663,9192.0,26479.0,98662
98664,9192.0,26479.0,98663
98665,9192.0,28505.0,98664
98666,9192.0,28505.0,98665
98667,9192.0,28308.0,98666
98668,9192.0,28207.0,98667
98669,9192.0,29221.0,98668
98670,9192.0,29221.0,98669
98671,9192.0,28849.0,98670
98672,9192.0,28856.0,98671
98673,9192.0,28559.0,98672
98674,9192.0,27877.0,98673
98675,9192.0,27877.0,98674
98676,9192.0,27847.0,98675
98677,9192.0,28229.0,98676
98678,9192.0,28295.0,98677
98679,9192.0,28725.0,98678
98680,9192.0,28357.0,98679
98681,9192.0,27917.0,98680
98682,9192.0,27759.0,98681
98683,9192.0,27878.0,98682
98684,9192.0,28114.0,98683
98685,9192.0,28261.0,98684
98686,9192.0,29188.0,98685
98687,9192.0,29308.0,98686
98688,9192.0,27987.0,98687
98689,9192.0,27978.0,98688
98690,9192.0,28372.0,98689
98691,9192.0,28332.0,98690
98692,9192.0,28092.0,98691
98693,9192.0,28348.0,98692
98694,9192.0,28531.0,98693
98695,9192.0,27512.0,98694
98696,9192.0,27215.0,98695
98697,9192.0,28559.0,98696
98698,9192.0,27957.0,98697
98699,9192.0,28334.0,98698
98700,9192.0,28334.0,98699
98701,9192.0,28280.0,98700
98702,9192.0,28550.0,98701
98703,9192.0,28636.0,98702
98704,9192.0,28113.0,98703
98705,9192.0,28212.0,98704
98706,9192.0,28798.0,98705
98707,9192.0,28521.0,98706
98708,9192.0,28400.0,98707
98709,9192.0,28437.0,98708
98710,9192.0,28415.0,98709
98711,9192.0,28344.0,98710
98712,9192.0,28774.0,98711
98713,9192.0,28371.0,98712
98714,9192.0,28013.0,98713
98715,9192.0,28468.0,98714
98716,9192.0,29121.0,98715
98717,9192.0,29121.0,98716
98718,9192.0,28615.0,98717
98719,9192.0,28332.0,98718
98720,9192.0,28632.0,98719
98721,9192.0,28308.0,98720
98722,9192.0,28184.0,98721
98723,9192.0,28178.0,98722
98724,9192.0,28089.0,98723
98725,9192.0,28298.0,98724
98726,9192.0,28500.0,98725
98727,9192.0,28508.0,98726
98728,9192.0,28451.0,98727
98729,9192.0,28549.0,98728
98730,9192.0,28549.0,98729
98731,9192.0,27421.0,98730
98732,9192.0,27321.0,98731
98733,9192.0,26539.0,98732
98734,9192.0,25229.0,98733
98735,9192.0,25262.0,98734
98736,9192.0,25182.0,98735
98737,9192.0,25638.0,98736
98738,9192.0,25638.0,98737
98739,9192.0,25638.0,98738
98740,9192.0,25386.0,98739
98741,9192.0,25362.0,98740
98742,9192.0,25130.0,98741
98743,9192.0,25020.0,98742
98744,9192.0,25477.0,98743
98745,9192.0,26014.0,98744
98746,9192.0,27380.0,98745
98747,9192.0,27387.0,98746
98748,9192.0,27077.0,98747
98749,9192.0,27271.0,98748
98750,9192.0,27258.0,98749
98751,9192.0,27180.0,98750
98752,9192.0,26855.0,98751
98753,9192.0,26551.0,98752
98754,9192.0,25975.0,98753
98755,9192.0,26176.0,98754
98756,9192.0,26179.0,98755
98757,9192.0,27990.0,98756
98758,9192.0,29106.0,98757
98759,9192.0,29305.0,98758
98760,9192.0,29147.0,98759
98761,9192.0,28452.0,98760
98762,9192.0,28223.0,98761
98763,9192.0,28221.0,98762
98764,9192.0,28631.0,98763
98765,9192.0,28719.0,98764
98766,9192.0,28481.0,98765
98767,9192.0,28633.0,98766
98768,9192.0,27474.0,98767
98769,9192.0,27823.0,98768
98770,9192.0,28045.0,98769
98771,9192.0,28045.0,98770
98772,9192.0,28304.0,98771
98773,9192.0,28304.0,98772
98774,9192.0,28504.0,98773
98775,9192.0,28504.0,98774
98776,9192.0,28504.0,98775
98777,9192.0,28504.0,98776
98778,9192.0,29057.0,98777
98779,9192.0,29057.0,98778
98780,9192.0,29057.0,98779
98781,9192.0,28930.0,98780
98782,9192.0,29125.0,98781
98783,9192.0,29259.0,98782
98784,9192.0,28959.0,98783
98785,9192.0,28663.0,98784
98786,9192.0,27983.0,98785
98787,9192.0,27983.0,98786
98788,9192.0,27801.0,98787
98789,9192.0,27388.0,98788
98790,9192.0,26609.0,98789
98791,9192.0,27487.0,98790
98792,9192.0,27806.0,98791
98793,9192.0,27912.0,98792
98794,9192.0,27858.0,98793
98795,9192.0,28251.0,98794
98796,9192.0,27880.0,98795
98797,9192.0,27970.0,98796
98798,9192.0,27957.0,98797
98799,9192.0,28532.0,98798
98800,9192.0,28584.0,98799
98801,9192.0,29155.0,98800
98802,9192.0,29120.0,98801
98803,9192.0,29748.0,98802
98804,9192.0,29549.0,98803
98805,9192.0,30311.0,98804
98806,9192.0,30437.0,98805
98807,9192.0,30945.0,98806
98808,9192.0,30762.0,98807
98809,9192.0,30757.0,98808
98810,9192.0,31274.0,98809
98811,9192.0,30920.0,98810
98812,9192.0,30743.0,98811
98813,9192.0,30896.0,98812
98814,9192.0,29918.0,98813
98815,9192.0,29918.0,98814
98816,9192.0,29918.0,98815
98817,9192.0,29930.0,98816
98818,9192.0,29779.0,98817
98819,9192.0,29068.0,98818
98820,9192.0,28648.0,98819
98821,9192.0,28611.0,98820
98822,9192.0,28556.0,98821
98823,9192.0,28929.0,98822
98824,9192.0,28774.0,98823
98825,9192.0,28708.0,98824
98826,9192.0,28197.0,98825
98827,9192.0,28050.0,98826
98828,9192.0,28524.0,98827
98829,9192.0,28464.0,98828
98830,9192.0,28170.0,98829
98831,9192.0,28170.0,98830
98832,9192.0,28112.0,98831
98833,9192.0,28598.0,98832
98834,9192.0,29406.0,98833
98835,9192.0,29266.0,98834
98836,9192.0,29267.0,98835
98837,9192.0,28745.0,98836
98838,9192.0,28745.0,98837
98839,9192.0,28890.0,98838
98840,9192.0,28890.0,98839
98841,9192.0,29006.0,98840
98842,9192.0,29061.0,98841
98843,9192.0,29456.0,98842
98844,9192.0,29567.0,98843
98845,9192.0,29330.0,98844
98846,9192.0,28755.0,98845
98847,9192.0,28554.0,98846
98848,9192.0,28354.0,98847
98849,9192.0,27884.0,98848
98850,9192.0,28054.0,98849
98851,9192.0,28054.0,98850
98852,9192.0,28054.0,98851
98853,9192.0,28057.0,98852
98854,9192.0,28700.0,98853
98855,9192.0,28476.0,98854
98856,9192.0,29332.0,98855
98857,9192.0,29344.0,98856
98858,9192.0,29323.0,98857
98859,9192.0,28758.0,98858
98860,9192.0,28906.0,98859
98861,9192.0,29919.0,98860
98862,9192.0,29855.0,98861
98863,9192.0,28903.0,98862
98864,9192.0,28903.0,98863
98865,9192.0,29244.0,98864
98866,9192.0,29625.0,98865
98867,9192.0,29504.0,98866
98868,9192.0,29406.0,98867
98869,9192.0,28789.0,98868
98870,9192.0,28934.0,98869
98871,9192.0,28543.0,98870
98872,9192.0,28418.0,98871
98873,9192.0,28418.0,98872
98874,9192.0,28116.0,98873
98875,9192.0,27727.0,98874
98876,9192.0,28122.0,98875
98877,9192.0,28045.0,98876
98878,9192.0,27496.0,98877
98879,9192.0,27807.0,98878
98880,9192.0,27309.0,98879
98881,9192.0,27383.0,98880
98882,9192.0,27087.0,98881
98883,9192.0,26743.0,98882
98884,9192.0,26536.0,98883
98885,9192.0,26536.0,98884
98886,9192.0,25856.0,98885
98887,9192.0,25658.0,98886
98888,9192.0,26209.0,98887
98889,9192.0,26457.0,98888
98890,9192.0,26501.0,98889
98891,9192.0,26673.0,98890
98892,9192.0,26949.0,98891
98893,9192.0,27355.0,98892
98894,9192.0,27355.0,98893
98895,9192.0,28402.0,98894
98896,9192.0,29023.0,98895
98897,9192.0,27924.0,98896
98898,9192.0,27939.0,98897
98899,9192.0,27880.0,98898
98900,9192.0,28009.0,98899
98901,9192.0,28948.0,98900
98902,9192.0,28761.0,98901
98903,9192.0,28449.0,98902
98904,9192.0,28385.0,98903
98905,9192.0,28251.0,98904
98906,9192.0,28227.0,98905
98907,9192.0,28326.0,98906
98908,9192.0,28326.0,98907
98909,9192.0,28064.0,98908
98910,9192.0,28083.0,98909
98911,9192.0,28814.0,98910
98912,9192.0,28232.0,98911
98913,9192.0,28554.0,98912
98914,9192.0,28863.0,98913
98915,9192.0,28785.0,98914
98916,9192.0,28326.0,98915
98917,9192.0,28389.0,98916
98918,9192.0,28486.0,98917
98919,9192.0,28686.0,98918
98920,9192.0,28799.0,98919
98921,9192.0,28776.0,98920
98922,9192.0,28105.0,98921
98923,9192.0,28631.0,98922
98924,9192.0,29044.0,98923
98925,9192.0,29127.0,98924
98926,9192.0,29184.0,98925
98927,9192.0,28877.0,98926
98928,9192.0,28877.0,98927
98929,9192.0,28735.0,98928
98930,9192.0,29104.0,98929
98931,9192.0,28705.0,98930
98932,9192.0,29691.0,98931
98933,9192.0,29716.0,98932
98934,9192.0,29486.0,98933
98935,9192.0,29153.0,98934
98936,9192.0,28553.0,98935
98937,9192.0,28220.0,98936
98938,9192.0,28156.0,98937
98939,9192.0,28755.0,98938
98940,9192.0,28679.0,98939
98941,9192.0,28915.0,98940
98942,9192.0,28709.0,98941
98943,9192.0,28789.0,98942
98944,9192.0,28980.0,98943
98945,9192.0,28934.0,98944
98946,9192.0,28934.0,98945
98947,9192.0,28444.0,98946
98948,9192.0,29471.0,98947
98949,9192.0,29502.0,98948
98950,9192.0,28748.0,98949
98951,9192.0,27107.0,98950
98952,9192.0,27107.0,98951
98953,9192.0,27631.0,98952
98954,9192.0,27726.0,98953
98955,9192.0,27662.0,98954
98956,9192.0,27836.0,98955
98957,9192.0,27836.0,98956
98958,9192.0,26875.0,98957
98959,9192.0,27076.0,98958
98960,9192.0,27320.0,98959
98961,9192.0,27690.0,98960
98962,9192.0,27686.0,98961
98963,9192.0,27094.0,98962
98964,9192.0,27645.0,98963
98965,9192.0,27311.0,98964
98966,9192.0,27536.0,98965
98967,9192.0,27062.0,98966
98968,9192.0,27072.0,98967
98969,9192.0,26630.0,98968
98970,9192.0,26338.0,98969
98971,9192.0,26338.0,98970
98972,9192.0,26594.0,98971
98973,9192.0,26815.0,98972
98974,9192.0,27869.0,98973
98975,9192.0,27940.0,98974
98976,9192.0,27538.0,98975
98977,9192.0,27909.0,98976
98978,9192.0,28846.0,98977
98979,9192.0,28897.0,98978
98980,9192.0,28697.0,98979
98981,9192.0,29238.0,98980
98982,9192.0,28149.0,98981
98983,9192.0,28446.0,98982
98984,9192.0,29178.0,98983
98985,9192.0,29199.0,98984
98986,9192.0,29192.0,98985
98987,9192.0,29165.0,98986
98988,9192.0,28788.0,98987
98989,9192.0,30095.0,98988
98990,9192.0,29136.0,98989
98991,9192.0,28824.0,98990
98992,9192.0,28756.0,98991
98993,9192.0,28688.0,98992
98994,9192.0,29495.0,98993
98995,9192.0,29497.0,98994
98996,9192.0,29185.0,98995
98997,9192.0,28959.0,98996
98998,9192.0,29224.0,98997
98999,9192.0,29374.0,98998
99000,9192.0,29374.0,98999
99001,9192.0,29375.0,99000
99002,9192.0,29576.0,99001
99003,9192.0,29516.0,99002
99004,9192.0,28671.0,99003
99005,9192.0,28665.0,99004
99006,9192.0,28675.0,99005
99007,9192.0,28578.0,99006
99008,9192.0,28601.0,99007
99009,9192.0,27852.0,99008
99010,9192.0,27541.0,99009
99011,9192.0,27699.0,99010
99012,9192.0,29591.0,99011
99013,9192.0,29591.0,99012
99014,9192.0,29329.0,99013
99015,9192.0,29402.0,99014
99016,9192.0,29402.0,99015
99017,9192.0,29402.0,99016
99018,9192.0,29802.0,99017
99019,9192.0,30027.0,99018
99020,9192.0,30188.0,99019
99021,9192.0,29855.0,99020
99022,9192.0,29855.0,99021
99023,9192.0,29539.0,99022
99024,9192.0,29144.0,99023
99025,9192.0,28670.0,99024
99026,9192.0,28932.0,99025
99027,9192.0,29144.0,99026
99028,9192.0,29561.0,99027
99029,9192.0,29577.0,99028
99030,9192.0,30309.0,99029
99031,9192.0,30393.0,99030
99032,9192.0,30236.0,99031
99033,9192.0,29673.0,99032
99034,9192.0,29484.0,99033
99035,9192.0,29690.0,99034
99036,9192.0,29423.0,99035
99037,9192.0,29456.0,99036
99038,9192.0,29460.0,99037
99039,9192.0,29482.0,99038
99040,9192.0,29902.0,99039
99041,9192.0,29902.0,99040
99042,9192.0,29874.0,99041
99043,9192.0,29743.0,99042
99044,9192.0,29377.0,99043
99045,9192.0,29026.0,99044
99046,9192.0,28995.0,99045
99047,9192.0,29594.0,99046
99048,9192.0,29880.0,99047
99049,9192.0,29896.0,99048
99050,9192.0,29639.0,99049
99051,9192.0,30808.0,99050
99052,9192.0,30878.0,99051
99053,9192.0,31171.0,99052
99054,9192.0,29662.0,99053
99055,9192.0,29952.0,99054
99056,9192.0,30415.0,99055
99057,9192.0,30269.0,99056
99058,9192.0,30358.0,99057
99059,9192.0,29799.0,99058
99060,9192.0,28468.0,99059
99061,9192.0,28540.0,99060
99062,9192.0,28658.0,99061
99063,9192.0,28531.0,99062
99064,9192.0,28245.0,99063
99065,9192.0,27970.0,99064
99066,9192.0,27829.0,99065
99067,9192.0,27250.0,99066
99068,9192.0,27507.0,99067
99069,9192.0,27368.0,99068
99070,9192.0,26513.0,99069
99071,9192.0,26391.0,99070
99072,9192.0,26126.0,99071
99073,9192.0,26126.0,99072
99074,9192.0,26524.0,99073
99075,9192.0,26963.0,99074
99076,9192.0,27020.0,99075
99077,9192.0,26370.0,99076
99078,9192.0,26671.0,99077
99079,9192.0,26833.0,99078
99080,9192.0,26808.0,99079
99081,9192.0,27294.0,99080
99082,9192.0,27157.0,99081
99083,9192.0,27268.0,99082
99084,9192.0,27084.0,99083
99085,9192.0,27188.0,99084
99086,9192.0,27273.0,99085
99087,9192.0,26954.0,99086
99088,9192.0,28187.0,99087
99089,9192.0,27852.0,99088
99090,9192.0,27878.0,99089
99091,9192.0,28031.0,99090
99092,9192.0,28126.0,99091
99093,9192.0,28199.0,99092
99094,9192.0,27991.0,99093
99095,9192.0,28059.0,99094
99096,9192.0,28369.0,99095
99097,9192.0,28361.0,99096
99098,9192.0,28676.0,99097
99099,9192.0,29691.0,99098
99100,9192.0,29784.0,99099
99101,9192.0,29197.0,99100
99102,9192.0,29197.0,99101
99103,9192.0,29038.0,99102
99104,9192.0,29205.0,99103
99105,9192.0,29058.0,99104
99106,9192.0,28123.0,99105
99107,9192.0,28216.0,99106
99108,9192.0,29358.0,99107
99109,9192.0,29340.0,99108
99110,9192.0,29115.0,99109
99111,9192.0,29132.0,99110
99112,9192.0,29371.0,99111
99113,9192.0,29475.0,99112
99114,9192.0,29738.0,99113
99115,9192.0,28164.0,99114
99116,9192.0,27810.0,99115
99117,9192.0,27823.0,99116
99118,9192.0,28199.0,99117
99119,9192.0,28278.0,99118
99120,9192.0,27806.0,99119
99121,9192.0,27875.0,99120
99122,9192.0,27255.0,99121
99123,9192.0,28398.0,99122
99124,9192.0,28426.0,99123
99125,9192.0,28429.0,99124
99126,9192.0,28256.0,99125
99127,9192.0,28254.0,99126
99128,9192.0,28058.0,99127
99129,9192.0,28025.0,99128
99130,9192.0,27786.0,99129
99131,9192.0,27714.0,99130
99132,9192.0,27714.0,99131
99133,9192.0,28188.0,99132
99134,9192.0,28163.0,99133
99135,9192.0,28163.0,99134
99136,9192.0,27886.0,99135
99137,9192.0,28290.0,99136
99138,9192.0,27846.0,99137
99139,9192.0,27946.0,99138
99140,9192.0,28741.0,99139
99141,9192.0,29145.0,99140
99142,9192.0,29481.0,99141
99143,9192.0,29471.0,99142
99144,9192.0,29662.0,99143
99145,9192.0,29637.0,99144
99146,9192.0,30399.0,99145
99147,9192.0,28649.0,99146
99148,9192.0,28652.0,99147
99149,9192.0,27697.0,99148
99150,9192.0,27585.0,99149
99151,9192.0,27410.0,99150
99152,9192.0,27360.0,99151
99153,9192.0,28906.0,99152
99154,9192.0,28891.0,99153
99155,9192.0,28910.0,99154
99156,9192.0,28588.0,99155
99157,9192.0,28588.0,99156
99158,9192.0,28562.0,99157
99159,9192.0,29034.0,99158
99160,9192.0,29042.0,99159
99161,9192.0,29286.0,99160
99162,9192.0,29332.0,99161
99163,9192.0,29254.0,99162
99164,9192.0,30643.0,99163
99165,9192.0,30656.0,99164
99166,9192.0,30069.0,99165
99167,9192.0,30242.0,99166
99168,9192.0,29593.0,99167
99169,9192.0,30588.0,99168
99170,9192.0,29926.0,99169
99171,9192.0,29973.0,99170
99172,9192.0,30754.0,99171
99173,9192.0,29767.0,99172
99174,9192.0,29992.0,99173
99175,9192.0,29599.0,99174
99176,9192.0,29394.0,99175
99177,9192.0,29095.0,99176
99178,9192.0,28611.0,99177
99179,9192.0,27947.0,99178
99180,9192.0,27944.0,99179
99181,9192.0,27940.0,99180
99182,9192.0,27108.0,99181
99183,9192.0,27569.0,99182
99184,9192.0,27117.0,99183
99185,9192.0,27315.0,99184
99186,9192.0,27327.0,99185
99187,9192.0,27389.0,99186
99188,9192.0,27782.0,99187
99189,9192.0,27805.0,99188
99190,9192.0,27834.0,99189
99191,9192.0,27573.0,99190
99192,9192.0,26858.0,99191
99193,9192.0,26893.0,99192
99194,9192.0,26893.0,99193
99195,9192.0,27098.0,99194
99196,9192.0,27098.0,99195
99197,9192.0,26513.0,99196
99198,9192.0,27837.0,99197
99199,9192.0,28101.0,99198
99200,9192.0,28752.0,99199
99201,9192.0,28649.0,99200
99202,9192.0,28842.0,99201
99203,9192.0,28510.0,99202
99204,9192.0,28752.0,99203
99205,9192.0,29372.0,99204
99206,9192.0,27627.0,99205
99207,9192.0,27627.0,99206
99208,9192.0,27627.0,99207
99209,9192.0,27397.0,99208
99210,9192.0,26983.0,99209
99211,9192.0,26744.0,99210
99212,9192.0,26983.0,99211
99213,9192.0,26921.0,99212
99214,9192.0,26921.0,99213
99215,9192.0,27366.0,99214
99216,9192.0,27389.0,99215
99217,9192.0,27441.0,99216
99218,9192.0,28039.0,99217
99219,9192.0,28220.0,99218
99220,9192.0,27683.0,99219
99221,9192.0,28224.0,99220
99222,9192.0,28406.0,99221
99223,9192.0,28339.0,99222
99224,9192.0,28359.0,99223
99225,9192.0,28253.0,99224
99226,9192.0,28253.0,99225
99227,9192.0,28364.0,99226
99228,9192.0,28239.0,99227
99229,9192.0,28341.0,99228
99230,9192.0,28437.0,99229
99231,9192.0,28174.0,99230
99232,9192.0,28139.0,99231
99233,9192.0,27917.0,99232
99234,9192.0,27417.0,99233
99235,9192.0,26895.0,99234
99236,9192.0,27431.0,99235
99237,9192.0,26606.0,99236
99238,9192.0,26445.0,99237
99239,9192.0,26296.0,99238
99240,9192.0,26599.0,99239
99241,9192.0,26610.0,99240
99242,9192.0,26752.0,99241
99243,9192.0,26752.0,99242
99244,9192.0,25935.0,99243
99245,9192.0,25650.0,99244
99246,9192.0,25538.0,99245
99247,9192.0,24382.0,99246
99248,9192.0,24378.0,99247
99249,9192.0,24850.0,99248
99250,9192.0,25683.0,99249
99251,9192.0,26542.0,99250
99252,9192.0,26608.0,99251
99253,9192.0,26615.0,99252
99254,9192.0,26293.0,99253
99255,9192.0,26293.0,99254
99256,9192.0,26374.0,99255
99257,9192.0,26787.0,99256
99258,9192.0,27240.0,99257
99259,9192.0,27240.0,99258
99260,9192.0,27865.0,99259
99261,9192.0,27985.0,99260
99262,9192.0,27646.0,99261
99263,9192.0,27883.0,99262
99264,9192.0,27786.0,99263
99265,9192.0,27680.0,99264
99266,9192.0,27550.0,99265
99267,9192.0,27332.0,99266
99268,9192.0,27332.0,99267
99269,9192.0,27318.0,99268
99270,9192.0,27256.0,99269
99271,9192.0,28789.0,99270
99272,9192.0,29686.0,99271
99273,9192.0,29779.0,99272
99274,9192.0,28793.0,99273
99275,9192.0,28883.0,99274
99276,9192.0,28875.0,99275
99277,9192.0,28875.0,99276
99278,9192.0,29078.0,99277
99279,9192.0,29315.0,99278
99280,9192.0,28610.0,99279
99281,9192.0,28585.0,99280
99282,9192.0,28346.0,99281
99283,9192.0,29013.0,99282
99284,9192.0,28979.0,99283
99285,9192.0,28979.0,99284
99286,9192.0,29791.0,99285
99287,9192.0,29791.0,99286
99288,9192.0,29976.0,99287
99289,9192.0,30027.0,99288
99290,9192.0,29945.0,99289
99291,9192.0,29945.0,99290
99292,9192.0,29986.0,99291
99293,9192.0,29957.0,99292
99294,9192.0,30339.0,99293
99295,9192.0,30448.0,99294
99296,9192.0,30541.0,99295
99297,9192.0,30621.0,99296
99298,9192.0,30756.0,99297
99299,9192.0,30978.0,99298
99300,9192.0,30623.0,99299
99301,9192.0,30537.0,99300
99302,9192.0,30520.0,99301
99303,9192.0,30737.0,99302
99304,9192.0,30330.0,99303
99305,9192.0,30156.0,99304
99306,9192.0,30991.0,99305
99307,9192.0,29905.0,99306
99308,9192.0,30022.0,99307
99309,9192.0,29910.0,99308
99310,9192.0,29347.0,99309
99311,9192.0,29334.0,99310
99312,9192.0,29796.0,99311
99313,9192.0,29767.0,99312
99314,9192.0,29921.0,99313
99315,9192.0,30442.0,99314
99316,9192.0,30390.0,99315
99317,9192.0,30294.0,99316
99318,9192.0,30091.0,99317
99319,9192.0,30052.0,99318
99320,9192.0,29878.0,99319
99321,9192.0,29947.0,99320
99322,9192.0,29472.0,99321
99323,9192.0,29734.0,99322
99324,9192.0,29842.0,99323
99325,9192.0,30264.0,99324
99326,9192.0,30175.0,99325
99327,9192.0,29713.0,99326
99328,9192.0,29527.0,99327
99329,9192.0,29533.0,99328
99330,9192.0,29563.0,99329
99331,9192.0,29584.0,99330
99332,9192.0,30280.0,99331
99333,9192.0,30333.0,99332
99334,9192.0,30373.0,99333
99335,9192.0,29757.0,99334
99336,9192.0,28610.0,99335
99337,9192.0,28213.0,99336
99338,9192.0,28328.0,99337
99339,9192.0,28263.0,99338
99340,9192.0,27950.0,99339
99341,9192.0,27301.0,99340
99342,9192.0,27509.0,99341
99343,9192.0,27435.0,99342
99344,9192.0,27734.0,99343
99345,9192.0,28516.0,99344
99346,9192.0,27755.0,99345
99347,9192.0,28538.0,99346
99348,9192.0,28553.0,99347
99349,9192.0,28446.0,99348
99350,9192.0,28489.0,99349
99351,9192.0,28501.0,99350
99352,9192.0,28110.0,99351
99353,9192.0,27848.0,99352
99354,9192.0,27853.0,99353
99355,9192.0,27990.0,99354
99356,9192.0,27974.0,99355
99357,9192.0,27555.0,99356
99358,9192.0,27603.0,99357
99359,9192.0,28079.0,99358
99360,9192.0,28051.0,99359
99361,9192.0,28136.0,99360
99362,9192.0,28136.0,99361
99363,9192.0,28032.0,99362
99364,9192.0,28032.0,99363
99365,9192.0,28589.0,99364
99366,9192.0,28377.0,99365
99367,9192.0,28122.0,99366
99368,9192.0,28122.0,99367
99369,9192.0,27571.0,99368
99370,9192.0,27583.0,99369
99371,9192.0,27583.0,99370
99372,9192.0,28810.0,99371
99373,9192.0,28810.0,99372
99374,9192.0,28249.0,99373
99375,9192.0,28330.0,99374
99376,9192.0,28411.0,99375
99377,9192.0,28418.0,99376
99378,9192.0,27903.0,99377
99379,9192.0,27720.0,99378
99380,9192.0,27867.0,99379
99381,9192.0,27978.0,99380
99382,9192.0,28588.0,99381
99383,9192.0,28792.0,99382
99384,9192.0,28758.0,99383
99385,9192.0,28638.0,99384
99386,9192.0,28285.0,99385
99387,9192.0,28260.0,99386
99388,9192.0,29869.0,99387
99389,9192.0,30359.0,99388
99390,9192.0,30722.0,99389
99391,9192.0,30659.0,99390
99392,9192.0,29947.0,99391
99393,9192.0,29805.0,99392
99394,9192.0,29638.0,99393
99395,9192.0,30057.0,99394
99396,9192.0,29888.0,99395
99397,9192.0,29786.0,99396
99398,9192.0,30760.0,99397
99399,9192.0,30760.0,99398
99400,9192.0,30928.0,99399
99401,9192.0,30928.0,99400
99402,9192.0,30849.0,99401
99403,9192.0,30856.0,99402
99404,9192.0,30191.0,99403
99405,9192.0,30239.0,99404
99406,9192.0,30533.0,99405
99407,9192.0,30591.0,99406
99408,9192.0,30199.0,99407
99409,9192.0,30417.0,99408
99410,9192.0,30925.0,99409
99411,9192.0,31314.0,99410
99412,9192.0,31302.0,99411
99413,9192.0,31303.0,99412
99414,9192.0,30867.0,99413
99415,9192.0,30984.0,99414
99416,9192.0,30476.0,99415
99417,9192.0,29853.0,99416
99418,9192.0,29950.0,99417
99419,9192.0,29117.0,99418
99420,9192.0,29117.0,99419
99421,9192.0,29640.0,99420
99422,9192.0,29582.0,99421
99423,9192.0,29696.0,99422
99424,9192.0,29534.0,99423
99425,9192.0,29504.0,99424
99426,9192.0,29714.0,99425
99427,9192.0,29760.0,99426
99428,9192.0,29669.0,99427
99429,9192.0,29669.0,99428
99430,9192.0,29413.0,99429
99431,9192.0,29357.0,99430
99432,9192.0,29545.0,99431
99433,9192.0,29545.0,99432
99434,9192.0,29198.0,99433
99435,9192.0,29351.0,99434
99436,9192.0,29038.0,99435
99437,9192.0,28635.0,99436
99438,9192.0,28704.0,99437
99439,9192.0,28704.0,99438
99440,9192.0,28451.0,99439
99441,9192.0,28594.0,99440
99442,9192.0,28594.0,99441
99443,9192.0,28869.0,99442
99444,9192.0,27736.0,99443
99445,9192.0,27772.0,99444
99446,9192.0,28874.0,99445
99447,9192.0,28492.0,99446
99448,9192.0,28603.0,99447
99449,9192.0,29499.0,99448
99450,9192.0,29476.0,99449
99451,9192.0,29318.0,99450
99452,9192.0,28637.0,99451
99453,9192.0,28483.0,99452
99454,9192.0,28571.0,99453
99455,9192.0,28645.0,99454
99456,9192.0,27902.0,99455
99457,9192.0,28072.0,99456
99458,9192.0,27862.0,99457
99459,9192.0,27706.0,99458
99460,9192.0,27766.0,99459
99461,9192.0,28257.0,99460
99462,9192.0,28256.0,99461
99463,9192.0,28080.0,99462
99464,9192.0,28080.0,99463
99465,9192.0,28103.0,99464
99466,9192.0,27860.0,99465
99467,9192.0,27809.0,99466
99468,9192.0,27936.0,99467
99469,9192.0,27887.0,99468
99470,9192.0,28295.0,99469
99471,9192.0,28352.0,99470
99472,9192.0,28352.0,99471
99473,9192.0,27776.0,99472
99474,9192.0,27600.0,99473
99475,9192.0,27828.0,99474
99476,9192.0,27137.0,99475
99477,9192.0,26823.0,99476
99478,9192.0,26658.0,99477
99479,9192.0,27296.0,99478
99480,9192.0,27324.0,99479
99481,9192.0,27857.0,99480
99482,9192.0,27932.0,99481
99483,9192.0,28889.0,99482
99484,9192.0,28037.0,99483
99485,9192.0,27894.0,99484
99486,9192.0,28072.0,99485
99487,9192.0,28072.0,99486
99488,9192.0,28503.0,99487
99489,9192.0,29451.0,99488
99490,9192.0,29093.0,99489
99491,9192.0,28090.0,99490
99492,9192.0,28257.0,99491
99493,9192.0,28045.0,99492
99494,9192.0,27787.0,99493
99495,9192.0,27235.0,99494
99496,9192.0,27299.0,99495
99497,9192.0,27506.0,99496
99498,9192.0,27326.0,99497
99499,9192.0,27167.0,99498
99500,9192.0,27248.0,99499
99501,9192.0,26508.0,99500
99502,9192.0,25986.0,99501
99503,9192.0,26095.0,99502
99504,9192.0,26478.0,99503
99505,9192.0,26576.0,99504
99506,9192.0,26290.0,99505
99507,9192.0,25804.0,99506
99508,9192.0,26239.0,99507
99509,9192.0,26208.0,99508
99510,9192.0,26208.0,99509
99511,9192.0,26126.0,99510
99512,9192.0,25970.0,99511
99513,9192.0,27017.0,99512
99514,9192.0,27305.0,99513
99515,9192.0,27305.0,99514
99516,9192.0,27016.0,99515
99517,9192.0,25921.0,99516
99518,9192.0,24795.0,99517
99519,9192.0,25483.0,99518
99520,9192.0,25497.0,99519
99521,9192.0,25497.0,99520
99522,9192.0,25476.0,99521
99523,9192.0,24899.0,99522
99524,9192.0,24915.0,99523
99525,9192.0,24274.0,99524
99526,9192.0,24339.0,99525
99527,9192.0,23949.0,99526
99528,9192.0,23735.0,99527
99529,9192.0,23855.0,99528
99530,9192.0,25504.0,99529
99531,9192.0,25272.0,99530
99532,9192.0,25080.0,99531
99533,9192.0,25080.0,99532
99534,9192.0,25259.0,99533
99535,9192.0,25040.0,99534
99536,9192.0,25375.0,99535
99537,9192.0,25423.0,99536
99538,9192.0,25191.0,99537
99539,9192.0,25153.0,99538
99540,9192.0,25218.0,99539
99541,9192.0,26018.0,99540
99542,9192.0,25973.0,99541
99543,9192.0,25910.0,99542
99544,9192.0,26373.0,99543
99545,9192.0,26482.0,99544
99546,9192.0,26201.0,99545
99547,9192.0,27476.0,99546
99548,9192.0,27531.0,99547
99549,9192.0,27504.0,99548
99550,9192.0,27547.0,99549
99551,9192.0,27506.0,99550
99552,9192.0,27440.0,99551
99553,9192.0,28939.0,99552
99554,9192.0,27980.0,99553
99555,9192.0,28770.0,99554
99556,9192.0,28874.0,99555
99557,9192.0,27246.0,99556
99558,9192.0,27063.0,99557
99559,9192.0,27503.0,99558
99560,9192.0,27885.0,99559
99561,9192.0,26869.0,99560
99562,9192.0,26938.0,99561
99563,9192.0,26761.0,99562
99564,9192.0,26681.0,99563
99565,9192.0,26681.0,99564
99566,9192.0,26681.0,99565
99567,9192.0,25921.0,99566
99568,9192.0,25749.0,99567
99569,9192.0,26985.0,99568
99570,9192.0,26985.0,99569
99571,9192.0,27746.0,99570
99572,9192.0,28687.0,99571
99573,9192.0,28927.0,99572
99574,9192.0,28922.0,99573
99575,9192.0,29408.0,99574
99576,9192.0,29423.0,99575
99577,9192.0,29186.0,99576
99578,9192.0,29498.0,99577
99579,9192.0,29104.0,99578
99580,9192.0,29436.0,99579
99581,9192.0,29436.0,99580
99582,9192.0,29191.0,99581
99583,9192.0,29191.0,99582
99584,9192.0,29296.0,99583
99585,9192.0,29421.0,99584
99586,9192.0,28371.0,99585
99587,9192.0,29205.0,99586
99588,9192.0,28636.0,99587
99589,9192.0,28468.0,99588
99590,9192.0,29037.0,99589
99591,9192.0,28819.0,99590
99592,9192.0,28767.0,99591
99593,9192.0,28611.0,99592
99594,9192.0,28750.0,99593
99595,9192.0,29442.0,99594
99596,9192.0,29064.0,99595
99597,9192.0,28904.0,99596
99598,9192.0,29031.0,99597
99599,9192.0,30224.0,99598
99600,9192.0,29069.0,99599
99601,9192.0,29567.0,99600
99602,9192.0,29469.0,99601
99603,9192.0,29345.0,99602
99604,9192.0,29345.0,99603
99605,9192.0,29345.0,99604
99606,9192.0,29425.0,99605
99607,9192.0,29443.0,99606
99608,9192.0,29178.0,99607
99609,9192.0,29190.0,99608
99610,9192.0,29295.0,99609
99611,9192.0,29106.0,99610
99612,9192.0,29311.0,99611
99613,9192.0,29275.0,99612
99614,9192.0,29301.0,99613
99615,9192.0,29207.0,99614
99616,9192.0,29067.0,99615
99617,9192.0,28830.0,99616
99618,9192.0,29320.0,99617
99619,9192.0,29777.0,99618
99620,9192.0,29600.0,99619
99621,9192.0,28808.0,99620
99622,9192.0,29879.0,99621
99623,9192.0,31073.0,99622
99624,9192.0,31073.0,99623
99625,9192.0,30899.0,99624
99626,9192.0,31048.0,99625
99627,9192.0,30555.0,99626
99628,9192.0,30799.0,99627
99629,9192.0,30542.0,99628
99630,9192.0,30094.0,99629
99631,9192.0,30113.0,99630
99632,9192.0,29931.0,99631
99633,9192.0,29966.0,99632
99634,9192.0,29123.0,99633
99635,9192.0,29268.0,99634
99636,9192.0,29268.0,99635
99637,9192.0,29452.0,99636
99638,9192.0,29446.0,99637
99639,9192.0,29035.0,99638
99640,9192.0,28522.0,99639
99641,9192.0,28366.0,99640
99642,9192.0,28334.0,99641
99643,9192.0,28231.0,99642
99644,9192.0,28283.0,99643
99645,9192.0,28283.0,99644
99646,9192.0,27862.0,99645
99647,9192.0,27247.0,99646
99648,9192.0,28239.0,99647
99649,9192.0,28239.0,99648
99650,9192.0,28238.0,99649
99651,9192.0,28280.0,99650
99652,9192.0,27073.0,99651
99653,9192.0,27694.0,99652
99654,9192.0,27375.0,99653
99655,9192.0,26921.0,99654
99656,9192.0,26191.0,99655
99657,9192.0,26134.0,99656
99658,9192.0,26137.0,99657
99659,9192.0,26341.0,99658
99660,9192.0,26341.0,99659
99661,9192.0,26341.0,99660
99662,9192.0,26521.0,99661
99663,9192.0,26555.0,99662
99664,9192.0,26555.0,99663
99665,9192.0,27156.0,99664
99666,9192.0,27053.0,99665
99667,9192.0,26788.0,99666
99668,9192.0,26956.0,99667
99669,9192.0,26865.0,99668
99670,9192.0,26516.0,99669
99671,9192.0,26382.0,99670
99672,9192.0,26731.0,99671
99673,9192.0,26777.0,99672
99674,9192.0,26490.0,99673
99675,9192.0,27688.0,99674
99676,9192.0,27307.0,99675
99677,9192.0,26064.0,99676
99678,9192.0,26180.0,99677
99679,9192.0,26536.0,99678
99680,9192.0,27129.0,99679
99681,9192.0,27107.0,99680
99682,9192.0,27077.0,99681
99683,9192.0,27132.0,99682
99684,9192.0,27150.0,99683
99685,9192.0,27223.0,99684
99686,9192.0,27831.0,99685
99687,9192.0,26789.0,99686
99688,9192.0,27239.0,99687
99689,9192.0,27190.0,99688
99690,9192.0,27738.0,99689
99691,9192.0,27680.0,99690
99692,9192.0,29297.0,99691
99693,9192.0,29551.0,99692
99694,9192.0,29992.0,99693
99695,9192.0,28760.0,99694
99696,9192.0,28521.0,99695
99697,9192.0,28400.0,99696
99698,9192.0,28343.0,99697
99699,9192.0,28196.0,99698
99700,9192.0,28435.0,99699
99701,9192.0,28301.0,99700
99702,9192.0,28703.0,99701
99703,9192.0,29026.0,99702
99704,9192.0,29017.0,99703
99705,9192.0,28881.0,99704
99706,9192.0,29038.0,99705
99707,9192.0,29037.0,99706
99708,9192.0,28932.0,99707
99709,9192.0,29680.0,99708
99710,9192.0,29624.0,99709
99711,9192.0,29740.0,99710
99712,9192.0,30009.0,99711
99713,9192.0,29530.0,99712
99714,9192.0,29135.0,99713
99715,9192.0,29025.0,99714
99716,9192.0,29195.0,99715
99717,9192.0,29195.0,99716
99718,9192.0,29151.0,99717
99719,9192.0,29218.0,99718
99720,9192.0,29338.0,99719
99721,9192.0,29448.0,99720
99722,9192.0,29996.0,99721
99723,9192.0,27165.0,99722
99724,9192.0,27241.0,99723
99725,9192.0,27200.0,99724
99726,9192.0,27013.0,99725
99727,9192.0,27325.0,99726
99728,9192.0,26387.0,99727
99729,9192.0,26653.0,99728
99730,9192.0,25744.0,99729
99731,9192.0,25964.0,99730
99732,9192.0,25724.0,99731
99733,9192.0,25692.0,99732
99734,9192.0,25634.0,99733
99735,9192.0,25587.0,99734
99736,9192.0,25586.0,99735
99737,9192.0,25745.0,99736
99738,9192.0,25743.0,99737
99739,9192.0,25964.0,99738
99740,9192.0,25802.0,99739
99741,9192.0,25686.0,99740
99742,9192.0,25686.0,99741
99743,9192.0,25729.0,99742
99744,9192.0,26572.0,99743
99745,9192.0,26572.0,99744
99746,9192.0,26362.0,99745
99747,9192.0,26378.0,99746
99748,9192.0,25900.0,99747
99749,9192.0,26178.0,99748
99750,9192.0,26245.0,99749
99751,9192.0,26260.0,99750
99752,9192.0,26181.0,99751
99753,9192.0,26128.0,99752
99754,9192.0,26092.0,99753
99755,9192.0,26553.0,99754
99756,9192.0,26521.0,99755
99757,9192.0,26564.0,99756
99758,9192.0,26564.0,99757
99759,9192.0,27060.0,99758
99760,9192.0,27200.0,99759
99761,9192.0,27652.0,99760
99762,9192.0,27131.0,99761
99763,9192.0,27307.0,99762
99764,9192.0,27263.0,99763
99765,9192.0,27207.0,99764
99766,9192.0,27161.0,99765
99767,9192.0,26786.0,99766
99768,9192.0,27285.0,99767
99769,9192.0,27232.0,99768
99770,9192.0,28358.0,99769
99771,9192.0,28403.0,99770
99772,9192.0,29570.0,99771
99773,9192.0,29678.0,99772
99774,9192.0,29678.0,99773
99775,9192.0,29762.0,99774
99776,9192.0,29762.0,99775
99777,9192.0,28058.0,99776
99778,9192.0,27677.0,99777
99779,9192.0,27535.0,99778
99780,9192.0,27561.0,99779
99781,9192.0,27992.0,99780
99782,9192.0,28151.0,99781
99783,9192.0,28136.0,99782
99784,9192.0,28136.0,99783
99785,9192.0,27759.0,99784
99786,9192.0,28779.0,99785
99787,9192.0,28929.0,99786
99788,9192.0,28757.0,99787
99789,9192.0,28295.0,99788
99790,9192.0,28123.0,99789
99791,9192.0,28290.0,99790
99792,9192.0,28208.0,99791
99793,9192.0,28144.0,99792
99794,9192.0,27954.0,99793
99795,9192.0,28424.0,99794
99796,9192.0,28262.0,99795
99797,9192.0,27452.0,99796
99798,9192.0,27498.0,99797
99799,9192.0,27533.0,99798
99800,9192.0,27533.0,99799
99801,9192.0,27202.0,99800
99802,9192.0,27004.0,99801
99803,9192.0,27004.0,99802
99804,9192.0,26888.0,99803
99805,9192.0,26888.0,99804
99806,9192.0,26887.0,99805
99807,9192.0,26945.0,99806
99808,9192.0,26714.0,99807
99809,9192.0,26685.0,99808
99810,9192.0,27343.0,99809
99811,9192.0,27343.0,99810
99812,9192.0,27515.0,99811
99813,9192.0,27364.0,99812
99814,9192.0,27364.0,99813
99815,9192.0,27191.0,99814
99816,9192.0,27191.0,99815
99817,9192.0,27161.0,99816
99818,9192.0,26810.0,99817
99819,9192.0,26844.0,99818
99820,9192.0,27947.0,99819
99821,9192.0,27856.0,99820
99822,9192.0,27726.0,99821
99823,9192.0,27871.0,99822
99824,9192.0,28030.0,99823
99825,9192.0,27874.0,99824
99826,9192.0,28051.0,99825
99827,9192.0,29143.0,99826
99828,9192.0,29416.0,99827
99829,9192.0,29431.0,99828
99830,9192.0,29448.0,99829
99831,9192.0,28648.0,99830
99832,9192.0,28419.0,99831
99833,9192.0,27484.0,99832
99834,9192.0,27293.0,99833
99835,9192.0,27293.0,99834
99836,9192.0,26817.0,99835
99837,9192.0,25381.0,99836
99838,9192.0,25156.0,99837
99839,9192.0,25481.0,99838
99840,9192.0,25525.0,99839
99841,9192.0,25488.0,99840
99842,9192.0,25488.0,99841
99843,9192.0,25488.0,99842
99844,9192.0,25404.0,99843
99845,9192.0,25312.0,99844
99846,9192.0,25028.0,99845
99847,9192.0,26419.0,99846
99848,9192.0,25922.0,99847
99849,9192.0,25571.0,99848
99850,9192.0,26285.0,99849
99851,9192.0,25943.0,99850
99852,9192.0,26218.0,99851
99853,9192.0,26301.0,99852
99854,9192.0,26487.0,99853
99855,9192.0,26292.0,99854
99856,9192.0,25821.0,99855
99857,9192.0,25985.0,99856
99858,9192.0,25696.0,99857
99859,9192.0,25947.0,99858
99860,9192.0,25947.0,99859
99861,9192.0,26134.0,99860
99862,9192.0,26134.0,99861
99863,9192.0,25913.0,99862
99864,9192.0,26261.0,99863
99865,9192.0,26318.0,99864
99866,9192.0,26901.0,99865
99867,9192.0,26706.0,99866
99868,9192.0,26977.0,99867
99869,9192.0,27310.0,99868
99870,9192.0,27296.0,99869
99871,9192.0,26813.0,99870
99872,9192.0,26955.0,99871
99873,9192.0,26836.0,99872
99874,9192.0,26936.0,99873
99875,9192.0,26756.0,99874
99876,9192.0,26866.0,99875
99877,9192.0,26866.0,99876
99878,9192.0,26803.0,99877
99879,9192.0,26688.0,99878
99880,9192.0,27073.0,99879
99881,9192.0,27171.0,99880
99882,9192.0,27003.0,99881
99883,9192.0,25803.0,99882
99884,9192.0,25910.0,99883
99885,9192.0,25776.0,99884
99886,9192.0,24914.0,99885
99887,9192.0,24914.0,99886
99888,9192.0,25566.0,99887
99889,9192.0,26281.0,99888
99890,9192.0,26094.0,99889
99891,9192.0,25678.0,99890
99892,9192.0,25246.0,99891
99893,9192.0,24608.0,99892
99894,9192.0,25946.0,99893
99895,9192.0,25836.0,99894
99896,9192.0,25650.0,99895
99897,9192.0,25586.0,99896
99898,9192.0,25634.0,99897
99899,9192.0,25151.0,99898
99900,9192.0,25593.0,99899
99901,9192.0,25463.0,99900
99902,9192.0,25463.0,99901
99903,9192.0,25465.0,99902
99904,9192.0,24521.0,99903
99905,9192.0,24654.0,99904
99906,9192.0,23650.0,99905
99907,9192.0,23559.0,99906
99908,9192.0,23782.0,99907
99909,9192.0,24254.0,99908
99910,9192.0,24228.0,99909
99911,9192.0,25662.0,99910
99912,9192.0,25406.0,99911
99913,9192.0,25215.0,99912
99914,9192.0,24147.0,99913
99915,9192.0,24700.0,99914
99916,9192.0,24716.0,99915
99917,9192.0,25714.0,99916
99918,9192.0,25907.0,99917
99919,9192.0,25887.0,99918
99920,9192.0,25812.0,99919
99921,9192.0,25358.0,99920
99922,9192.0,26078.0,99921
99923,9192.0,26124.0,99922
99924,9192.0,26241.0,99923
99925,9192.0,26241.0,99924
99926,9192.0,26241.0,99925
99927,9192.0,26088.0,99926
99928,9192.0,26318.0,99927
99929,9192.0,26236.0,99928
99930,9192.0,26939.0,99929
99931,9192.0,26939.0,99930
99932,9192.0,26939.0,99931
99933,9192.0,26907.0,99932
99934,9192.0,26742.0,99933
99935,9192.0,26475.0,99934
99936,9192.0,26536.0,99935
99937,9192.0,26482.0,99936
99938,9192.0,26609.0,99937
99939,9192.0,26609.0,99938
99940,9192.0,27225.0,99939
99941,9192.0,27269.0,99940
99942,9192.0,27606.0,99941
99943,9192.0,28410.0,99942
99944,9192.0,28801.0,99943
99945,9192.0,29084.0,99944
99946,9192.0,29254.0,99945
99947,9192.0,29370.0,99946
99948,9192.0,28867.0,99947
99949,9192.0,29700.0,99948
99950,9192.0,26466.0,99949
99951,9192.0,26449.0,99950
99952,9192.0,26531.0,99951
99953,9192.0,27005.0,99952
99954,9192.0,27005.0,99953
99955,9192.0,26570.0,99954
99956,9192.0,26587.0,99955
99957,9192.0,27294.0,99956
99958,9192.0,27628.0,99957
99959,9192.0,27404.0,99958
99960,9192.0,26206.0,99959
99961,9192.0,26350.0,99960
99962,9192.0,27434.0,99961
99963,9192.0,28327.0,99962
99964,9192.0,28109.0,99963
99965,9192.0,27985.0,99964
99966,9192.0,27555.0,99965
99967,9192.0,27326.0,99966
99968,9192.0,27276.0,99967
99969,9192.0,27276.0,99968
99970,9192.0,27323.0,99969
99971,9192.0,27346.0,99970
99972,9192.0,27716.0,99971
99973,9192.0,28399.0,99972
99974,9192.0,27979.0,99973
99975,9192.0,27984.0,99974
99976,9192.0,27997.0,99975
99977,9192.0,27564.0,99976
99978,9192.0,27246.0,99977
99979,9192.0,28235.0,99978
99980,9192.0,28425.0,99979
99981,9192.0,28496.0,99980
99982,9192.0,26766.0,99981
99983,9192.0,26766.0,99982
99984,9192.0,27506.0,99983
99985,9192.0,27509.0,99984
99986,9192.0,27585.0,99985
99987,9192.0,27711.0,99986
99988,9192.0,28091.0,99987
99989,9192.0,29110.0,99988
99990,9192.0,28888.0,99989
99991,9192.0,28817.0,99990
99992,9192.0,30149.0,99991
99993,9192.0,30385.0,99992
99994,9192.0,30534.0,99993
99995,9192.0,30452.0,99994
99996,9192.0,30361.0,99995
99997,9192.0,30693.0,99996
99998,9192.0,30681.0,99997
99999,9192.0,30791.0,99998
100000,9192.0,30476.0,99999
